7.980000000000000000e+03
8.080000000000000000e+03
8.047000000000000000e+03
8.079000000000000000e+03
7.973000000000000000e+03
8.131000000000000000e+03
7.965000000000000000e+03
7.825000000000000000e+03
7.996000000000000000e+03
7.945000000000000000e+03
8.076000000000000000e+03
7.974000000000000000e+03
8.170000000000000000e+03
8.036000000000000000e+03
7.971000000000000000e+03
8.159000000000000000e+03
7.993000000000000000e+03
8.153000000000000000e+03
8.151000000000000000e+03
8.090000000000000000e+03
8.006000000000000000e+03
8.163000000000000000e+03
7.896000000000000000e+03
7.938000000000000000e+03
7.874000000000000000e+03
8.075000000000000000e+03
8.070000000000000000e+03
7.924000000000000000e+03
7.907000000000000000e+03
8.072000000000000000e+03
8.001000000000000000e+03
7.946000000000000000e+03
7.978000000000000000e+03
7.970000000000000000e+03
8.069000000000000000e+03
7.996000000000000000e+03
7.927000000000000000e+03
7.840000000000000000e+03
8.043000000000000000e+03
7.985000000000000000e+03
7.936000000000000000e+03
8.124000000000000000e+03
8.078000000000000000e+03
7.871000000000000000e+03
7.965000000000000000e+03
7.945000000000000000e+03
8.047000000000000000e+03
7.958000000000000000e+03
7.852000000000000000e+03
7.917000000000000000e+03
7.958000000000000000e+03
8.002000000000000000e+03
8.052000000000000000e+03
8.008000000000000000e+03
7.990000000000000000e+03
7.954000000000000000e+03
8.197000000000000000e+03
7.922000000000000000e+03
7.995000000000000000e+03
8.050000000000000000e+03
7.954000000000000000e+03
8.109000000000000000e+03
8.023000000000000000e+03
7.989000000000000000e+03
7.917000000000000000e+03
7.998000000000000000e+03
8.089000000000000000e+03
7.944000000000000000e+03
7.826000000000000000e+03
8.010000000000000000e+03
7.890000000000000000e+03
8.213000000000000000e+03
7.957000000000000000e+03
8.054000000000000000e+03
8.008000000000000000e+03
8.202000000000000000e+03
7.969000000000000000e+03
7.827000000000000000e+03
7.944000000000000000e+03
8.108000000000000000e+03
8.095000000000000000e+03
8.019000000000000000e+03
7.964000000000000000e+03
7.971000000000000000e+03
7.936000000000000000e+03
7.806000000000000000e+03
7.901000000000000000e+03
7.990000000000000000e+03
7.941000000000000000e+03
7.871000000000000000e+03
8.128000000000000000e+03
8.165000000000000000e+03
8.020000000000000000e+03
8.225000000000000000e+03
7.861000000000000000e+03
8.035000000000000000e+03
8.095000000000000000e+03
8.069000000000000000e+03
7.905000000000000000e+03
7.967000000000000000e+03
