7.520000000000000000e+02
7.960000000000000000e+02
8.000000000000000000e+02
7.970000000000000000e+02
8.250000000000000000e+02
8.010000000000000000e+02
7.950000000000000000e+02
7.540000000000000000e+02
7.490000000000000000e+02
8.110000000000000000e+02
8.390000000000000000e+02
8.570000000000000000e+02
8.210000000000000000e+02
8.090000000000000000e+02
7.880000000000000000e+02
7.950000000000000000e+02
8.070000000000000000e+02
8.090000000000000000e+02
8.020000000000000000e+02
8.280000000000000000e+02
8.170000000000000000e+02
8.150000000000000000e+02
7.690000000000000000e+02
8.290000000000000000e+02
8.230000000000000000e+02
7.800000000000000000e+02
7.520000000000000000e+02
7.750000000000000000e+02
7.650000000000000000e+02
7.960000000000000000e+02
8.200000000000000000e+02
7.650000000000000000e+02
7.820000000000000000e+02
7.810000000000000000e+02
8.130000000000000000e+02
8.100000000000000000e+02
7.850000000000000000e+02
8.070000000000000000e+02
7.880000000000000000e+02
7.550000000000000000e+02
8.400000000000000000e+02
7.920000000000000000e+02
7.770000000000000000e+02
8.270000000000000000e+02
7.990000000000000000e+02
7.770000000000000000e+02
7.810000000000000000e+02
7.990000000000000000e+02
8.270000000000000000e+02
7.570000000000000000e+02
7.840000000000000000e+02
7.890000000000000000e+02
7.730000000000000000e+02
7.980000000000000000e+02
7.690000000000000000e+02
8.360000000000000000e+02
8.000000000000000000e+02
8.210000000000000000e+02
8.150000000000000000e+02
7.730000000000000000e+02
8.190000000000000000e+02
8.360000000000000000e+02
7.860000000000000000e+02
8.130000000000000000e+02
8.150000000000000000e+02
8.240000000000000000e+02
7.910000000000000000e+02
8.010000000000000000e+02
8.300000000000000000e+02
8.210000000000000000e+02
7.910000000000000000e+02
8.480000000000000000e+02
8.150000000000000000e+02
8.550000000000000000e+02
8.110000000000000000e+02
8.160000000000000000e+02
7.500000000000000000e+02
8.280000000000000000e+02
7.710000000000000000e+02
7.910000000000000000e+02
7.890000000000000000e+02
8.140000000000000000e+02
7.810000000000000000e+02
8.070000000000000000e+02
8.130000000000000000e+02
7.970000000000000000e+02
8.230000000000000000e+02
7.770000000000000000e+02
8.120000000000000000e+02
7.840000000000000000e+02
7.790000000000000000e+02
7.890000000000000000e+02
8.180000000000000000e+02
7.630000000000000000e+02
8.400000000000000000e+02
7.960000000000000000e+02
8.040000000000000000e+02
7.730000000000000000e+02
8.280000000000000000e+02
8.230000000000000000e+02
