5.630000000000000000e+02
5.740000000000000000e+02
5.350000000000000000e+02
4.970000000000000000e+02
5.210000000000000000e+02
5.380000000000000000e+02
5.280000000000000000e+02
5.700000000000000000e+02
5.450000000000000000e+02
5.230000000000000000e+02
5.170000000000000000e+02
5.130000000000000000e+02
5.040000000000000000e+02
5.100000000000000000e+02
5.430000000000000000e+02
5.560000000000000000e+02
5.300000000000000000e+02
5.300000000000000000e+02
5.170000000000000000e+02
5.450000000000000000e+02
5.180000000000000000e+02
5.140000000000000000e+02
5.200000000000000000e+02
5.380000000000000000e+02
5.670000000000000000e+02
5.250000000000000000e+02
5.290000000000000000e+02
5.230000000000000000e+02
5.400000000000000000e+02
5.470000000000000000e+02
5.530000000000000000e+02
5.350000000000000000e+02
5.090000000000000000e+02
5.340000000000000000e+02
5.350000000000000000e+02
5.350000000000000000e+02
5.240000000000000000e+02
4.940000000000000000e+02
5.160000000000000000e+02
5.150000000000000000e+02
5.690000000000000000e+02
5.350000000000000000e+02
5.650000000000000000e+02
5.340000000000000000e+02
5.390000000000000000e+02
5.360000000000000000e+02
4.990000000000000000e+02
5.330000000000000000e+02
5.230000000000000000e+02
5.320000000000000000e+02
5.380000000000000000e+02
5.330000000000000000e+02
5.230000000000000000e+02
5.270000000000000000e+02
5.010000000000000000e+02
5.530000000000000000e+02
5.090000000000000000e+02
5.400000000000000000e+02
5.340000000000000000e+02
5.550000000000000000e+02
4.960000000000000000e+02
5.280000000000000000e+02
4.940000000000000000e+02
5.330000000000000000e+02
5.380000000000000000e+02
5.560000000000000000e+02
5.190000000000000000e+02
5.360000000000000000e+02
5.220000000000000000e+02
5.200000000000000000e+02
4.990000000000000000e+02
5.380000000000000000e+02
5.260000000000000000e+02
5.350000000000000000e+02
5.530000000000000000e+02
5.220000000000000000e+02
5.280000000000000000e+02
5.190000000000000000e+02
5.540000000000000000e+02
5.180000000000000000e+02
5.200000000000000000e+02
5.010000000000000000e+02
5.410000000000000000e+02
5.300000000000000000e+02
5.070000000000000000e+02
4.990000000000000000e+02
5.350000000000000000e+02
5.760000000000000000e+02
5.600000000000000000e+02
5.250000000000000000e+02
5.310000000000000000e+02
5.710000000000000000e+02
4.900000000000000000e+02
5.670000000000000000e+02
5.310000000000000000e+02
5.290000000000000000e+02
5.280000000000000000e+02
5.360000000000000000e+02
5.410000000000000000e+02
5.130000000000000000e+02
