1.370000000000000000e+03
1.359000000000000000e+03
1.455000000000000000e+03
1.380000000000000000e+03
1.428000000000000000e+03
1.374000000000000000e+03
1.442000000000000000e+03
1.417000000000000000e+03
1.355000000000000000e+03
1.376000000000000000e+03
1.401000000000000000e+03
1.387000000000000000e+03
1.357000000000000000e+03
1.408000000000000000e+03
1.397000000000000000e+03
1.471000000000000000e+03
1.421000000000000000e+03
1.368000000000000000e+03
1.422000000000000000e+03
1.412000000000000000e+03
1.409000000000000000e+03
1.404000000000000000e+03
1.454000000000000000e+03
1.306000000000000000e+03
1.381000000000000000e+03
1.345000000000000000e+03
1.368000000000000000e+03
1.454000000000000000e+03
1.401000000000000000e+03
1.459000000000000000e+03
1.402000000000000000e+03
1.462000000000000000e+03
1.380000000000000000e+03
1.417000000000000000e+03
1.359000000000000000e+03
1.360000000000000000e+03
1.422000000000000000e+03
1.487000000000000000e+03
1.389000000000000000e+03
1.401000000000000000e+03
1.391000000000000000e+03
1.399000000000000000e+03
1.462000000000000000e+03
1.464000000000000000e+03
1.380000000000000000e+03
1.448000000000000000e+03
1.430000000000000000e+03
1.343000000000000000e+03
1.426000000000000000e+03
1.484000000000000000e+03
1.368000000000000000e+03
1.402000000000000000e+03
1.430000000000000000e+03
1.362000000000000000e+03
1.430000000000000000e+03
1.371000000000000000e+03
1.438000000000000000e+03
1.417000000000000000e+03
1.442000000000000000e+03
1.355000000000000000e+03
1.411000000000000000e+03
1.455000000000000000e+03
1.436000000000000000e+03
1.345000000000000000e+03
1.418000000000000000e+03
1.392000000000000000e+03
1.450000000000000000e+03
1.380000000000000000e+03
1.369000000000000000e+03
1.384000000000000000e+03
1.464000000000000000e+03
1.451000000000000000e+03
1.452000000000000000e+03
1.408000000000000000e+03
1.372000000000000000e+03
1.392000000000000000e+03
1.392000000000000000e+03
1.391000000000000000e+03
1.399000000000000000e+03
1.368000000000000000e+03
1.434000000000000000e+03
1.434000000000000000e+03
1.413000000000000000e+03
1.445000000000000000e+03
1.380000000000000000e+03
1.392000000000000000e+03
1.373000000000000000e+03
1.443000000000000000e+03
1.404000000000000000e+03
1.368000000000000000e+03
1.405000000000000000e+03
1.443000000000000000e+03
1.412000000000000000e+03
1.410000000000000000e+03
1.408000000000000000e+03
1.383000000000000000e+03
1.445000000000000000e+03
1.407000000000000000e+03
1.439000000000000000e+03
1.381000000000000000e+03
