1.296357615894039839e+02 1.281854304635761537e+02 1.280463576158940384e+02
1.296333333333333258e+02 1.282533333333333303e+02 1.280533333333333417e+02
1.295999999999999943e+02 1.282333333333333201e+02 1.280666666666666629e+02
1.295666666666666629e+02 1.282666666666666799e+02 1.280666666666666629e+02
1.296599999999999966e+02 1.281999999999999886e+02 1.280999999999999943e+02
1.296026490066225278e+02 1.282516556291390657e+02 1.281589403973509889e+02
1.295933333333333337e+02 1.282400000000000091e+02 1.280999999999999943e+02
1.296291390728476927e+02 1.282185430463576097e+02 1.280794701986754944e+02
1.296447368421052602e+02 1.282500000000000000e+02 1.281052631578947398e+02
1.296533333333333360e+02 1.281999999999999886e+02 1.280666666666666629e+02
1.297019867549668959e+02 1.281788079470198625e+02 1.281059602649006592e+02
1.297066666666666777e+02 1.281866666666666674e+02 1.280999999999999943e+02
1.296666666666666572e+02 1.282066666666666777e+02 1.281133333333333439e+02
1.296423841059602751e+02 1.282119205298013185e+02 1.281059602649006592e+02
1.295629139072847806e+02 1.282052980132450273e+02 1.280529801324503296e+02
1.295298013245033246e+02 1.282649006622516481e+02 1.280529801324503296e+02
1.295399999999999920e+02 1.282733333333333405e+02 1.280266666666666708e+02
1.295933333333333337e+02 1.282800000000000011e+02 1.280266666666666708e+02
1.295562913907284894e+02 1.283178807947019777e+02 1.280198675496688736e+02
1.295933333333333337e+02 1.283066666666666720e+02 1.280399999999999920e+02
1.295733333333333235e+02 1.283266666666666538e+02 1.280466666666666526e+02
1.295666666666666629e+02 1.283000000000000114e+02 1.280333333333333314e+02
1.296200000000000045e+02 1.283000000000000114e+02 1.280733333333333235e+02
1.296225165562914015e+02 1.283245033112582689e+02 1.280927152317880768e+02
1.296225165562914015e+02 1.282052980132450273e+02 1.281324503311258241e+02
1.296821192052980223e+02 1.282052980132450273e+02 1.281721854304635713e+02
1.296533333333333360e+02 1.282066666666666777e+02 1.281733333333333462e+02
1.296733333333333462e+02 1.281999999999999886e+02 1.281533333333333360e+02
1.295866666666666731e+02 1.281666666666666572e+02 1.281800000000000068e+02
1.295800000000000125e+02 1.281933333333333280e+02 1.280733333333333235e+02
1.295933333333333337e+02 1.281666666666666572e+02 1.280466666666666526e+02
1.295827814569536542e+02 1.282450331125827745e+02 1.280331125827814560e+02
1.295399999999999920e+02 1.283066666666666720e+02 1.279800000000000040e+02
1.295133333333333212e+02 1.282866666666666617e+02 1.279866666666666646e+02
1.295629139072847806e+02 1.283178807947019777e+02 1.279536423841059616e+02
1.295200000000000102e+02 1.283199999999999932e+02 1.279533333333333331e+02
1.295266666666666708e+02 1.282800000000000011e+02 1.280133333333333212e+02
1.295800000000000125e+02 1.283733333333333348e+02 1.280800000000000125e+02
1.295800000000000125e+02 1.282866666666666617e+02 1.280533333333333417e+02
1.295369127516778462e+02 1.282885906040268367e+02 1.280671140939597308e+02
1.294933333333333394e+02 1.282266666666666595e+02 1.280333333333333314e+02
1.294039735099337634e+02 1.281456953642384065e+02 1.280397350993377472e+02
1.294199999999999875e+02 1.281466666666666754e+02 1.280133333333333212e+02
1.294133333333333269e+02 1.281399999999999864e+02 1.280333333333333314e+02
1.294210526315789593e+02 1.281184210526315894e+02 1.280789473684210407e+02
1.294733333333333292e+02 1.281399999999999864e+02 1.280733333333333235e+02
1.294799999999999898e+02 1.281800000000000068e+02 1.281066666666666549e+02
1.294266666666666765e+02 1.281066666666666549e+02 1.281599999999999966e+02
1.294333333333333371e+02 1.281266666666666652e+02 1.281333333333333258e+02
1.294866666666666788e+02 1.282066666666666777e+02 1.281333333333333258e+02
1.295000000000000000e+02 1.281733333333333462e+02 1.281333333333333258e+02
1.295666666666666629e+02 1.281399999999999864e+02 1.281466666666666754e+02
1.295266666666666708e+02 1.281599999999999966e+02 1.281733333333333462e+02
1.295066666666666606e+02 1.281800000000000068e+02 1.281399999999999864e+02
1.295761589403973630e+02 1.282119205298013185e+02 1.281192052980132416e+02
1.294733333333333292e+02 1.282066666666666777e+02 1.281866666666666674e+02
1.294466666666666583e+02 1.282333333333333201e+02 1.281800000000000068e+02
1.294799999999999898e+02 1.282933333333333223e+02 1.281266666666666652e+02
1.294866666666666788e+02 1.283199999999999932e+02 1.281399999999999864e+02
1.294333333333333371e+02 1.282666666666666799e+02 1.281133333333333439e+02
1.294866666666666788e+02 1.282800000000000011e+02 1.281599999999999966e+02
1.294799999999999898e+02 1.282466666666666697e+02 1.281133333333333439e+02
1.294799999999999898e+02 1.282533333333333303e+02 1.281266666666666652e+02
1.294733333333333292e+02 1.282933333333333223e+02 1.280866666666666731e+02
1.294866666666666788e+02 1.282800000000000011e+02 1.280999999999999943e+02
1.294768211920529666e+02 1.282450331125827745e+02 1.281324503311258241e+02
1.294866666666666788e+02 1.282400000000000091e+02 1.281466666666666754e+02
1.295133333333333212e+02 1.282333333333333201e+02 1.281466666666666754e+02
1.295133333333333212e+02 1.282333333333333201e+02 1.281466666666666754e+02
1.295133333333333212e+02 1.282333333333333201e+02 1.281466666666666754e+02
1.295066666666666606e+02 1.281933333333333280e+02 1.281466666666666754e+02
1.295066666666666606e+02 1.281933333333333280e+02 1.281466666666666754e+02
1.295066666666666606e+02 1.281933333333333280e+02 1.281466666666666754e+02
1.295066666666666606e+02 1.281933333333333280e+02 1.281466666666666754e+02
1.295066666666666606e+02 1.281933333333333280e+02 1.281466666666666754e+02
1.295066666666666606e+02 1.281933333333333280e+02 1.281466666666666754e+02
1.295066666666666606e+02 1.281933333333333280e+02 1.281466666666666754e+02
1.295066666666666606e+02 1.281933333333333280e+02 1.281466666666666754e+02
1.295066666666666606e+02 1.281933333333333280e+02 1.281466666666666754e+02
1.295066666666666606e+02 1.281933333333333280e+02 1.281466666666666754e+02
1.295066666666666606e+02 1.281933333333333280e+02 1.281466666666666754e+02
1.295066666666666606e+02 1.281933333333333280e+02 1.281466666666666754e+02
1.295066666666666606e+02 1.281933333333333280e+02 1.281466666666666754e+02
1.295066666666666606e+02 1.281933333333333280e+02 1.281466666666666754e+02
1.295066666666666606e+02 1.281933333333333280e+02 1.281466666666666754e+02
1.295066666666666606e+02 1.281933333333333280e+02 1.281466666666666754e+02
1.295066666666666606e+02 1.281933333333333280e+02 1.281466666666666754e+02
1.295066666666666606e+02 1.281933333333333280e+02 1.281466666666666754e+02
1.295066666666666606e+02 1.281933333333333280e+02 1.281466666666666754e+02
1.295066666666666606e+02 1.281933333333333280e+02 1.281466666666666754e+02
1.295066666666666606e+02 1.281933333333333280e+02 1.281466666666666754e+02
1.295066666666666606e+02 1.281933333333333280e+02 1.281466666666666754e+02
1.295066666666666606e+02 1.281933333333333280e+02 1.281466666666666754e+02
1.295066666666666606e+02 1.281933333333333280e+02 1.281466666666666754e+02
1.295066666666666606e+02 1.281933333333333280e+02 1.281466666666666754e+02
1.295066666666666606e+02 1.281933333333333280e+02 1.281466666666666754e+02
1.295066666666666606e+02 1.281933333333333280e+02 1.281466666666666754e+02
1.295066666666666606e+02 1.281933333333333280e+02 1.281466666666666754e+02
1.295066666666666606e+02 1.281933333333333280e+02 1.281466666666666754e+02
1.295066666666666606e+02 1.281933333333333280e+02 1.281466666666666754e+02
1.295066666666666606e+02 1.281933333333333280e+02 1.281466666666666754e+02
1.295066666666666606e+02 1.281933333333333280e+02 1.281466666666666754e+02
1.295066666666666606e+02 1.281933333333333280e+02 1.281466666666666754e+02
1.295066666666666606e+02 1.281933333333333280e+02 1.281466666666666754e+02
1.295066666666666606e+02 1.281933333333333280e+02 1.281466666666666754e+02
1.295066666666666606e+02 1.281933333333333280e+02 1.281466666666666754e+02
1.295066666666666606e+02 1.281933333333333280e+02 1.281466666666666754e+02
1.295066666666666606e+02 1.281933333333333280e+02 1.281466666666666754e+02
1.295066666666666606e+02 1.281933333333333280e+02 1.281466666666666754e+02
1.295066666666666606e+02 1.281933333333333280e+02 1.281466666666666754e+02
1.295066666666666606e+02 1.281933333333333280e+02 1.281466666666666754e+02
1.295066666666666606e+02 1.281933333333333280e+02 1.281466666666666754e+02
1.295066666666666606e+02 1.281933333333333280e+02 1.281466666666666754e+02
1.295066666666666606e+02 1.281933333333333280e+02 1.281466666666666754e+02
1.295066666666666606e+02 1.281933333333333280e+02 1.281466666666666754e+02
1.295066666666666606e+02 1.281933333333333280e+02 1.281466666666666754e+02
1.295066666666666606e+02 1.281933333333333280e+02 1.281466666666666754e+02
1.295066666666666606e+02 1.281933333333333280e+02 1.281466666666666754e+02
1.295066666666666606e+02 1.281933333333333280e+02 1.281466666666666754e+02
1.295066666666666606e+02 1.281933333333333280e+02 1.281466666666666754e+02
1.295066666666666606e+02 1.281933333333333280e+02 1.281466666666666754e+02
1.295066666666666606e+02 1.281933333333333280e+02 1.281466666666666754e+02
1.295066666666666606e+02 1.281933333333333280e+02 1.281466666666666754e+02
1.295066666666666606e+02 1.281933333333333280e+02 1.281466666666666754e+02
1.295066666666666606e+02 1.281933333333333280e+02 1.281466666666666754e+02
1.295066666666666606e+02 1.281933333333333280e+02 1.281466666666666754e+02
1.295066666666666606e+02 1.281933333333333280e+02 1.281466666666666754e+02
1.295066666666666606e+02 1.281933333333333280e+02 1.281466666666666754e+02
1.295066666666666606e+02 1.281933333333333280e+02 1.281466666666666754e+02
1.295066666666666606e+02 1.281933333333333280e+02 1.281466666666666754e+02
1.295066666666666606e+02 1.281933333333333280e+02 1.281466666666666754e+02
1.295066666666666606e+02 1.281933333333333280e+02 1.281466666666666754e+02
1.295066666666666606e+02 1.281933333333333280e+02 1.281466666666666754e+02
1.295066666666666606e+02 1.281933333333333280e+02 1.281466666666666754e+02
1.295066666666666606e+02 1.281933333333333280e+02 1.281466666666666754e+02
1.295066666666666606e+02 1.281933333333333280e+02 1.281466666666666754e+02
1.295066666666666606e+02 1.281933333333333280e+02 1.281466666666666754e+02
1.295066666666666606e+02 1.281933333333333280e+02 1.281466666666666754e+02
1.295066666666666606e+02 1.281933333333333280e+02 1.281466666666666754e+02
1.295066666666666606e+02 1.281933333333333280e+02 1.281466666666666754e+02
1.295066666666666606e+02 1.281933333333333280e+02 1.281466666666666754e+02
1.295066666666666606e+02 1.281933333333333280e+02 1.281466666666666754e+02
1.295066666666666606e+02 1.281933333333333280e+02 1.281466666666666754e+02
1.295066666666666606e+02 1.281933333333333280e+02 1.281466666666666754e+02
1.295066666666666606e+02 1.281933333333333280e+02 1.281466666666666754e+02
1.295066666666666606e+02 1.281933333333333280e+02 1.281466666666666754e+02
1.295066666666666606e+02 1.281933333333333280e+02 1.281466666666666754e+02
1.295066666666666606e+02 1.281933333333333280e+02 1.281466666666666754e+02
1.295066666666666606e+02 1.281933333333333280e+02 1.281466666666666754e+02
1.295066666666666606e+02 1.281933333333333280e+02 1.281466666666666754e+02
1.295066666666666606e+02 1.281933333333333280e+02 1.281466666666666754e+02
1.295066666666666606e+02 1.281933333333333280e+02 1.281466666666666754e+02
1.295066666666666606e+02 1.281933333333333280e+02 1.281466666666666754e+02
1.295066666666666606e+02 1.281933333333333280e+02 1.281466666666666754e+02
1.295066666666666606e+02 1.281933333333333280e+02 1.281466666666666754e+02
1.295066666666666606e+02 1.281933333333333280e+02 1.281466666666666754e+02
1.295066666666666606e+02 1.281933333333333280e+02 1.281466666666666754e+02
1.295066666666666606e+02 1.281933333333333280e+02 1.281466666666666754e+02
1.295066666666666606e+02 1.281933333333333280e+02 1.281466666666666754e+02
1.295066666666666606e+02 1.281933333333333280e+02 1.281466666666666754e+02
1.295066666666666606e+02 1.281933333333333280e+02 1.281466666666666754e+02
1.295066666666666606e+02 1.281933333333333280e+02 1.281466666666666754e+02
1.295066666666666606e+02 1.281933333333333280e+02 1.281466666666666754e+02
1.295066666666666606e+02 1.281933333333333280e+02 1.281466666666666754e+02
1.295066666666666606e+02 1.281933333333333280e+02 1.281466666666666754e+02
1.295066666666666606e+02 1.281933333333333280e+02 1.281466666666666754e+02
1.295066666666666606e+02 1.281933333333333280e+02 1.281466666666666754e+02
1.295066666666666606e+02 1.281933333333333280e+02 1.281466666666666754e+02
1.295066666666666606e+02 1.281933333333333280e+02 1.281466666666666754e+02
1.295066666666666606e+02 1.281933333333333280e+02 1.281466666666666754e+02
1.295066666666666606e+02 1.281933333333333280e+02 1.281466666666666754e+02
1.295066666666666606e+02 1.281933333333333280e+02 1.281466666666666754e+02
1.295066666666666606e+02 1.281933333333333280e+02 1.281466666666666754e+02
1.295066666666666606e+02 1.281933333333333280e+02 1.281466666666666754e+02
1.295066666666666606e+02 1.281933333333333280e+02 1.281466666666666754e+02
1.295066666666666606e+02 1.281933333333333280e+02 1.281466666666666754e+02
1.295066666666666606e+02 1.281933333333333280e+02 1.281466666666666754e+02
1.295066666666666606e+02 1.281933333333333280e+02 1.281466666666666754e+02
1.295066666666666606e+02 1.281933333333333280e+02 1.281466666666666754e+02
1.295066666666666606e+02 1.281933333333333280e+02 1.281466666666666754e+02
1.295066666666666606e+02 1.281933333333333280e+02 1.281466666666666754e+02
1.295066666666666606e+02 1.281933333333333280e+02 1.281466666666666754e+02
1.295066666666666606e+02 1.281933333333333280e+02 1.281466666666666754e+02
1.295066666666666606e+02 1.281933333333333280e+02 1.281466666666666754e+02
1.295066666666666606e+02 1.281933333333333280e+02 1.281466666666666754e+02
1.295066666666666606e+02 1.281933333333333280e+02 1.281466666666666754e+02
1.295066666666666606e+02 1.281933333333333280e+02 1.281466666666666754e+02
1.295066666666666606e+02 1.281933333333333280e+02 1.281466666666666754e+02
1.295066666666666606e+02 1.281933333333333280e+02 1.281466666666666754e+02
1.295066666666666606e+02 1.281933333333333280e+02 1.281466666666666754e+02
1.295066666666666606e+02 1.281933333333333280e+02 1.281466666666666754e+02
1.295066666666666606e+02 1.281933333333333280e+02 1.281466666666666754e+02
1.295066666666666606e+02 1.281933333333333280e+02 1.281466666666666754e+02
1.295066666666666606e+02 1.281933333333333280e+02 1.281466666666666754e+02
1.295066666666666606e+02 1.281933333333333280e+02 1.281466666666666754e+02
1.295066666666666606e+02 1.281933333333333280e+02 1.281466666666666754e+02
1.295066666666666606e+02 1.281933333333333280e+02 1.281466666666666754e+02
1.295066666666666606e+02 1.281933333333333280e+02 1.281466666666666754e+02
1.295066666666666606e+02 1.281933333333333280e+02 1.281466666666666754e+02
1.295066666666666606e+02 1.281933333333333280e+02 1.281466666666666754e+02
1.295066666666666606e+02 1.281933333333333280e+02 1.281466666666666754e+02
1.295066666666666606e+02 1.281933333333333280e+02 1.281466666666666754e+02
1.295066666666666606e+02 1.281933333333333280e+02 1.281466666666666754e+02
1.295066666666666606e+02 1.281933333333333280e+02 1.281466666666666754e+02
1.295066666666666606e+02 1.281933333333333280e+02 1.281466666666666754e+02
1.295066666666666606e+02 1.281933333333333280e+02 1.281466666666666754e+02
1.295066666666666606e+02 1.281933333333333280e+02 1.281466666666666754e+02
1.295066666666666606e+02 1.281933333333333280e+02 1.281466666666666754e+02
1.295066666666666606e+02 1.281933333333333280e+02 1.281466666666666754e+02
1.295066666666666606e+02 1.281933333333333280e+02 1.281466666666666754e+02
1.295066666666666606e+02 1.281933333333333280e+02 1.281466666666666754e+02
1.295066666666666606e+02 1.281933333333333280e+02 1.281466666666666754e+02
1.295066666666666606e+02 1.281933333333333280e+02 1.281466666666666754e+02
1.295066666666666606e+02 1.281933333333333280e+02 1.281466666666666754e+02
1.295066666666666606e+02 1.281933333333333280e+02 1.281466666666666754e+02
1.295066666666666606e+02 1.281933333333333280e+02 1.281466666666666754e+02
1.295066666666666606e+02 1.281933333333333280e+02 1.281466666666666754e+02
1.295066666666666606e+02 1.281933333333333280e+02 1.281466666666666754e+02
1.295066666666666606e+02 1.281933333333333280e+02 1.281466666666666754e+02
1.295066666666666606e+02 1.281933333333333280e+02 1.281466666666666754e+02
1.295066666666666606e+02 1.281933333333333280e+02 1.281466666666666754e+02
1.295066666666666606e+02 1.281933333333333280e+02 1.281466666666666754e+02
1.295066666666666606e+02 1.281933333333333280e+02 1.281466666666666754e+02
1.295066666666666606e+02 1.281933333333333280e+02 1.281466666666666754e+02
1.295066666666666606e+02 1.281933333333333280e+02 1.281466666666666754e+02
1.295066666666666606e+02 1.281933333333333280e+02 1.281466666666666754e+02
1.295066666666666606e+02 1.281933333333333280e+02 1.281466666666666754e+02
1.295066666666666606e+02 1.281933333333333280e+02 1.281466666666666754e+02
1.295066666666666606e+02 1.281933333333333280e+02 1.281466666666666754e+02
1.295066666666666606e+02 1.281933333333333280e+02 1.281466666666666754e+02
1.295066666666666606e+02 1.281933333333333280e+02 1.281466666666666754e+02
1.295066666666666606e+02 1.281933333333333280e+02 1.281466666666666754e+02
1.295066666666666606e+02 1.281933333333333280e+02 1.281466666666666754e+02
1.295066666666666606e+02 1.281933333333333280e+02 1.281466666666666754e+02
1.295066666666666606e+02 1.281933333333333280e+02 1.281466666666666754e+02
1.295066666666666606e+02 1.281933333333333280e+02 1.281466666666666754e+02
1.295066666666666606e+02 1.281933333333333280e+02 1.281466666666666754e+02
1.295066666666666606e+02 1.281933333333333280e+02 1.281466666666666754e+02
1.295066666666666606e+02 1.281933333333333280e+02 1.281466666666666754e+02
1.295066666666666606e+02 1.281933333333333280e+02 1.281466666666666754e+02
1.295066666666666606e+02 1.281933333333333280e+02 1.281466666666666754e+02
1.295066666666666606e+02 1.281933333333333280e+02 1.281466666666666754e+02
1.295066666666666606e+02 1.281933333333333280e+02 1.281466666666666754e+02
1.295066666666666606e+02 1.281933333333333280e+02 1.281466666666666754e+02
1.295066666666666606e+02 1.281933333333333280e+02 1.281466666666666754e+02
1.295066666666666606e+02 1.281933333333333280e+02 1.281466666666666754e+02
1.295066666666666606e+02 1.281933333333333280e+02 1.281466666666666754e+02
1.295066666666666606e+02 1.281933333333333280e+02 1.281466666666666754e+02
1.295066666666666606e+02 1.281933333333333280e+02 1.281466666666666754e+02
1.295066666666666606e+02 1.281933333333333280e+02 1.281466666666666754e+02
1.295066666666666606e+02 1.281933333333333280e+02 1.281466666666666754e+02
1.295066666666666606e+02 1.281933333333333280e+02 1.281466666666666754e+02
1.295066666666666606e+02 1.281933333333333280e+02 1.281466666666666754e+02
1.295066666666666606e+02 1.281933333333333280e+02 1.281466666666666754e+02
1.295066666666666606e+02 1.281933333333333280e+02 1.281466666666666754e+02
1.295066666666666606e+02 1.281933333333333280e+02 1.281466666666666754e+02
1.295066666666666606e+02 1.281933333333333280e+02 1.281466666666666754e+02
1.295066666666666606e+02 1.281933333333333280e+02 1.281466666666666754e+02
1.295066666666666606e+02 1.281933333333333280e+02 1.281466666666666754e+02
1.295066666666666606e+02 1.281933333333333280e+02 1.281466666666666754e+02
1.295066666666666606e+02 1.281933333333333280e+02 1.281466666666666754e+02
1.295066666666666606e+02 1.281933333333333280e+02 1.281466666666666754e+02
1.295066666666666606e+02 1.281933333333333280e+02 1.281466666666666754e+02
1.295066666666666606e+02 1.281933333333333280e+02 1.281466666666666754e+02
1.295066666666666606e+02 1.281933333333333280e+02 1.281466666666666754e+02
1.295066666666666606e+02 1.281933333333333280e+02 1.281466666666666754e+02
1.295066666666666606e+02 1.281933333333333280e+02 1.281466666666666754e+02
1.295066666666666606e+02 1.281933333333333280e+02 1.281466666666666754e+02
1.295066666666666606e+02 1.281933333333333280e+02 1.281466666666666754e+02
1.295066666666666606e+02 1.281933333333333280e+02 1.281466666666666754e+02
1.295066666666666606e+02 1.281933333333333280e+02 1.281466666666666754e+02
1.295066666666666606e+02 1.281933333333333280e+02 1.281466666666666754e+02
1.295066666666666606e+02 1.281933333333333280e+02 1.281466666666666754e+02
1.295066666666666606e+02 1.281933333333333280e+02 1.281466666666666754e+02
1.295066666666666606e+02 1.281933333333333280e+02 1.281466666666666754e+02
1.295066666666666606e+02 1.281933333333333280e+02 1.281466666666666754e+02
1.295066666666666606e+02 1.281933333333333280e+02 1.281466666666666754e+02
1.295066666666666606e+02 1.281933333333333280e+02 1.281466666666666754e+02
1.295066666666666606e+02 1.281933333333333280e+02 1.281466666666666754e+02
1.295066666666666606e+02 1.281933333333333280e+02 1.281466666666666754e+02
1.295066666666666606e+02 1.281933333333333280e+02 1.281466666666666754e+02
1.295066666666666606e+02 1.281933333333333280e+02 1.281466666666666754e+02
1.295066666666666606e+02 1.281933333333333280e+02 1.281466666666666754e+02
1.295066666666666606e+02 1.281933333333333280e+02 1.281466666666666754e+02
1.295066666666666606e+02 1.281933333333333280e+02 1.281466666666666754e+02
1.295066666666666606e+02 1.281933333333333280e+02 1.281466666666666754e+02
1.295066666666666606e+02 1.281933333333333280e+02 1.281466666666666754e+02
1.295066666666666606e+02 1.281933333333333280e+02 1.281466666666666754e+02
1.295066666666666606e+02 1.281933333333333280e+02 1.281466666666666754e+02
1.295066666666666606e+02 1.281933333333333280e+02 1.281466666666666754e+02
1.295066666666666606e+02 1.281933333333333280e+02 1.281466666666666754e+02
1.295066666666666606e+02 1.281933333333333280e+02 1.281466666666666754e+02
1.295066666666666606e+02 1.281933333333333280e+02 1.281466666666666754e+02
1.295066666666666606e+02 1.281933333333333280e+02 1.281466666666666754e+02
1.295066666666666606e+02 1.281933333333333280e+02 1.281466666666666754e+02
1.295066666666666606e+02 1.281933333333333280e+02 1.281466666666666754e+02
1.295066666666666606e+02 1.281933333333333280e+02 1.281466666666666754e+02
1.295066666666666606e+02 1.281933333333333280e+02 1.281466666666666754e+02
1.295066666666666606e+02 1.281933333333333280e+02 1.281466666666666754e+02
1.295066666666666606e+02 1.281933333333333280e+02 1.281466666666666754e+02
1.295066666666666606e+02 1.281933333333333280e+02 1.281466666666666754e+02
1.295066666666666606e+02 1.281933333333333280e+02 1.281466666666666754e+02
1.295066666666666606e+02 1.281933333333333280e+02 1.281466666666666754e+02
1.295066666666666606e+02 1.281933333333333280e+02 1.281466666666666754e+02
1.295066666666666606e+02 1.281933333333333280e+02 1.281466666666666754e+02
1.295066666666666606e+02 1.281933333333333280e+02 1.281466666666666754e+02
1.295066666666666606e+02 1.281933333333333280e+02 1.281466666666666754e+02
1.295066666666666606e+02 1.281933333333333280e+02 1.281466666666666754e+02
1.295066666666666606e+02 1.281933333333333280e+02 1.281466666666666754e+02
1.295066666666666606e+02 1.281933333333333280e+02 1.281466666666666754e+02
1.295066666666666606e+02 1.281933333333333280e+02 1.281466666666666754e+02
1.295066666666666606e+02 1.281933333333333280e+02 1.281466666666666754e+02
1.295066666666666606e+02 1.281933333333333280e+02 1.281466666666666754e+02
1.295066666666666606e+02 1.281933333333333280e+02 1.281466666666666754e+02
1.295066666666666606e+02 1.281933333333333280e+02 1.281466666666666754e+02
1.295066666666666606e+02 1.281933333333333280e+02 1.281466666666666754e+02
1.295066666666666606e+02 1.281933333333333280e+02 1.281466666666666754e+02
1.295066666666666606e+02 1.281933333333333280e+02 1.281466666666666754e+02
1.295066666666666606e+02 1.281933333333333280e+02 1.281466666666666754e+02
1.295066666666666606e+02 1.281933333333333280e+02 1.281466666666666754e+02
1.295066666666666606e+02 1.281933333333333280e+02 1.281466666666666754e+02
1.295066666666666606e+02 1.281933333333333280e+02 1.281466666666666754e+02
1.295066666666666606e+02 1.281933333333333280e+02 1.281466666666666754e+02
1.295066666666666606e+02 1.281933333333333280e+02 1.281466666666666754e+02
1.295066666666666606e+02 1.281933333333333280e+02 1.281466666666666754e+02
1.295066666666666606e+02 1.281933333333333280e+02 1.281466666666666754e+02
1.295066666666666606e+02 1.281933333333333280e+02 1.281466666666666754e+02
1.295066666666666606e+02 1.281933333333333280e+02 1.281466666666666754e+02
1.295066666666666606e+02 1.281933333333333280e+02 1.281466666666666754e+02
1.295066666666666606e+02 1.281933333333333280e+02 1.281466666666666754e+02
1.295066666666666606e+02 1.281933333333333280e+02 1.281466666666666754e+02
1.295066666666666606e+02 1.281933333333333280e+02 1.281466666666666754e+02
1.295066666666666606e+02 1.281933333333333280e+02 1.281466666666666754e+02
1.295066666666666606e+02 1.281933333333333280e+02 1.281466666666666754e+02
1.295066666666666606e+02 1.281933333333333280e+02 1.281466666666666754e+02
1.295066666666666606e+02 1.281933333333333280e+02 1.281466666666666754e+02
1.295066666666666606e+02 1.281933333333333280e+02 1.281466666666666754e+02
1.295066666666666606e+02 1.281933333333333280e+02 1.281466666666666754e+02
1.295066666666666606e+02 1.281933333333333280e+02 1.281466666666666754e+02
1.295066666666666606e+02 1.281933333333333280e+02 1.281466666666666754e+02
1.295066666666666606e+02 1.281933333333333280e+02 1.281466666666666754e+02
1.295066666666666606e+02 1.281933333333333280e+02 1.281466666666666754e+02
1.295066666666666606e+02 1.281933333333333280e+02 1.281466666666666754e+02
1.295066666666666606e+02 1.281933333333333280e+02 1.281466666666666754e+02
1.295066666666666606e+02 1.281933333333333280e+02 1.281466666666666754e+02
1.295066666666666606e+02 1.281933333333333280e+02 1.281466666666666754e+02
1.295066666666666606e+02 1.281933333333333280e+02 1.281466666666666754e+02
1.295066666666666606e+02 1.281933333333333280e+02 1.281466666666666754e+02
1.295066666666666606e+02 1.281933333333333280e+02 1.281466666666666754e+02
1.295066666666666606e+02 1.281933333333333280e+02 1.281466666666666754e+02
1.295066666666666606e+02 1.281933333333333280e+02 1.281466666666666754e+02
1.295066666666666606e+02 1.281933333333333280e+02 1.281466666666666754e+02
1.295066666666666606e+02 1.281933333333333280e+02 1.281466666666666754e+02
1.295066666666666606e+02 1.281933333333333280e+02 1.281466666666666754e+02
1.295066666666666606e+02 1.281933333333333280e+02 1.281466666666666754e+02
1.295066666666666606e+02 1.281933333333333280e+02 1.281466666666666754e+02
1.295066666666666606e+02 1.281933333333333280e+02 1.281466666666666754e+02
1.295066666666666606e+02 1.281933333333333280e+02 1.281466666666666754e+02
1.295066666666666606e+02 1.281933333333333280e+02 1.281466666666666754e+02
1.295066666666666606e+02 1.281933333333333280e+02 1.281466666666666754e+02
1.295066666666666606e+02 1.281933333333333280e+02 1.281466666666666754e+02
1.295066666666666606e+02 1.281933333333333280e+02 1.281466666666666754e+02
1.295066666666666606e+02 1.281933333333333280e+02 1.281466666666666754e+02
1.295066666666666606e+02 1.281933333333333280e+02 1.281466666666666754e+02
1.295066666666666606e+02 1.281933333333333280e+02 1.281466666666666754e+02
1.295066666666666606e+02 1.281933333333333280e+02 1.281466666666666754e+02
1.295066666666666606e+02 1.281933333333333280e+02 1.281466666666666754e+02
1.295066666666666606e+02 1.281933333333333280e+02 1.281466666666666754e+02
1.295066666666666606e+02 1.281933333333333280e+02 1.281466666666666754e+02
1.295066666666666606e+02 1.281933333333333280e+02 1.281466666666666754e+02
1.295066666666666606e+02 1.281933333333333280e+02 1.281466666666666754e+02
1.295066666666666606e+02 1.281933333333333280e+02 1.281466666666666754e+02
1.295066666666666606e+02 1.281933333333333280e+02 1.281466666666666754e+02
1.295066666666666606e+02 1.281933333333333280e+02 1.281466666666666754e+02
1.295066666666666606e+02 1.281933333333333280e+02 1.281466666666666754e+02
1.295066666666666606e+02 1.281933333333333280e+02 1.281466666666666754e+02
1.295066666666666606e+02 1.281933333333333280e+02 1.281466666666666754e+02
1.295066666666666606e+02 1.281933333333333280e+02 1.281466666666666754e+02
1.295066666666666606e+02 1.281933333333333280e+02 1.281466666666666754e+02
1.295066666666666606e+02 1.281933333333333280e+02 1.281466666666666754e+02
1.295066666666666606e+02 1.281933333333333280e+02 1.281466666666666754e+02
1.295066666666666606e+02 1.281933333333333280e+02 1.281466666666666754e+02
1.295066666666666606e+02 1.281933333333333280e+02 1.281466666666666754e+02
1.295066666666666606e+02 1.281933333333333280e+02 1.281466666666666754e+02
1.295066666666666606e+02 1.281933333333333280e+02 1.281466666666666754e+02
1.295066666666666606e+02 1.281933333333333280e+02 1.281466666666666754e+02
1.295066666666666606e+02 1.281933333333333280e+02 1.281466666666666754e+02
1.295066666666666606e+02 1.281933333333333280e+02 1.281466666666666754e+02
1.295066666666666606e+02 1.281933333333333280e+02 1.281466666666666754e+02
1.295066666666666606e+02 1.281933333333333280e+02 1.281466666666666754e+02
1.295066666666666606e+02 1.281933333333333280e+02 1.281466666666666754e+02
1.295066666666666606e+02 1.281933333333333280e+02 1.281466666666666754e+02
1.295066666666666606e+02 1.281933333333333280e+02 1.281466666666666754e+02
1.295066666666666606e+02 1.281933333333333280e+02 1.281466666666666754e+02
1.295066666666666606e+02 1.281933333333333280e+02 1.281466666666666754e+02
1.295066666666666606e+02 1.281933333333333280e+02 1.281466666666666754e+02
1.295066666666666606e+02 1.281933333333333280e+02 1.281466666666666754e+02
1.295066666666666606e+02 1.281933333333333280e+02 1.281466666666666754e+02
1.295066666666666606e+02 1.281933333333333280e+02 1.281466666666666754e+02
1.295066666666666606e+02 1.281933333333333280e+02 1.281466666666666754e+02
1.295066666666666606e+02 1.281933333333333280e+02 1.281466666666666754e+02
1.295066666666666606e+02 1.281933333333333280e+02 1.281466666666666754e+02
1.295066666666666606e+02 1.281933333333333280e+02 1.281466666666666754e+02
1.295066666666666606e+02 1.281933333333333280e+02 1.281466666666666754e+02
1.295066666666666606e+02 1.281933333333333280e+02 1.281466666666666754e+02
1.295066666666666606e+02 1.281933333333333280e+02 1.281466666666666754e+02
1.295066666666666606e+02 1.281933333333333280e+02 1.281466666666666754e+02
1.295066666666666606e+02 1.281933333333333280e+02 1.281466666666666754e+02
1.295066666666666606e+02 1.281933333333333280e+02 1.281466666666666754e+02
1.295066666666666606e+02 1.281933333333333280e+02 1.281466666666666754e+02
1.295066666666666606e+02 1.281933333333333280e+02 1.281466666666666754e+02
1.295066666666666606e+02 1.281933333333333280e+02 1.281466666666666754e+02
1.295066666666666606e+02 1.281933333333333280e+02 1.281466666666666754e+02
1.295066666666666606e+02 1.281933333333333280e+02 1.281466666666666754e+02
1.295066666666666606e+02 1.281933333333333280e+02 1.281466666666666754e+02
1.295066666666666606e+02 1.281933333333333280e+02 1.281466666666666754e+02
1.295066666666666606e+02 1.281933333333333280e+02 1.281466666666666754e+02
1.295066666666666606e+02 1.281933333333333280e+02 1.281466666666666754e+02
1.295066666666666606e+02 1.281933333333333280e+02 1.281466666666666754e+02
1.295066666666666606e+02 1.281933333333333280e+02 1.281466666666666754e+02
1.295066666666666606e+02 1.281933333333333280e+02 1.281466666666666754e+02
1.295066666666666606e+02 1.281933333333333280e+02 1.281466666666666754e+02
1.295066666666666606e+02 1.281933333333333280e+02 1.281466666666666754e+02
1.295066666666666606e+02 1.281933333333333280e+02 1.281466666666666754e+02
1.295066666666666606e+02 1.281933333333333280e+02 1.281466666666666754e+02
1.295066666666666606e+02 1.281933333333333280e+02 1.281466666666666754e+02
1.295066666666666606e+02 1.281933333333333280e+02 1.281466666666666754e+02
1.295066666666666606e+02 1.281933333333333280e+02 1.281466666666666754e+02
1.295066666666666606e+02 1.281933333333333280e+02 1.281466666666666754e+02
1.295066666666666606e+02 1.281933333333333280e+02 1.281466666666666754e+02
1.295066666666666606e+02 1.281933333333333280e+02 1.281466666666666754e+02
1.295066666666666606e+02 1.281933333333333280e+02 1.281466666666666754e+02
1.295066666666666606e+02 1.281933333333333280e+02 1.281466666666666754e+02
1.295066666666666606e+02 1.281933333333333280e+02 1.281466666666666754e+02
1.295066666666666606e+02 1.281933333333333280e+02 1.281466666666666754e+02
1.295066666666666606e+02 1.281933333333333280e+02 1.281466666666666754e+02
1.295066666666666606e+02 1.281933333333333280e+02 1.281466666666666754e+02
1.295066666666666606e+02 1.281933333333333280e+02 1.281466666666666754e+02
1.295066666666666606e+02 1.281933333333333280e+02 1.281466666666666754e+02
1.295066666666666606e+02 1.281933333333333280e+02 1.281466666666666754e+02
1.295066666666666606e+02 1.281933333333333280e+02 1.281466666666666754e+02
1.295066666666666606e+02 1.281933333333333280e+02 1.281466666666666754e+02
1.295066666666666606e+02 1.281933333333333280e+02 1.281466666666666754e+02
1.295066666666666606e+02 1.281933333333333280e+02 1.281466666666666754e+02
1.295066666666666606e+02 1.281933333333333280e+02 1.281466666666666754e+02
1.295066666666666606e+02 1.281933333333333280e+02 1.281466666666666754e+02
1.295066666666666606e+02 1.281933333333333280e+02 1.281466666666666754e+02
1.295066666666666606e+02 1.281933333333333280e+02 1.281466666666666754e+02
1.295066666666666606e+02 1.281933333333333280e+02 1.281466666666666754e+02
1.295066666666666606e+02 1.281933333333333280e+02 1.281466666666666754e+02
1.295066666666666606e+02 1.281933333333333280e+02 1.281466666666666754e+02
1.295066666666666606e+02 1.281933333333333280e+02 1.281466666666666754e+02
1.295066666666666606e+02 1.281933333333333280e+02 1.281466666666666754e+02
1.295066666666666606e+02 1.281933333333333280e+02 1.281466666666666754e+02
1.295066666666666606e+02 1.281933333333333280e+02 1.281466666666666754e+02
1.295066666666666606e+02 1.281933333333333280e+02 1.281466666666666754e+02
1.295066666666666606e+02 1.281933333333333280e+02 1.281466666666666754e+02
1.295066666666666606e+02 1.281933333333333280e+02 1.281466666666666754e+02
1.295066666666666606e+02 1.281933333333333280e+02 1.281466666666666754e+02
1.295066666666666606e+02 1.281933333333333280e+02 1.281466666666666754e+02
1.295066666666666606e+02 1.281933333333333280e+02 1.281466666666666754e+02
1.295066666666666606e+02 1.281933333333333280e+02 1.281466666666666754e+02
1.295066666666666606e+02 1.281933333333333280e+02 1.281466666666666754e+02
1.295066666666666606e+02 1.281933333333333280e+02 1.281466666666666754e+02
1.295066666666666606e+02 1.281933333333333280e+02 1.281466666666666754e+02
1.295066666666666606e+02 1.281933333333333280e+02 1.281466666666666754e+02
1.295066666666666606e+02 1.281933333333333280e+02 1.281466666666666754e+02
1.295066666666666606e+02 1.281933333333333280e+02 1.281466666666666754e+02
1.295066666666666606e+02 1.281933333333333280e+02 1.281466666666666754e+02
1.295066666666666606e+02 1.281933333333333280e+02 1.281466666666666754e+02
1.295066666666666606e+02 1.281933333333333280e+02 1.281466666666666754e+02
1.295066666666666606e+02 1.281933333333333280e+02 1.281466666666666754e+02
1.295066666666666606e+02 1.281933333333333280e+02 1.281466666666666754e+02
1.295066666666666606e+02 1.281933333333333280e+02 1.281466666666666754e+02
1.295066666666666606e+02 1.281933333333333280e+02 1.281466666666666754e+02
1.295066666666666606e+02 1.281933333333333280e+02 1.281466666666666754e+02
1.295066666666666606e+02 1.281933333333333280e+02 1.281466666666666754e+02
1.295066666666666606e+02 1.281933333333333280e+02 1.281466666666666754e+02
1.295066666666666606e+02 1.281933333333333280e+02 1.281466666666666754e+02
1.295066666666666606e+02 1.281933333333333280e+02 1.281466666666666754e+02
1.295066666666666606e+02 1.281933333333333280e+02 1.281466666666666754e+02
1.295066666666666606e+02 1.281933333333333280e+02 1.281466666666666754e+02
1.295066666666666606e+02 1.281933333333333280e+02 1.281466666666666754e+02
1.295066666666666606e+02 1.281933333333333280e+02 1.281466666666666754e+02
1.295066666666666606e+02 1.281933333333333280e+02 1.281466666666666754e+02
1.295066666666666606e+02 1.281933333333333280e+02 1.281466666666666754e+02
1.295066666666666606e+02 1.281933333333333280e+02 1.281466666666666754e+02
1.295066666666666606e+02 1.281933333333333280e+02 1.281466666666666754e+02
1.295066666666666606e+02 1.281933333333333280e+02 1.281466666666666754e+02
1.295066666666666606e+02 1.281933333333333280e+02 1.281466666666666754e+02
1.295066666666666606e+02 1.281933333333333280e+02 1.281466666666666754e+02
1.295066666666666606e+02 1.281933333333333280e+02 1.281466666666666754e+02
1.295066666666666606e+02 1.281933333333333280e+02 1.281466666666666754e+02
1.295066666666666606e+02 1.281933333333333280e+02 1.281466666666666754e+02
1.295066666666666606e+02 1.281933333333333280e+02 1.281466666666666754e+02
1.295066666666666606e+02 1.281933333333333280e+02 1.281466666666666754e+02
1.295066666666666606e+02 1.281933333333333280e+02 1.281466666666666754e+02
1.295066666666666606e+02 1.281933333333333280e+02 1.281466666666666754e+02
1.295066666666666606e+02 1.281933333333333280e+02 1.281466666666666754e+02
1.295066666666666606e+02 1.281933333333333280e+02 1.281466666666666754e+02
