1.290805369127516826e+02 1.293221476510067021e+02 1.274832214765100673e+02
1.290463576158940384e+02 1.294437086092715106e+02 1.273907284768211952e+02
1.290200000000000102e+02 1.294133333333333269e+02 1.274399999999999977e+02
1.291409395973154233e+02 1.295100671140939710e+02 1.273959731543624230e+02
1.291333333333333258e+02 1.294533333333333474e+02 1.274000000000000057e+02
1.292272727272727195e+02 1.294740259740259773e+02 1.274285714285714306e+02
1.293881578947368496e+02 1.294407894736842195e+02 1.273421052631578902e+02
1.293333333333333428e+02 1.293199999999999932e+02 1.273333333333333286e+02
1.293907284768211809e+02 1.291059602649006592e+02 1.273046357615894095e+02
1.294662162162162247e+02 1.291081081081080981e+02 1.273716216216216282e+02
1.295000000000000000e+02 1.291533333333333360e+02 1.272666666666666657e+02
1.294701986754966754e+02 1.291721854304635713e+02 1.272649006622516623e+02
1.295695364238410718e+02 1.292052980132450273e+02 1.272317880794701921e+02
1.294444444444444571e+02 1.293267973856209210e+02 1.272549019607843093e+02
1.294220779220779320e+02 1.292857142857142776e+02 1.272532467532467564e+02
1.294509803921568505e+02 1.293071895424836555e+02 1.272549019607843093e+02
1.293355263157894797e+02 1.293289473684210407e+02 1.272828947368421098e+02
1.293267973856209210e+02 1.293006535947712337e+02 1.272679738562091529e+02
1.293866666666666561e+02 1.292666666666666799e+02 1.272133333333333383e+02
1.293223684210526301e+02 1.294276315789473699e+02 1.270000000000000000e+02
1.294090909090909065e+02 1.293766233766233711e+02 1.270779220779220822e+02
1.294276315789473699e+02 1.293552631578947398e+02 1.272368421052631646e+02
1.294333333333333371e+02 1.293000000000000114e+02 1.272066666666666634e+02
1.293866666666666561e+02 1.293133333333333326e+02 1.271866666666666674e+02
1.292789115646258438e+02 1.291632653061224403e+02 1.271292517006802711e+02
1.293866666666666561e+02 1.291933333333333280e+02 1.271266666666666652e+02
1.293815789473684106e+02 1.291710526315789593e+02 1.270526315789473699e+02
1.294210526315789593e+02 1.291184210526315894e+02 1.272368421052631646e+02
1.293660130718954235e+02 1.292156862745098067e+02 1.272745098039215748e+02
1.294600000000000080e+02 1.293199999999999932e+02 1.273533333333333388e+02
1.294802631578947398e+02 1.293750000000000000e+02 1.273157894736842053e+02
1.295533333333333417e+02 1.294000000000000057e+02 1.272533333333333303e+02
1.295099337748344510e+02 1.293245033112582689e+02 1.273311258278145743e+02
1.294870129870129745e+02 1.294285714285714164e+02 1.271818181818181870e+02
1.294276315789473699e+02 1.295723684210526301e+02 1.270723684210526301e+02
1.293466666666666640e+02 1.297333333333333201e+02 1.270933333333333337e+02
1.292960526315789593e+02 1.298289473684210407e+02 1.269934210526315752e+02
1.291854304635761537e+02 1.297284768211920607e+02 1.269072847682119232e+02
1.292500000000000000e+02 1.298355263157894797e+02 1.269013157894736850e+02
1.292684563758389231e+02 1.298724832214765001e+02 1.267651006711409423e+02
1.293441558441558357e+02 1.298896103896103966e+02 1.267727272727272663e+02
1.293684210526315894e+02 1.299802631578947398e+02 1.266381578947368354e+02
1.295000000000000000e+02 1.298799999999999955e+02 1.267333333333333343e+02
1.294342105263157805e+02 1.298947368421052602e+02 1.267368421052631646e+02
1.295000000000000000e+02 1.298026315789473699e+02 1.268355263157894797e+02
1.295263157894736707e+02 1.295592105263157805e+02 1.269013157894736850e+02
1.294210526315789593e+02 1.297105263157894797e+02 1.269539473684210549e+02
1.293790849673202672e+02 1.297058823529411882e+02 1.267843137254901933e+02
1.293355704697986539e+02 1.297852348993288558e+02 1.267651006711409423e+02
1.292800000000000011e+02 1.298933333333333451e+02 1.266599999999999966e+02
1.292666666666666799e+02 1.298199999999999932e+02 1.266933333333333280e+02
1.292702702702702595e+02 1.298648648648648702e+02 1.268108108108108070e+02
1.294052287581699261e+02 1.298758169934640421e+02 1.268758169934640563e+02
1.294133333333333269e+02 1.298933333333333451e+02 1.269200000000000017e+02
1.294238410596026370e+02 1.298609271523178847e+02 1.268741721854304672e+02
1.293870967741935374e+02 1.298967741935483957e+02 1.269806451612903260e+02
1.294834437086092578e+02 1.297947019867549727e+02 1.271059602649006592e+02
1.294399999999999977e+02 1.298066666666666720e+02 1.271733333333333320e+02
1.293733333333333348e+02 1.298066666666666720e+02 1.268866666666666703e+02
1.294705882352941160e+02 1.297254901960784252e+02 1.268758169934640563e+02
1.294387096774193537e+02 1.297741935483871032e+02 1.268774193548387075e+02
1.294155844155844193e+02 1.297272727272727195e+02 1.268766233766233711e+02
1.295882352941176521e+02 1.296209150326797328e+02 1.267124183006535958e+02
1.295947712418300739e+02 1.296013071895424957e+02 1.267450980392156907e+02
1.294933333333333394e+02 1.296666666666666572e+02 1.265600000000000023e+02
1.294437086092715106e+02 1.296026490066225278e+02 1.267152317880794641e+02
1.295789473684210407e+02 1.294868421052631504e+02 1.268486842105263150e+02
1.297199999999999989e+02 1.294199999999999875e+02 1.270199999999999960e+02
1.296993464052287663e+02 1.294248366013071916e+02 1.270000000000000000e+02
1.297333333333333201e+02 1.294600000000000080e+02 1.270999999999999943e+02
1.296333333333333258e+02 1.295600000000000023e+02 1.271466666666666612e+02
1.295533333333333417e+02 1.295200000000000102e+02 1.272866666666666617e+02
1.297019867549668959e+02 1.294900662251655490e+02 1.273774834437086128e+02
1.297894736842105203e+02 1.295197368421052602e+02 1.272828947368421098e+02
1.298092105263157805e+02 1.295197368421052602e+02 1.272500000000000000e+02
1.296535947712418420e+02 1.295098039215686185e+02 1.271895424836601336e+02
1.297133333333333383e+02 1.295066666666666606e+02 1.271333333333333400e+02
1.296533333333333360e+02 1.295200000000000102e+02 1.271933333333333280e+02
1.295490196078431495e+02 1.295098039215686185e+02 1.271830065359477118e+02
1.296133333333333439e+02 1.294666666666666686e+02 1.272600000000000051e+02
1.295234899328858944e+02 1.295704697986577116e+02 1.274093959731543606e+02
1.294437086092715106e+02 1.294834437086092578e+02 1.273708609271523216e+02
1.295228758169934622e+02 1.295751633986928084e+02 1.273137254901960773e+02
1.294527027027027088e+02 1.295405405405405475e+02 1.272500000000000000e+02
1.294575163398692723e+02 1.296405228758169983e+02 1.271764705882352899e+02
1.293790849673202672e+02 1.296274509803921546e+02 1.273137254901960773e+02
1.294276315789473699e+02 1.296118421052631504e+02 1.274144736842105203e+02
1.293486842105263293e+02 1.296842105263157805e+02 1.273618421052631646e+02
1.292781456953642305e+02 1.295960264900662366e+02 1.272582781456953711e+02
1.292516556291390657e+02 1.295430463576159070e+02 1.273112582781457007e+02
1.292348993288590577e+02 1.294228187919462982e+02 1.273355704697986539e+02
1.293245033112582689e+02 1.294966887417218402e+02 1.273576158940397391e+02
1.294342105263157805e+02 1.294736842105263293e+02 1.272236842105263150e+02
1.295228758169934622e+02 1.294640522875816941e+02 1.271503267973856168e+02
1.294563758389261636e+02 1.295637583892617499e+02 1.271409395973154375e+02
1.293178807947019777e+02 1.296556291390728575e+02 1.271986754966887361e+02
1.291052631578947398e+02 1.295394736842105203e+02 1.272434210526315752e+02
1.290728476821192032e+02 1.297019867549668959e+02 1.272516556291390799e+02
1.291258278145695328e+02 1.298211920529801375e+02 1.273245033112582831e+02
1.288701298701298583e+02 1.297467532467532578e+02 1.273766233766233711e+02
1.288523489932885866e+02 1.298590604026845767e+02 1.273221476510067163e+02
1.288926174496644421e+02 1.299395973154362309e+02 1.272953020134228126e+02
1.291610738255033652e+02 1.298456375838926249e+02 1.271879194630872547e+02
1.291895424836601194e+02 1.298954248366013076e+02 1.271307189542483655e+02
1.292400000000000091e+02 1.300399999999999920e+02 1.270600000000000023e+02
1.293026315789473699e+02 1.300460526315789593e+02 1.270723684210526301e+02
1.292119205298013185e+02 1.299933774834437088e+02 1.272119205298013185e+02
1.293576158940397249e+02 1.299867549668874176e+02 1.272119205298013185e+02
1.293108108108108070e+02 1.300135135135135158e+02 1.271756756756756772e+02
1.293851351351351298e+02 1.299256756756756772e+02 1.271081081081081123e+02
1.293642384105960161e+02 1.299735099337748352e+02 1.270529801324503296e+02
1.294901960784313815e+02 1.302026143790849630e+02 1.270849673202614412e+02
1.292500000000000000e+02 1.302105263157894797e+02 1.271776315789473699e+02
1.292913907284768129e+02 1.302582781456953569e+02 1.270132450331125824e+02
1.291960784313725412e+02 1.303267973856209210e+02 1.269542483660130756e+02
1.292828947368421098e+02 1.304671052631578902e+02 1.267368421052631646e+02
1.293066666666666720e+02 1.305533333333333417e+02 1.267399999999999949e+02
1.292434210526315894e+02 1.305855263157894797e+02 1.267697368421052602e+02
1.291721854304635713e+02 1.306026490066225278e+02 1.267284768211920465e+02
1.291589403973509889e+02 1.305165562913907422e+02 1.267152317880794641e+02
1.292466666666666697e+02 1.305266666666666708e+02 1.267266666666666737e+02
1.292384105960264833e+02 1.305165562913907422e+02 1.268079470198675551e+02
1.291275167785234999e+02 1.304429530201342402e+02 1.268120805369127453e+02
1.290000000000000000e+02 1.303464052287581580e+02 1.268627450980392126e+02
1.290197368421052602e+02 1.301184210526315894e+02 1.269473684210526301e+02
1.291610738255033652e+02 1.300268456375839037e+02 1.268523489932885866e+02
1.291973684210526301e+02 1.300065789473684106e+02 1.268421052631578902e+02
1.292903225806451530e+02 1.301612903225806406e+02 1.268258064516129053e+02
1.293377483443708513e+02 1.300860927152317856e+02 1.266821192052980081e+02
1.293223684210526301e+02 1.301118421052631504e+02 1.266710526315789451e+02
1.290800000000000125e+02 1.302199999999999989e+02 1.266133333333333297e+02
1.291721854304635713e+02 1.301788079470198625e+02 1.266821192052980081e+02
1.295266666666666708e+02 1.302533333333333303e+02 1.267199999999999989e+02
1.295733333333333235e+02 1.301866666666666674e+02 1.267066666666666634e+02
1.294078947368421098e+02 1.302697368421052602e+02 1.266250000000000000e+02
1.292565789473684106e+02 1.302171052631578902e+02 1.265657894736842053e+02
1.291744966442952887e+02 1.301812080536912788e+02 1.263758389261744952e+02
1.292599999999999909e+02 1.299799999999999898e+02 1.263266666666666680e+02
1.293178807947019777e+02 1.301523178807946977e+02 1.264105960264900688e+02
1.293866666666666561e+02 1.302266666666666595e+02 1.264666666666666686e+02
1.294736842105263293e+02 1.303552631578947398e+02 1.263157894736842053e+02
1.293066666666666720e+02 1.304866666666666788e+02 1.262800000000000011e+02
1.291666666666666572e+02 1.305133333333333212e+02 1.264066666666666663e+02
1.291610738255033652e+02 1.305436241610738364e+02 1.262953020134228126e+02
1.291409395973154233e+02 1.305906040268456252e+02 1.264832214765100673e+02
1.290000000000000000e+02 1.304836601307189596e+02 1.264379084967320210e+02
1.290784313725490335e+02 1.304705882352941160e+02 1.264771241830065378e+02
1.290405405405405475e+02 1.305067567567567437e+02 1.263986486486486456e+02
1.288918918918919019e+02 1.304459459459459367e+02 1.263783783783783718e+02
1.289337748344370880e+02 1.305430463576159070e+02 1.264768211920529808e+02
1.287733333333333405e+02 1.305999999999999943e+02 1.263933333333333309e+02
1.288322147651006730e+02 1.306107382550335672e+02 1.264228187919463124e+02
1.287933333333333223e+02 1.307533333333333303e+02 1.265799999999999983e+02
1.288741721854304672e+02 1.307284768211920607e+02 1.265629139072847664e+02
1.288013245033112639e+02 1.307284768211920607e+02 1.266490066225165521e+02
1.286622516556291487e+02 1.307284768211920607e+02 1.267152317880794641e+02
1.283881578947368496e+02 1.307434210526315894e+02 1.269013157894736850e+02
1.283355704697986539e+02 1.308657718120805384e+02 1.267852348993288558e+02
1.284172185430463458e+02 1.308079470198675551e+02 1.268940397350993408e+02
1.283799999999999955e+02 1.308199999999999932e+02 1.269866666666666646e+02
1.283552631578947398e+02 1.307302631578947398e+02 1.270789473684210549e+02
1.284635761589403842e+02 1.308211920529801375e+02 1.271456953642384065e+02
1.283464052287581580e+02 1.307516339869281126e+02 1.271764705882352899e+02
1.284172185430463458e+02 1.308807947019867584e+02 1.270728476821192032e+02
1.282162162162162247e+02 1.310472972972972912e+02 1.271081081081081123e+02
1.282026143790849630e+02 1.311176470588235361e+02 1.272745098039215748e+02
1.282222222222222285e+02 1.311633986928104605e+02 1.271176470588235361e+02
1.281907894736842195e+02 1.311710526315789593e+02 1.271644736842105203e+02
1.283092105263157805e+02 1.311184210526315894e+02 1.270789473684210549e+02
1.282236842105263293e+02 1.310986842105263293e+02 1.271052631578947398e+02
1.280728476821192032e+02 1.310529801324503296e+02 1.270066225165562912e+02
1.282500000000000000e+02 1.310065789473684106e+02 1.269210526315789451e+02
1.282434210526315894e+02 1.310789473684210407e+02 1.269671052631578902e+02
1.281466666666666754e+02 1.311066666666666549e+02 1.268733333333333348e+02
1.280872483221476443e+02 1.310536912751677789e+02 1.270000000000000000e+02
1.281830065359477260e+02 1.308758169934640421e+02 1.270261437908496731e+02
1.281324503311258241e+02 1.308013245033112639e+02 1.269470198675496704e+02
1.280194805194805099e+02 1.306298701298701417e+02 1.270194805194805241e+02
1.282684563758389231e+02 1.307382550335570386e+02 1.269127516778523557e+02
1.281907894736842195e+02 1.306315789473684106e+02 1.267763157894736850e+02
1.280066225165562912e+02 1.305430463576159070e+02 1.267814569536423903e+02
1.279868421052631646e+02 1.304934210526315894e+02 1.267960526315789451e+02
1.279599999999999937e+02 1.305600000000000023e+02 1.268066666666666720e+02
1.279328859060402692e+02 1.306174496644295289e+02 1.268187919463087212e+02
1.279867549668874176e+02 1.306026490066225278e+02 1.269668874172185440e+02
1.281879194630872405e+02 1.304093959731543748e+02 1.268120805369127453e+02
1.282199999999999989e+02 1.306333333333333258e+02 1.267866666666666617e+02
1.281456953642384065e+02 1.305960264900662366e+02 1.267615894039735167e+02
1.281973684210526301e+02 1.306250000000000000e+02 1.268026315789473699e+02
1.278866666666666703e+02 1.306399999999999864e+02 1.268599999999999994e+02
1.280000000000000000e+02 1.306993464052287663e+02 1.267973856209150370e+02
1.279932885906040241e+02 1.309395973154362309e+02 1.268187919463087212e+02
1.280129032258064399e+02 1.308838709677419274e+02 1.267612903225806491e+02
1.279542483660130756e+02 1.308496732026143832e+02 1.268562091503267908e+02
1.279735099337748352e+02 1.308145695364238463e+02 1.268079470198675551e+02
1.279615384615384670e+02 1.308653846153846132e+02 1.266794871794871824e+02
1.280000000000000000e+02 1.307417218543046431e+02 1.266423841059602609e+02
1.277199999999999989e+02 1.308400000000000034e+02 1.266333333333333400e+02
1.277631578947368354e+02 1.306776315789473699e+02 1.265000000000000000e+02
1.276442953020134183e+02 1.306979865771812115e+02 1.265033557046979809e+02
1.275761589403973488e+02 1.307748344370860991e+02 1.265231788079470192e+02
1.273986486486486456e+02 1.308040540540540633e+02 1.264729729729729684e+02
1.271200000000000045e+02 1.309000000000000057e+02 1.265799999999999983e+02
1.269797297297297263e+02 1.310000000000000000e+02 1.264797297297297263e+02
1.269000000000000057e+02 1.310266666666666708e+02 1.264200000000000017e+02
1.269801324503311264e+02 1.309205298013245056e+02 1.264105960264900688e+02
1.269470198675496704e+02 1.307748344370860991e+02 1.264701986754966896e+02
1.268859060402684520e+02 1.308053691275167694e+02 1.265973154362416153e+02
1.268211920529801375e+02 1.307880794701986815e+02 1.266225165562913872e+02
1.267666666666666657e+02 1.307599999999999909e+02 1.266666666666666714e+02
1.266184210526315752e+02 1.306907894736842195e+02 1.266250000000000000e+02
1.267354838709677409e+02 1.306064516129032143e+02 1.264774193548387160e+02
1.266510067114093943e+02 1.305704697986577116e+02 1.264295302013422884e+02
1.265999999999999943e+02 1.305066666666666606e+02 1.264466666666666725e+02
1.266266666666666652e+02 1.305133333333333212e+02 1.263199999999999932e+02
1.267350993377483377e+02 1.304834437086092578e+02 1.261589403973509889e+02
1.265324675324675354e+02 1.306493506493506516e+02 1.261623376623376629e+02
1.265405405405405475e+02 1.305878378378378386e+02 1.262635135135135158e+02
1.268145695364238463e+02 1.306092715231788191e+02 1.261986754966887361e+02
1.268799999999999955e+02 1.307733333333333405e+02 1.262933333333333366e+02
1.268639455782312950e+02 1.308911564625850303e+02 1.262380952380952408e+02
1.268344370860927199e+02 1.310000000000000000e+02 1.262317880794701921e+02
1.270779220779220822e+02 1.311038961038960906e+02 1.260974025974025921e+02
1.270202702702702737e+02 1.312027027027027088e+02 1.261351351351351298e+02
1.270529801324503296e+02 1.312582781456953569e+02 1.260927152317880768e+02
1.270067114093959759e+02 1.312348993288590577e+02 1.259261744966442933e+02
1.269328859060402692e+02 1.312617449664429614e+02 1.259731543624161105e+02
1.269599999999999937e+02 1.314199999999999875e+02 1.259333333333333371e+02
1.268476821192053023e+02 1.314039735099337634e+02 1.257483443708609201e+02
1.267894736842105203e+02 1.315197368421052602e+02 1.256907894736842053e+02
1.268590604026845625e+02 1.314563758389261636e+02 1.255973154362416153e+02
1.268866666666666703e+02 1.314600000000000080e+02 1.255466666666666669e+02
1.269729729729729684e+02 1.313716216216216139e+02 1.253716216216216282e+02
1.270463576158940384e+02 1.314701986754966754e+02 1.253509933774834479e+02
1.271699346405228823e+02 1.314444444444444571e+02 1.254313725490196134e+02
1.271920529801324449e+02 1.314900662251655490e+02 1.253112582781457007e+02
1.271266666666666652e+02 1.314799999999999898e+02 1.252933333333333366e+02
1.268986486486486456e+02 1.315270270270270316e+02 1.253040540540540491e+02
1.267919463087248317e+02 1.314697986577181155e+02 1.253691275167785193e+02
1.266447368421052602e+02 1.314013157894736707e+02 1.254276315789473699e+02
1.265570469798657740e+02 1.315973154362416153e+02 1.255167785234899327e+02
1.265065789473684248e+02 1.315394736842105203e+02 1.255328947368421098e+02
1.267066666666666634e+02 1.315733333333333235e+02 1.256666666666666714e+02
1.265608108108108070e+02 1.315743243243243228e+02 1.256283783783783718e+02
1.265562913907284752e+02 1.316953642384106047e+02 1.255298013245033104e+02
1.264466666666666725e+02 1.318066666666666720e+02 1.255000000000000000e+02
1.262550335570469855e+02 1.317785234899328941e+02 1.253288590604026780e+02
1.262733333333333263e+02 1.318533333333333246e+02 1.253466666666666640e+02
1.263071895424836555e+02 1.319673202614379193e+02 1.251503267973856168e+02
1.265065789473684248e+02 1.320657894736842195e+02 1.250526315789473699e+02
1.264539473684210549e+02 1.320657894736842195e+02 1.250197368421052602e+02
1.265600000000000023e+02 1.322400000000000091e+02 1.250066666666666606e+02
1.265400000000000063e+02 1.321666666666666572e+02 1.250066666666666606e+02
1.264765100671140914e+02 1.321208053691275097e+02 1.249395973154362451e+02
1.264599999999999937e+02 1.322733333333333405e+02 1.248866666666666703e+02
1.265503355704697981e+02 1.323959731543624230e+02 1.248255033557046971e+02
1.264429530201342260e+02 1.324832214765100673e+02 1.248523489932885866e+02
1.265570469798657740e+02 1.325100671140939710e+02 1.247382550335570528e+02
1.267417218543046289e+02 1.325364238410596158e+02 1.246754966887417169e+02
1.267333333333333343e+02 1.325133333333333212e+02 1.246066666666666691e+02
1.266357615894039697e+02 1.324238410596026370e+02 1.245364238410596016e+02
1.267712418300653638e+02 1.326013071895424957e+02 1.245947712418300597e+02
1.267450980392156907e+02 1.324901960784313815e+02 1.246274509803921546e+02
1.266466666666666612e+02 1.325333333333333314e+02 1.246333333333333400e+02
1.267565789473684248e+02 1.326118421052631504e+02 1.245065789473684248e+02
1.269000000000000057e+02 1.326333333333333258e+02 1.245933333333333337e+02
1.268243243243243228e+02 1.325810810810810949e+02 1.245878378378378386e+02
1.267385620915032689e+02 1.325163398692810404e+02 1.245882352941176521e+02
1.266623376623376629e+02 1.323506493506493484e+02 1.245324675324675354e+02
1.266845637583892596e+02 1.324228187919462982e+02 1.244899328859060432e+02
1.266357615894039697e+02 1.323443708609271425e+02 1.243245033112582831e+02
1.265637583892617499e+02 1.324765100671141056e+02 1.243355704697986539e+02
1.266866666666666674e+02 1.323666666666666742e+02 1.241599999999999966e+02
1.266233766233766289e+02 1.324350649350649292e+02 1.241428571428571388e+02
1.265649350649350708e+02 1.323376623376623513e+02 1.241103896103896034e+02
1.267368421052631646e+02 1.321973684210526301e+02 1.240526315789473699e+02
1.267880794701986815e+02 1.320927152317880768e+02 1.240728476821192032e+02
1.267399999999999949e+02 1.320933333333333337e+02 1.240666666666666629e+02
1.266973684210526301e+02 1.321447368421052602e+02 1.239276315789473699e+02
1.267866666666666617e+02 1.320800000000000125e+02 1.241066666666666691e+02
1.268940397350993408e+02 1.319271523178807968e+02 1.240264900662251648e+02
1.270066225165562912e+02 1.319933774834437088e+02 1.240264900662251648e+02
1.270927152317880768e+02 1.320066225165562912e+02 1.241390728476821153e+02
1.272987012987013031e+02 1.319935064935064872e+02 1.243116883116883145e+02
1.273557046979865817e+02 1.321006711409395962e+02 1.243624161073825434e+02
1.272500000000000000e+02 1.320855263157894797e+02 1.244539473684210549e+02
1.273691275167785193e+02 1.321946308724832306e+02 1.244228187919463124e+02
1.273289473684210549e+02 1.322894736842105203e+02 1.244539473684210549e+02
1.273026315789473699e+02 1.324210526315789593e+02 1.244473684210526301e+02
1.273758389261744952e+02 1.323624161073825576e+02 1.244832214765100673e+02
1.273708609271523216e+02 1.322847682119205217e+02 1.245894039735099312e+02
1.274210526315789451e+02 1.322828947368421098e+02 1.244802631578947398e+02
1.275894039735099312e+02 1.324503311258278018e+02 1.244238410596026512e+02
1.276516129032258107e+02 1.324322580645161338e+02 1.243419354838709694e+02
1.276912751677852356e+02 1.324362416107382501e+02 1.242885906040268509e+02
1.277500000000000000e+02 1.324736842105263293e+02 1.242434210526315752e+02
1.276862745098039227e+02 1.324052287581699261e+02 1.241764705882352899e+02
1.277434210526315752e+02 1.324078947368421098e+02 1.241907894736842053e+02
1.276174496644295289e+02 1.322617449664429614e+02 1.242684563758389231e+02
1.274444444444444429e+02 1.320000000000000000e+02 1.241568627450980387e+02
1.273133333333333326e+02 1.319333333333333371e+02 1.242466666666666697e+02
1.272866666666666617e+02 1.318666666666666742e+02 1.243333333333333286e+02
1.271710526315789451e+02 1.318684210526315894e+02 1.243157894736842053e+02
1.271907894736842053e+02 1.317763157894736707e+02 1.243289473684210549e+02
1.269870129870129887e+02 1.317922077922077904e+02 1.242532467532467564e+02
1.270855263157894797e+02 1.316184210526315894e+02 1.242697368421052602e+02
1.269530201342281828e+02 1.316174496644295289e+02 1.241812080536912788e+02
1.270533333333333275e+02 1.316533333333333360e+02 1.241200000000000045e+02
1.270198675496688736e+02 1.316026490066225278e+02 1.239801324503311264e+02
1.268400000000000034e+02 1.317400000000000091e+02 1.238733333333333348e+02
1.270000000000000000e+02 1.317284768211920607e+02 1.238874172185430496e+02
1.270533333333333275e+02 1.316599999999999966e+02 1.240666666666666629e+02
1.270463576158940384e+02 1.315695364238410718e+02 1.240860927152317856e+02
1.271184210526315752e+02 1.315657894736842195e+02 1.240789473684210549e+02
1.271006711409395962e+02 1.316577181208053560e+02 1.241677852348993270e+02
1.270333333333333314e+02 1.315866666666666731e+02 1.241333333333333400e+02
1.271372549019607874e+02 1.314771241830065378e+02 1.242287581699346362e+02
1.272094594594594525e+02 1.313783783783783861e+02 1.241959459459459509e+02
1.272266666666666737e+02 1.312800000000000011e+02 1.242133333333333383e+02
1.272847682119205359e+02 1.313178807947019777e+02 1.241721854304635713e+02
1.273783783783783718e+02 1.312972972972972912e+02 1.242500000000000000e+02
1.274133333333333269e+02 1.313266666666666538e+02 1.243599999999999994e+02
1.274172185430463600e+02 1.314569536423840930e+02 1.244105960264900688e+02
1.274437086092715248e+02 1.314768211920529666e+02 1.244370860927152336e+02
1.274210526315789451e+02 1.314868421052631504e+02 1.244736842105263150e+02
1.274736842105263150e+02 1.314934210526315894e+02 1.245065789473684248e+02
1.275779220779220822e+02 1.315259740259740227e+02 1.245194805194805241e+02
1.274899328859060432e+02 1.315704697986577116e+02 1.245973154362416153e+02
1.274379084967320210e+02 1.317581699346405344e+02 1.245555555555555571e+02
1.274533333333333331e+02 1.318133333333333326e+02 1.245600000000000023e+02
1.274539473684210549e+02 1.318618421052631504e+02 1.246052631578947398e+02
1.273684210526315752e+02 1.321381578947368496e+02 1.244934210526315752e+02
1.273066666666666720e+02 1.320666666666666629e+02 1.243799999999999955e+02
1.272199999999999989e+02 1.321999999999999886e+02 1.242600000000000051e+02
1.272251655629139009e+02 1.322317880794701921e+02 1.243311258278145743e+02
1.271960784313725554e+02 1.323137254901960773e+02 1.242483660130719016e+02
1.273750000000000000e+02 1.323881578947368496e+02 1.243223684210526301e+02
1.274966442953020191e+02 1.324697986577181155e+02 1.242214765100671201e+02
1.276066666666666691e+02 1.323933333333333451e+02 1.240466666666666669e+02
1.275430463576158928e+02 1.321920529801324449e+02 1.240132450331125824e+02
1.274966887417218544e+02 1.321059602649006592e+02 1.239933774834437088e+02
1.273935483870967715e+02 1.321612903225806406e+02 1.241096774193548384e+02
1.274868421052631646e+02 1.321842105263157805e+02 1.239276315789473699e+02
1.275454545454545467e+02 1.322337662337662323e+02 1.239675324675324646e+02
1.274966887417218544e+02 1.323245033112582689e+02 1.239205298013245056e+02
1.274901960784313673e+02 1.323398692810457646e+02 1.239281045751634025e+02
1.274013157894736850e+02 1.322565789473684106e+02 1.236644736842105203e+02
1.274666666666666686e+02 1.322800000000000011e+02 1.234933333333333394e+02
1.275298013245033104e+02 1.323642384105960161e+02 1.234503311258278160e+02
1.274800000000000040e+02 1.323400000000000034e+02 1.234466666666666725e+02
1.275789473684210549e+02 1.322434210526315894e+02 1.233750000000000000e+02
1.275799999999999983e+02 1.322866666666666617e+02 1.234000000000000057e+02
1.273464052287581723e+02 1.321568627450980387e+02 1.233725490196078454e+02
1.272080536912751683e+02 1.319865771812080482e+02 1.233221476510067163e+02
1.271466666666666612e+02 1.319199999999999875e+02 1.232333333333333343e+02
1.270270270270270316e+02 1.318108108108108070e+02 1.230067567567567579e+02
1.269395973154362451e+02 1.317114093959731633e+02 1.229328859060402692e+02
1.269870129870129887e+02 1.317012987012986969e+02 1.228831168831168839e+02
1.267583892617449663e+02 1.316577181208053560e+02 1.228187919463087212e+02
1.265065789473684248e+02 1.314671052631578902e+02 1.227697368421052602e+02
1.265064935064935128e+02 1.314480519480519547e+02 1.226688311688311757e+02
1.266466666666666612e+02 1.314866666666666788e+02 1.226933333333333280e+02
1.266688311688311757e+02 1.314480519480519547e+02 1.225909090909090935e+02
1.265789473684210549e+02 1.314407894736842195e+02 1.224934210526315752e+02
1.264575163398692865e+02 1.312483660130718874e+02 1.221895424836601336e+02
1.264161073825503365e+02 1.313020134228187885e+02 1.221543624161073893e+02
1.263355704697986539e+02 1.313288590604026922e+02 1.220402684563758413e+02
1.263066666666666720e+02 1.313199999999999932e+02 1.220600000000000023e+02
1.262549019607843093e+02 1.312418300653594656e+02 1.221830065359477118e+02
1.263150684931506902e+02 1.312671232876712395e+02 1.220890410958904084e+02
1.262432432432432421e+02 1.311756756756756772e+02 1.219527027027027088e+02
1.262287581699346362e+02 1.312222222222222285e+02 1.220261437908496731e+02
1.263221476510067163e+02 1.312953020134228268e+02 1.220671140939597308e+02
1.263289473684210549e+02 1.313486842105263293e+02 1.220263157894736850e+02
1.263443708609271567e+02 1.312251655629139009e+02 1.220066225165562912e+02
1.263509933774834479e+02 1.312516556291390657e+02 1.219536423841059616e+02
1.262281879194630818e+02 1.312416107382550194e+02 1.218926174496644279e+02
1.261633986928104605e+02 1.313398692810457646e+02 1.220000000000000000e+02
1.260540540540540491e+02 1.312972972972972912e+02 1.218040540540540491e+02
1.259473684210526301e+02 1.313815789473684106e+02 1.217631578947368354e+02
1.260065789473684248e+02 1.315263157894736707e+02 1.218947368421052602e+02
1.259542483660130756e+02 1.315294117647058840e+02 1.219281045751634025e+02
1.259194630872483174e+02 1.317114093959731633e+02 1.221543624161073893e+02
1.260268456375838895e+02 1.317651006711409423e+02 1.221879194630872547e+02
1.261409395973154375e+02 1.316510067114093943e+02 1.222147651006711442e+02
1.260866666666666731e+02 1.317400000000000091e+02 1.222600000000000051e+02
1.262000000000000028e+02 1.317733333333333405e+02 1.223266666666666680e+02
1.261960784313725554e+02 1.318169934640522740e+02 1.222679738562091529e+02
1.263973509933774864e+02 1.318543046357615935e+02 1.222913907284768271e+02
1.263866666666666703e+02 1.318333333333333428e+02 1.223400000000000034e+02
1.262960526315789451e+02 1.317960526315789593e+02 1.224605263157894797e+02
1.263557046979865817e+02 1.318120805369127595e+02 1.224496644295302019e+02
1.262399999999999949e+02 1.317933333333333223e+02 1.223066666666666720e+02
1.263178807947019919e+02 1.318079470198675551e+02 1.222251655629139009e+02
1.264105960264900688e+02 1.319139072847682144e+02 1.221258278145695328e+02
1.265165562913907280e+02 1.319801324503311264e+02 1.221258278145695328e+02
1.265562913907284752e+02 1.318874172185430496e+02 1.221589403973509889e+02
1.265460526315789451e+02 1.317697368421052602e+02 1.219605263157894797e+02
1.263684210526315752e+02 1.318750000000000000e+02 1.221315789473684248e+02
1.264503311258278160e+02 1.319271523178807968e+02 1.220066225165562912e+02
1.264768211920529808e+02 1.317947019867549727e+02 1.219337748344370880e+02
1.266050955414012691e+02 1.317707006369426779e+02 1.218535031847133752e+02
1.264900662251655632e+02 1.318609271523178847e+02 1.218145695364238463e+02
1.265894039735099312e+02 1.318741721854304672e+02 1.218543046357615935e+02
1.264480519480519547e+02 1.319090909090909065e+02 1.218441558441558499e+02
1.265400000000000063e+02 1.318466666666666640e+02 1.219066666666666663e+02
1.267218543046357553e+02 1.319403973509933792e+02 1.217417218543046289e+02
1.268724832214765144e+02 1.320268456375839037e+02 1.216577181208053702e+02
1.269205298013245056e+02 1.319470198675496704e+02 1.217218543046357553e+02
1.269466666666666725e+02 1.319600000000000080e+02 1.216400000000000006e+02
1.268211920529801375e+02 1.320000000000000000e+02 1.216291390728476784e+02
1.268926174496644279e+02 1.319664429530201346e+02 1.216510067114093943e+02
1.268799999999999955e+02 1.318933333333333451e+02 1.216733333333333320e+02
1.266800000000000068e+02 1.318199999999999932e+02 1.215799999999999983e+02
1.266490066225165521e+02 1.318013245033112639e+02 1.216887417218542993e+02
1.268716216216216282e+02 1.317770270270270316e+02 1.217770270270270316e+02
1.269466666666666725e+02 1.318933333333333451e+02 1.218066666666666720e+02
1.269054054054054035e+02 1.318783783783783861e+02 1.218986486486486456e+02
1.269109589041095916e+02 1.319452054794520564e+02 1.218767123287671268e+02
1.267631578947368354e+02 1.319934210526315894e+02 1.219868421052631646e+02
1.267549668874172255e+02 1.320728476821192032e+02 1.219072847682119232e+02
1.269733333333333292e+02 1.320399999999999920e+02 1.219666666666666686e+02
1.269200000000000017e+02 1.320666666666666629e+02 1.221266666666666652e+02
1.268874172185430496e+02 1.321192052980132416e+02 1.223443708609271567e+02
1.267647058823529420e+02 1.320457516339869244e+02 1.224444444444444429e+02
1.268866666666666703e+02 1.320466666666666526e+02 1.224333333333333371e+02
1.270000000000000000e+02 1.322199999999999989e+02 1.224466666666666725e+02
1.269333333333333371e+02 1.322933333333333223e+02 1.223933333333333309e+02
1.269731543624161105e+02 1.323422818791946440e+02 1.224228187919463124e+02
1.269865771812080482e+02 1.322684563758389231e+02 1.225503355704697981e+02
1.269333333333333371e+02 1.322400000000000091e+02 1.225199999999999960e+02
1.269473684210526301e+02 1.321842105263157805e+02 1.225526315789473699e+02
1.272236842105263150e+02 1.322894736842105203e+02 1.225526315789473699e+02
1.272434210526315752e+02 1.323750000000000000e+02 1.224736842105263150e+02
1.273642384105960303e+02 1.324437086092715106e+02 1.224768211920529808e+02
1.274545454545454533e+02 1.325519480519480453e+02 1.224480519480519547e+02
1.274768211920529808e+02 1.326291390728476927e+02 1.224238410596026512e+02
1.276800000000000068e+02 1.325399999999999920e+02 1.225400000000000063e+02
1.278476821192053023e+02 1.326225165562914015e+02 1.224437086092715248e+02
1.277960526315789451e+02 1.324736842105263293e+02 1.225263157894736850e+02
1.280000000000000000e+02 1.324407894736842195e+02 1.225197368421052602e+02
1.279668874172185440e+02 1.323509933774834337e+02 1.224172185430463600e+02
1.280460526315789593e+02 1.321118421052631504e+02 1.222565789473684248e+02
1.280198675496688736e+02 1.320993377483443680e+02 1.223245033112582831e+02
1.281933333333333280e+02 1.321866666666666674e+02 1.222733333333333263e+02
1.281776315789473699e+02 1.322105263157894797e+02 1.222565789473684248e+02
1.283092105263157805e+02 1.321381578947368496e+02 1.223421052631578902e+02
1.283866666666666561e+02 1.321200000000000045e+02 1.223799999999999955e+02
1.282565789473684106e+02 1.321184210526315894e+02 1.224276315789473699e+02
1.281533333333333360e+02 1.321333333333333258e+02 1.224866666666666646e+02
1.281200000000000045e+02 1.322599999999999909e+02 1.224866666666666646e+02
1.281342281879194616e+02 1.322416107382550194e+02 1.226442953020134183e+02
1.279466666666666725e+02 1.321599999999999966e+02 1.226066666666666691e+02
1.278636363636363598e+02 1.323246753246753258e+02 1.225259740259740227e+02
1.278666666666666600e+02 1.324066666666666663e+02 1.224533333333333331e+02
1.279342105263157947e+02 1.323421052631578902e+02 1.224210526315789451e+02
1.277612903225806491e+02 1.322387096774193651e+02 1.224838709677419359e+02
1.277189542483660176e+02 1.321307189542483798e+02 1.226078431372549034e+02
1.277600000000000051e+02 1.320066666666666606e+02 1.225199999999999960e+02
1.276250000000000000e+02 1.320065789473684106e+02 1.224736842105263150e+02
1.275894039735099312e+02 1.319801324503311264e+02 1.224437086092715248e+02
1.276133333333333297e+02 1.319799999999999898e+02 1.225333333333333314e+02
1.273947368421052602e+02 1.318947368421052602e+02 1.224473684210526301e+02
1.274966887417218544e+02 1.319403973509933792e+02 1.225231788079470192e+02
1.274834437086092720e+02 1.318874172185430496e+02 1.224834437086092720e+02
1.274575163398692865e+02 1.317647058823529278e+02 1.227450980392156907e+02
1.274350649350649292e+02 1.317467532467532578e+02 1.228571428571428612e+02
1.274569536423841072e+02 1.318211920529801375e+02 1.226490066225165521e+02
1.273624161073825434e+02 1.317382550335570386e+02 1.227852348993288558e+02
1.274324324324324351e+02 1.316554054054054177e+02 1.226959459459459509e+02
1.275496688741721840e+02 1.317218543046357695e+02 1.226423841059602609e+02
1.276447368421052602e+02 1.315789473684210407e+02 1.227171052631578902e+02
1.277284768211920465e+02 1.316622516556291487e+02 1.226688741721854257e+02
1.277368421052631646e+02 1.316973684210526301e+02 1.227171052631578902e+02
1.276447368421052602e+02 1.317828947368421098e+02 1.225394736842105203e+02
1.277105263157894797e+02 1.317236842105263293e+02 1.225526315789473699e+02
1.276400000000000006e+02 1.316733333333333462e+02 1.226333333333333400e+02
1.277066666666666634e+02 1.316533333333333360e+02 1.225266666666666708e+02
1.277533333333333303e+02 1.317599999999999909e+02 1.223733333333333348e+02
1.277466666666666697e+02 1.319199999999999875e+02 1.224066666666666663e+02
1.277602739726027465e+02 1.320273972602739718e+02 1.223561643835616479e+02
1.277058823529411740e+02 1.321241830065359579e+02 1.222941176470588260e+02
1.277152317880794641e+02 1.321125827814569504e+02 1.222119205298013185e+02
1.277583892617449663e+02 1.321879194630872405e+02 1.221744966442953029e+02
1.278199999999999932e+02 1.322400000000000091e+02 1.220533333333333275e+02
1.278266666666666680e+02 1.321933333333333280e+02 1.220333333333333314e+02
1.278684210526315752e+02 1.321513157894736707e+02 1.219210526315789451e+02
1.277320261437908471e+02 1.322810457516339966e+02 1.217973856209150370e+02
1.277066666666666634e+02 1.321933333333333280e+02 1.218799999999999955e+02
1.276092715231788048e+02 1.322980132450331041e+02 1.218741721854304672e+02
1.277651006711409423e+02 1.323355704697986539e+02 1.217315436241610769e+02
1.278266666666666680e+02 1.323533333333333246e+02 1.216066666666666691e+02
1.278366013071895395e+02 1.323333333333333428e+02 1.214771241830065378e+02
1.277866666666666617e+02 1.323666666666666742e+02 1.214733333333333292e+02
1.277483443708609201e+02 1.323774834437085985e+02 1.212516556291390799e+02
1.277315436241610769e+02 1.323624161073825576e+02 1.213489932885906057e+02
1.279738562091503269e+02 1.322745098039215748e+02 1.214248366013071916e+02
1.280136054421768677e+02 1.321972789115646378e+02 1.214693877551020478e+02
1.279867549668874176e+02 1.321456953642384065e+02 1.214701986754966896e+02
1.280258064516129082e+02 1.321419354838709808e+02 1.213806451612903174e+02
