1.275646258503401356e+02 1.264761904761904816e+02 1.282585034013605423e+02
1.275228758169934622e+02 1.263856209150326748e+02 1.282549019607843093e+02
1.274774193548387160e+02 1.265096774193548441e+02 1.282258064516128968e+02
1.274039735099337776e+02 1.265562913907284752e+02 1.281655629139072801e+02
1.272885906040268509e+02 1.266308724832214807e+02 1.281275167785234999e+02
1.273533333333333388e+02 1.265400000000000063e+02 1.281533333333333360e+02
1.273112582781457007e+02 1.265629139072847664e+02 1.281920529801324449e+02
1.273178807947019919e+02 1.265033112582781456e+02 1.282715231788079393e+02
1.272933333333333366e+02 1.265799999999999983e+02 1.282733333333333405e+02
1.273733333333333348e+02 1.266066666666666691e+02 1.284066666666666663e+02
1.272516556291390799e+02 1.264569536423841072e+02 1.284370860927152194e+02
1.271258278145695328e+02 1.264370860927152336e+02 1.285165562913907422e+02
1.270000000000000000e+02 1.263046357615894095e+02 1.284701986754966754e+02
1.269523809523809490e+02 1.263333333333333286e+02 1.284625850340136139e+02
1.268961038961038952e+02 1.261948051948051983e+02 1.285584415584415581e+02
1.268120805369127453e+02 1.260872483221476443e+02 1.286510067114093943e+02
1.268750000000000000e+02 1.261052631578947398e+02 1.288157894736842195e+02
1.266710526315789451e+02 1.261447368421052602e+02 1.287763157894736707e+02
1.266666666666666714e+02 1.261533333333333360e+02 1.286933333333333280e+02
1.267666666666666657e+02 1.260533333333333275e+02 1.287466666666666697e+02
1.268211920529801375e+02 1.260529801324503296e+02 1.287549668874172255e+02
1.268421052631578902e+02 1.259342105263157947e+02 1.287697368421052602e+02
1.267814569536423903e+02 1.259933774834437088e+02 1.287284768211920607e+02
1.266887417218542993e+02 1.260993377483443680e+02 1.287417218543046431e+02
1.266066666666666691e+02 1.261666666666666714e+02 1.286733333333333462e+02
1.266092715231788048e+02 1.262847682119205359e+02 1.287218543046357695e+02
1.266578947368421098e+02 1.261842105263157947e+02 1.288223684210526301e+02
1.267181208053691250e+02 1.263087248322147644e+02 1.288456375838926249e+02
1.267000000000000028e+02 1.263733333333333348e+02 1.289133333333333269e+02
1.269200000000000017e+02 1.264000000000000057e+02 1.289666666666666686e+02
1.268733333333333348e+02 1.264333333333333371e+02 1.289000000000000057e+02
1.269013157894736850e+02 1.264539473684210549e+02 1.288552631578947398e+02
1.269333333333333371e+02 1.263533333333333388e+02 1.289333333333333371e+02
1.269084967320261370e+02 1.263660130718954235e+02 1.290196078431372655e+02
1.268618421052631646e+02 1.264342105263157947e+02 1.290723684210526301e+02
1.270394736842105203e+02 1.262631578947368354e+02 1.291250000000000000e+02
1.268533333333333388e+02 1.263933333333333309e+02 1.291933333333333280e+02
1.269470198675496704e+02 1.262913907284768271e+02 1.293112582781456865e+02
1.269281045751634025e+02 1.261372549019607874e+02 1.294901960784313815e+02
1.266866666666666674e+02 1.260999999999999943e+02 1.295333333333333314e+02
1.267114093959731491e+02 1.260872483221476443e+02 1.296241610738254906e+02
1.266622516556291345e+02 1.261456953642384065e+02 1.295364238410596158e+02
1.267027027027026946e+02 1.262229729729729684e+02 1.295337837837837753e+02
1.266933333333333280e+02 1.263133333333333326e+02 1.294600000000000080e+02
1.267066666666666634e+02 1.263533333333333388e+02 1.294133333333333269e+02
1.266599999999999966e+02 1.263799999999999955e+02 1.294133333333333269e+02
1.266800000000000068e+02 1.264266666666666623e+02 1.293933333333333451e+02
1.265866666666666731e+02 1.264133333333333269e+02 1.294600000000000080e+02
1.265935483870967744e+02 1.262838709677419331e+02 1.295741935483870861e+02
1.265302013422818845e+02 1.262080536912751683e+02 1.295704697986577116e+02
1.263892617449664471e+02 1.261409395973154375e+02 1.296174496644295289e+02
1.262913907284768271e+02 1.260794701986754944e+02 1.295099337748344510e+02
1.261764705882352899e+02 1.260784313725490193e+02 1.295555555555555429e+02
1.261118421052631646e+02 1.260526315789473699e+02 1.295460526315789593e+02
1.259735099337748352e+02 1.260397350993377472e+02 1.296490066225165663e+02
1.259530201342281828e+02 1.260201342281879135e+02 1.296308724832214807e+02
1.259933774834437088e+02 1.260132450331125824e+02 1.297880794701986815e+02
1.260666666666666629e+02 1.261733333333333320e+02 1.297933333333333223e+02
1.259407894736842053e+02 1.262039473684210549e+02 1.298289473684210407e+02
1.259731543624161105e+02 1.262416107382550337e+02 1.298255033557047113e+02
1.259802631578947398e+02 1.262368421052631646e+02 1.297500000000000000e+02
1.259200000000000017e+02 1.262466666666666697e+02 1.297333333333333201e+02
1.258933333333333309e+02 1.262199999999999989e+02 1.297800000000000011e+02
1.256845637583892596e+02 1.261946308724832164e+02 1.298657718120805384e+02
1.257549668874172255e+02 1.261258278145695328e+02 1.299801324503311264e+02
1.256797385620915009e+02 1.262156862745098067e+02 1.299673202614379193e+02
1.257631578947368354e+02 1.261578947368421098e+02 1.299605263157894797e+02
1.256688741721854257e+02 1.261986754966887361e+02 1.301324503311258241e+02
1.256133333333333297e+02 1.260066666666666606e+02 1.301066666666666549e+02
1.255400000000000063e+02 1.260066666666666606e+02 1.301066666666666549e+02
1.254765100671140914e+02 1.259932885906040241e+02 1.301073825503355579e+02
1.254800000000000040e+02 1.260600000000000023e+02 1.300933333333333337e+02
1.254933333333333394e+02 1.260666666666666629e+02 1.300399999999999920e+02
1.253973509933774864e+02 1.260794701986754944e+02 1.301788079470198625e+02
1.252500000000000000e+02 1.261644736842105203e+02 1.301184210526315894e+02
1.252818791946308750e+02 1.262684563758389231e+02 1.301744966442952887e+02
1.253841059602649040e+02 1.263708609271523216e+02 1.302715231788079393e+02
1.253020134228187885e+02 1.263624161073825434e+02 1.303020134228187885e+02
1.253513513513513544e+02 1.263783783783783718e+02 1.303986486486486456e+02
1.252980132450331183e+02 1.264238410596026512e+02 1.304635761589403842e+02
1.252953020134228126e+02 1.264630872483221538e+02 1.305973154362416153e+02
1.254295302013422884e+02 1.265369127516778462e+02 1.308322147651006730e+02
1.255302013422818845e+02 1.264966442953020191e+02 1.308926174496644421e+02
1.255066666666666606e+02 1.265600000000000023e+02 1.310399999999999920e+02
1.255894039735099312e+02 1.264834437086092720e+02 1.312450331125827745e+02
1.255570469798657740e+02 1.263825503355704711e+02 1.312751677852349133e+02
1.256225165562913872e+02 1.263973509933774864e+02 1.313973509933774722e+02
1.256533333333333360e+02 1.264200000000000017e+02 1.314866666666666788e+02
1.256490066225165521e+02 1.264304635761589424e+02 1.316225165562914015e+02
1.255337837837837895e+02 1.263648648648648702e+02 1.317094594594594525e+02
1.256308724832214807e+02 1.263557046979865817e+02 1.318926174496644421e+02
1.255436241610738222e+02 1.263422818791946298e+02 1.318993288590604038e+02
1.255496688741721840e+02 1.262384105960264833e+02 1.319602649006622528e+02
1.254899328859060432e+02 1.261879194630872547e+02 1.319798657718120865e+02
1.255328947368421098e+02 1.261842105263157947e+02 1.321644736842105203e+02
1.255263157894736850e+02 1.261513157894736850e+02 1.323026315789473699e+02
1.256333333333333400e+02 1.261133333333333297e+02 1.324000000000000057e+02
1.256442953020134183e+02 1.261677852348993270e+02 1.324161073825503365e+02
1.256644295302013461e+02 1.260671140939597308e+02 1.324496644295302019e+02
1.257350993377483377e+02 1.260397350993377472e+02 1.324834437086092578e+02
1.257000000000000028e+02 1.259866666666666646e+02 1.326399999999999864e+02
1.257733333333333263e+02 1.260133333333333354e+02 1.328799999999999955e+02
1.258133333333333326e+02 1.260799999999999983e+02 1.328799999999999955e+02
1.258053691275167836e+02 1.259798657718120865e+02 1.331275167785234999e+02
1.258266666666666680e+02 1.260933333333333337e+02 1.332733333333333405e+02
1.258609271523178847e+02 1.261523178807946977e+02 1.332649006622516481e+02
1.258066666666666720e+02 1.261533333333333360e+02 1.332466666666666697e+02
1.258648648648648702e+02 1.261148648648648702e+02 1.333445945945945823e+02
1.258590604026845625e+02 1.261744966442953029e+02 1.333691275167785193e+02
1.257763157894736850e+02 1.261118421052631646e+02 1.335197368421052602e+02
1.257086092715231729e+02 1.261390728476821153e+02 1.335695364238410718e+02
1.256800000000000068e+02 1.261933333333333280e+02 1.338400000000000034e+02
1.257785234899328799e+02 1.261879194630872547e+02 1.338859060402684520e+02
1.258486842105263150e+02 1.261052631578947398e+02 1.339407894736842195e+02
1.258799999999999955e+02 1.260400000000000063e+02 1.340399999999999920e+02
1.258533333333333388e+02 1.260866666666666731e+02 1.341399999999999864e+02
1.258733333333333348e+02 1.260066666666666606e+02 1.342466666666666697e+02
1.257973856209150370e+02 1.259869281045751563e+02 1.344183006535947698e+02
1.257399999999999949e+02 1.260799999999999983e+02 1.344199999999999875e+02
1.258609271523178847e+02 1.261059602649006592e+02 1.344900662251655490e+02
1.258599999999999994e+02 1.261133333333333297e+02 1.344799999999999898e+02
1.258666666666666600e+02 1.261333333333333400e+02 1.345000000000000000e+02
1.258389261744966490e+02 1.262214765100671201e+02 1.345570469798657598e+02
1.258684210526315752e+02 1.262894736842105203e+02 1.345197368421052602e+02
1.257583892617449663e+02 1.263288590604026780e+02 1.345906040268456252e+02
1.258133333333333326e+02 1.262733333333333263e+02 1.346133333333333439e+02
1.257019867549668817e+02 1.262317880794701921e+02 1.346953642384106047e+02
1.259000000000000057e+02 1.259533333333333331e+02 1.347866666666666617e+02
1.261476510067114134e+02 1.257785234899328799e+02 1.348657718120805384e+02
1.260333333333333314e+02 1.256599999999999966e+02 1.349333333333333371e+02
1.259664429530201346e+02 1.255436241610738222e+02 1.349328859060402692e+02
1.259459459459459509e+02 1.255540540540540491e+02 1.349324324324324209e+02
1.259533333333333331e+02 1.255199999999999960e+02 1.349866666666666788e+02
1.260799999999999983e+02 1.254599999999999937e+02 1.350399999999999920e+02
1.260714285714285694e+02 1.253766233766233711e+02 1.350779220779220680e+02
1.260400000000000063e+02 1.250933333333333337e+02 1.350399999999999920e+02
1.258533333333333388e+02 1.250533333333333275e+02 1.351066666666666549e+02
1.259602649006622528e+02 1.249536423841059616e+02 1.350397350993377472e+02
1.259599999999999937e+02 1.248066666666666720e+02 1.350333333333333314e+02
1.258947368421052602e+02 1.247828947368421098e+02 1.349473684210526301e+02
1.260810810810810807e+02 1.246891891891891930e+02 1.350067567567567437e+02
1.260596026490066208e+02 1.245894039735099312e+02 1.348013245033112639e+02
1.262333333333333343e+02 1.245333333333333314e+02 1.347666666666666799e+02
1.262516556291390799e+02 1.244966887417218544e+02 1.347417218543046431e+02
1.262666666666666657e+02 1.243933333333333309e+02 1.347133333333333383e+02
1.264370860927152336e+02 1.242450331125827745e+02 1.348675496688741759e+02
1.264266666666666623e+02 1.241466666666666612e+02 1.348466666666666640e+02
1.264701986754966896e+02 1.241390728476821153e+02 1.348476821192053023e+02
1.264304635761589424e+02 1.241986754966887361e+02 1.348344370860927199e+02
1.263421052631578902e+02 1.241447368421052602e+02 1.349342105263157805e+02
1.263856209150326748e+02 1.239019607843137294e+02 1.349019607843137294e+02
1.263202614379084991e+02 1.238627450980392126e+02 1.348235294117646959e+02
1.264000000000000057e+02 1.238133333333333326e+02 1.348600000000000136e+02
1.262550335570469855e+02 1.237785234899328799e+02 1.348926174496644421e+02
1.261275167785234856e+02 1.236711409395973220e+02 1.347382550335570386e+02
1.261946308724832164e+02 1.236778523489932837e+02 1.347382550335570386e+02
1.262333333333333343e+02 1.235400000000000063e+02 1.348133333333333326e+02
1.262953020134228126e+02 1.235570469798657740e+02 1.348791946308724903e+02
1.262287581699346362e+02 1.236535947712418277e+02 1.350522875816993462e+02
1.263466666666666640e+02 1.236666666666666714e+02 1.351999999999999886e+02
1.263355263157894797e+02 1.234736842105263150e+02 1.352434210526315894e+02
1.265033112582781456e+02 1.234238410596026512e+02 1.353245033112582689e+02
1.263087248322147644e+02 1.233489932885906057e+02 1.352013422818791923e+02
1.261688311688311757e+02 1.232272727272727337e+02 1.351168831168831161e+02
1.262715231788079535e+02 1.230794701986754944e+02 1.351192052980132416e+02
1.262847682119205359e+02 1.230132450331125824e+02 1.351192052980132416e+02
1.262733333333333263e+02 1.229666666666666686e+02 1.351666666666666572e+02
1.262368421052631646e+02 1.228355263157894797e+02 1.352368421052631504e+02
1.261610738255033510e+02 1.225838926174496635e+02 1.353624161073825576e+02
1.262348993288590577e+02 1.225369127516778462e+02 1.354630872483221538e+02
1.261466666666666612e+02 1.224000000000000057e+02 1.356733333333333462e+02
1.262582781456953711e+02 1.224304635761589424e+02 1.354701986754966754e+02
1.262214765100671201e+02 1.223691275167785193e+02 1.355570469798657598e+02
1.262199999999999989e+02 1.223599999999999994e+02 1.355933333333333337e+02
1.261733333333333320e+02 1.223533333333333388e+02 1.356266666666666652e+02
1.261400000000000006e+02 1.223599999999999994e+02 1.356999999999999886e+02
1.260927152317880768e+02 1.222582781456953711e+02 1.357615894039735167e+02
1.260723684210526301e+02 1.222302631578947398e+02 1.357565789473684106e+02
1.260784313725490193e+02 1.220653594771241899e+02 1.358431372549019613e+02
1.260131578947368354e+02 1.219605263157894797e+02 1.358092105263157805e+02
1.260065359477124218e+02 1.220130718954248437e+02 1.358758169934640421e+02
1.260400000000000063e+02 1.219933333333333394e+02 1.359199999999999875e+02
1.259084967320261370e+02 1.220196078431372513e+02 1.359803921568627345e+02
1.258169934640522882e+02 1.220653594771241899e+02 1.359150326797385731e+02
1.256556291390728433e+02 1.219072847682119232e+02 1.358476821192053023e+02
1.257533333333333303e+02 1.219333333333333371e+02 1.359133333333333269e+02
1.255827814569536400e+02 1.219470198675496704e+02 1.360397350993377472e+02
1.257086092715231729e+02 1.220331125827814560e+02 1.361059602649006592e+02
1.256291390728476784e+02 1.219933774834437088e+02 1.361920529801324449e+02
1.255733333333333377e+02 1.219399999999999977e+02 1.363333333333333428e+02
1.255866666666666731e+02 1.217733333333333263e+02 1.363066666666666720e+02
1.255400000000000063e+02 1.217999999999999972e+02 1.363466666666666640e+02
1.255333333333333314e+02 1.218266666666666680e+02 1.363333333333333428e+02
1.255600000000000023e+02 1.217199999999999989e+02 1.363933333333333451e+02
1.256066666666666691e+02 1.217666666666666657e+02 1.364133333333333269e+02
1.255199999999999960e+02 1.218533333333333388e+02 1.363333333333333428e+02
1.255466666666666669e+02 1.217600000000000051e+02 1.362400000000000091e+02
1.255894039735099312e+02 1.217615894039735167e+02 1.361986754966887361e+02
1.255167785234899327e+02 1.217181208053691250e+02 1.362684563758389231e+02
1.254200000000000017e+02 1.215933333333333337e+02 1.362800000000000011e+02
1.254391891891891930e+02 1.215000000000000000e+02 1.362027027027027088e+02
1.253486842105263150e+02 1.214671052631578902e+02 1.361513157894736707e+02
1.253533333333333388e+02 1.215000000000000000e+02 1.361200000000000045e+02
1.253815789473684248e+02 1.214671052631578902e+02 1.361710526315789593e+02
1.254228187919463124e+02 1.213020134228187885e+02 1.362953020134228268e+02
1.253758389261744952e+02 1.212147651006711442e+02 1.363422818791946440e+02
1.254666666666666686e+02 1.212266666666666737e+02 1.363933333333333451e+02
1.253750000000000000e+02 1.211842105263157947e+02 1.364802631578947398e+02
1.254172185430463600e+02 1.211920529801324449e+02 1.367880794701986815e+02
1.253355704697986539e+02 1.212416107382550337e+02 1.367583892617449806e+02
1.253289473684210549e+02 1.212039473684210549e+02 1.369144736842105203e+02
1.253199999999999932e+02 1.210199999999999960e+02 1.369333333333333371e+02
1.252013422818791923e+02 1.210738255033557067e+02 1.368993288590604038e+02
1.253157894736842053e+02 1.210592105263157947e+02 1.367763157894736707e+02
1.251788079470198625e+02 1.210529801324503296e+02 1.368013245033112639e+02
1.251476510067114134e+02 1.210000000000000000e+02 1.367449664429530287e+02
1.250266666666666708e+02 1.210000000000000000e+02 1.367599999999999909e+02
1.250666666666666629e+02 1.209066666666666663e+02 1.368266666666666538e+02
1.248657718120805384e+02 1.209060402684563797e+02 1.368926174496644421e+02
1.248223684210526301e+02 1.207631578947368354e+02 1.367960526315789593e+02
1.248120805369127453e+02 1.207181208053691250e+02 1.368657718120805384e+02
1.247866666666666617e+02 1.206866666666666674e+02 1.368333333333333428e+02
1.247718120805369182e+02 1.208187919463087212e+02 1.369328859060402692e+02
1.247417218543046289e+02 1.208476821192053023e+02 1.368476821192053023e+02
1.247651006711409423e+02 1.206375838926174566e+02 1.369731543624160963e+02
1.247763157894736850e+02 1.204605263157894797e+02 1.370921052631578902e+02
1.246797385620915009e+02 1.204705882352941160e+02 1.371176470588235361e+02
1.247651006711409423e+02 1.203758389261744952e+02 1.372416107382550194e+02
1.246092715231788048e+02 1.203178807947019919e+02 1.373245033112582689e+02
1.245827814569536400e+02 1.202980132450331183e+02 1.372913907284768129e+02
1.244630872483221538e+02 1.202147651006711442e+02 1.372348993288590577e+02
1.244832214765100673e+02 1.200805369127516826e+02 1.372416107382550194e+02
1.244575163398692865e+02 1.199477124183006538e+02 1.373529411764705799e+02
1.244473684210526301e+02 1.198486842105263150e+02 1.373289473684210407e+02
1.243400000000000034e+02 1.197133333333333383e+02 1.374066666666666663e+02
1.243311258278145743e+02 1.196953642384105905e+02 1.373907284768211809e+02
1.243557046979865817e+02 1.195771812080536876e+02 1.374966442953020191e+02
1.245430463576158928e+02 1.193907284768211952e+02 1.376092715231788191e+02
1.243599999999999994e+02 1.192800000000000011e+02 1.377666666666666799e+02
1.243624161073825434e+02 1.191342281879194616e+02 1.377315436241610769e+02
1.242317880794701921e+02 1.190397350993377472e+02 1.377152317880794783e+02
1.242933333333333366e+02 1.189733333333333292e+02 1.376999999999999886e+02
1.242913907284768271e+02 1.189867549668874176e+02 1.378675496688741759e+02
1.242715231788079535e+02 1.188609271523178847e+02 1.379072847682119232e+02
1.241466666666666612e+02 1.187600000000000051e+02 1.379399999999999977e+02
1.241655629139072801e+02 1.187019867549668817e+02 1.379602649006622528e+02
1.241972789115646236e+02 1.188163265306122440e+02 1.379795918367346985e+02
1.241390728476821295e+02 1.188476821192052881e+02 1.380529801324503296e+02
1.241133333333333297e+02 1.189666666666666686e+02 1.381200000000000045e+02
1.242052980132450273e+02 1.188543046357615935e+02 1.382649006622516481e+02
1.242333333333333343e+02 1.187000000000000028e+02 1.383266666666666538e+02
1.242789115646258438e+02 1.185918367346938709e+02 1.384829931972789154e+02
1.242600000000000051e+02 1.184599999999999937e+02 1.386733333333333462e+02
1.241184210526315752e+02 1.184078947368421098e+02 1.386184210526315894e+02
1.240263157894736850e+02 1.185986842105263150e+02 1.387039473684210407e+02
1.239936305732484101e+02 1.185286624203821617e+02 1.387579617834394980e+02
1.240526315789473699e+02 1.184934210526315752e+02 1.387368421052631504e+02
1.240400000000000063e+02 1.185000000000000000e+02 1.389266666666666765e+02
1.240921052631578902e+02 1.184671052631578902e+02 1.391184210526315894e+02
1.240779220779220822e+02 1.183181818181818130e+02 1.392467532467532578e+02
1.241409395973154375e+02 1.183221476510067163e+02 1.392885906040268367e+02
1.241059602649006592e+02 1.183708609271523216e+02 1.393642384105960161e+02
1.240999999999999943e+02 1.183799999999999955e+02 1.393799999999999955e+02
1.240331125827814560e+02 1.183112582781457007e+02 1.394701986754966754e+02
1.240466666666666669e+02 1.182733333333333263e+02 1.394866666666666788e+02
1.240596026490066208e+02 1.181324503311258241e+02 1.394039735099337634e+02
1.238657718120805384e+02 1.180335570469798654e+02 1.394563758389261636e+02
1.237516778523489904e+02 1.181208053691275097e+02 1.396040268456375770e+02
1.237814569536423903e+02 1.180331125827814560e+02 1.395165562913907422e+02
1.238421052631578902e+02 1.179342105263157947e+02 1.395000000000000000e+02
1.238120805369127453e+02 1.178791946308724903e+02 1.395100671140939710e+02
1.239736842105263150e+02 1.178355263157894797e+02 1.396118421052631504e+02
1.239735099337748352e+02 1.177748344370860991e+02 1.396158940397351103e+02
1.239072847682119232e+02 1.177814569536423903e+02 1.395364238410596158e+02
1.237549668874172113e+02 1.177947019867549727e+02 1.396423841059602751e+02
1.237199999999999989e+02 1.178799999999999955e+02 1.395133333333333212e+02
1.237266666666666737e+02 1.178466666666666782e+02 1.395399999999999920e+02
1.236845637583892596e+02 1.178523489932886008e+02 1.396375838926174424e+02
1.236225165562913872e+02 1.177218543046357695e+02 1.395894039735099454e+02
1.234630872483221538e+02 1.176711409395973220e+02 1.397046979865771732e+02
1.234473684210526301e+02 1.175855263157894797e+02 1.396315789473684106e+02
1.233486842105263150e+02 1.175723684210526301e+02 1.395065789473684106e+02
1.233733333333333348e+02 1.175733333333333377e+02 1.394466666666666583e+02
1.234370860927152336e+02 1.176092715231788048e+02 1.394569536423840930e+02
1.233750000000000000e+02 1.175855263157894797e+02 1.394868421052631504e+02
1.232600000000000051e+02 1.176800000000000068e+02 1.396133333333333439e+02
1.233907284768211952e+02 1.176423841059602609e+02 1.395695364238410718e+02
1.234701986754966896e+02 1.176225165562913872e+02 1.396026490066225278e+02
1.234342105263157947e+02 1.177434210526315752e+02 1.396842105263157805e+02
1.234105960264900688e+02 1.176953642384105905e+02 1.397615894039735167e+02
1.234933333333333394e+02 1.176533333333333360e+02 1.398933333333333451e+02
1.233892617449664471e+02 1.176040268456375770e+02 1.398187919463087212e+02
1.234437086092715248e+02 1.175894039735099312e+02 1.398874172185430496e+02
1.233947368421052602e+02 1.175065789473684248e+02 1.398421052631578902e+02
1.235733333333333377e+02 1.174133333333333269e+02 1.398266666666666538e+02
1.235033112582781456e+02 1.173311258278145743e+02 1.398543046357615935e+02
1.234736842105263150e+02 1.172302631578947398e+02 1.397828947368421098e+02
1.234466666666666725e+02 1.171733333333333320e+02 1.398199999999999932e+02
1.234013157894736850e+02 1.171578947368421098e+02 1.399210526315789593e+02
1.234407894736842053e+02 1.171513157894736850e+02 1.398881578947368496e+02
1.232913907284768271e+02 1.170927152317880768e+02 1.398476821192053023e+02
1.233087248322147644e+02 1.170939597315436203e+02 1.398255033557047113e+02
1.233599999999999994e+02 1.170533333333333275e+02 1.398133333333333326e+02
1.232684563758389231e+02 1.170201342281879135e+02 1.397852348993288558e+02
1.232466666666666697e+02 1.170466666666666669e+02 1.397733333333333405e+02
1.232077922077922096e+02 1.168571428571428612e+02 1.398311688311688386e+02
1.231854304635761537e+02 1.169536423841059616e+02 1.400596026490066208e+02
1.231666666666666714e+02 1.170000000000000000e+02 1.401200000000000045e+02
1.232733333333333263e+02 1.170133333333333354e+02 1.401800000000000068e+02
1.233552631578947398e+02 1.170263157894736850e+02 1.403289473684210407e+02
1.231933333333333280e+02 1.169866666666666646e+02 1.403733333333333348e+02
1.230860927152317856e+02 1.168410596026490111e+02 1.404701986754966754e+02
1.230927152317880768e+02 1.168145695364238463e+02 1.403973509933774722e+02
1.230000000000000000e+02 1.167152317880794641e+02 1.405496688741721982e+02
1.230066225165562912e+02 1.167218543046357553e+02 1.406357615894039839e+02
1.230999999999999943e+02 1.166333333333333400e+02 1.407666666666666799e+02
1.231381578947368354e+02 1.165131578947368354e+02 1.408355263157894797e+02
1.230799999999999983e+02 1.164666666666666686e+02 1.408733333333333348e+02
1.230066666666666606e+02 1.164266666666666623e+02 1.410933333333333337e+02
1.229337748344370880e+02 1.163576158940397391e+02 1.411854304635761537e+02
1.230202702702702737e+02 1.163040540540540491e+02 1.413783783783783861e+02
1.230198675496688736e+02 1.162119205298013185e+02 1.414304635761589282e+02
1.230133333333333354e+02 1.161933333333333280e+02 1.415600000000000023e+02
1.229733333333333292e+02 1.161800000000000068e+02 1.415933333333333337e+02
1.229006622516556320e+02 1.161986754966887361e+02 1.416026490066225278e+02
1.228456375838926107e+02 1.162483221476510096e+02 1.417382550335570386e+02
1.227748344370860991e+02 1.161456953642384065e+02 1.417947019867549727e+02
1.227947019867549727e+02 1.160662251655629120e+02 1.418278145695364287e+02
1.228145695364238463e+02 1.160860927152317856e+02 1.418278145695364287e+02
1.228355263157894797e+02 1.161315789473684248e+02 1.419473684210526301e+02
1.227880794701986815e+02 1.160132450331125824e+02 1.418211920529801375e+02
1.228013245033112639e+02 1.159072847682119232e+02 1.418344370860927199e+02
1.227039473684210549e+02 1.158618421052631646e+02 1.419342105263157805e+02
1.226666666666666714e+02 1.158866666666666703e+02 1.419666666666666686e+02
1.226092715231788048e+02 1.159072847682119232e+02 1.419602649006622528e+02
1.226733333333333320e+02 1.158599999999999994e+02 1.419333333333333371e+02
1.226666666666666714e+02 1.158599999999999994e+02 1.420866666666666731e+02
1.224933333333333394e+02 1.157399999999999949e+02 1.420800000000000125e+02
1.224539473684210549e+02 1.157434210526315752e+02 1.420263157894736707e+02
1.224466666666666725e+02 1.157000000000000028e+02 1.420999999999999943e+02
1.223841059602649040e+02 1.154768211920529808e+02 1.421192052980132416e+02
1.223112582781457007e+02 1.152913907284768271e+02 1.421920529801324449e+02
1.222214765100671201e+02 1.150469798657718172e+02 1.421275167785234999e+02
1.221666666666666714e+02 1.150666666666666629e+02 1.422800000000000011e+02
1.219072847682119232e+02 1.149006622516556320e+02 1.422649006622516481e+02
1.218926174496644279e+02 1.148791946308724903e+02 1.423892617449664328e+02
1.219066666666666663e+02 1.147399999999999949e+02 1.424933333333333394e+02
1.218799999999999955e+02 1.146466666666666612e+02 1.425266666666666708e+02
1.220400000000000063e+02 1.145799999999999983e+02 1.425733333333333235e+02
1.219271523178807968e+02 1.145099337748344368e+02 1.426225165562914015e+02
1.217733333333333263e+02 1.145400000000000063e+02 1.425800000000000125e+02
1.217999999999999972e+02 1.146066666666666691e+02 1.426599999999999966e+02
1.218322147651006730e+02 1.146308724832214807e+02 1.426308724832214807e+02
1.216887417218542993e+02 1.146821192052980081e+02 1.425827814569536542e+02
1.216291390728476784e+02 1.146225165562913872e+02 1.425165562913907422e+02
1.216933333333333280e+02 1.146533333333333360e+02 1.425399999999999920e+02
1.217880794701986815e+02 1.144966887417218544e+02 1.423708609271523073e+02
1.218799999999999955e+02 1.144800000000000040e+02 1.425200000000000102e+02
1.217483443708609201e+02 1.143973509933774864e+02 1.425033112582781598e+02
1.216291390728476784e+02 1.145033112582781456e+02 1.426423841059602751e+02
1.215704697986577116e+02 1.145033557046979809e+02 1.428590604026845767e+02
1.215695364238410576e+02 1.144569536423841072e+02 1.429072847682119232e+02
1.215032679738562109e+02 1.144640522875816941e+02 1.429934640522875782e+02
1.213684210526315752e+02 1.145263157894736850e+02 1.429605263157894797e+02
1.213799999999999955e+02 1.143866666666666703e+02 1.428600000000000136e+02
1.212866666666666617e+02 1.142000000000000028e+02 1.428466666666666640e+02
1.213154362416107404e+02 1.141543624161073893e+02 1.428859060402684520e+02
1.212147651006711442e+02 1.142281879194630818e+02 1.428389261744966348e+02
1.211986754966887361e+02 1.143046357615894095e+02 1.428609271523178847e+02
1.212500000000000000e+02 1.143618421052631646e+02 1.428618421052631504e+02
1.212960526315789451e+02 1.144144736842105203e+02 1.428223684210526301e+02
1.212229729729729684e+02 1.144054054054054035e+02 1.429121621621621614e+02
1.211776315789473699e+02 1.144868421052631646e+02 1.428750000000000000e+02
1.211118421052631646e+02 1.143881578947368354e+02 1.428486842105263293e+02
1.209666666666666686e+02 1.144933333333333394e+02 1.427133333333333383e+02
1.209802631578947398e+02 1.144736842105263150e+02 1.427500000000000000e+02
1.209271523178807968e+02 1.144701986754966896e+02 1.427350993377483519e+02
1.208092105263157947e+02 1.144144736842105203e+02 1.426842105263157805e+02
1.207748344370860991e+02 1.143841059602649040e+02 1.426092715231788191e+02
1.208092105263157947e+02 1.143486842105263150e+02 1.426644736842105203e+02
1.207236842105263150e+02 1.145000000000000000e+02 1.427039473684210407e+02
1.206778523489932837e+02 1.145436241610738222e+02 1.427248322147650867e+02
1.207631578947368354e+02 1.145592105263157947e+02 1.428684210526315894e+02
1.206644295302013461e+02 1.146442953020134183e+02 1.428456375838926249e+02
1.205466666666666669e+02 1.147266666666666737e+02 1.429399999999999977e+02
1.205065789473684248e+02 1.148881578947368354e+02 1.429473684210526301e+02
1.204533333333333331e+02 1.148866666666666703e+02 1.429199999999999875e+02
1.203933333333333309e+02 1.149133333333333269e+02 1.428333333333333428e+02
1.204093959731543606e+02 1.151140939597315480e+02 1.429932885906040383e+02
1.204834437086092720e+02 1.149337748344370880e+02 1.429668874172185440e+02
1.203725490196078454e+02 1.148366013071895395e+02 1.430130718954248437e+02
1.202399999999999949e+02 1.147733333333333263e+02 1.430333333333333314e+02
1.201986754966887361e+02 1.147615894039735167e+02 1.430397350993377472e+02
1.201610738255033510e+02 1.147382550335570528e+02 1.431677852348993270e+02
1.199736842105263150e+02 1.147565789473684248e+02 1.431973684210526301e+02
1.200522875816993462e+02 1.147450980392156907e+02 1.432810457516339966e+02
1.200264900662251648e+02 1.147350993377483377e+02 1.432185430463576097e+02
1.200065789473684248e+02 1.147960526315789451e+02 1.433289473684210407e+02
1.199333333333333371e+02 1.148400000000000034e+02 1.432800000000000011e+02
1.199266666666666623e+02 1.147933333333333366e+02 1.433066666666666720e+02
1.198590604026845625e+02 1.148724832214765144e+02 1.432818791946308750e+02
1.196866666666666674e+02 1.150533333333333275e+02 1.431466666666666754e+02
1.198410596026490111e+02 1.149337748344370880e+02 1.432450331125827745e+02
1.197973856209150370e+02 1.149084967320261370e+02 1.430784313725490335e+02
1.196953642384105905e+02 1.149867549668874176e+02 1.431456953642384065e+02
1.196066666666666691e+02 1.150799999999999983e+02 1.430666666666666629e+02
1.196308724832214807e+02 1.150469798657718172e+02 1.430738255033556925e+02
1.195436241610738222e+02 1.150604026845637549e+02 1.430469798657718172e+02
1.194144736842105203e+02 1.150921052631578902e+02 1.430592105263157805e+02
1.194932432432432421e+02 1.150540540540540491e+02 1.431824324324324209e+02
1.195400000000000063e+02 1.152666666666666657e+02 1.432666666666666799e+02
1.194295302013422884e+02 1.152348993288590577e+02 1.433087248322147786e+02
1.192960526315789451e+02 1.151315789473684248e+02 1.433552631578947398e+02
1.192448979591836746e+02 1.150680272108843525e+02 1.433877551020408134e+02
1.191148648648648702e+02 1.150540540540540491e+02 1.432229729729729684e+02
1.190466666666666669e+02 1.150400000000000063e+02 1.432133333333333383e+02
1.190000000000000000e+02 1.150666666666666629e+02 1.431733333333333462e+02
1.188223684210526301e+02 1.151447368421052602e+02 1.431907894736842195e+02
1.187434210526315752e+02 1.151315789473684248e+02 1.432434210526315894e+02
1.187666666666666657e+02 1.150133333333333354e+02 1.431866666666666674e+02
1.187733333333333263e+02 1.148666666666666600e+02 1.431733333333333462e+02
1.187483443708609201e+02 1.148013245033112639e+02 1.431788079470198625e+02
1.186040268456375770e+02 1.147852348993288558e+02 1.432013422818791923e+02
1.184407894736842053e+02 1.148552631578947398e+02 1.431578947368421098e+02
1.183422818791946298e+02 1.148590604026845625e+02 1.431543624161073751e+02
1.182384105960264833e+02 1.149271523178807968e+02 1.430198675496688736e+02
1.182905405405405475e+02 1.149527027027027088e+02 1.428581081081080981e+02
1.180463576158940384e+02 1.150198675496688736e+02 1.430066225165562912e+02
1.179599999999999937e+02 1.148199999999999932e+02 1.429333333333333371e+02
1.178609271523178847e+02 1.146225165562913872e+02 1.429139072847682144e+02
1.178310810810810807e+02 1.145202702702702737e+02 1.429459459459459367e+02
1.177549668874172255e+02 1.144105960264900688e+02 1.429735099337748352e+02
1.176688741721854257e+02 1.144105960264900688e+02 1.428344370860927199e+02
1.176466666666666612e+02 1.144200000000000017e+02 1.427400000000000091e+02
1.175503355704697981e+02 1.144630872483221538e+02 1.426912751677852214e+02
1.176184210526315752e+02 1.144802631578947398e+02 1.426644736842105203e+02
1.175133333333333354e+02 1.144533333333333331e+02 1.426266666666666652e+02
1.175066666666666606e+02 1.145666666666666629e+02 1.426133333333333439e+02
1.174133333333333269e+02 1.145733333333333377e+02 1.426200000000000045e+02
1.174304635761589424e+02 1.144834437086092720e+02 1.426026490066225278e+02
1.174133333333333269e+02 1.145133333333333354e+02 1.426200000000000045e+02
1.172466666666666697e+02 1.145066666666666606e+02 1.424666666666666686e+02
1.171333333333333400e+02 1.144399999999999977e+02 1.424000000000000057e+02
1.171456953642384065e+02 1.143245033112582831e+02 1.424172185430463458e+02
1.172133333333333383e+02 1.142533333333333303e+02 1.424533333333333474e+02
1.172368421052631646e+02 1.143157894736842053e+02 1.424013157894736707e+02
1.171578947368421098e+02 1.142236842105263150e+02 1.423355263157894797e+02
1.170135135135135158e+02 1.140810810810810807e+02 1.423648648648648702e+02
1.168926174496644279e+02 1.139664429530201346e+02 1.423087248322147786e+02
1.168211920529801375e+02 1.140198675496688736e+02 1.424304635761589282e+02
1.167999999999999972e+02 1.138933333333333309e+02 1.423466666666666640e+02
1.167631578947368354e+02 1.138750000000000000e+02 1.424342105263157805e+02
1.167999999999999972e+02 1.139000000000000057e+02 1.424666666666666686e+02
1.167500000000000000e+02 1.138684210526315752e+02 1.424473684210526301e+02
1.167320261437908471e+02 1.138758169934640563e+02 1.425947712418300739e+02
1.166887417218542993e+02 1.137682119205298079e+02 1.425960264900662366e+02
1.166754966887417169e+02 1.139139072847682144e+02 1.426225165562914015e+02
1.166040268456375770e+02 1.139060402684563797e+02 1.425369127516778462e+02
1.165430463576158928e+02 1.139536423841059616e+02 1.425496688741721982e+02
1.164934210526315752e+02 1.140657894736842053e+02 1.425986842105263293e+02
1.164966887417218544e+02 1.142251655629139009e+02 1.425960264900662366e+02
1.165167785234899327e+02 1.143892617449664471e+02 1.426979865771812115e+02
1.165066666666666606e+02 1.143866666666666703e+02 1.426933333333333280e+02
1.164228187919463124e+02 1.143624161073825434e+02 1.428120805369127595e+02
1.165570469798657740e+02 1.143422818791946298e+02 1.427785234899328941e+02
1.164333333333333371e+02 1.142933333333333366e+02 1.428066666666666720e+02
1.163907284768211952e+02 1.142980132450331183e+02 1.427682119205298079e+02
1.162847682119205359e+02 1.143245033112582831e+02 1.428145695364238463e+02
1.161866666666666674e+02 1.142733333333333263e+02 1.427666666666666799e+02
1.161744966442953029e+02 1.142013422818791923e+02 1.427382550335570386e+02
1.160671140939597308e+02 1.142281879194630818e+02 1.427852348993288558e+02
1.160266666666666708e+02 1.142333333333333343e+02 1.428666666666666742e+02
1.159533333333333331e+02 1.141866666666666674e+02 1.429199999999999875e+02
1.159399999999999977e+02 1.142066666666666634e+02 1.429133333333333269e+02
1.159194630872483174e+02 1.142483221476510096e+02 1.429731543624160963e+02
1.158040540540540491e+02 1.142432432432432421e+02 1.430675675675675791e+02
1.157105263157894797e+02 1.140263157894736850e+02 1.433092105263157805e+02
1.155799999999999983e+02 1.140666666666666629e+02 1.432933333333333223e+02
1.156333333333333400e+02 1.139533333333333331e+02 1.432866666666666617e+02
1.156225165562913872e+02 1.138874172185430496e+02 1.432052980132450273e+02
1.156644295302013461e+02 1.138993288590604038e+02 1.431879194630872405e+02
1.155199999999999960e+02 1.138133333333333326e+02 1.431466666666666754e+02
1.154733333333333292e+02 1.138199999999999932e+02 1.431533333333333360e+02
1.155584415584415581e+02 1.136623376623376629e+02 1.431883116883116998e+02
1.154466666666666725e+02 1.134533333333333331e+02 1.430866666666666731e+02
1.153199999999999932e+02 1.134533333333333331e+02 1.431399999999999864e+02
1.153377483443708655e+02 1.136225165562913872e+02 1.431258278145695328e+02
1.153071895424836555e+02 1.135032679738562109e+02 1.431307189542483798e+02
1.152960526315789451e+02 1.133618421052631646e+02 1.430657894736842195e+02
1.151854304635761537e+02 1.134105960264900688e+02 1.430331125827814560e+02
1.150328947368421098e+02 1.133815789473684248e+02 1.432171052631578902e+02
1.150194805194805241e+02 1.132272727272727337e+02 1.433506493506493484e+02
1.150328947368421098e+02 1.130986842105263150e+02 1.432368421052631504e+02
1.149736842105263150e+02 1.132039473684210549e+02 1.432171052631578902e+02
1.148456375838926107e+02 1.132080536912751683e+02 1.432483221476510096e+02
1.148874172185430496e+02 1.132185430463576097e+02 1.431390728476821153e+02
1.147666666666666657e+02 1.132800000000000011e+02 1.432400000000000091e+02
1.147947019867549727e+02 1.131589403973509889e+02 1.432781456953642305e+02
1.147320261437908471e+02 1.131568627450980387e+02 1.434379084967320352e+02
1.146973684210526301e+02 1.131644736842105203e+02 1.434078947368421098e+02
