1.279466666666666725e+02 1.284466666666666583e+02 1.268199999999999932e+02
1.279533333333333331e+02 1.284733333333333292e+02 1.268133333333333326e+02
1.279066666666666663e+02 1.285066666666666606e+02 1.268599999999999994e+02
1.279666666666666686e+02 1.284666666666666686e+02 1.268266666666666680e+02
1.279798657718120865e+02 1.284161073825503365e+02 1.268590604026845625e+02
1.279200000000000017e+02 1.284666666666666686e+02 1.268866666666666703e+02
1.279133333333333269e+02 1.284666666666666686e+02 1.269066666666666663e+02
1.278881578947368354e+02 1.284802631578947398e+02 1.269407894736842053e+02
1.278400000000000034e+02 1.285000000000000000e+02 1.269266666666666623e+02
1.278675496688741759e+02 1.285298013245033246e+02 1.269139072847682144e+02
1.278815789473684248e+02 1.285394736842105203e+02 1.269605263157894797e+02
1.278675496688741759e+02 1.285298013245033246e+02 1.269867549668874176e+02
1.279066666666666663e+02 1.284866666666666788e+02 1.270533333333333275e+02
1.279000000000000057e+02 1.284666666666666686e+02 1.269933333333333394e+02
1.278807947019867584e+02 1.285430463576159070e+02 1.270066225165562912e+02
1.279066666666666663e+02 1.285200000000000102e+02 1.269533333333333331e+02
1.278799999999999955e+02 1.285000000000000000e+02 1.269866666666666646e+02
1.279060402684563797e+02 1.285100671140939710e+02 1.270268456375838895e+02
1.279333333333333371e+02 1.285133333333333212e+02 1.270400000000000063e+02
1.279470198675496704e+02 1.285298013245033246e+02 1.270993377483443680e+02
1.279602649006622528e+02 1.285033112582781598e+02 1.271456953642384065e+02
1.279800000000000040e+02 1.285333333333333314e+02 1.271133333333333297e+02
1.279866666666666646e+02 1.285266666666666708e+02 1.271133333333333297e+02
1.279800000000000040e+02 1.285200000000000102e+02 1.271066666666666691e+02
1.280266666666666708e+02 1.284799999999999898e+02 1.270600000000000023e+02
1.280200000000000102e+02 1.284600000000000080e+02 1.270733333333333377e+02
1.280200000000000102e+02 1.284600000000000080e+02 1.270733333333333377e+02
1.280600000000000023e+02 1.284333333333333371e+02 1.270866666666666731e+02
1.280999999999999943e+02 1.284466666666666583e+02 1.270600000000000023e+02
1.281266666666666652e+02 1.284266666666666765e+02 1.270866666666666731e+02
1.281133333333333439e+02 1.284466666666666583e+02 1.270600000000000023e+02
1.281125827814569504e+02 1.283973509933774722e+02 1.270596026490066208e+02
1.281333333333333258e+02 1.284266666666666765e+02 1.270933333333333337e+02
1.281399999999999864e+02 1.284533333333333474e+02 1.271466666666666612e+02
1.281258278145695328e+02 1.284238410596026370e+02 1.271059602649006592e+02
1.281533333333333360e+02 1.284399999999999977e+02 1.270999999999999943e+02
1.281599999999999966e+02 1.284333333333333371e+02 1.271266666666666652e+02
1.281533333333333360e+02 1.284466666666666583e+02 1.271533333333333360e+02
1.281920529801324449e+02 1.284039735099337634e+02 1.271456953642384065e+02
1.281333333333333258e+02 1.284266666666666765e+02 1.271333333333333400e+02
1.281655629139072801e+02 1.284768211920529666e+02 1.271324503311258241e+02
1.281333333333333258e+02 1.285133333333333212e+02 1.270666666666666629e+02
1.281200000000000045e+02 1.285466666666666526e+02 1.270933333333333337e+02
1.281200000000000045e+02 1.285466666666666526e+02 1.270933333333333337e+02
1.280933333333333337e+02 1.285333333333333314e+02 1.270666666666666629e+02
1.281066666666666549e+02 1.285066666666666606e+02 1.270533333333333275e+02
1.281466666666666754e+02 1.284933333333333394e+02 1.270666666666666629e+02
1.281399999999999864e+02 1.285266666666666708e+02 1.270400000000000063e+02
1.280738255033556925e+02 1.285838926174496635e+02 1.270738255033557067e+02
1.280800000000000125e+02 1.285666666666666629e+02 1.270999999999999943e+02
1.280666666666666629e+02 1.285133333333333212e+02 1.271933333333333280e+02
1.280604026845637691e+02 1.285167785234899327e+02 1.272080536912751683e+02
1.280399999999999920e+02 1.284799999999999898e+02 1.272000000000000028e+02
1.280399999999999920e+02 1.284799999999999898e+02 1.272000000000000028e+02
1.280266666666666708e+02 1.285066666666666606e+02 1.272333333333333343e+02
1.280200000000000102e+02 1.285399999999999920e+02 1.272466666666666697e+02
1.280399999999999920e+02 1.285399999999999920e+02 1.272666666666666657e+02
1.280529801324503296e+02 1.285496688741721982e+02 1.272781456953642447e+02
1.280466666666666526e+02 1.285133333333333212e+02 1.272666666666666657e+02
1.280466666666666526e+02 1.285133333333333212e+02 1.272666666666666657e+02
1.280466666666666526e+02 1.285133333333333212e+02 1.272666666666666657e+02
1.280466666666666526e+02 1.285133333333333212e+02 1.272666666666666657e+02
1.280466666666666526e+02 1.285133333333333212e+02 1.272666666666666657e+02
1.280600000000000023e+02 1.285200000000000102e+02 1.272600000000000051e+02
1.280600000000000023e+02 1.285200000000000102e+02 1.272600000000000051e+02
1.280600000000000023e+02 1.285200000000000102e+02 1.272600000000000051e+02
1.280600000000000023e+02 1.285200000000000102e+02 1.272600000000000051e+02
1.280600000000000023e+02 1.285200000000000102e+02 1.272600000000000051e+02
1.280600000000000023e+02 1.285200000000000102e+02 1.272600000000000051e+02
1.280600000000000023e+02 1.285200000000000102e+02 1.272600000000000051e+02
1.280600000000000023e+02 1.285200000000000102e+02 1.272600000000000051e+02
1.280600000000000023e+02 1.285200000000000102e+02 1.272600000000000051e+02
1.280600000000000023e+02 1.285200000000000102e+02 1.272600000000000051e+02
1.280600000000000023e+02 1.285200000000000102e+02 1.272600000000000051e+02
1.280600000000000023e+02 1.285200000000000102e+02 1.272600000000000051e+02
1.280600000000000023e+02 1.285200000000000102e+02 1.272600000000000051e+02
1.280600000000000023e+02 1.285200000000000102e+02 1.272600000000000051e+02
1.280600000000000023e+02 1.285200000000000102e+02 1.272600000000000051e+02
1.280600000000000023e+02 1.285200000000000102e+02 1.272600000000000051e+02
1.280600000000000023e+02 1.285200000000000102e+02 1.272600000000000051e+02
1.280600000000000023e+02 1.285200000000000102e+02 1.272600000000000051e+02
1.280600000000000023e+02 1.285200000000000102e+02 1.272600000000000051e+02
1.280600000000000023e+02 1.285200000000000102e+02 1.272600000000000051e+02
1.280600000000000023e+02 1.285200000000000102e+02 1.272600000000000051e+02
1.280600000000000023e+02 1.285200000000000102e+02 1.272600000000000051e+02
1.280600000000000023e+02 1.285200000000000102e+02 1.272600000000000051e+02
1.280600000000000023e+02 1.285200000000000102e+02 1.272600000000000051e+02
1.280600000000000023e+02 1.285200000000000102e+02 1.272600000000000051e+02
1.280600000000000023e+02 1.285200000000000102e+02 1.272600000000000051e+02
1.280600000000000023e+02 1.285200000000000102e+02 1.272600000000000051e+02
1.280600000000000023e+02 1.285200000000000102e+02 1.272600000000000051e+02
1.280600000000000023e+02 1.285200000000000102e+02 1.272600000000000051e+02
1.280600000000000023e+02 1.285200000000000102e+02 1.272600000000000051e+02
1.280600000000000023e+02 1.285200000000000102e+02 1.272600000000000051e+02
1.280600000000000023e+02 1.285200000000000102e+02 1.272600000000000051e+02
1.280600000000000023e+02 1.285200000000000102e+02 1.272600000000000051e+02
1.280600000000000023e+02 1.285200000000000102e+02 1.272600000000000051e+02
1.280600000000000023e+02 1.285200000000000102e+02 1.272600000000000051e+02
1.280600000000000023e+02 1.285200000000000102e+02 1.272600000000000051e+02
1.280600000000000023e+02 1.285200000000000102e+02 1.272600000000000051e+02
1.280600000000000023e+02 1.285200000000000102e+02 1.272600000000000051e+02
1.280600000000000023e+02 1.285200000000000102e+02 1.272600000000000051e+02
1.280600000000000023e+02 1.285200000000000102e+02 1.272600000000000051e+02
1.280600000000000023e+02 1.285200000000000102e+02 1.272600000000000051e+02
1.280600000000000023e+02 1.285200000000000102e+02 1.272600000000000051e+02
1.280600000000000023e+02 1.285200000000000102e+02 1.272600000000000051e+02
1.280600000000000023e+02 1.285200000000000102e+02 1.272600000000000051e+02
1.280600000000000023e+02 1.285200000000000102e+02 1.272600000000000051e+02
1.280600000000000023e+02 1.285200000000000102e+02 1.272600000000000051e+02
1.280600000000000023e+02 1.285200000000000102e+02 1.272600000000000051e+02
1.280600000000000023e+02 1.285200000000000102e+02 1.272600000000000051e+02
1.280600000000000023e+02 1.285200000000000102e+02 1.272600000000000051e+02
1.280600000000000023e+02 1.285200000000000102e+02 1.272600000000000051e+02
1.280600000000000023e+02 1.285200000000000102e+02 1.272600000000000051e+02
1.280600000000000023e+02 1.285200000000000102e+02 1.272600000000000051e+02
1.280600000000000023e+02 1.285200000000000102e+02 1.272600000000000051e+02
1.280600000000000023e+02 1.285200000000000102e+02 1.272600000000000051e+02
1.280600000000000023e+02 1.285200000000000102e+02 1.272600000000000051e+02
1.280600000000000023e+02 1.285200000000000102e+02 1.272600000000000051e+02
1.280600000000000023e+02 1.285200000000000102e+02 1.272600000000000051e+02
1.280600000000000023e+02 1.285200000000000102e+02 1.272600000000000051e+02
1.280600000000000023e+02 1.285200000000000102e+02 1.272600000000000051e+02
1.280600000000000023e+02 1.285200000000000102e+02 1.272600000000000051e+02
1.280600000000000023e+02 1.285200000000000102e+02 1.272600000000000051e+02
1.280600000000000023e+02 1.285200000000000102e+02 1.272600000000000051e+02
1.280600000000000023e+02 1.285200000000000102e+02 1.272600000000000051e+02
1.280600000000000023e+02 1.285200000000000102e+02 1.272600000000000051e+02
1.280600000000000023e+02 1.285200000000000102e+02 1.272600000000000051e+02
1.280600000000000023e+02 1.285200000000000102e+02 1.272600000000000051e+02
1.280600000000000023e+02 1.285200000000000102e+02 1.272600000000000051e+02
1.280600000000000023e+02 1.285200000000000102e+02 1.272600000000000051e+02
1.280600000000000023e+02 1.285200000000000102e+02 1.272600000000000051e+02
1.280600000000000023e+02 1.285200000000000102e+02 1.272600000000000051e+02
1.280600000000000023e+02 1.285200000000000102e+02 1.272600000000000051e+02
1.280600000000000023e+02 1.285200000000000102e+02 1.272600000000000051e+02
1.280600000000000023e+02 1.285200000000000102e+02 1.272600000000000051e+02
1.280600000000000023e+02 1.285200000000000102e+02 1.272600000000000051e+02
1.280600000000000023e+02 1.285200000000000102e+02 1.272600000000000051e+02
1.280600000000000023e+02 1.285200000000000102e+02 1.272600000000000051e+02
1.280600000000000023e+02 1.285200000000000102e+02 1.272600000000000051e+02
1.280600000000000023e+02 1.285200000000000102e+02 1.272600000000000051e+02
1.280600000000000023e+02 1.285200000000000102e+02 1.272600000000000051e+02
1.280600000000000023e+02 1.285200000000000102e+02 1.272600000000000051e+02
1.280600000000000023e+02 1.285200000000000102e+02 1.272600000000000051e+02
1.280600000000000023e+02 1.285200000000000102e+02 1.272600000000000051e+02
1.280600000000000023e+02 1.285200000000000102e+02 1.272600000000000051e+02
1.280600000000000023e+02 1.285200000000000102e+02 1.272600000000000051e+02
1.280600000000000023e+02 1.285200000000000102e+02 1.272600000000000051e+02
1.280600000000000023e+02 1.285200000000000102e+02 1.272600000000000051e+02
1.280600000000000023e+02 1.285200000000000102e+02 1.272600000000000051e+02
1.280600000000000023e+02 1.285200000000000102e+02 1.272600000000000051e+02
1.280600000000000023e+02 1.285200000000000102e+02 1.272600000000000051e+02
1.280600000000000023e+02 1.285200000000000102e+02 1.272600000000000051e+02
1.280600000000000023e+02 1.285200000000000102e+02 1.272600000000000051e+02
1.280600000000000023e+02 1.285200000000000102e+02 1.272600000000000051e+02
1.280600000000000023e+02 1.285200000000000102e+02 1.272600000000000051e+02
1.280600000000000023e+02 1.285200000000000102e+02 1.272600000000000051e+02
1.280600000000000023e+02 1.285200000000000102e+02 1.272600000000000051e+02
1.280600000000000023e+02 1.285200000000000102e+02 1.272600000000000051e+02
1.280600000000000023e+02 1.285200000000000102e+02 1.272600000000000051e+02
1.280600000000000023e+02 1.285200000000000102e+02 1.272600000000000051e+02
1.280600000000000023e+02 1.285200000000000102e+02 1.272600000000000051e+02
1.280600000000000023e+02 1.285200000000000102e+02 1.272600000000000051e+02
1.280600000000000023e+02 1.285200000000000102e+02 1.272600000000000051e+02
1.280600000000000023e+02 1.285200000000000102e+02 1.272600000000000051e+02
1.280600000000000023e+02 1.285200000000000102e+02 1.272600000000000051e+02
1.280600000000000023e+02 1.285200000000000102e+02 1.272600000000000051e+02
1.280600000000000023e+02 1.285200000000000102e+02 1.272600000000000051e+02
1.280600000000000023e+02 1.285200000000000102e+02 1.272600000000000051e+02
1.280600000000000023e+02 1.285200000000000102e+02 1.272600000000000051e+02
1.280600000000000023e+02 1.285200000000000102e+02 1.272600000000000051e+02
1.280600000000000023e+02 1.285200000000000102e+02 1.272600000000000051e+02
1.280600000000000023e+02 1.285200000000000102e+02 1.272600000000000051e+02
1.280600000000000023e+02 1.285200000000000102e+02 1.272600000000000051e+02
1.280600000000000023e+02 1.285200000000000102e+02 1.272600000000000051e+02
1.280600000000000023e+02 1.285200000000000102e+02 1.272600000000000051e+02
1.280600000000000023e+02 1.285200000000000102e+02 1.272600000000000051e+02
1.280600000000000023e+02 1.285200000000000102e+02 1.272600000000000051e+02
1.280600000000000023e+02 1.285200000000000102e+02 1.272600000000000051e+02
1.280600000000000023e+02 1.285200000000000102e+02 1.272600000000000051e+02
1.280600000000000023e+02 1.285200000000000102e+02 1.272600000000000051e+02
1.280600000000000023e+02 1.285200000000000102e+02 1.272600000000000051e+02
1.280600000000000023e+02 1.285200000000000102e+02 1.272600000000000051e+02
1.280600000000000023e+02 1.285200000000000102e+02 1.272600000000000051e+02
1.280600000000000023e+02 1.285200000000000102e+02 1.272600000000000051e+02
1.280600000000000023e+02 1.285200000000000102e+02 1.272600000000000051e+02
1.280600000000000023e+02 1.285200000000000102e+02 1.272600000000000051e+02
1.280600000000000023e+02 1.285200000000000102e+02 1.272600000000000051e+02
1.280600000000000023e+02 1.285200000000000102e+02 1.272600000000000051e+02
1.280600000000000023e+02 1.285200000000000102e+02 1.272600000000000051e+02
1.280600000000000023e+02 1.285200000000000102e+02 1.272600000000000051e+02
1.280600000000000023e+02 1.285200000000000102e+02 1.272600000000000051e+02
1.280600000000000023e+02 1.285200000000000102e+02 1.272600000000000051e+02
1.280600000000000023e+02 1.285200000000000102e+02 1.272600000000000051e+02
1.280600000000000023e+02 1.285200000000000102e+02 1.272600000000000051e+02
1.280600000000000023e+02 1.285200000000000102e+02 1.272600000000000051e+02
1.280600000000000023e+02 1.285200000000000102e+02 1.272600000000000051e+02
1.280600000000000023e+02 1.285200000000000102e+02 1.272600000000000051e+02
1.280600000000000023e+02 1.285200000000000102e+02 1.272600000000000051e+02
1.280600000000000023e+02 1.285200000000000102e+02 1.272600000000000051e+02
1.280600000000000023e+02 1.285200000000000102e+02 1.272600000000000051e+02
1.280600000000000023e+02 1.285200000000000102e+02 1.272600000000000051e+02
1.280600000000000023e+02 1.285200000000000102e+02 1.272600000000000051e+02
1.280600000000000023e+02 1.285200000000000102e+02 1.272600000000000051e+02
1.280600000000000023e+02 1.285200000000000102e+02 1.272600000000000051e+02
1.280600000000000023e+02 1.285200000000000102e+02 1.272600000000000051e+02
1.280600000000000023e+02 1.285200000000000102e+02 1.272600000000000051e+02
1.280600000000000023e+02 1.285200000000000102e+02 1.272600000000000051e+02
1.280600000000000023e+02 1.285200000000000102e+02 1.272600000000000051e+02
1.280600000000000023e+02 1.285200000000000102e+02 1.272600000000000051e+02
1.280600000000000023e+02 1.285200000000000102e+02 1.272600000000000051e+02
1.280600000000000023e+02 1.285200000000000102e+02 1.272600000000000051e+02
1.280600000000000023e+02 1.285200000000000102e+02 1.272600000000000051e+02
1.280600000000000023e+02 1.285200000000000102e+02 1.272600000000000051e+02
1.280600000000000023e+02 1.285200000000000102e+02 1.272600000000000051e+02
1.280600000000000023e+02 1.285200000000000102e+02 1.272600000000000051e+02
1.280600000000000023e+02 1.285200000000000102e+02 1.272600000000000051e+02
1.280600000000000023e+02 1.285200000000000102e+02 1.272600000000000051e+02
1.280600000000000023e+02 1.285200000000000102e+02 1.272600000000000051e+02
1.280600000000000023e+02 1.285200000000000102e+02 1.272600000000000051e+02
1.280600000000000023e+02 1.285200000000000102e+02 1.272600000000000051e+02
1.280600000000000023e+02 1.285200000000000102e+02 1.272600000000000051e+02
1.280600000000000023e+02 1.285200000000000102e+02 1.272600000000000051e+02
1.280600000000000023e+02 1.285200000000000102e+02 1.272600000000000051e+02
1.280600000000000023e+02 1.285200000000000102e+02 1.272600000000000051e+02
1.280600000000000023e+02 1.285200000000000102e+02 1.272600000000000051e+02
1.280600000000000023e+02 1.285200000000000102e+02 1.272600000000000051e+02
1.280600000000000023e+02 1.285200000000000102e+02 1.272600000000000051e+02
1.280600000000000023e+02 1.285200000000000102e+02 1.272600000000000051e+02
1.280600000000000023e+02 1.285200000000000102e+02 1.272600000000000051e+02
1.280600000000000023e+02 1.285200000000000102e+02 1.272600000000000051e+02
1.280600000000000023e+02 1.285200000000000102e+02 1.272600000000000051e+02
1.280600000000000023e+02 1.285200000000000102e+02 1.272600000000000051e+02
1.280600000000000023e+02 1.285200000000000102e+02 1.272600000000000051e+02
1.280600000000000023e+02 1.285200000000000102e+02 1.272600000000000051e+02
1.280600000000000023e+02 1.285200000000000102e+02 1.272600000000000051e+02
1.280600000000000023e+02 1.285200000000000102e+02 1.272600000000000051e+02
1.280600000000000023e+02 1.285200000000000102e+02 1.272600000000000051e+02
1.280600000000000023e+02 1.285200000000000102e+02 1.272600000000000051e+02
1.280600000000000023e+02 1.285200000000000102e+02 1.272600000000000051e+02
1.280600000000000023e+02 1.285200000000000102e+02 1.272600000000000051e+02
1.280600000000000023e+02 1.285200000000000102e+02 1.272600000000000051e+02
1.280600000000000023e+02 1.285200000000000102e+02 1.272600000000000051e+02
1.280600000000000023e+02 1.285200000000000102e+02 1.272600000000000051e+02
1.280600000000000023e+02 1.285200000000000102e+02 1.272600000000000051e+02
1.280600000000000023e+02 1.285200000000000102e+02 1.272600000000000051e+02
1.280600000000000023e+02 1.285200000000000102e+02 1.272600000000000051e+02
1.280600000000000023e+02 1.285200000000000102e+02 1.272600000000000051e+02
1.280600000000000023e+02 1.285200000000000102e+02 1.272600000000000051e+02
1.280600000000000023e+02 1.285200000000000102e+02 1.272600000000000051e+02
1.280600000000000023e+02 1.285200000000000102e+02 1.272600000000000051e+02
1.280600000000000023e+02 1.285200000000000102e+02 1.272600000000000051e+02
1.280600000000000023e+02 1.285200000000000102e+02 1.272600000000000051e+02
1.280600000000000023e+02 1.285200000000000102e+02 1.272600000000000051e+02
1.280600000000000023e+02 1.285200000000000102e+02 1.272600000000000051e+02
1.280600000000000023e+02 1.285200000000000102e+02 1.272600000000000051e+02
1.280600000000000023e+02 1.285200000000000102e+02 1.272600000000000051e+02
1.280600000000000023e+02 1.285200000000000102e+02 1.272600000000000051e+02
1.280600000000000023e+02 1.285200000000000102e+02 1.272600000000000051e+02
1.280600000000000023e+02 1.285200000000000102e+02 1.272600000000000051e+02
1.280600000000000023e+02 1.285200000000000102e+02 1.272600000000000051e+02
1.280600000000000023e+02 1.285200000000000102e+02 1.272600000000000051e+02
1.280600000000000023e+02 1.285200000000000102e+02 1.272600000000000051e+02
1.280600000000000023e+02 1.285200000000000102e+02 1.272600000000000051e+02
1.280600000000000023e+02 1.285200000000000102e+02 1.272600000000000051e+02
1.280600000000000023e+02 1.285200000000000102e+02 1.272600000000000051e+02
1.280600000000000023e+02 1.285200000000000102e+02 1.272600000000000051e+02
1.280600000000000023e+02 1.285200000000000102e+02 1.272600000000000051e+02
1.280600000000000023e+02 1.285200000000000102e+02 1.272600000000000051e+02
1.280600000000000023e+02 1.285200000000000102e+02 1.272600000000000051e+02
1.280600000000000023e+02 1.285200000000000102e+02 1.272600000000000051e+02
1.280600000000000023e+02 1.285200000000000102e+02 1.272600000000000051e+02
1.280600000000000023e+02 1.285200000000000102e+02 1.272600000000000051e+02
1.280600000000000023e+02 1.285200000000000102e+02 1.272600000000000051e+02
1.280600000000000023e+02 1.285200000000000102e+02 1.272600000000000051e+02
1.280600000000000023e+02 1.285200000000000102e+02 1.272600000000000051e+02
1.280600000000000023e+02 1.285200000000000102e+02 1.272600000000000051e+02
1.280600000000000023e+02 1.285200000000000102e+02 1.272600000000000051e+02
1.280600000000000023e+02 1.285200000000000102e+02 1.272600000000000051e+02
1.280600000000000023e+02 1.285200000000000102e+02 1.272600000000000051e+02
1.280600000000000023e+02 1.285200000000000102e+02 1.272600000000000051e+02
1.280600000000000023e+02 1.285200000000000102e+02 1.272600000000000051e+02
1.280600000000000023e+02 1.285200000000000102e+02 1.272600000000000051e+02
1.280600000000000023e+02 1.285200000000000102e+02 1.272600000000000051e+02
1.280600000000000023e+02 1.285200000000000102e+02 1.272600000000000051e+02
1.280600000000000023e+02 1.285200000000000102e+02 1.272600000000000051e+02
1.280600000000000023e+02 1.285200000000000102e+02 1.272600000000000051e+02
1.280600000000000023e+02 1.285200000000000102e+02 1.272600000000000051e+02
1.280600000000000023e+02 1.285200000000000102e+02 1.272600000000000051e+02
1.280600000000000023e+02 1.285200000000000102e+02 1.272600000000000051e+02
1.280600000000000023e+02 1.285200000000000102e+02 1.272600000000000051e+02
1.280600000000000023e+02 1.285200000000000102e+02 1.272600000000000051e+02
1.280600000000000023e+02 1.285200000000000102e+02 1.272600000000000051e+02
1.280600000000000023e+02 1.285200000000000102e+02 1.272600000000000051e+02
1.280600000000000023e+02 1.285200000000000102e+02 1.272600000000000051e+02
1.280600000000000023e+02 1.285200000000000102e+02 1.272600000000000051e+02
1.280600000000000023e+02 1.285200000000000102e+02 1.272600000000000051e+02
1.280600000000000023e+02 1.285200000000000102e+02 1.272600000000000051e+02
1.280600000000000023e+02 1.285200000000000102e+02 1.272600000000000051e+02
1.280600000000000023e+02 1.285200000000000102e+02 1.272600000000000051e+02
1.280600000000000023e+02 1.285200000000000102e+02 1.272600000000000051e+02
1.280600000000000023e+02 1.285200000000000102e+02 1.272600000000000051e+02
1.280600000000000023e+02 1.285200000000000102e+02 1.272600000000000051e+02
1.280600000000000023e+02 1.285200000000000102e+02 1.272600000000000051e+02
1.280600000000000023e+02 1.285200000000000102e+02 1.272600000000000051e+02
1.280600000000000023e+02 1.285200000000000102e+02 1.272600000000000051e+02
1.280600000000000023e+02 1.285200000000000102e+02 1.272600000000000051e+02
1.280600000000000023e+02 1.285200000000000102e+02 1.272600000000000051e+02
1.280600000000000023e+02 1.285200000000000102e+02 1.272600000000000051e+02
1.280600000000000023e+02 1.285200000000000102e+02 1.272600000000000051e+02
1.280600000000000023e+02 1.285200000000000102e+02 1.272600000000000051e+02
1.280600000000000023e+02 1.285200000000000102e+02 1.272600000000000051e+02
1.280600000000000023e+02 1.285200000000000102e+02 1.272600000000000051e+02
1.280600000000000023e+02 1.285200000000000102e+02 1.272600000000000051e+02
1.280600000000000023e+02 1.285200000000000102e+02 1.272600000000000051e+02
1.280600000000000023e+02 1.285200000000000102e+02 1.272600000000000051e+02
1.280600000000000023e+02 1.285200000000000102e+02 1.272600000000000051e+02
1.280600000000000023e+02 1.285200000000000102e+02 1.272600000000000051e+02
1.280600000000000023e+02 1.285200000000000102e+02 1.272600000000000051e+02
1.280600000000000023e+02 1.285200000000000102e+02 1.272600000000000051e+02
1.280600000000000023e+02 1.285200000000000102e+02 1.272600000000000051e+02
1.280600000000000023e+02 1.285200000000000102e+02 1.272600000000000051e+02
1.280600000000000023e+02 1.285200000000000102e+02 1.272600000000000051e+02
1.280600000000000023e+02 1.285200000000000102e+02 1.272600000000000051e+02
1.280600000000000023e+02 1.285200000000000102e+02 1.272600000000000051e+02
1.280600000000000023e+02 1.285200000000000102e+02 1.272600000000000051e+02
1.280600000000000023e+02 1.285200000000000102e+02 1.272600000000000051e+02
1.280600000000000023e+02 1.285200000000000102e+02 1.272600000000000051e+02
1.280600000000000023e+02 1.285200000000000102e+02 1.272600000000000051e+02
1.280600000000000023e+02 1.285200000000000102e+02 1.272600000000000051e+02
1.280600000000000023e+02 1.285200000000000102e+02 1.272600000000000051e+02
1.280600000000000023e+02 1.285200000000000102e+02 1.272600000000000051e+02
1.280600000000000023e+02 1.285200000000000102e+02 1.272600000000000051e+02
1.280600000000000023e+02 1.285200000000000102e+02 1.272600000000000051e+02
1.280600000000000023e+02 1.285200000000000102e+02 1.272600000000000051e+02
1.280600000000000023e+02 1.285200000000000102e+02 1.272600000000000051e+02
1.280600000000000023e+02 1.285200000000000102e+02 1.272600000000000051e+02
1.280600000000000023e+02 1.285200000000000102e+02 1.272600000000000051e+02
1.280600000000000023e+02 1.285200000000000102e+02 1.272600000000000051e+02
1.280600000000000023e+02 1.285200000000000102e+02 1.272600000000000051e+02
1.280600000000000023e+02 1.285200000000000102e+02 1.272600000000000051e+02
1.280600000000000023e+02 1.285200000000000102e+02 1.272600000000000051e+02
1.280600000000000023e+02 1.285200000000000102e+02 1.272600000000000051e+02
1.280600000000000023e+02 1.285200000000000102e+02 1.272600000000000051e+02
1.280600000000000023e+02 1.285200000000000102e+02 1.272600000000000051e+02
1.280600000000000023e+02 1.285200000000000102e+02 1.272600000000000051e+02
1.280600000000000023e+02 1.285200000000000102e+02 1.272600000000000051e+02
1.280600000000000023e+02 1.285200000000000102e+02 1.272600000000000051e+02
1.280600000000000023e+02 1.285200000000000102e+02 1.272600000000000051e+02
1.280600000000000023e+02 1.285200000000000102e+02 1.272600000000000051e+02
1.280600000000000023e+02 1.285200000000000102e+02 1.272600000000000051e+02
1.280600000000000023e+02 1.285200000000000102e+02 1.272600000000000051e+02
1.280600000000000023e+02 1.285200000000000102e+02 1.272600000000000051e+02
1.280600000000000023e+02 1.285200000000000102e+02 1.272600000000000051e+02
1.280600000000000023e+02 1.285200000000000102e+02 1.272600000000000051e+02
1.280600000000000023e+02 1.285200000000000102e+02 1.272600000000000051e+02
1.280600000000000023e+02 1.285200000000000102e+02 1.272600000000000051e+02
1.280600000000000023e+02 1.285200000000000102e+02 1.272600000000000051e+02
1.280600000000000023e+02 1.285200000000000102e+02 1.272600000000000051e+02
1.280600000000000023e+02 1.285200000000000102e+02 1.272600000000000051e+02
1.280600000000000023e+02 1.285200000000000102e+02 1.272600000000000051e+02
1.280600000000000023e+02 1.285200000000000102e+02 1.272600000000000051e+02
1.280600000000000023e+02 1.285200000000000102e+02 1.272600000000000051e+02
1.280600000000000023e+02 1.285200000000000102e+02 1.272600000000000051e+02
1.280600000000000023e+02 1.285200000000000102e+02 1.272600000000000051e+02
1.280600000000000023e+02 1.285200000000000102e+02 1.272600000000000051e+02
1.280600000000000023e+02 1.285200000000000102e+02 1.272600000000000051e+02
1.280600000000000023e+02 1.285200000000000102e+02 1.272600000000000051e+02
1.280600000000000023e+02 1.285200000000000102e+02 1.272600000000000051e+02
1.280600000000000023e+02 1.285200000000000102e+02 1.272600000000000051e+02
1.280600000000000023e+02 1.285200000000000102e+02 1.272600000000000051e+02
1.280600000000000023e+02 1.285200000000000102e+02 1.272600000000000051e+02
1.280600000000000023e+02 1.285200000000000102e+02 1.272600000000000051e+02
1.280600000000000023e+02 1.285200000000000102e+02 1.272600000000000051e+02
1.280600000000000023e+02 1.285200000000000102e+02 1.272600000000000051e+02
1.280600000000000023e+02 1.285200000000000102e+02 1.272600000000000051e+02
1.280600000000000023e+02 1.285200000000000102e+02 1.272600000000000051e+02
1.280600000000000023e+02 1.285200000000000102e+02 1.272600000000000051e+02
1.280600000000000023e+02 1.285200000000000102e+02 1.272600000000000051e+02
1.280600000000000023e+02 1.285200000000000102e+02 1.272600000000000051e+02
1.280600000000000023e+02 1.285200000000000102e+02 1.272600000000000051e+02
1.280600000000000023e+02 1.285200000000000102e+02 1.272600000000000051e+02
1.280600000000000023e+02 1.285200000000000102e+02 1.272600000000000051e+02
1.280600000000000023e+02 1.285200000000000102e+02 1.272600000000000051e+02
1.280600000000000023e+02 1.285200000000000102e+02 1.272600000000000051e+02
1.280600000000000023e+02 1.285200000000000102e+02 1.272600000000000051e+02
1.280600000000000023e+02 1.285200000000000102e+02 1.272600000000000051e+02
1.280600000000000023e+02 1.285200000000000102e+02 1.272600000000000051e+02
1.280600000000000023e+02 1.285200000000000102e+02 1.272600000000000051e+02
1.280600000000000023e+02 1.285200000000000102e+02 1.272600000000000051e+02
1.280600000000000023e+02 1.285200000000000102e+02 1.272600000000000051e+02
1.280600000000000023e+02 1.285200000000000102e+02 1.272600000000000051e+02
1.280600000000000023e+02 1.285200000000000102e+02 1.272600000000000051e+02
1.280600000000000023e+02 1.285200000000000102e+02 1.272600000000000051e+02
1.280600000000000023e+02 1.285200000000000102e+02 1.272600000000000051e+02
1.280600000000000023e+02 1.285200000000000102e+02 1.272600000000000051e+02
1.280600000000000023e+02 1.285200000000000102e+02 1.272600000000000051e+02
1.280600000000000023e+02 1.285200000000000102e+02 1.272600000000000051e+02
1.280600000000000023e+02 1.285200000000000102e+02 1.272600000000000051e+02
1.280600000000000023e+02 1.285200000000000102e+02 1.272600000000000051e+02
1.280600000000000023e+02 1.285200000000000102e+02 1.272600000000000051e+02
1.280600000000000023e+02 1.285200000000000102e+02 1.272600000000000051e+02
1.280600000000000023e+02 1.285200000000000102e+02 1.272600000000000051e+02
1.280600000000000023e+02 1.285200000000000102e+02 1.272600000000000051e+02
1.280600000000000023e+02 1.285200000000000102e+02 1.272600000000000051e+02
1.280600000000000023e+02 1.285200000000000102e+02 1.272600000000000051e+02
1.280600000000000023e+02 1.285200000000000102e+02 1.272600000000000051e+02
1.280600000000000023e+02 1.285200000000000102e+02 1.272600000000000051e+02
1.280600000000000023e+02 1.285200000000000102e+02 1.272600000000000051e+02
1.280600000000000023e+02 1.285200000000000102e+02 1.272600000000000051e+02
1.280600000000000023e+02 1.285200000000000102e+02 1.272600000000000051e+02
1.280600000000000023e+02 1.285200000000000102e+02 1.272600000000000051e+02
1.280600000000000023e+02 1.285200000000000102e+02 1.272600000000000051e+02
1.280600000000000023e+02 1.285200000000000102e+02 1.272600000000000051e+02
1.280600000000000023e+02 1.285200000000000102e+02 1.272600000000000051e+02
1.280600000000000023e+02 1.285200000000000102e+02 1.272600000000000051e+02
1.280600000000000023e+02 1.285200000000000102e+02 1.272600000000000051e+02
1.280600000000000023e+02 1.285200000000000102e+02 1.272600000000000051e+02
1.280600000000000023e+02 1.285200000000000102e+02 1.272600000000000051e+02
1.280600000000000023e+02 1.285200000000000102e+02 1.272600000000000051e+02
1.280600000000000023e+02 1.285200000000000102e+02 1.272600000000000051e+02
1.280600000000000023e+02 1.285200000000000102e+02 1.272600000000000051e+02
1.280600000000000023e+02 1.285200000000000102e+02 1.272600000000000051e+02
1.280600000000000023e+02 1.285200000000000102e+02 1.272600000000000051e+02
1.280600000000000023e+02 1.285200000000000102e+02 1.272600000000000051e+02
1.280600000000000023e+02 1.285200000000000102e+02 1.272600000000000051e+02
1.280600000000000023e+02 1.285200000000000102e+02 1.272600000000000051e+02
1.280600000000000023e+02 1.285200000000000102e+02 1.272600000000000051e+02
1.280600000000000023e+02 1.285200000000000102e+02 1.272600000000000051e+02
1.280600000000000023e+02 1.285200000000000102e+02 1.272600000000000051e+02
1.280600000000000023e+02 1.285200000000000102e+02 1.272600000000000051e+02
1.280600000000000023e+02 1.285200000000000102e+02 1.272600000000000051e+02
1.280600000000000023e+02 1.285200000000000102e+02 1.272600000000000051e+02
1.280600000000000023e+02 1.285200000000000102e+02 1.272600000000000051e+02
1.280600000000000023e+02 1.285200000000000102e+02 1.272600000000000051e+02
1.280600000000000023e+02 1.285200000000000102e+02 1.272600000000000051e+02
1.280600000000000023e+02 1.285200000000000102e+02 1.272600000000000051e+02
1.280600000000000023e+02 1.285200000000000102e+02 1.272600000000000051e+02
1.280600000000000023e+02 1.285200000000000102e+02 1.272600000000000051e+02
1.280600000000000023e+02 1.285200000000000102e+02 1.272600000000000051e+02
1.280600000000000023e+02 1.285200000000000102e+02 1.272600000000000051e+02
1.280600000000000023e+02 1.285200000000000102e+02 1.272600000000000051e+02
1.280600000000000023e+02 1.285200000000000102e+02 1.272600000000000051e+02
1.280600000000000023e+02 1.285200000000000102e+02 1.272600000000000051e+02
1.280600000000000023e+02 1.285200000000000102e+02 1.272600000000000051e+02
1.280600000000000023e+02 1.285200000000000102e+02 1.272600000000000051e+02
1.280600000000000023e+02 1.285200000000000102e+02 1.272600000000000051e+02
1.280600000000000023e+02 1.285200000000000102e+02 1.272600000000000051e+02
1.280600000000000023e+02 1.285200000000000102e+02 1.272600000000000051e+02
1.280600000000000023e+02 1.285200000000000102e+02 1.272600000000000051e+02
1.280600000000000023e+02 1.285200000000000102e+02 1.272600000000000051e+02
1.280600000000000023e+02 1.285200000000000102e+02 1.272600000000000051e+02
1.280600000000000023e+02 1.285200000000000102e+02 1.272600000000000051e+02
1.280600000000000023e+02 1.285200000000000102e+02 1.272600000000000051e+02
1.280600000000000023e+02 1.285200000000000102e+02 1.272600000000000051e+02
1.280600000000000023e+02 1.285200000000000102e+02 1.272600000000000051e+02
1.280600000000000023e+02 1.285200000000000102e+02 1.272600000000000051e+02
1.280600000000000023e+02 1.285200000000000102e+02 1.272600000000000051e+02
1.280600000000000023e+02 1.285200000000000102e+02 1.272600000000000051e+02
1.280600000000000023e+02 1.285200000000000102e+02 1.272600000000000051e+02
1.280600000000000023e+02 1.285200000000000102e+02 1.272600000000000051e+02
1.280600000000000023e+02 1.285200000000000102e+02 1.272600000000000051e+02
1.280600000000000023e+02 1.285200000000000102e+02 1.272600000000000051e+02
1.280600000000000023e+02 1.285200000000000102e+02 1.272600000000000051e+02
1.280600000000000023e+02 1.285200000000000102e+02 1.272600000000000051e+02
1.280600000000000023e+02 1.285200000000000102e+02 1.272600000000000051e+02
1.280600000000000023e+02 1.285200000000000102e+02 1.272600000000000051e+02
1.280600000000000023e+02 1.285200000000000102e+02 1.272600000000000051e+02
1.280600000000000023e+02 1.285200000000000102e+02 1.272600000000000051e+02
1.280600000000000023e+02 1.285200000000000102e+02 1.272600000000000051e+02
1.280600000000000023e+02 1.285200000000000102e+02 1.272600000000000051e+02
1.280600000000000023e+02 1.285200000000000102e+02 1.272600000000000051e+02
1.280600000000000023e+02 1.285200000000000102e+02 1.272600000000000051e+02
1.280600000000000023e+02 1.285200000000000102e+02 1.272600000000000051e+02
1.280600000000000023e+02 1.285200000000000102e+02 1.272600000000000051e+02
1.280600000000000023e+02 1.285200000000000102e+02 1.272600000000000051e+02
1.280600000000000023e+02 1.285200000000000102e+02 1.272600000000000051e+02
1.280600000000000023e+02 1.285200000000000102e+02 1.272600000000000051e+02
1.280600000000000023e+02 1.285200000000000102e+02 1.272600000000000051e+02
1.280600000000000023e+02 1.285200000000000102e+02 1.272600000000000051e+02
1.280600000000000023e+02 1.285200000000000102e+02 1.272600000000000051e+02
1.280600000000000023e+02 1.285200000000000102e+02 1.272600000000000051e+02
1.280600000000000023e+02 1.285200000000000102e+02 1.272600000000000051e+02
1.280600000000000023e+02 1.285200000000000102e+02 1.272600000000000051e+02
1.280600000000000023e+02 1.285200000000000102e+02 1.272600000000000051e+02
1.280600000000000023e+02 1.285200000000000102e+02 1.272600000000000051e+02
1.280600000000000023e+02 1.285200000000000102e+02 1.272600000000000051e+02
1.280600000000000023e+02 1.285200000000000102e+02 1.272600000000000051e+02
1.280600000000000023e+02 1.285200000000000102e+02 1.272600000000000051e+02
1.280600000000000023e+02 1.285200000000000102e+02 1.272600000000000051e+02
1.280600000000000023e+02 1.285200000000000102e+02 1.272600000000000051e+02
1.280600000000000023e+02 1.285200000000000102e+02 1.272600000000000051e+02
1.280600000000000023e+02 1.285200000000000102e+02 1.272600000000000051e+02
1.280600000000000023e+02 1.285200000000000102e+02 1.272600000000000051e+02
1.280600000000000023e+02 1.285200000000000102e+02 1.272600000000000051e+02
1.280600000000000023e+02 1.285200000000000102e+02 1.272600000000000051e+02
1.280600000000000023e+02 1.285200000000000102e+02 1.272600000000000051e+02
1.280600000000000023e+02 1.285200000000000102e+02 1.272600000000000051e+02
1.280600000000000023e+02 1.285200000000000102e+02 1.272600000000000051e+02
1.280600000000000023e+02 1.285200000000000102e+02 1.272600000000000051e+02
