1.273774834437086128e+02 1.270132450331125824e+02 1.273245033112582831e+02
1.272866666666666617e+02 1.270266666666666708e+02 1.272666666666666657e+02
1.272399999999999949e+02 1.269200000000000017e+02 1.272533333333333303e+02
1.272733333333333263e+02 1.269000000000000057e+02 1.274000000000000057e+02
1.273599999999999994e+02 1.268599999999999994e+02 1.275333333333333314e+02
1.273691275167785193e+02 1.268993288590604038e+02 1.274630872483221538e+02
1.273684210526315752e+02 1.269605263157894797e+02 1.274671052631578902e+02
1.274172185430463600e+02 1.270198675496688736e+02 1.275496688741721840e+02
1.274733333333333292e+02 1.268866666666666703e+02 1.275400000000000063e+02
1.274800000000000040e+02 1.269533333333333331e+02 1.275600000000000023e+02
1.274066666666666663e+02 1.270266666666666708e+02 1.274466666666666725e+02
1.274200000000000017e+02 1.270933333333333337e+02 1.273799999999999955e+02
1.274533333333333331e+02 1.271266666666666652e+02 1.275066666666666606e+02
1.275533333333333275e+02 1.271400000000000006e+02 1.275400000000000063e+02
1.275328947368421098e+02 1.271381578947368354e+02 1.275065789473684248e+02
1.274733333333333292e+02 1.272333333333333343e+02 1.275066666666666606e+02
1.273758389261744952e+02 1.271677852348993270e+02 1.275704697986577116e+02
1.273576158940397391e+02 1.272119205298013185e+02 1.275894039735099312e+02
1.273178807947019919e+02 1.272582781456953711e+02 1.274966887417218544e+02
1.273422818791946298e+02 1.272684563758389231e+02 1.275167785234899327e+02
1.273599999999999994e+02 1.273066666666666720e+02 1.275799999999999983e+02
1.274200000000000017e+02 1.272999999999999972e+02 1.275266666666666708e+02
1.274466666666666725e+02 1.272733333333333263e+02 1.275933333333333337e+02
1.274866666666666646e+02 1.272999999999999972e+02 1.276733333333333320e+02
1.275533333333333275e+02 1.273400000000000034e+02 1.277466666666666697e+02
1.275704697986577116e+02 1.273355704697986539e+02 1.277718120805369182e+02
1.276866666666666674e+02 1.272333333333333343e+02 1.278400000000000034e+02
1.277000000000000028e+02 1.272266666666666737e+02 1.278933333333333309e+02
1.278211920529801375e+02 1.272384105960264833e+02 1.279403973509933792e+02
1.278266666666666680e+02 1.273066666666666720e+02 1.280466666666666526e+02
1.278733333333333348e+02 1.273799999999999955e+02 1.281133333333333439e+02
1.278993288590604038e+02 1.273959731543624230e+02 1.283624161073825576e+02
1.280133333333333212e+02 1.274399999999999977e+02 1.284799999999999898e+02
1.280666666666666629e+02 1.274399999999999977e+02 1.284533333333333474e+02
1.281409395973154233e+02 1.274697986577181155e+02 1.285704697986577116e+02
1.282119205298013185e+02 1.274834437086092720e+02 1.286754966887417311e+02
1.282133333333333383e+02 1.274533333333333331e+02 1.286533333333333360e+02
1.282384105960264833e+02 1.275165562913907280e+02 1.287152317880794783e+02
1.282466666666666697e+02 1.275466666666666669e+02 1.287199999999999989e+02
1.282266666666666595e+02 1.275933333333333337e+02 1.286800000000000068e+02
1.282133333333333383e+02 1.276599999999999966e+02 1.287599999999999909e+02
1.282800000000000011e+02 1.277266666666666737e+02 1.287599999999999909e+02
1.282818791946308750e+02 1.277583892617449663e+02 1.287651006711409423e+02
1.283087248322147786e+02 1.277315436241610769e+02 1.288322147651006730e+02
1.282953020134228268e+02 1.277651006711409423e+02 1.288456375838926249e+02
1.283266666666666538e+02 1.277533333333333303e+02 1.288466666666666640e+02
1.282666666666666799e+02 1.277399999999999949e+02 1.289133333333333269e+02
1.283000000000000114e+02 1.277000000000000028e+02 1.289866666666666788e+02
1.282733333333333405e+02 1.277000000000000028e+02 1.290066666666666606e+02
1.282617449664429614e+02 1.277114093959731491e+02 1.290335570469798654e+02
1.282599999999999909e+02 1.277466666666666697e+02 1.290000000000000000e+02
1.282933333333333223e+02 1.277733333333333263e+02 1.290999999999999943e+02
1.283221476510067021e+02 1.277382550335570528e+02 1.291208053691275097e+02
1.283557046979865675e+02 1.277986577181208077e+02 1.291073825503355579e+02
1.284066666666666663e+02 1.277399999999999949e+02 1.291599999999999966e+02
1.284266666666666765e+02 1.276866666666666674e+02 1.292533333333333303e+02
1.284199999999999875e+02 1.276866666666666674e+02 1.292266666666666595e+02
1.284466666666666583e+02 1.276933333333333280e+02 1.292066666666666777e+02
1.284600000000000080e+02 1.277199999999999989e+02 1.292066666666666777e+02
1.285333333333333314e+02 1.277333333333333343e+02 1.292666666666666515e+02
1.285369127516778462e+02 1.277382550335570386e+02 1.292416107382550479e+02
1.285436241610738080e+02 1.277248322147651010e+02 1.292751677852349133e+02
1.285302013422818561e+02 1.277718120805369182e+02 1.292348993288590577e+02
1.285369127516778462e+02 1.278053691275167694e+02 1.292684563758389231e+02
1.285369127516778462e+02 1.278053691275167694e+02 1.292684563758389231e+02
1.285369127516778462e+02 1.278053691275167694e+02 1.292684563758389231e+02
1.285167785234899327e+02 1.278187919463087212e+02 1.292751677852349133e+02
1.285167785234899327e+02 1.278187919463087212e+02 1.292751677852349133e+02
1.285167785234899327e+02 1.278187919463087212e+02 1.292751677852349133e+02
1.285167785234899327e+02 1.278187919463087212e+02 1.292751677852349133e+02
1.285167785234899327e+02 1.278187919463087212e+02 1.292751677852349133e+02
1.285167785234899327e+02 1.278187919463087212e+02 1.292751677852349133e+02
1.285167785234899327e+02 1.278187919463087212e+02 1.292751677852349133e+02
1.285167785234899327e+02 1.278187919463087212e+02 1.292751677852349133e+02
1.285167785234899327e+02 1.278187919463087212e+02 1.292751677852349133e+02
1.285167785234899327e+02 1.278187919463087212e+02 1.292751677852349133e+02
1.285167785234899327e+02 1.278187919463087212e+02 1.292751677852349133e+02
1.285167785234899327e+02 1.278187919463087212e+02 1.292751677852349133e+02
1.285167785234899327e+02 1.278187919463087212e+02 1.292751677852349133e+02
1.285167785234899327e+02 1.278187919463087212e+02 1.292751677852349133e+02
1.285167785234899327e+02 1.278187919463087212e+02 1.292751677852349133e+02
1.285167785234899327e+02 1.278187919463087212e+02 1.292751677852349133e+02
1.285167785234899327e+02 1.278187919463087212e+02 1.292751677852349133e+02
1.285167785234899327e+02 1.278187919463087212e+02 1.292751677852349133e+02
1.285167785234899327e+02 1.278187919463087212e+02 1.292751677852349133e+02
1.285167785234899327e+02 1.278187919463087212e+02 1.292751677852349133e+02
1.285167785234899327e+02 1.278187919463087212e+02 1.292751677852349133e+02
1.285167785234899327e+02 1.278187919463087212e+02 1.292751677852349133e+02
1.285167785234899327e+02 1.278187919463087212e+02 1.292751677852349133e+02
1.285167785234899327e+02 1.278187919463087212e+02 1.292751677852349133e+02
1.285167785234899327e+02 1.278187919463087212e+02 1.292751677852349133e+02
1.285167785234899327e+02 1.278187919463087212e+02 1.292751677852349133e+02
1.285167785234899327e+02 1.278187919463087212e+02 1.292751677852349133e+02
1.285167785234899327e+02 1.278187919463087212e+02 1.292751677852349133e+02
1.285167785234899327e+02 1.278187919463087212e+02 1.292751677852349133e+02
1.285167785234899327e+02 1.278187919463087212e+02 1.292751677852349133e+02
1.285167785234899327e+02 1.278187919463087212e+02 1.292751677852349133e+02
1.285167785234899327e+02 1.278187919463087212e+02 1.292751677852349133e+02
1.285167785234899327e+02 1.278187919463087212e+02 1.292751677852349133e+02
1.285167785234899327e+02 1.278187919463087212e+02 1.292751677852349133e+02
1.285167785234899327e+02 1.278187919463087212e+02 1.292751677852349133e+02
1.285167785234899327e+02 1.278187919463087212e+02 1.292751677852349133e+02
1.285167785234899327e+02 1.278187919463087212e+02 1.292751677852349133e+02
1.285167785234899327e+02 1.278187919463087212e+02 1.292751677852349133e+02
1.285167785234899327e+02 1.278187919463087212e+02 1.292751677852349133e+02
1.285167785234899327e+02 1.278187919463087212e+02 1.292751677852349133e+02
1.285167785234899327e+02 1.278187919463087212e+02 1.292751677852349133e+02
1.285167785234899327e+02 1.278187919463087212e+02 1.292751677852349133e+02
1.285167785234899327e+02 1.278187919463087212e+02 1.292751677852349133e+02
1.285167785234899327e+02 1.278187919463087212e+02 1.292751677852349133e+02
1.285167785234899327e+02 1.278187919463087212e+02 1.292751677852349133e+02
1.285167785234899327e+02 1.278187919463087212e+02 1.292751677852349133e+02
1.285167785234899327e+02 1.278187919463087212e+02 1.292751677852349133e+02
1.285167785234899327e+02 1.278187919463087212e+02 1.292751677852349133e+02
1.285167785234899327e+02 1.278187919463087212e+02 1.292751677852349133e+02
1.285167785234899327e+02 1.278187919463087212e+02 1.292751677852349133e+02
1.285167785234899327e+02 1.278187919463087212e+02 1.292751677852349133e+02
1.285167785234899327e+02 1.278187919463087212e+02 1.292751677852349133e+02
1.285167785234899327e+02 1.278187919463087212e+02 1.292751677852349133e+02
1.285167785234899327e+02 1.278187919463087212e+02 1.292751677852349133e+02
1.285167785234899327e+02 1.278187919463087212e+02 1.292751677852349133e+02
1.285167785234899327e+02 1.278187919463087212e+02 1.292751677852349133e+02
1.285167785234899327e+02 1.278187919463087212e+02 1.292751677852349133e+02
1.285167785234899327e+02 1.278187919463087212e+02 1.292751677852349133e+02
1.285167785234899327e+02 1.278187919463087212e+02 1.292751677852349133e+02
1.285167785234899327e+02 1.278187919463087212e+02 1.292751677852349133e+02
1.285167785234899327e+02 1.278187919463087212e+02 1.292751677852349133e+02
1.285167785234899327e+02 1.278187919463087212e+02 1.292751677852349133e+02
1.285167785234899327e+02 1.278187919463087212e+02 1.292751677852349133e+02
1.285167785234899327e+02 1.278187919463087212e+02 1.292751677852349133e+02
1.285167785234899327e+02 1.278187919463087212e+02 1.292751677852349133e+02
1.285167785234899327e+02 1.278187919463087212e+02 1.292751677852349133e+02
1.285167785234899327e+02 1.278187919463087212e+02 1.292751677852349133e+02
1.285167785234899327e+02 1.278187919463087212e+02 1.292751677852349133e+02
1.285167785234899327e+02 1.278187919463087212e+02 1.292751677852349133e+02
1.285167785234899327e+02 1.278187919463087212e+02 1.292751677852349133e+02
1.285167785234899327e+02 1.278187919463087212e+02 1.292751677852349133e+02
1.285167785234899327e+02 1.278187919463087212e+02 1.292751677852349133e+02
1.285167785234899327e+02 1.278187919463087212e+02 1.292751677852349133e+02
1.285167785234899327e+02 1.278187919463087212e+02 1.292751677852349133e+02
1.285167785234899327e+02 1.278187919463087212e+02 1.292751677852349133e+02
1.285167785234899327e+02 1.278187919463087212e+02 1.292751677852349133e+02
1.285167785234899327e+02 1.278187919463087212e+02 1.292751677852349133e+02
1.285167785234899327e+02 1.278187919463087212e+02 1.292751677852349133e+02
1.285167785234899327e+02 1.278187919463087212e+02 1.292751677852349133e+02
1.285167785234899327e+02 1.278187919463087212e+02 1.292751677852349133e+02
1.285167785234899327e+02 1.278187919463087212e+02 1.292751677852349133e+02
1.285167785234899327e+02 1.278187919463087212e+02 1.292751677852349133e+02
1.285167785234899327e+02 1.278187919463087212e+02 1.292751677852349133e+02
1.285167785234899327e+02 1.278187919463087212e+02 1.292751677852349133e+02
1.285167785234899327e+02 1.278187919463087212e+02 1.292751677852349133e+02
1.285167785234899327e+02 1.278187919463087212e+02 1.292751677852349133e+02
1.285167785234899327e+02 1.278187919463087212e+02 1.292751677852349133e+02
1.285167785234899327e+02 1.278187919463087212e+02 1.292751677852349133e+02
1.285167785234899327e+02 1.278187919463087212e+02 1.292751677852349133e+02
1.285167785234899327e+02 1.278187919463087212e+02 1.292751677852349133e+02
1.285167785234899327e+02 1.278187919463087212e+02 1.292751677852349133e+02
1.285167785234899327e+02 1.278187919463087212e+02 1.292751677852349133e+02
1.285167785234899327e+02 1.278187919463087212e+02 1.292751677852349133e+02
1.285167785234899327e+02 1.278187919463087212e+02 1.292751677852349133e+02
1.285167785234899327e+02 1.278187919463087212e+02 1.292751677852349133e+02
1.285167785234899327e+02 1.278187919463087212e+02 1.292751677852349133e+02
1.285167785234899327e+02 1.278187919463087212e+02 1.292751677852349133e+02
1.285167785234899327e+02 1.278187919463087212e+02 1.292751677852349133e+02
1.285167785234899327e+02 1.278187919463087212e+02 1.292751677852349133e+02
1.285167785234899327e+02 1.278187919463087212e+02 1.292751677852349133e+02
1.285167785234899327e+02 1.278187919463087212e+02 1.292751677852349133e+02
1.285167785234899327e+02 1.278187919463087212e+02 1.292751677852349133e+02
1.285167785234899327e+02 1.278187919463087212e+02 1.292751677852349133e+02
1.285167785234899327e+02 1.278187919463087212e+02 1.292751677852349133e+02
1.285167785234899327e+02 1.278187919463087212e+02 1.292751677852349133e+02
1.285167785234899327e+02 1.278187919463087212e+02 1.292751677852349133e+02
1.285167785234899327e+02 1.278187919463087212e+02 1.292751677852349133e+02
1.285167785234899327e+02 1.278187919463087212e+02 1.292751677852349133e+02
1.285167785234899327e+02 1.278187919463087212e+02 1.292751677852349133e+02
1.285167785234899327e+02 1.278187919463087212e+02 1.292751677852349133e+02
1.285167785234899327e+02 1.278187919463087212e+02 1.292751677852349133e+02
1.285167785234899327e+02 1.278187919463087212e+02 1.292751677852349133e+02
1.285167785234899327e+02 1.278187919463087212e+02 1.292751677852349133e+02
1.285167785234899327e+02 1.278187919463087212e+02 1.292751677852349133e+02
1.285167785234899327e+02 1.278187919463087212e+02 1.292751677852349133e+02
1.285167785234899327e+02 1.278187919463087212e+02 1.292751677852349133e+02
1.285167785234899327e+02 1.278187919463087212e+02 1.292751677852349133e+02
1.285167785234899327e+02 1.278187919463087212e+02 1.292751677852349133e+02
1.285167785234899327e+02 1.278187919463087212e+02 1.292751677852349133e+02
1.285167785234899327e+02 1.278187919463087212e+02 1.292751677852349133e+02
1.285167785234899327e+02 1.278187919463087212e+02 1.292751677852349133e+02
1.285167785234899327e+02 1.278187919463087212e+02 1.292751677852349133e+02
1.285167785234899327e+02 1.278187919463087212e+02 1.292751677852349133e+02
1.285167785234899327e+02 1.278187919463087212e+02 1.292751677852349133e+02
1.285167785234899327e+02 1.278187919463087212e+02 1.292751677852349133e+02
1.285167785234899327e+02 1.278187919463087212e+02 1.292751677852349133e+02
1.285167785234899327e+02 1.278187919463087212e+02 1.292751677852349133e+02
1.285167785234899327e+02 1.278187919463087212e+02 1.292751677852349133e+02
1.285167785234899327e+02 1.278187919463087212e+02 1.292751677852349133e+02
1.285167785234899327e+02 1.278187919463087212e+02 1.292751677852349133e+02
1.285167785234899327e+02 1.278187919463087212e+02 1.292751677852349133e+02
1.285167785234899327e+02 1.278187919463087212e+02 1.292751677852349133e+02
1.285167785234899327e+02 1.278187919463087212e+02 1.292751677852349133e+02
1.285167785234899327e+02 1.278187919463087212e+02 1.292751677852349133e+02
1.285167785234899327e+02 1.278187919463087212e+02 1.292751677852349133e+02
1.285167785234899327e+02 1.278187919463087212e+02 1.292751677852349133e+02
1.285167785234899327e+02 1.278187919463087212e+02 1.292751677852349133e+02
1.285167785234899327e+02 1.278187919463087212e+02 1.292751677852349133e+02
1.285167785234899327e+02 1.278187919463087212e+02 1.292751677852349133e+02
1.285167785234899327e+02 1.278187919463087212e+02 1.292751677852349133e+02
1.285167785234899327e+02 1.278187919463087212e+02 1.292751677852349133e+02
1.285167785234899327e+02 1.278187919463087212e+02 1.292751677852349133e+02
1.285167785234899327e+02 1.278187919463087212e+02 1.292751677852349133e+02
1.285167785234899327e+02 1.278187919463087212e+02 1.292751677852349133e+02
1.285167785234899327e+02 1.278187919463087212e+02 1.292751677852349133e+02
1.285167785234899327e+02 1.278187919463087212e+02 1.292751677852349133e+02
1.285167785234899327e+02 1.278187919463087212e+02 1.292751677852349133e+02
1.285167785234899327e+02 1.278187919463087212e+02 1.292751677852349133e+02
1.285167785234899327e+02 1.278187919463087212e+02 1.292751677852349133e+02
1.285167785234899327e+02 1.278187919463087212e+02 1.292751677852349133e+02
1.285167785234899327e+02 1.278187919463087212e+02 1.292751677852349133e+02
1.285167785234899327e+02 1.278187919463087212e+02 1.292751677852349133e+02
1.285167785234899327e+02 1.278187919463087212e+02 1.292751677852349133e+02
1.285167785234899327e+02 1.278187919463087212e+02 1.292751677852349133e+02
1.285167785234899327e+02 1.278187919463087212e+02 1.292751677852349133e+02
1.285167785234899327e+02 1.278187919463087212e+02 1.292751677852349133e+02
1.285167785234899327e+02 1.278187919463087212e+02 1.292751677852349133e+02
1.285167785234899327e+02 1.278187919463087212e+02 1.292751677852349133e+02
1.285167785234899327e+02 1.278187919463087212e+02 1.292751677852349133e+02
1.285167785234899327e+02 1.278187919463087212e+02 1.292751677852349133e+02
1.285167785234899327e+02 1.278187919463087212e+02 1.292751677852349133e+02
1.285167785234899327e+02 1.278187919463087212e+02 1.292751677852349133e+02
1.285167785234899327e+02 1.278187919463087212e+02 1.292751677852349133e+02
1.285167785234899327e+02 1.278187919463087212e+02 1.292751677852349133e+02
1.285167785234899327e+02 1.278187919463087212e+02 1.292751677852349133e+02
1.285167785234899327e+02 1.278187919463087212e+02 1.292751677852349133e+02
1.285167785234899327e+02 1.278187919463087212e+02 1.292751677852349133e+02
1.285167785234899327e+02 1.278187919463087212e+02 1.292751677852349133e+02
1.285167785234899327e+02 1.278187919463087212e+02 1.292751677852349133e+02
1.285167785234899327e+02 1.278187919463087212e+02 1.292751677852349133e+02
1.285167785234899327e+02 1.278187919463087212e+02 1.292751677852349133e+02
1.285167785234899327e+02 1.278187919463087212e+02 1.292751677852349133e+02
1.285167785234899327e+02 1.278187919463087212e+02 1.292751677852349133e+02
1.285167785234899327e+02 1.278187919463087212e+02 1.292751677852349133e+02
1.285167785234899327e+02 1.278187919463087212e+02 1.292751677852349133e+02
1.285167785234899327e+02 1.278187919463087212e+02 1.292751677852349133e+02
1.285167785234899327e+02 1.278187919463087212e+02 1.292751677852349133e+02
1.285167785234899327e+02 1.278187919463087212e+02 1.292751677852349133e+02
1.285167785234899327e+02 1.278187919463087212e+02 1.292751677852349133e+02
1.285167785234899327e+02 1.278187919463087212e+02 1.292751677852349133e+02
1.285167785234899327e+02 1.278187919463087212e+02 1.292751677852349133e+02
1.285167785234899327e+02 1.278187919463087212e+02 1.292751677852349133e+02
1.285167785234899327e+02 1.278187919463087212e+02 1.292751677852349133e+02
1.285167785234899327e+02 1.278187919463087212e+02 1.292751677852349133e+02
1.285167785234899327e+02 1.278187919463087212e+02 1.292751677852349133e+02
1.285167785234899327e+02 1.278187919463087212e+02 1.292751677852349133e+02
1.285167785234899327e+02 1.278187919463087212e+02 1.292751677852349133e+02
1.285167785234899327e+02 1.278187919463087212e+02 1.292751677852349133e+02
1.285167785234899327e+02 1.278187919463087212e+02 1.292751677852349133e+02
1.285167785234899327e+02 1.278187919463087212e+02 1.292751677852349133e+02
1.285167785234899327e+02 1.278187919463087212e+02 1.292751677852349133e+02
1.285167785234899327e+02 1.278187919463087212e+02 1.292751677852349133e+02
1.285167785234899327e+02 1.278187919463087212e+02 1.292751677852349133e+02
1.285167785234899327e+02 1.278187919463087212e+02 1.292751677852349133e+02
1.285167785234899327e+02 1.278187919463087212e+02 1.292751677852349133e+02
1.285167785234899327e+02 1.278187919463087212e+02 1.292751677852349133e+02
1.285167785234899327e+02 1.278187919463087212e+02 1.292751677852349133e+02
1.285167785234899327e+02 1.278187919463087212e+02 1.292751677852349133e+02
1.285167785234899327e+02 1.278187919463087212e+02 1.292751677852349133e+02
1.285167785234899327e+02 1.278187919463087212e+02 1.292751677852349133e+02
1.285167785234899327e+02 1.278187919463087212e+02 1.292751677852349133e+02
1.285167785234899327e+02 1.278187919463087212e+02 1.292751677852349133e+02
1.285167785234899327e+02 1.278187919463087212e+02 1.292751677852349133e+02
1.285167785234899327e+02 1.278187919463087212e+02 1.292751677852349133e+02
1.285167785234899327e+02 1.278187919463087212e+02 1.292751677852349133e+02
1.285167785234899327e+02 1.278187919463087212e+02 1.292751677852349133e+02
1.285167785234899327e+02 1.278187919463087212e+02 1.292751677852349133e+02
1.285167785234899327e+02 1.278187919463087212e+02 1.292751677852349133e+02
1.285167785234899327e+02 1.278187919463087212e+02 1.292751677852349133e+02
1.285167785234899327e+02 1.278187919463087212e+02 1.292751677852349133e+02
1.285167785234899327e+02 1.278187919463087212e+02 1.292751677852349133e+02
1.285167785234899327e+02 1.278187919463087212e+02 1.292751677852349133e+02
1.285167785234899327e+02 1.278187919463087212e+02 1.292751677852349133e+02
1.285167785234899327e+02 1.278187919463087212e+02 1.292751677852349133e+02
1.285167785234899327e+02 1.278187919463087212e+02 1.292751677852349133e+02
1.285167785234899327e+02 1.278187919463087212e+02 1.292751677852349133e+02
1.285167785234899327e+02 1.278187919463087212e+02 1.292751677852349133e+02
1.285167785234899327e+02 1.278187919463087212e+02 1.292751677852349133e+02
1.285167785234899327e+02 1.278187919463087212e+02 1.292751677852349133e+02
1.285167785234899327e+02 1.278187919463087212e+02 1.292751677852349133e+02
1.285167785234899327e+02 1.278187919463087212e+02 1.292751677852349133e+02
1.285167785234899327e+02 1.278187919463087212e+02 1.292751677852349133e+02
1.285167785234899327e+02 1.278187919463087212e+02 1.292751677852349133e+02
1.285167785234899327e+02 1.278187919463087212e+02 1.292751677852349133e+02
1.285167785234899327e+02 1.278187919463087212e+02 1.292751677852349133e+02
1.285167785234899327e+02 1.278187919463087212e+02 1.292751677852349133e+02
1.285167785234899327e+02 1.278187919463087212e+02 1.292751677852349133e+02
1.285167785234899327e+02 1.278187919463087212e+02 1.292751677852349133e+02
1.285167785234899327e+02 1.278187919463087212e+02 1.292751677852349133e+02
1.285167785234899327e+02 1.278187919463087212e+02 1.292751677852349133e+02
1.285167785234899327e+02 1.278187919463087212e+02 1.292751677852349133e+02
1.285167785234899327e+02 1.278187919463087212e+02 1.292751677852349133e+02
1.285167785234899327e+02 1.278187919463087212e+02 1.292751677852349133e+02
1.285167785234899327e+02 1.278187919463087212e+02 1.292751677852349133e+02
1.285167785234899327e+02 1.278187919463087212e+02 1.292751677852349133e+02
1.285167785234899327e+02 1.278187919463087212e+02 1.292751677852349133e+02
1.285167785234899327e+02 1.278187919463087212e+02 1.292751677852349133e+02
1.285167785234899327e+02 1.278187919463087212e+02 1.292751677852349133e+02
1.285167785234899327e+02 1.278187919463087212e+02 1.292751677852349133e+02
1.285167785234899327e+02 1.278187919463087212e+02 1.292751677852349133e+02
1.285167785234899327e+02 1.278187919463087212e+02 1.292751677852349133e+02
1.285167785234899327e+02 1.278187919463087212e+02 1.292751677852349133e+02
1.285167785234899327e+02 1.278187919463087212e+02 1.292751677852349133e+02
1.285167785234899327e+02 1.278187919463087212e+02 1.292751677852349133e+02
1.285167785234899327e+02 1.278187919463087212e+02 1.292751677852349133e+02
1.285167785234899327e+02 1.278187919463087212e+02 1.292751677852349133e+02
1.285167785234899327e+02 1.278187919463087212e+02 1.292751677852349133e+02
1.285167785234899327e+02 1.278187919463087212e+02 1.292751677852349133e+02
1.285167785234899327e+02 1.278187919463087212e+02 1.292751677852349133e+02
1.285167785234899327e+02 1.278187919463087212e+02 1.292751677852349133e+02
1.285167785234899327e+02 1.278187919463087212e+02 1.292751677852349133e+02
1.285167785234899327e+02 1.278187919463087212e+02 1.292751677852349133e+02
1.285167785234899327e+02 1.278187919463087212e+02 1.292751677852349133e+02
1.285167785234899327e+02 1.278187919463087212e+02 1.292751677852349133e+02
1.285167785234899327e+02 1.278187919463087212e+02 1.292751677852349133e+02
1.285167785234899327e+02 1.278187919463087212e+02 1.292751677852349133e+02
1.285167785234899327e+02 1.278187919463087212e+02 1.292751677852349133e+02
1.285167785234899327e+02 1.278187919463087212e+02 1.292751677852349133e+02
1.285167785234899327e+02 1.278187919463087212e+02 1.292751677852349133e+02
1.285167785234899327e+02 1.278187919463087212e+02 1.292751677852349133e+02
1.285167785234899327e+02 1.278187919463087212e+02 1.292751677852349133e+02
1.285167785234899327e+02 1.278187919463087212e+02 1.292751677852349133e+02
1.285167785234899327e+02 1.278187919463087212e+02 1.292751677852349133e+02
1.285167785234899327e+02 1.278187919463087212e+02 1.292751677852349133e+02
1.285167785234899327e+02 1.278187919463087212e+02 1.292751677852349133e+02
1.285167785234899327e+02 1.278187919463087212e+02 1.292751677852349133e+02
1.285167785234899327e+02 1.278187919463087212e+02 1.292751677852349133e+02
1.285167785234899327e+02 1.278187919463087212e+02 1.292751677852349133e+02
1.285167785234899327e+02 1.278187919463087212e+02 1.292751677852349133e+02
1.285167785234899327e+02 1.278187919463087212e+02 1.292751677852349133e+02
1.285167785234899327e+02 1.278187919463087212e+02 1.292751677852349133e+02
1.285167785234899327e+02 1.278187919463087212e+02 1.292751677852349133e+02
1.285167785234899327e+02 1.278187919463087212e+02 1.292751677852349133e+02
1.285167785234899327e+02 1.278187919463087212e+02 1.292751677852349133e+02
1.285167785234899327e+02 1.278187919463087212e+02 1.292751677852349133e+02
1.285167785234899327e+02 1.278187919463087212e+02 1.292751677852349133e+02
1.285167785234899327e+02 1.278187919463087212e+02 1.292751677852349133e+02
1.285167785234899327e+02 1.278187919463087212e+02 1.292751677852349133e+02
1.285167785234899327e+02 1.278187919463087212e+02 1.292751677852349133e+02
1.285167785234899327e+02 1.278187919463087212e+02 1.292751677852349133e+02
1.285167785234899327e+02 1.278187919463087212e+02 1.292751677852349133e+02
1.285167785234899327e+02 1.278187919463087212e+02 1.292751677852349133e+02
1.285167785234899327e+02 1.278187919463087212e+02 1.292751677852349133e+02
1.285167785234899327e+02 1.278187919463087212e+02 1.292751677852349133e+02
1.285167785234899327e+02 1.278187919463087212e+02 1.292751677852349133e+02
1.285167785234899327e+02 1.278187919463087212e+02 1.292751677852349133e+02
1.285167785234899327e+02 1.278187919463087212e+02 1.292751677852349133e+02
1.285167785234899327e+02 1.278187919463087212e+02 1.292751677852349133e+02
1.285167785234899327e+02 1.278187919463087212e+02 1.292751677852349133e+02
1.285167785234899327e+02 1.278187919463087212e+02 1.292751677852349133e+02
1.285167785234899327e+02 1.278187919463087212e+02 1.292751677852349133e+02
1.285167785234899327e+02 1.278187919463087212e+02 1.292751677852349133e+02
1.285167785234899327e+02 1.278187919463087212e+02 1.292751677852349133e+02
1.285167785234899327e+02 1.278187919463087212e+02 1.292751677852349133e+02
1.285167785234899327e+02 1.278187919463087212e+02 1.292751677852349133e+02
1.285167785234899327e+02 1.278187919463087212e+02 1.292751677852349133e+02
1.285167785234899327e+02 1.278187919463087212e+02 1.292751677852349133e+02
1.285167785234899327e+02 1.278187919463087212e+02 1.292751677852349133e+02
1.285167785234899327e+02 1.278187919463087212e+02 1.292751677852349133e+02
1.285167785234899327e+02 1.278187919463087212e+02 1.292751677852349133e+02
1.285167785234899327e+02 1.278187919463087212e+02 1.292751677852349133e+02
1.285167785234899327e+02 1.278187919463087212e+02 1.292751677852349133e+02
1.285167785234899327e+02 1.278187919463087212e+02 1.292751677852349133e+02
1.285167785234899327e+02 1.278187919463087212e+02 1.292751677852349133e+02
1.285167785234899327e+02 1.278187919463087212e+02 1.292751677852349133e+02
1.285167785234899327e+02 1.278187919463087212e+02 1.292751677852349133e+02
1.285167785234899327e+02 1.278187919463087212e+02 1.292751677852349133e+02
1.285167785234899327e+02 1.278187919463087212e+02 1.292751677852349133e+02
1.285167785234899327e+02 1.278187919463087212e+02 1.292751677852349133e+02
1.285167785234899327e+02 1.278187919463087212e+02 1.292751677852349133e+02
1.285167785234899327e+02 1.278187919463087212e+02 1.292751677852349133e+02
1.285167785234899327e+02 1.278187919463087212e+02 1.292751677852349133e+02
1.285167785234899327e+02 1.278187919463087212e+02 1.292751677852349133e+02
1.285167785234899327e+02 1.278187919463087212e+02 1.292751677852349133e+02
1.285167785234899327e+02 1.278187919463087212e+02 1.292751677852349133e+02
1.285167785234899327e+02 1.278187919463087212e+02 1.292751677852349133e+02
1.285167785234899327e+02 1.278187919463087212e+02 1.292751677852349133e+02
1.285167785234899327e+02 1.278187919463087212e+02 1.292751677852349133e+02
1.285167785234899327e+02 1.278187919463087212e+02 1.292751677852349133e+02
1.285167785234899327e+02 1.278187919463087212e+02 1.292751677852349133e+02
1.285167785234899327e+02 1.278187919463087212e+02 1.292751677852349133e+02
1.285167785234899327e+02 1.278187919463087212e+02 1.292751677852349133e+02
1.285167785234899327e+02 1.278187919463087212e+02 1.292751677852349133e+02
1.285167785234899327e+02 1.278187919463087212e+02 1.292751677852349133e+02
1.285167785234899327e+02 1.278187919463087212e+02 1.292751677852349133e+02
1.285167785234899327e+02 1.278187919463087212e+02 1.292751677852349133e+02
1.285167785234899327e+02 1.278187919463087212e+02 1.292751677852349133e+02
1.285167785234899327e+02 1.278187919463087212e+02 1.292751677852349133e+02
1.285167785234899327e+02 1.278187919463087212e+02 1.292751677852349133e+02
1.285167785234899327e+02 1.278187919463087212e+02 1.292751677852349133e+02
1.285167785234899327e+02 1.278187919463087212e+02 1.292751677852349133e+02
1.285167785234899327e+02 1.278187919463087212e+02 1.292751677852349133e+02
1.285167785234899327e+02 1.278187919463087212e+02 1.292751677852349133e+02
1.285167785234899327e+02 1.278187919463087212e+02 1.292751677852349133e+02
1.285167785234899327e+02 1.278187919463087212e+02 1.292751677852349133e+02
1.285167785234899327e+02 1.278187919463087212e+02 1.292751677852349133e+02
1.285167785234899327e+02 1.278187919463087212e+02 1.292751677852349133e+02
1.285167785234899327e+02 1.278187919463087212e+02 1.292751677852349133e+02
1.285167785234899327e+02 1.278187919463087212e+02 1.292751677852349133e+02
1.285167785234899327e+02 1.278187919463087212e+02 1.292751677852349133e+02
1.285167785234899327e+02 1.278187919463087212e+02 1.292751677852349133e+02
1.285167785234899327e+02 1.278187919463087212e+02 1.292751677852349133e+02
1.285167785234899327e+02 1.278187919463087212e+02 1.292751677852349133e+02
1.285167785234899327e+02 1.278187919463087212e+02 1.292751677852349133e+02
1.285167785234899327e+02 1.278187919463087212e+02 1.292751677852349133e+02
1.285167785234899327e+02 1.278187919463087212e+02 1.292751677852349133e+02
1.285167785234899327e+02 1.278187919463087212e+02 1.292751677852349133e+02
1.285167785234899327e+02 1.278187919463087212e+02 1.292751677852349133e+02
1.285167785234899327e+02 1.278187919463087212e+02 1.292751677852349133e+02
1.285167785234899327e+02 1.278187919463087212e+02 1.292751677852349133e+02
1.285167785234899327e+02 1.278187919463087212e+02 1.292751677852349133e+02
1.285167785234899327e+02 1.278187919463087212e+02 1.292751677852349133e+02
1.285167785234899327e+02 1.278187919463087212e+02 1.292751677852349133e+02
1.285167785234899327e+02 1.278187919463087212e+02 1.292751677852349133e+02
1.285167785234899327e+02 1.278187919463087212e+02 1.292751677852349133e+02
1.285167785234899327e+02 1.278187919463087212e+02 1.292751677852349133e+02
1.285167785234899327e+02 1.278187919463087212e+02 1.292751677852349133e+02
1.285167785234899327e+02 1.278187919463087212e+02 1.292751677852349133e+02
1.285167785234899327e+02 1.278187919463087212e+02 1.292751677852349133e+02
1.285167785234899327e+02 1.278187919463087212e+02 1.292751677852349133e+02
1.285167785234899327e+02 1.278187919463087212e+02 1.292751677852349133e+02
1.285167785234899327e+02 1.278187919463087212e+02 1.292751677852349133e+02
1.285167785234899327e+02 1.278187919463087212e+02 1.292751677852349133e+02
1.285167785234899327e+02 1.278187919463087212e+02 1.292751677852349133e+02
1.285167785234899327e+02 1.278187919463087212e+02 1.292751677852349133e+02
1.285167785234899327e+02 1.278187919463087212e+02 1.292751677852349133e+02
1.285167785234899327e+02 1.278187919463087212e+02 1.292751677852349133e+02
1.285167785234899327e+02 1.278187919463087212e+02 1.292751677852349133e+02
1.285167785234899327e+02 1.278187919463087212e+02 1.292751677852349133e+02
1.285167785234899327e+02 1.278187919463087212e+02 1.292751677852349133e+02
1.285167785234899327e+02 1.278187919463087212e+02 1.292751677852349133e+02
1.285167785234899327e+02 1.278187919463087212e+02 1.292751677852349133e+02
1.285167785234899327e+02 1.278187919463087212e+02 1.292751677852349133e+02
1.285167785234899327e+02 1.278187919463087212e+02 1.292751677852349133e+02
1.285167785234899327e+02 1.278187919463087212e+02 1.292751677852349133e+02
1.285167785234899327e+02 1.278187919463087212e+02 1.292751677852349133e+02
1.285167785234899327e+02 1.278187919463087212e+02 1.292751677852349133e+02
1.285167785234899327e+02 1.278187919463087212e+02 1.292751677852349133e+02
1.285167785234899327e+02 1.278187919463087212e+02 1.292751677852349133e+02
1.285167785234899327e+02 1.278187919463087212e+02 1.292751677852349133e+02
1.285167785234899327e+02 1.278187919463087212e+02 1.292751677852349133e+02
1.285167785234899327e+02 1.278187919463087212e+02 1.292751677852349133e+02
1.285167785234899327e+02 1.278187919463087212e+02 1.292751677852349133e+02
1.285167785234899327e+02 1.278187919463087212e+02 1.292751677852349133e+02
1.285167785234899327e+02 1.278187919463087212e+02 1.292751677852349133e+02
1.285167785234899327e+02 1.278187919463087212e+02 1.292751677852349133e+02
1.285167785234899327e+02 1.278187919463087212e+02 1.292751677852349133e+02
1.285167785234899327e+02 1.278187919463087212e+02 1.292751677852349133e+02
1.285167785234899327e+02 1.278187919463087212e+02 1.292751677852349133e+02
1.285167785234899327e+02 1.278187919463087212e+02 1.292751677852349133e+02
1.285167785234899327e+02 1.278187919463087212e+02 1.292751677852349133e+02
1.285167785234899327e+02 1.278187919463087212e+02 1.292751677852349133e+02
1.285167785234899327e+02 1.278187919463087212e+02 1.292751677852349133e+02
1.285167785234899327e+02 1.278187919463087212e+02 1.292751677852349133e+02
1.285167785234899327e+02 1.278187919463087212e+02 1.292751677852349133e+02
1.285167785234899327e+02 1.278187919463087212e+02 1.292751677852349133e+02
1.285167785234899327e+02 1.278187919463087212e+02 1.292751677852349133e+02
1.285167785234899327e+02 1.278187919463087212e+02 1.292751677852349133e+02
1.285167785234899327e+02 1.278187919463087212e+02 1.292751677852349133e+02
1.285167785234899327e+02 1.278187919463087212e+02 1.292751677852349133e+02
1.285167785234899327e+02 1.278187919463087212e+02 1.292751677852349133e+02
1.285167785234899327e+02 1.278187919463087212e+02 1.292751677852349133e+02
1.285167785234899327e+02 1.278187919463087212e+02 1.292751677852349133e+02
1.285167785234899327e+02 1.278187919463087212e+02 1.292751677852349133e+02
1.285167785234899327e+02 1.278187919463087212e+02 1.292751677852349133e+02
1.285167785234899327e+02 1.278187919463087212e+02 1.292751677852349133e+02
1.285167785234899327e+02 1.278187919463087212e+02 1.292751677852349133e+02
1.285167785234899327e+02 1.278187919463087212e+02 1.292751677852349133e+02
1.285167785234899327e+02 1.278187919463087212e+02 1.292751677852349133e+02
1.285167785234899327e+02 1.278187919463087212e+02 1.292751677852349133e+02
1.285167785234899327e+02 1.278187919463087212e+02 1.292751677852349133e+02
1.285167785234899327e+02 1.278187919463087212e+02 1.292751677852349133e+02
1.285167785234899327e+02 1.278187919463087212e+02 1.292751677852349133e+02
1.285167785234899327e+02 1.278187919463087212e+02 1.292751677852349133e+02
1.285167785234899327e+02 1.278187919463087212e+02 1.292751677852349133e+02
1.285167785234899327e+02 1.278187919463087212e+02 1.292751677852349133e+02
1.285167785234899327e+02 1.278187919463087212e+02 1.292751677852349133e+02
1.285167785234899327e+02 1.278187919463087212e+02 1.292751677852349133e+02
1.285167785234899327e+02 1.278187919463087212e+02 1.292751677852349133e+02
1.285167785234899327e+02 1.278187919463087212e+02 1.292751677852349133e+02
1.285167785234899327e+02 1.278187919463087212e+02 1.292751677852349133e+02
1.285167785234899327e+02 1.278187919463087212e+02 1.292751677852349133e+02
1.285167785234899327e+02 1.278187919463087212e+02 1.292751677852349133e+02
1.285167785234899327e+02 1.278187919463087212e+02 1.292751677852349133e+02
1.285167785234899327e+02 1.278187919463087212e+02 1.292751677852349133e+02
1.285167785234899327e+02 1.278187919463087212e+02 1.292751677852349133e+02
1.285167785234899327e+02 1.278187919463087212e+02 1.292751677852349133e+02
1.285167785234899327e+02 1.278187919463087212e+02 1.292751677852349133e+02
1.285167785234899327e+02 1.278187919463087212e+02 1.292751677852349133e+02
1.285167785234899327e+02 1.278187919463087212e+02 1.292751677852349133e+02
1.285167785234899327e+02 1.278187919463087212e+02 1.292751677852349133e+02
1.285167785234899327e+02 1.278187919463087212e+02 1.292751677852349133e+02
1.285167785234899327e+02 1.278187919463087212e+02 1.292751677852349133e+02
1.285167785234899327e+02 1.278187919463087212e+02 1.292751677852349133e+02
