1.278933333333333309e+02 1.293600000000000136e+02 1.292933333333333223e+02
1.278145695364238463e+02 1.291920529801324449e+02 1.294105960264900546e+02
1.276442953020134183e+02 1.292147651006711442e+02 1.294429530201342402e+02
1.276778523489932837e+02 1.291073825503355579e+02 1.292818791946308750e+02
1.277333333333333343e+02 1.291466666666666754e+02 1.292333333333333201e+02
1.277581699346405202e+02 1.289542483660130756e+02 1.291503267973856168e+02
1.277733333333333263e+02 1.290000000000000000e+02 1.291999999999999886e+02
1.277086092715231729e+02 1.290860927152317856e+02 1.292450331125827745e+02
1.276381578947368354e+02 1.290197368421052602e+02 1.293684210526315894e+02
1.274437086092715248e+02 1.290264900662251648e+02 1.293443708609271425e+02
1.274533333333333331e+02 1.291933333333333280e+02 1.293600000000000136e+02
1.272866666666666617e+02 1.292800000000000011e+02 1.293199999999999932e+02
1.272251655629139009e+02 1.292913907284768129e+02 1.293112582781456865e+02
1.272333333333333343e+02 1.292733333333333405e+02 1.293133333333333326e+02
1.272600000000000051e+02 1.293000000000000114e+02 1.293199999999999932e+02
1.272317880794701921e+02 1.293642384105960161e+02 1.293178807947019777e+02
1.272147651006711442e+02 1.293959731543624230e+02 1.292751677852349133e+02
1.272066666666666634e+02 1.293933333333333451e+02 1.292400000000000091e+02
1.271666666666666714e+02 1.294533333333333474e+02 1.292533333333333303e+02
1.271125827814569504e+02 1.295562913907284894e+02 1.292052980132450273e+02
1.270999999999999943e+02 1.295733333333333235e+02 1.292400000000000091e+02
1.270933333333333337e+02 1.295600000000000023e+02 1.292733333333333405e+02
1.270533333333333275e+02 1.295866666666666731e+02 1.292599999999999909e+02
1.269933333333333394e+02 1.296800000000000068e+02 1.292466666666666697e+02
1.268866666666666703e+02 1.297266666666666595e+02 1.292533333333333303e+02
1.268456375838926107e+02 1.297986577181208077e+02 1.292348993288590577e+02
1.269054054054054035e+02 1.297702702702702595e+02 1.292364864864864842e+02
1.268859060402684520e+02 1.298456375838926249e+02 1.292281879194630960e+02
1.268657718120805384e+02 1.299127516778523557e+02 1.291744966442952887e+02
1.268783783783783718e+02 1.300743243243243228e+02 1.290878378378378386e+02
1.268095238095238102e+02 1.302517006802721085e+02 1.289795918367346985e+02
1.267959183673469425e+02 1.302993197278911452e+02 1.289659863945578309e+02
1.267666666666666657e+02 1.303933333333333451e+02 1.289000000000000057e+02
1.267229729729729684e+02 1.304932432432432563e+02 1.288581081081080981e+02
1.266912751677852356e+02 1.306040268456375770e+02 1.288523489932885866e+02
1.267027027027027088e+02 1.307027027027027088e+02 1.287702702702702595e+02
1.267181208053691250e+02 1.305973154362416153e+02 1.287919463087248459e+02
1.267133333333333383e+02 1.306933333333333280e+02 1.287800000000000011e+02
1.266688741721854257e+02 1.307814569536423903e+02 1.287417218543046431e+02
1.266510067114093943e+02 1.308255033557047113e+02 1.287382550335570386e+02
1.266308724832214807e+02 1.309194630872483174e+02 1.286778523489932979e+02
1.266308724832214807e+02 1.309865771812080482e+02 1.286241610738254906e+02
1.266462585034013557e+02 1.310408163265306030e+02 1.286054421768707527e+02
1.266933333333333280e+02 1.310933333333333337e+02 1.285800000000000125e+02
1.266621621621621614e+02 1.310135135135135158e+02 1.286148648648648702e+02
1.266466666666666612e+02 1.309600000000000080e+02 1.286466666666666754e+02
1.266599999999999966e+02 1.310200000000000102e+02 1.286133333333333439e+02
1.266148648648648702e+02 1.311283783783783861e+02 1.285135135135135158e+02
1.266241610738255048e+02 1.311208053691275097e+02 1.285100671140939710e+02
1.266200000000000045e+02 1.311399999999999864e+02 1.284933333333333394e+02
1.266200000000000045e+02 1.311399999999999864e+02 1.284933333333333394e+02
1.266200000000000045e+02 1.311399999999999864e+02 1.284933333333333394e+02
1.266066666666666691e+02 1.311333333333333258e+02 1.285000000000000000e+02
1.266066666666666691e+02 1.311333333333333258e+02 1.285000000000000000e+02
1.266066666666666691e+02 1.311333333333333258e+02 1.285000000000000000e+02
1.266066666666666691e+02 1.311333333333333258e+02 1.285000000000000000e+02
1.266066666666666691e+02 1.311333333333333258e+02 1.285000000000000000e+02
1.266066666666666691e+02 1.311333333333333258e+02 1.285000000000000000e+02
1.266066666666666691e+02 1.311333333333333258e+02 1.285000000000000000e+02
1.266066666666666691e+02 1.311333333333333258e+02 1.285000000000000000e+02
1.266066666666666691e+02 1.311333333333333258e+02 1.285000000000000000e+02
1.266066666666666691e+02 1.311333333333333258e+02 1.285000000000000000e+02
1.266066666666666691e+02 1.311333333333333258e+02 1.285000000000000000e+02
1.266066666666666691e+02 1.311333333333333258e+02 1.285000000000000000e+02
1.266066666666666691e+02 1.311333333333333258e+02 1.285000000000000000e+02
1.266066666666666691e+02 1.311333333333333258e+02 1.285000000000000000e+02
1.266066666666666691e+02 1.311333333333333258e+02 1.285000000000000000e+02
1.266066666666666691e+02 1.311333333333333258e+02 1.285000000000000000e+02
1.266066666666666691e+02 1.311333333333333258e+02 1.285000000000000000e+02
1.266066666666666691e+02 1.311333333333333258e+02 1.285000000000000000e+02
1.266066666666666691e+02 1.311333333333333258e+02 1.285000000000000000e+02
1.266066666666666691e+02 1.311333333333333258e+02 1.285000000000000000e+02
1.266066666666666691e+02 1.311333333333333258e+02 1.285000000000000000e+02
1.266066666666666691e+02 1.311333333333333258e+02 1.285000000000000000e+02
1.266066666666666691e+02 1.311333333333333258e+02 1.285000000000000000e+02
1.266066666666666691e+02 1.311333333333333258e+02 1.285000000000000000e+02
1.266066666666666691e+02 1.311333333333333258e+02 1.285000000000000000e+02
1.266066666666666691e+02 1.311333333333333258e+02 1.285000000000000000e+02
1.266066666666666691e+02 1.311333333333333258e+02 1.285000000000000000e+02
1.266066666666666691e+02 1.311333333333333258e+02 1.285000000000000000e+02
1.266066666666666691e+02 1.311333333333333258e+02 1.285000000000000000e+02
1.266066666666666691e+02 1.311333333333333258e+02 1.285000000000000000e+02
1.266066666666666691e+02 1.311333333333333258e+02 1.285000000000000000e+02
1.266066666666666691e+02 1.311333333333333258e+02 1.285000000000000000e+02
1.266066666666666691e+02 1.311333333333333258e+02 1.285000000000000000e+02
1.266066666666666691e+02 1.311333333333333258e+02 1.285000000000000000e+02
1.266066666666666691e+02 1.311333333333333258e+02 1.285000000000000000e+02
1.266066666666666691e+02 1.311333333333333258e+02 1.285000000000000000e+02
1.266066666666666691e+02 1.311333333333333258e+02 1.285000000000000000e+02
1.266066666666666691e+02 1.311333333333333258e+02 1.285000000000000000e+02
1.266066666666666691e+02 1.311333333333333258e+02 1.285000000000000000e+02
1.266066666666666691e+02 1.311333333333333258e+02 1.285000000000000000e+02
1.266066666666666691e+02 1.311333333333333258e+02 1.285000000000000000e+02
1.266066666666666691e+02 1.311333333333333258e+02 1.285000000000000000e+02
1.266066666666666691e+02 1.311333333333333258e+02 1.285000000000000000e+02
1.266066666666666691e+02 1.311333333333333258e+02 1.285000000000000000e+02
1.266066666666666691e+02 1.311333333333333258e+02 1.285000000000000000e+02
1.266066666666666691e+02 1.311333333333333258e+02 1.285000000000000000e+02
1.266066666666666691e+02 1.311333333333333258e+02 1.285000000000000000e+02
1.266066666666666691e+02 1.311333333333333258e+02 1.285000000000000000e+02
1.266066666666666691e+02 1.311333333333333258e+02 1.285000000000000000e+02
1.266066666666666691e+02 1.311333333333333258e+02 1.285000000000000000e+02
1.266066666666666691e+02 1.311333333333333258e+02 1.285000000000000000e+02
1.266066666666666691e+02 1.311333333333333258e+02 1.285000000000000000e+02
1.266066666666666691e+02 1.311333333333333258e+02 1.285000000000000000e+02
1.266066666666666691e+02 1.311333333333333258e+02 1.285000000000000000e+02
1.266066666666666691e+02 1.311333333333333258e+02 1.285000000000000000e+02
1.266066666666666691e+02 1.311333333333333258e+02 1.285000000000000000e+02
1.266066666666666691e+02 1.311333333333333258e+02 1.285000000000000000e+02
1.266066666666666691e+02 1.311333333333333258e+02 1.285000000000000000e+02
1.266066666666666691e+02 1.311333333333333258e+02 1.285000000000000000e+02
1.266066666666666691e+02 1.311333333333333258e+02 1.285000000000000000e+02
1.266066666666666691e+02 1.311333333333333258e+02 1.285000000000000000e+02
1.266066666666666691e+02 1.311333333333333258e+02 1.285000000000000000e+02
1.266066666666666691e+02 1.311333333333333258e+02 1.285000000000000000e+02
1.266066666666666691e+02 1.311333333333333258e+02 1.285000000000000000e+02
1.266066666666666691e+02 1.311333333333333258e+02 1.285000000000000000e+02
1.266066666666666691e+02 1.311333333333333258e+02 1.285000000000000000e+02
1.266066666666666691e+02 1.311333333333333258e+02 1.285000000000000000e+02
1.266066666666666691e+02 1.311333333333333258e+02 1.285000000000000000e+02
1.266066666666666691e+02 1.311333333333333258e+02 1.285000000000000000e+02
1.266066666666666691e+02 1.311333333333333258e+02 1.285000000000000000e+02
1.266066666666666691e+02 1.311333333333333258e+02 1.285000000000000000e+02
1.266066666666666691e+02 1.311333333333333258e+02 1.285000000000000000e+02
1.266066666666666691e+02 1.311333333333333258e+02 1.285000000000000000e+02
1.266066666666666691e+02 1.311333333333333258e+02 1.285000000000000000e+02
1.266066666666666691e+02 1.311333333333333258e+02 1.285000000000000000e+02
1.266066666666666691e+02 1.311333333333333258e+02 1.285000000000000000e+02
1.266066666666666691e+02 1.311333333333333258e+02 1.285000000000000000e+02
1.266066666666666691e+02 1.311333333333333258e+02 1.285000000000000000e+02
1.266066666666666691e+02 1.311333333333333258e+02 1.285000000000000000e+02
1.266066666666666691e+02 1.311333333333333258e+02 1.285000000000000000e+02
1.266066666666666691e+02 1.311333333333333258e+02 1.285000000000000000e+02
1.266066666666666691e+02 1.311333333333333258e+02 1.285000000000000000e+02
1.266066666666666691e+02 1.311333333333333258e+02 1.285000000000000000e+02
1.266066666666666691e+02 1.311333333333333258e+02 1.285000000000000000e+02
1.266066666666666691e+02 1.311333333333333258e+02 1.285000000000000000e+02
1.266066666666666691e+02 1.311333333333333258e+02 1.285000000000000000e+02
1.266066666666666691e+02 1.311333333333333258e+02 1.285000000000000000e+02
1.266066666666666691e+02 1.311333333333333258e+02 1.285000000000000000e+02
1.266066666666666691e+02 1.311333333333333258e+02 1.285000000000000000e+02
1.266066666666666691e+02 1.311333333333333258e+02 1.285000000000000000e+02
1.266066666666666691e+02 1.311333333333333258e+02 1.285000000000000000e+02
1.266066666666666691e+02 1.311333333333333258e+02 1.285000000000000000e+02
1.266066666666666691e+02 1.311333333333333258e+02 1.285000000000000000e+02
1.266066666666666691e+02 1.311333333333333258e+02 1.285000000000000000e+02
1.266066666666666691e+02 1.311333333333333258e+02 1.285000000000000000e+02
1.266066666666666691e+02 1.311333333333333258e+02 1.285000000000000000e+02
1.266066666666666691e+02 1.311333333333333258e+02 1.285000000000000000e+02
1.266066666666666691e+02 1.311333333333333258e+02 1.285000000000000000e+02
1.266066666666666691e+02 1.311333333333333258e+02 1.285000000000000000e+02
1.266066666666666691e+02 1.311333333333333258e+02 1.285000000000000000e+02
1.266066666666666691e+02 1.311333333333333258e+02 1.285000000000000000e+02
1.266066666666666691e+02 1.311333333333333258e+02 1.285000000000000000e+02
1.266066666666666691e+02 1.311333333333333258e+02 1.285000000000000000e+02
1.266066666666666691e+02 1.311333333333333258e+02 1.285000000000000000e+02
1.266066666666666691e+02 1.311333333333333258e+02 1.285000000000000000e+02
1.266066666666666691e+02 1.311333333333333258e+02 1.285000000000000000e+02
1.266066666666666691e+02 1.311333333333333258e+02 1.285000000000000000e+02
1.266066666666666691e+02 1.311333333333333258e+02 1.285000000000000000e+02
1.266066666666666691e+02 1.311333333333333258e+02 1.285000000000000000e+02
1.266066666666666691e+02 1.311333333333333258e+02 1.285000000000000000e+02
1.266066666666666691e+02 1.311333333333333258e+02 1.285000000000000000e+02
1.266066666666666691e+02 1.311333333333333258e+02 1.285000000000000000e+02
1.266066666666666691e+02 1.311333333333333258e+02 1.285000000000000000e+02
1.266066666666666691e+02 1.311333333333333258e+02 1.285000000000000000e+02
1.266066666666666691e+02 1.311333333333333258e+02 1.285000000000000000e+02
1.266066666666666691e+02 1.311333333333333258e+02 1.285000000000000000e+02
1.266066666666666691e+02 1.311333333333333258e+02 1.285000000000000000e+02
1.266066666666666691e+02 1.311333333333333258e+02 1.285000000000000000e+02
1.266066666666666691e+02 1.311333333333333258e+02 1.285000000000000000e+02
1.266066666666666691e+02 1.311333333333333258e+02 1.285000000000000000e+02
1.266066666666666691e+02 1.311333333333333258e+02 1.285000000000000000e+02
1.266066666666666691e+02 1.311333333333333258e+02 1.285000000000000000e+02
1.266066666666666691e+02 1.311333333333333258e+02 1.285000000000000000e+02
1.266066666666666691e+02 1.311333333333333258e+02 1.285000000000000000e+02
1.266066666666666691e+02 1.311333333333333258e+02 1.285000000000000000e+02
1.266066666666666691e+02 1.311333333333333258e+02 1.285000000000000000e+02
1.266066666666666691e+02 1.311333333333333258e+02 1.285000000000000000e+02
1.266066666666666691e+02 1.311333333333333258e+02 1.285000000000000000e+02
1.266066666666666691e+02 1.311333333333333258e+02 1.285000000000000000e+02
1.266066666666666691e+02 1.311333333333333258e+02 1.285000000000000000e+02
1.266066666666666691e+02 1.311333333333333258e+02 1.285000000000000000e+02
1.266066666666666691e+02 1.311333333333333258e+02 1.285000000000000000e+02
1.266066666666666691e+02 1.311333333333333258e+02 1.285000000000000000e+02
1.266066666666666691e+02 1.311333333333333258e+02 1.285000000000000000e+02
1.266066666666666691e+02 1.311333333333333258e+02 1.285000000000000000e+02
1.266066666666666691e+02 1.311333333333333258e+02 1.285000000000000000e+02
1.266066666666666691e+02 1.311333333333333258e+02 1.285000000000000000e+02
1.266066666666666691e+02 1.311333333333333258e+02 1.285000000000000000e+02
1.266066666666666691e+02 1.311333333333333258e+02 1.285000000000000000e+02
1.266066666666666691e+02 1.311333333333333258e+02 1.285000000000000000e+02
1.266066666666666691e+02 1.311333333333333258e+02 1.285000000000000000e+02
1.266066666666666691e+02 1.311333333333333258e+02 1.285000000000000000e+02
1.266066666666666691e+02 1.311333333333333258e+02 1.285000000000000000e+02
1.266066666666666691e+02 1.311333333333333258e+02 1.285000000000000000e+02
1.266066666666666691e+02 1.311333333333333258e+02 1.285000000000000000e+02
1.266066666666666691e+02 1.311333333333333258e+02 1.285000000000000000e+02
1.266066666666666691e+02 1.311333333333333258e+02 1.285000000000000000e+02
1.266066666666666691e+02 1.311333333333333258e+02 1.285000000000000000e+02
1.266066666666666691e+02 1.311333333333333258e+02 1.285000000000000000e+02
1.266066666666666691e+02 1.311333333333333258e+02 1.285000000000000000e+02
1.266066666666666691e+02 1.311333333333333258e+02 1.285000000000000000e+02
1.266066666666666691e+02 1.311333333333333258e+02 1.285000000000000000e+02
1.266066666666666691e+02 1.311333333333333258e+02 1.285000000000000000e+02
1.266066666666666691e+02 1.311333333333333258e+02 1.285000000000000000e+02
1.266066666666666691e+02 1.311333333333333258e+02 1.285000000000000000e+02
1.266066666666666691e+02 1.311333333333333258e+02 1.285000000000000000e+02
1.266066666666666691e+02 1.311333333333333258e+02 1.285000000000000000e+02
1.266066666666666691e+02 1.311333333333333258e+02 1.285000000000000000e+02
1.266066666666666691e+02 1.311333333333333258e+02 1.285000000000000000e+02
1.266066666666666691e+02 1.311333333333333258e+02 1.285000000000000000e+02
1.266066666666666691e+02 1.311333333333333258e+02 1.285000000000000000e+02
1.266066666666666691e+02 1.311333333333333258e+02 1.285000000000000000e+02
1.266066666666666691e+02 1.311333333333333258e+02 1.285000000000000000e+02
1.266066666666666691e+02 1.311333333333333258e+02 1.285000000000000000e+02
1.266066666666666691e+02 1.311333333333333258e+02 1.285000000000000000e+02
1.266066666666666691e+02 1.311333333333333258e+02 1.285000000000000000e+02
1.266066666666666691e+02 1.311333333333333258e+02 1.285000000000000000e+02
1.266066666666666691e+02 1.311333333333333258e+02 1.285000000000000000e+02
1.266066666666666691e+02 1.311333333333333258e+02 1.285000000000000000e+02
1.266066666666666691e+02 1.311333333333333258e+02 1.285000000000000000e+02
1.266066666666666691e+02 1.311333333333333258e+02 1.285000000000000000e+02
1.266066666666666691e+02 1.311333333333333258e+02 1.285000000000000000e+02
1.266066666666666691e+02 1.311333333333333258e+02 1.285000000000000000e+02
1.266066666666666691e+02 1.311333333333333258e+02 1.285000000000000000e+02
1.266066666666666691e+02 1.311333333333333258e+02 1.285000000000000000e+02
1.266066666666666691e+02 1.311333333333333258e+02 1.285000000000000000e+02
1.266066666666666691e+02 1.311333333333333258e+02 1.285000000000000000e+02
1.266066666666666691e+02 1.311333333333333258e+02 1.285000000000000000e+02
1.266066666666666691e+02 1.311333333333333258e+02 1.285000000000000000e+02
1.266066666666666691e+02 1.311333333333333258e+02 1.285000000000000000e+02
1.266066666666666691e+02 1.311333333333333258e+02 1.285000000000000000e+02
1.266066666666666691e+02 1.311333333333333258e+02 1.285000000000000000e+02
1.266066666666666691e+02 1.311333333333333258e+02 1.285000000000000000e+02
1.266066666666666691e+02 1.311333333333333258e+02 1.285000000000000000e+02
1.266066666666666691e+02 1.311333333333333258e+02 1.285000000000000000e+02
1.266066666666666691e+02 1.311333333333333258e+02 1.285000000000000000e+02
1.266066666666666691e+02 1.311333333333333258e+02 1.285000000000000000e+02
1.266066666666666691e+02 1.311333333333333258e+02 1.285000000000000000e+02
1.266066666666666691e+02 1.311333333333333258e+02 1.285000000000000000e+02
1.266066666666666691e+02 1.311333333333333258e+02 1.285000000000000000e+02
1.266066666666666691e+02 1.311333333333333258e+02 1.285000000000000000e+02
1.266066666666666691e+02 1.311333333333333258e+02 1.285000000000000000e+02
1.266066666666666691e+02 1.311333333333333258e+02 1.285000000000000000e+02
1.266066666666666691e+02 1.311333333333333258e+02 1.285000000000000000e+02
1.266066666666666691e+02 1.311333333333333258e+02 1.285000000000000000e+02
1.266066666666666691e+02 1.311333333333333258e+02 1.285000000000000000e+02
1.266066666666666691e+02 1.311333333333333258e+02 1.285000000000000000e+02
1.266066666666666691e+02 1.311333333333333258e+02 1.285000000000000000e+02
1.266066666666666691e+02 1.311333333333333258e+02 1.285000000000000000e+02
1.266066666666666691e+02 1.311333333333333258e+02 1.285000000000000000e+02
1.266066666666666691e+02 1.311333333333333258e+02 1.285000000000000000e+02
1.266066666666666691e+02 1.311333333333333258e+02 1.285000000000000000e+02
1.266066666666666691e+02 1.311333333333333258e+02 1.285000000000000000e+02
1.266066666666666691e+02 1.311333333333333258e+02 1.285000000000000000e+02
1.266066666666666691e+02 1.311333333333333258e+02 1.285000000000000000e+02
1.266066666666666691e+02 1.311333333333333258e+02 1.285000000000000000e+02
1.266066666666666691e+02 1.311333333333333258e+02 1.285000000000000000e+02
1.266066666666666691e+02 1.311333333333333258e+02 1.285000000000000000e+02
1.266066666666666691e+02 1.311333333333333258e+02 1.285000000000000000e+02
1.266066666666666691e+02 1.311333333333333258e+02 1.285000000000000000e+02
1.266066666666666691e+02 1.311333333333333258e+02 1.285000000000000000e+02
1.266066666666666691e+02 1.311333333333333258e+02 1.285000000000000000e+02
1.266066666666666691e+02 1.311333333333333258e+02 1.285000000000000000e+02
1.266066666666666691e+02 1.311333333333333258e+02 1.285000000000000000e+02
1.266066666666666691e+02 1.311333333333333258e+02 1.285000000000000000e+02
1.266066666666666691e+02 1.311333333333333258e+02 1.285000000000000000e+02
1.266066666666666691e+02 1.311333333333333258e+02 1.285000000000000000e+02
1.266066666666666691e+02 1.311333333333333258e+02 1.285000000000000000e+02
1.266066666666666691e+02 1.311333333333333258e+02 1.285000000000000000e+02
1.266066666666666691e+02 1.311333333333333258e+02 1.285000000000000000e+02
1.266066666666666691e+02 1.311333333333333258e+02 1.285000000000000000e+02
1.266066666666666691e+02 1.311333333333333258e+02 1.285000000000000000e+02
1.266066666666666691e+02 1.311333333333333258e+02 1.285000000000000000e+02
1.266066666666666691e+02 1.311333333333333258e+02 1.285000000000000000e+02
1.266066666666666691e+02 1.311333333333333258e+02 1.285000000000000000e+02
1.266066666666666691e+02 1.311333333333333258e+02 1.285000000000000000e+02
1.266066666666666691e+02 1.311333333333333258e+02 1.285000000000000000e+02
1.266066666666666691e+02 1.311333333333333258e+02 1.285000000000000000e+02
1.266066666666666691e+02 1.311333333333333258e+02 1.285000000000000000e+02
1.266066666666666691e+02 1.311333333333333258e+02 1.285000000000000000e+02
1.266066666666666691e+02 1.311333333333333258e+02 1.285000000000000000e+02
1.266066666666666691e+02 1.311333333333333258e+02 1.285000000000000000e+02
1.266066666666666691e+02 1.311333333333333258e+02 1.285000000000000000e+02
1.266066666666666691e+02 1.311333333333333258e+02 1.285000000000000000e+02
1.266066666666666691e+02 1.311333333333333258e+02 1.285000000000000000e+02
1.266066666666666691e+02 1.311333333333333258e+02 1.285000000000000000e+02
1.266066666666666691e+02 1.311333333333333258e+02 1.285000000000000000e+02
1.266066666666666691e+02 1.311333333333333258e+02 1.285000000000000000e+02
1.266066666666666691e+02 1.311333333333333258e+02 1.285000000000000000e+02
1.266066666666666691e+02 1.311333333333333258e+02 1.285000000000000000e+02
1.266066666666666691e+02 1.311333333333333258e+02 1.285000000000000000e+02
1.266066666666666691e+02 1.311333333333333258e+02 1.285000000000000000e+02
1.266066666666666691e+02 1.311333333333333258e+02 1.285000000000000000e+02
1.266066666666666691e+02 1.311333333333333258e+02 1.285000000000000000e+02
1.266066666666666691e+02 1.311333333333333258e+02 1.285000000000000000e+02
1.266066666666666691e+02 1.311333333333333258e+02 1.285000000000000000e+02
1.266066666666666691e+02 1.311333333333333258e+02 1.285000000000000000e+02
1.266066666666666691e+02 1.311333333333333258e+02 1.285000000000000000e+02
1.266066666666666691e+02 1.311333333333333258e+02 1.285000000000000000e+02
1.266066666666666691e+02 1.311333333333333258e+02 1.285000000000000000e+02
1.266066666666666691e+02 1.311333333333333258e+02 1.285000000000000000e+02
1.266066666666666691e+02 1.311333333333333258e+02 1.285000000000000000e+02
1.266066666666666691e+02 1.311333333333333258e+02 1.285000000000000000e+02
1.266066666666666691e+02 1.311333333333333258e+02 1.285000000000000000e+02
1.266066666666666691e+02 1.311333333333333258e+02 1.285000000000000000e+02
1.266066666666666691e+02 1.311333333333333258e+02 1.285000000000000000e+02
1.266066666666666691e+02 1.311333333333333258e+02 1.285000000000000000e+02
1.266066666666666691e+02 1.311333333333333258e+02 1.285000000000000000e+02
1.266066666666666691e+02 1.311333333333333258e+02 1.285000000000000000e+02
1.266066666666666691e+02 1.311333333333333258e+02 1.285000000000000000e+02
1.266066666666666691e+02 1.311333333333333258e+02 1.285000000000000000e+02
1.266066666666666691e+02 1.311333333333333258e+02 1.285000000000000000e+02
1.266066666666666691e+02 1.311333333333333258e+02 1.285000000000000000e+02
1.266066666666666691e+02 1.311333333333333258e+02 1.285000000000000000e+02
1.266066666666666691e+02 1.311333333333333258e+02 1.285000000000000000e+02
1.266066666666666691e+02 1.311333333333333258e+02 1.285000000000000000e+02
1.266066666666666691e+02 1.311333333333333258e+02 1.285000000000000000e+02
1.266066666666666691e+02 1.311333333333333258e+02 1.285000000000000000e+02
1.266066666666666691e+02 1.311333333333333258e+02 1.285000000000000000e+02
1.266066666666666691e+02 1.311333333333333258e+02 1.285000000000000000e+02
1.266066666666666691e+02 1.311333333333333258e+02 1.285000000000000000e+02
1.266066666666666691e+02 1.311333333333333258e+02 1.285000000000000000e+02
1.266066666666666691e+02 1.311333333333333258e+02 1.285000000000000000e+02
1.266066666666666691e+02 1.311333333333333258e+02 1.285000000000000000e+02
1.266066666666666691e+02 1.311333333333333258e+02 1.285000000000000000e+02
1.266066666666666691e+02 1.311333333333333258e+02 1.285000000000000000e+02
1.266066666666666691e+02 1.311333333333333258e+02 1.285000000000000000e+02
1.266066666666666691e+02 1.311333333333333258e+02 1.285000000000000000e+02
1.266066666666666691e+02 1.311333333333333258e+02 1.285000000000000000e+02
1.266066666666666691e+02 1.311333333333333258e+02 1.285000000000000000e+02
1.266066666666666691e+02 1.311333333333333258e+02 1.285000000000000000e+02
1.266066666666666691e+02 1.311333333333333258e+02 1.285000000000000000e+02
1.266066666666666691e+02 1.311333333333333258e+02 1.285000000000000000e+02
1.266066666666666691e+02 1.311333333333333258e+02 1.285000000000000000e+02
1.266066666666666691e+02 1.311333333333333258e+02 1.285000000000000000e+02
1.266066666666666691e+02 1.311333333333333258e+02 1.285000000000000000e+02
1.266066666666666691e+02 1.311333333333333258e+02 1.285000000000000000e+02
1.266066666666666691e+02 1.311333333333333258e+02 1.285000000000000000e+02
1.266066666666666691e+02 1.311333333333333258e+02 1.285000000000000000e+02
1.266066666666666691e+02 1.311333333333333258e+02 1.285000000000000000e+02
1.266066666666666691e+02 1.311333333333333258e+02 1.285000000000000000e+02
1.266066666666666691e+02 1.311333333333333258e+02 1.285000000000000000e+02
1.266066666666666691e+02 1.311333333333333258e+02 1.285000000000000000e+02
1.266066666666666691e+02 1.311333333333333258e+02 1.285000000000000000e+02
1.266066666666666691e+02 1.311333333333333258e+02 1.285000000000000000e+02
1.266066666666666691e+02 1.311333333333333258e+02 1.285000000000000000e+02
1.266066666666666691e+02 1.311333333333333258e+02 1.285000000000000000e+02
1.266066666666666691e+02 1.311333333333333258e+02 1.285000000000000000e+02
1.266066666666666691e+02 1.311333333333333258e+02 1.285000000000000000e+02
1.266066666666666691e+02 1.311333333333333258e+02 1.285000000000000000e+02
1.266066666666666691e+02 1.311333333333333258e+02 1.285000000000000000e+02
1.266066666666666691e+02 1.311333333333333258e+02 1.285000000000000000e+02
1.266066666666666691e+02 1.311333333333333258e+02 1.285000000000000000e+02
1.266066666666666691e+02 1.311333333333333258e+02 1.285000000000000000e+02
1.266066666666666691e+02 1.311333333333333258e+02 1.285000000000000000e+02
1.266066666666666691e+02 1.311333333333333258e+02 1.285000000000000000e+02
1.266066666666666691e+02 1.311333333333333258e+02 1.285000000000000000e+02
1.266066666666666691e+02 1.311333333333333258e+02 1.285000000000000000e+02
1.266066666666666691e+02 1.311333333333333258e+02 1.285000000000000000e+02
1.266066666666666691e+02 1.311333333333333258e+02 1.285000000000000000e+02
1.266066666666666691e+02 1.311333333333333258e+02 1.285000000000000000e+02
1.266066666666666691e+02 1.311333333333333258e+02 1.285000000000000000e+02
1.266066666666666691e+02 1.311333333333333258e+02 1.285000000000000000e+02
1.266066666666666691e+02 1.311333333333333258e+02 1.285000000000000000e+02
1.266066666666666691e+02 1.311333333333333258e+02 1.285000000000000000e+02
1.266066666666666691e+02 1.311333333333333258e+02 1.285000000000000000e+02
1.266066666666666691e+02 1.311333333333333258e+02 1.285000000000000000e+02
1.266066666666666691e+02 1.311333333333333258e+02 1.285000000000000000e+02
1.266066666666666691e+02 1.311333333333333258e+02 1.285000000000000000e+02
1.266066666666666691e+02 1.311333333333333258e+02 1.285000000000000000e+02
1.266066666666666691e+02 1.311333333333333258e+02 1.285000000000000000e+02
1.266066666666666691e+02 1.311333333333333258e+02 1.285000000000000000e+02
1.266066666666666691e+02 1.311333333333333258e+02 1.285000000000000000e+02
1.266066666666666691e+02 1.311333333333333258e+02 1.285000000000000000e+02
1.266066666666666691e+02 1.311333333333333258e+02 1.285000000000000000e+02
1.266066666666666691e+02 1.311333333333333258e+02 1.285000000000000000e+02
1.266066666666666691e+02 1.311333333333333258e+02 1.285000000000000000e+02
1.266066666666666691e+02 1.311333333333333258e+02 1.285000000000000000e+02
1.266066666666666691e+02 1.311333333333333258e+02 1.285000000000000000e+02
1.266066666666666691e+02 1.311333333333333258e+02 1.285000000000000000e+02
1.266066666666666691e+02 1.311333333333333258e+02 1.285000000000000000e+02
1.266066666666666691e+02 1.311333333333333258e+02 1.285000000000000000e+02
1.266066666666666691e+02 1.311333333333333258e+02 1.285000000000000000e+02
1.266066666666666691e+02 1.311333333333333258e+02 1.285000000000000000e+02
1.266066666666666691e+02 1.311333333333333258e+02 1.285000000000000000e+02
1.266066666666666691e+02 1.311333333333333258e+02 1.285000000000000000e+02
1.266066666666666691e+02 1.311333333333333258e+02 1.285000000000000000e+02
1.266066666666666691e+02 1.311333333333333258e+02 1.285000000000000000e+02
1.266066666666666691e+02 1.311333333333333258e+02 1.285000000000000000e+02
1.266066666666666691e+02 1.311333333333333258e+02 1.285000000000000000e+02
1.266066666666666691e+02 1.311333333333333258e+02 1.285000000000000000e+02
1.266066666666666691e+02 1.311333333333333258e+02 1.285000000000000000e+02
1.266066666666666691e+02 1.311333333333333258e+02 1.285000000000000000e+02
1.266066666666666691e+02 1.311333333333333258e+02 1.285000000000000000e+02
1.266066666666666691e+02 1.311333333333333258e+02 1.285000000000000000e+02
1.266066666666666691e+02 1.311333333333333258e+02 1.285000000000000000e+02
1.266066666666666691e+02 1.311333333333333258e+02 1.285000000000000000e+02
1.266066666666666691e+02 1.311333333333333258e+02 1.285000000000000000e+02
1.266066666666666691e+02 1.311333333333333258e+02 1.285000000000000000e+02
1.266066666666666691e+02 1.311333333333333258e+02 1.285000000000000000e+02
1.266066666666666691e+02 1.311333333333333258e+02 1.285000000000000000e+02
1.266066666666666691e+02 1.311333333333333258e+02 1.285000000000000000e+02
1.266066666666666691e+02 1.311333333333333258e+02 1.285000000000000000e+02
1.266066666666666691e+02 1.311333333333333258e+02 1.285000000000000000e+02
1.266066666666666691e+02 1.311333333333333258e+02 1.285000000000000000e+02
1.266066666666666691e+02 1.311333333333333258e+02 1.285000000000000000e+02
1.266066666666666691e+02 1.311333333333333258e+02 1.285000000000000000e+02
1.266066666666666691e+02 1.311333333333333258e+02 1.285000000000000000e+02
1.266066666666666691e+02 1.311333333333333258e+02 1.285000000000000000e+02
1.266066666666666691e+02 1.311333333333333258e+02 1.285000000000000000e+02
1.266066666666666691e+02 1.311333333333333258e+02 1.285000000000000000e+02
1.266066666666666691e+02 1.311333333333333258e+02 1.285000000000000000e+02
1.266066666666666691e+02 1.311333333333333258e+02 1.285000000000000000e+02
1.266066666666666691e+02 1.311333333333333258e+02 1.285000000000000000e+02
1.266066666666666691e+02 1.311333333333333258e+02 1.285000000000000000e+02
1.266066666666666691e+02 1.311333333333333258e+02 1.285000000000000000e+02
1.266066666666666691e+02 1.311333333333333258e+02 1.285000000000000000e+02
1.266066666666666691e+02 1.311333333333333258e+02 1.285000000000000000e+02
1.266066666666666691e+02 1.311333333333333258e+02 1.285000000000000000e+02
1.266066666666666691e+02 1.311333333333333258e+02 1.285000000000000000e+02
1.266066666666666691e+02 1.311333333333333258e+02 1.285000000000000000e+02
1.266066666666666691e+02 1.311333333333333258e+02 1.285000000000000000e+02
1.266066666666666691e+02 1.311333333333333258e+02 1.285000000000000000e+02
1.266066666666666691e+02 1.311333333333333258e+02 1.285000000000000000e+02
1.266066666666666691e+02 1.311333333333333258e+02 1.285000000000000000e+02
1.266066666666666691e+02 1.311333333333333258e+02 1.285000000000000000e+02
1.266066666666666691e+02 1.311333333333333258e+02 1.285000000000000000e+02
1.266066666666666691e+02 1.311333333333333258e+02 1.285000000000000000e+02
1.266066666666666691e+02 1.311333333333333258e+02 1.285000000000000000e+02
1.266066666666666691e+02 1.311333333333333258e+02 1.285000000000000000e+02
1.266066666666666691e+02 1.311333333333333258e+02 1.285000000000000000e+02
1.266066666666666691e+02 1.311333333333333258e+02 1.285000000000000000e+02
1.266066666666666691e+02 1.311333333333333258e+02 1.285000000000000000e+02
1.266066666666666691e+02 1.311333333333333258e+02 1.285000000000000000e+02
1.266066666666666691e+02 1.311333333333333258e+02 1.285000000000000000e+02
1.266066666666666691e+02 1.311333333333333258e+02 1.285000000000000000e+02
1.266066666666666691e+02 1.311333333333333258e+02 1.285000000000000000e+02
1.266066666666666691e+02 1.311333333333333258e+02 1.285000000000000000e+02
1.266066666666666691e+02 1.311333333333333258e+02 1.285000000000000000e+02
1.266066666666666691e+02 1.311333333333333258e+02 1.285000000000000000e+02
1.266066666666666691e+02 1.311333333333333258e+02 1.285000000000000000e+02
1.266066666666666691e+02 1.311333333333333258e+02 1.285000000000000000e+02
1.266066666666666691e+02 1.311333333333333258e+02 1.285000000000000000e+02
1.266066666666666691e+02 1.311333333333333258e+02 1.285000000000000000e+02
1.266066666666666691e+02 1.311333333333333258e+02 1.285000000000000000e+02
1.266066666666666691e+02 1.311333333333333258e+02 1.285000000000000000e+02
1.266066666666666691e+02 1.311333333333333258e+02 1.285000000000000000e+02
1.266066666666666691e+02 1.311333333333333258e+02 1.285000000000000000e+02
1.266066666666666691e+02 1.311333333333333258e+02 1.285000000000000000e+02
1.266066666666666691e+02 1.311333333333333258e+02 1.285000000000000000e+02
1.266066666666666691e+02 1.311333333333333258e+02 1.285000000000000000e+02
1.266066666666666691e+02 1.311333333333333258e+02 1.285000000000000000e+02
1.266066666666666691e+02 1.311333333333333258e+02 1.285000000000000000e+02
1.266066666666666691e+02 1.311333333333333258e+02 1.285000000000000000e+02
1.266066666666666691e+02 1.311333333333333258e+02 1.285000000000000000e+02
1.266066666666666691e+02 1.311333333333333258e+02 1.285000000000000000e+02
1.266066666666666691e+02 1.311333333333333258e+02 1.285000000000000000e+02
1.266066666666666691e+02 1.311333333333333258e+02 1.285000000000000000e+02
1.266066666666666691e+02 1.311333333333333258e+02 1.285000000000000000e+02
1.266066666666666691e+02 1.311333333333333258e+02 1.285000000000000000e+02
1.266066666666666691e+02 1.311333333333333258e+02 1.285000000000000000e+02
1.266066666666666691e+02 1.311333333333333258e+02 1.285000000000000000e+02
1.266066666666666691e+02 1.311333333333333258e+02 1.285000000000000000e+02
1.266066666666666691e+02 1.311333333333333258e+02 1.285000000000000000e+02
1.266066666666666691e+02 1.311333333333333258e+02 1.285000000000000000e+02
1.266066666666666691e+02 1.311333333333333258e+02 1.285000000000000000e+02
1.266066666666666691e+02 1.311333333333333258e+02 1.285000000000000000e+02
1.266066666666666691e+02 1.311333333333333258e+02 1.285000000000000000e+02
1.266066666666666691e+02 1.311333333333333258e+02 1.285000000000000000e+02
1.266066666666666691e+02 1.311333333333333258e+02 1.285000000000000000e+02
1.266066666666666691e+02 1.311333333333333258e+02 1.285000000000000000e+02
1.266066666666666691e+02 1.311333333333333258e+02 1.285000000000000000e+02
1.266066666666666691e+02 1.311333333333333258e+02 1.285000000000000000e+02
1.266066666666666691e+02 1.311333333333333258e+02 1.285000000000000000e+02
1.266066666666666691e+02 1.311333333333333258e+02 1.285000000000000000e+02
1.266066666666666691e+02 1.311333333333333258e+02 1.285000000000000000e+02
1.266066666666666691e+02 1.311333333333333258e+02 1.285000000000000000e+02
1.266066666666666691e+02 1.311333333333333258e+02 1.285000000000000000e+02
1.266066666666666691e+02 1.311333333333333258e+02 1.285000000000000000e+02
1.266066666666666691e+02 1.311333333333333258e+02 1.285000000000000000e+02
1.266066666666666691e+02 1.311333333333333258e+02 1.285000000000000000e+02
1.266066666666666691e+02 1.311333333333333258e+02 1.285000000000000000e+02
1.266066666666666691e+02 1.311333333333333258e+02 1.285000000000000000e+02
1.266066666666666691e+02 1.311333333333333258e+02 1.285000000000000000e+02
1.266066666666666691e+02 1.311333333333333258e+02 1.285000000000000000e+02
1.266066666666666691e+02 1.311333333333333258e+02 1.285000000000000000e+02
1.266066666666666691e+02 1.311333333333333258e+02 1.285000000000000000e+02
1.266066666666666691e+02 1.311333333333333258e+02 1.285000000000000000e+02
1.266066666666666691e+02 1.311333333333333258e+02 1.285000000000000000e+02
1.266066666666666691e+02 1.311333333333333258e+02 1.285000000000000000e+02
1.266066666666666691e+02 1.311333333333333258e+02 1.285000000000000000e+02
1.266066666666666691e+02 1.311333333333333258e+02 1.285000000000000000e+02
1.266066666666666691e+02 1.311333333333333258e+02 1.285000000000000000e+02
1.266066666666666691e+02 1.311333333333333258e+02 1.285000000000000000e+02
1.266066666666666691e+02 1.311333333333333258e+02 1.285000000000000000e+02
1.266066666666666691e+02 1.311333333333333258e+02 1.285000000000000000e+02
1.266066666666666691e+02 1.311333333333333258e+02 1.285000000000000000e+02
1.266066666666666691e+02 1.311333333333333258e+02 1.285000000000000000e+02
