1.273907284768211952e+02 1.283443708609271425e+02 1.261059602649006592e+02
1.274533333333333331e+02 1.283400000000000034e+02 1.261533333333333360e+02
1.273466666666666640e+02 1.282466666666666697e+02 1.261133333333333297e+02
1.272885906040268509e+02 1.282751677852349133e+02 1.261946308724832164e+02
1.272866666666666617e+02 1.282800000000000011e+02 1.261733333333333320e+02
1.274864864864864842e+02 1.282905405405405475e+02 1.261959459459459509e+02
1.275100671140939568e+02 1.283087248322147786e+02 1.262281879194630818e+02
1.275519480519480453e+02 1.283506493506493484e+02 1.263571428571428612e+02
1.276912751677852356e+02 1.281812080536912788e+02 1.262416107382550337e+02
1.276266666666666652e+02 1.281200000000000045e+02 1.263533333333333388e+02
1.277181208053691250e+02 1.282080536912751541e+02 1.262013422818791923e+02
1.276973684210526301e+02 1.282697368421052602e+02 1.261644736842105203e+02
1.278064516129032313e+02 1.282838709677419331e+02 1.261935483870967687e+02
1.278675496688741759e+02 1.282715231788079393e+02 1.260927152317880768e+02
1.279194630872483174e+02 1.283154362416107404e+02 1.260536912751677789e+02
1.279736842105263150e+02 1.283092105263157805e+02 1.258881578947368354e+02
1.280198675496688736e+02 1.284635761589403842e+02 1.258675496688741759e+02
1.280066225165562912e+02 1.284437086092715106e+02 1.258741721854304672e+02
1.279342105263157947e+02 1.284671052631578902e+02 1.259342105263157947e+02
1.280067114093959617e+02 1.286644295302013461e+02 1.260738255033557067e+02
1.280264900662251648e+02 1.286887417218543135e+02 1.260463576158940384e+02
1.279337748344370880e+02 1.289006622516556320e+02 1.260000000000000000e+02
1.279743589743589780e+02 1.289166666666666572e+02 1.260320512820512846e+02
1.280133333333333212e+02 1.288799999999999955e+02 1.259399999999999977e+02
1.280134228187919518e+02 1.288590604026845767e+02 1.258993288590604038e+02
1.280526315789473699e+02 1.287565789473684106e+02 1.258552631578947398e+02
1.280129870129870255e+02 1.287597402597402549e+02 1.258311688311688243e+02
1.279403973509933792e+02 1.287682119205298079e+02 1.259072847682119232e+02
1.279210526315789451e+02 1.288157894736842195e+02 1.255855263157894797e+02
1.279539473684210549e+02 1.288289473684210407e+02 1.255723684210526301e+02
1.280463576158940384e+02 1.289933774834437088e+02 1.255695364238410576e+02
1.280671140939597308e+02 1.290067114093959617e+02 1.257046979865771874e+02
1.280200000000000102e+02 1.289866666666666788e+02 1.256266666666666652e+02
1.279865771812080482e+02 1.290738255033556925e+02 1.255906040268456394e+02
1.279735099337748352e+02 1.290397350993377472e+02 1.254238410596026512e+02
1.279403973509933792e+02 1.290662251655629120e+02 1.253973509933774864e+02
1.279805194805194759e+02 1.286688311688311614e+02 1.255714285714285694e+02
1.278431372549019613e+02 1.286143790849673110e+02 1.255294117647058840e+02
1.278466666666666640e+02 1.285000000000000000e+02 1.254866666666666646e+02
1.278278145695364287e+02 1.283973509933774722e+02 1.257086092715231729e+02
1.277350993377483377e+02 1.284304635761589282e+02 1.256887417218542993e+02
1.277857142857142918e+02 1.284610389610389518e+02 1.257467532467532436e+02
1.278104575163398664e+02 1.284575163398692723e+02 1.258104575163398664e+02
1.276732026143790790e+02 1.286078431372548891e+02 1.258104575163398664e+02
1.277727272727272663e+02 1.286168831168831161e+02 1.257597402597402549e+02
1.278940397350993408e+02 1.286754966887417311e+02 1.256357615894039697e+02
1.277870967741935431e+02 1.285741935483870861e+02 1.257032258064516128e+02
1.278741721854304672e+02 1.286887417218543135e+02 1.256026490066225136e+02
1.278333333333333286e+02 1.287266666666666595e+02 1.255266666666666708e+02
1.278636363636363598e+02 1.288181818181818130e+02 1.255064935064935128e+02
1.277712418300653638e+02 1.287385620915032689e+02 1.254640522875816941e+02
1.277999999999999972e+02 1.286466666666666754e+02 1.255066666666666606e+02
1.277533333333333303e+02 1.286066666666666549e+02 1.255133333333333354e+02
1.277631578947368354e+02 1.286184210526315894e+02 1.253552631578947398e+02
1.275133333333333354e+02 1.284799999999999898e+02 1.253666666666666600e+02
1.274013157894736850e+02 1.284934210526315894e+02 1.253815789473684248e+02
1.273892617449664471e+02 1.285570469798657598e+02 1.253087248322147644e+02
1.273870967741935516e+02 1.285870967741935544e+02 1.251935483870967687e+02
1.274276315789473699e+02 1.285394736842105203e+02 1.250592105263157947e+02
1.274276315789473699e+02 1.284342105263157805e+02 1.252302631578947398e+02
1.275033557046979809e+02 1.283422818791946440e+02 1.253355704697986539e+02
1.274797297297297263e+02 1.283243243243243228e+02 1.253378378378378386e+02
1.275302013422818845e+02 1.283288590604026922e+02 1.253422818791946298e+02
1.275337837837837895e+02 1.283108108108108070e+02 1.253378378378378386e+02
1.274575163398692865e+02 1.285294117647058840e+02 1.255947712418300597e+02
1.274635761589403984e+02 1.286291390728476927e+02 1.256754966887417169e+02
1.274161073825503365e+02 1.287651006711409423e+02 1.258187919463087212e+02
1.274172185430463600e+02 1.286225165562914015e+02 1.257549668874172255e+02
1.274039735099337776e+02 1.285960264900662366e+02 1.257947019867549727e+02
1.274161073825503365e+02 1.286040268456375770e+02 1.256979865771812115e+02
1.275960264900662224e+02 1.285894039735099454e+02 1.256622516556291345e+02
1.276333333333333400e+02 1.287133333333333383e+02 1.257266666666666737e+02
1.276866666666666674e+02 1.288733333333333348e+02 1.258400000000000034e+02
1.276776315789473699e+02 1.290328947368421098e+02 1.258552631578947398e+02
1.276225165562913872e+02 1.289337748344370880e+02 1.258145695364238463e+02
1.276979865771812115e+02 1.289731543624160963e+02 1.258993288590604038e+02
1.277682119205298079e+02 1.289403973509933792e+02 1.258211920529801375e+02
1.277385620915032689e+02 1.288954248366013076e+02 1.258235294117647101e+02
1.277565789473684248e+02 1.287039473684210407e+02 1.257500000000000000e+02
1.278456375838926107e+02 1.287315436241610769e+02 1.256442953020134183e+02
1.279933333333333394e+02 1.286866666666666674e+02 1.256599999999999966e+02
1.279200000000000017e+02 1.286533333333333360e+02 1.257133333333333383e+02
1.278675496688741759e+02 1.286092715231788191e+02 1.255894039735099312e+02
1.279803921568627487e+02 1.285555555555555429e+02 1.255228758169934622e+02
1.279934640522875782e+02 1.285490196078431495e+02 1.255294117647058840e+02
1.278266666666666680e+02 1.286533333333333360e+02 1.255466666666666669e+02
1.277350993377483377e+02 1.287218543046357695e+02 1.255165562913907280e+02
1.277947019867549727e+02 1.289139072847682144e+02 1.255562913907284752e+02
1.278400000000000034e+02 1.288066666666666720e+02 1.254399999999999977e+02
1.278199999999999932e+02 1.287400000000000091e+02 1.253533333333333388e+02
1.277777777777777715e+02 1.287973856209150370e+02 1.252875816993464042e+02
1.277972972972972912e+02 1.287905405405405475e+02 1.252432432432432421e+02
1.278366013071895395e+02 1.287516339869281126e+02 1.250784313725490193e+02
1.278807947019867584e+02 1.288079470198675551e+02 1.251456953642384065e+02
1.277960526315789451e+02 1.289210526315789593e+02 1.252631578947368354e+02
1.278618421052631646e+02 1.288947368421052602e+02 1.253421052631578902e+02
1.277870967741935431e+02 1.288387096774193594e+02 1.253612903225806434e+02
1.277225806451612868e+02 1.287419354838709751e+02 1.254451612903225737e+02
1.276923076923076934e+02 1.286923076923076792e+02 1.253717948717948758e+02
1.277483443708609201e+02 1.286953642384106047e+02 1.253509933774834479e+02
1.278666666666666600e+02 1.287333333333333201e+02 1.253199999999999932e+02
1.278157894736842053e+02 1.287894736842105203e+02 1.252500000000000000e+02
1.279205298013245056e+02 1.288013245033112639e+02 1.252913907284768271e+02
1.277199999999999989e+02 1.289733333333333292e+02 1.252466666666666697e+02
1.278367346938775455e+02 1.289863945578231323e+02 1.250816326530612201e+02
1.278618421052631646e+02 1.289605263157894797e+02 1.250526315789473699e+02
1.279200000000000017e+02 1.289933333333333394e+02 1.251266666666666652e+02
1.278675496688741759e+02 1.289139072847682144e+02 1.252384105960264833e+02
1.277999999999999972e+02 1.291133333333333439e+02 1.253133333333333326e+02
1.276013513513513544e+02 1.291756756756756772e+02 1.254391891891891930e+02
1.276644736842105203e+02 1.291315789473684106e+02 1.256381578947368354e+02
1.277947019867549727e+02 1.291523178807946977e+02 1.256490066225165521e+02
1.277500000000000000e+02 1.292039473684210407e+02 1.254736842105263150e+02
1.277857142857142918e+02 1.291818181818181870e+02 1.254155844155844193e+02
1.277532467532467564e+02 1.291493506493506516e+02 1.253441558441558499e+02
1.276754966887417169e+02 1.292649006622516481e+02 1.253443708609271567e+02
1.275894039735099312e+02 1.291854304635761537e+02 1.255099337748344368e+02
1.275197368421052602e+02 1.292565789473684106e+02 1.256118421052631646e+02
1.273933333333333309e+02 1.292533333333333303e+02 1.255533333333333275e+02
1.273733333333333348e+02 1.292800000000000011e+02 1.254599999999999937e+02
1.274832214765100673e+02 1.293758389261745094e+02 1.254697986577181155e+02
1.275199999999999960e+02 1.294133333333333269e+02 1.254066666666666663e+02
1.275704697986577116e+02 1.294362416107382501e+02 1.253422818791946298e+02
1.275199999999999960e+02 1.293533333333333246e+02 1.252266666666666737e+02
1.275855263157894797e+02 1.293881578947368496e+02 1.252105263157894797e+02
1.276447368421052602e+02 1.293157894736842195e+02 1.252960526315789451e+02
1.276066666666666691e+02 1.293333333333333428e+02 1.250999999999999943e+02
1.278627450980392126e+02 1.292745098039215748e+02 1.251764705882352899e+02
1.279594594594594525e+02 1.293581081081080981e+02 1.251891891891891930e+02
1.279466666666666725e+02 1.292800000000000011e+02 1.251599999999999966e+02
1.278675496688741759e+02 1.292980132450331041e+02 1.252317880794701921e+02
1.278355263157894797e+02 1.292500000000000000e+02 1.252368421052631646e+02
1.279477124183006538e+02 1.294771241830065378e+02 1.252418300653594798e+02
1.279933774834437088e+02 1.294238410596026370e+02 1.252384105960264833e+02
1.281733333333333462e+02 1.294266666666666765e+02 1.252333333333333343e+02
1.281986754966887645e+02 1.295629139072847806e+02 1.250993377483443680e+02
1.280939597315436345e+02 1.295503355704697981e+02 1.251275167785234856e+02
1.281666666666666572e+02 1.295666666666666629e+02 1.251599999999999966e+02
1.283223684210526301e+02 1.295723684210526301e+02 1.250855263157894797e+02
1.283333333333333428e+02 1.296078431372548891e+02 1.251895424836601336e+02
1.284000000000000057e+02 1.296266666666666652e+02 1.252066666666666634e+02
1.284155844155844193e+02 1.296428571428571388e+02 1.251298701298701275e+02
1.284078947368421098e+02 1.295986842105263293e+02 1.251250000000000000e+02
1.286168831168831161e+02 1.294935064935064872e+02 1.252337662337662323e+02
1.288187919463087212e+02 1.295436241610738364e+02 1.251677852348993270e+02
1.287599999999999909e+02 1.295800000000000125e+02 1.250799999999999983e+02
1.287181208053691250e+02 1.296040268456375770e+02 1.250536912751677789e+02
1.286535947712418420e+02 1.296143790849673110e+02 1.251241830065359437e+02
1.286274509803921546e+02 1.295163398692810404e+02 1.250392156862745168e+02
1.286266666666666652e+02 1.295666666666666629e+02 1.250733333333333377e+02
1.286556291390728575e+02 1.295496688741721982e+02 1.250463576158940384e+02
1.285263157894736707e+02 1.296052631578947398e+02 1.251184210526315752e+02
1.284313725490196134e+02 1.297450980392156907e+02 1.251176470588235361e+02
1.283959731543624230e+02 1.297718120805369040e+02 1.253758389261744952e+02
1.283708609271523073e+02 1.297947019867549727e+02 1.253973509933774864e+02
1.284054054054054177e+02 1.297770270270270316e+02 1.254662162162162105e+02
1.284709677419354819e+02 1.298258064516128911e+02 1.253612903225806434e+02
1.283666666666666742e+02 1.297466666666666697e+02 1.253799999999999955e+02
1.283907284768211809e+02 1.297284768211920607e+02 1.254039735099337776e+02
1.284600000000000080e+02 1.296733333333333462e+02 1.255733333333333377e+02
1.285894039735099454e+02 1.297152317880794783e+02 1.254569536423841072e+02
1.285033112582781598e+02 1.294768211920529666e+02 1.255695364238410576e+02
1.285906040268456252e+02 1.294697986577181155e+02 1.255436241610738222e+02
1.286129032258064626e+02 1.294903225806451701e+02 1.255419354838709722e+02
1.286928104575163445e+02 1.295098039215686185e+02 1.254836601307189596e+02
1.286107382550335672e+02 1.295503355704697981e+02 1.255906040268456394e+02
1.286026490066225278e+02 1.295298013245033246e+02 1.255298013245033104e+02
1.285065789473684106e+02 1.296776315789473699e+02 1.256052631578947398e+02
1.284840764331210323e+02 1.296624203821656067e+02 1.255095541401273920e+02
1.284600000000000080e+02 1.296666666666666572e+02 1.255866666666666731e+02
1.285657894736842195e+02 1.295855263157894797e+02 1.255789473684210549e+02
1.286038961038960906e+02 1.295909090909090935e+02 1.255259740259740227e+02
1.285389610389610482e+02 1.293246753246753258e+02 1.256883116883116855e+02
1.284407894736842195e+02 1.293815789473684106e+02 1.257236842105263150e+02
1.283509933774834337e+02 1.293576158940397249e+02 1.259337748344370880e+02
1.281677852348993270e+02 1.293557046979865675e+02 1.258187919463087212e+02
1.280131578947368496e+02 1.293815789473684106e+02 1.258486842105263150e+02
1.278193548387096712e+02 1.296967741935483787e+02 1.259806451612903260e+02
1.277866666666666617e+02 1.297133333333333383e+02 1.260199999999999960e+02
1.278235294117647101e+02 1.297777777777777715e+02 1.260457516339869244e+02
1.278815789473684248e+02 1.298355263157894797e+02 1.261250000000000000e+02
1.278940397350993408e+02 1.298543046357615935e+02 1.261523178807946977e+02
1.278866666666666703e+02 1.299066666666666663e+02 1.261866666666666674e+02
1.277434210526315752e+02 1.299671052631578902e+02 1.261644736842105203e+02
1.277350993377483377e+02 1.300662251655629120e+02 1.261788079470198625e+02
1.278888888888888857e+02 1.302483660130718874e+02 1.261830065359477118e+02
1.279463087248322211e+02 1.301946308724832306e+02 1.262818791946308750e+02
1.278609271523178847e+02 1.303377483443708513e+02 1.262450331125827745e+02
1.278199999999999932e+02 1.303466666666666640e+02 1.262933333333333366e+02
1.277814569536423903e+02 1.301788079470198625e+02 1.261655629139072801e+02
1.276912751677852356e+02 1.301812080536912788e+02 1.261073825503355721e+02
1.277181208053691250e+02 1.302953020134228268e+02 1.260671140939597308e+02
1.276866666666666674e+02 1.304199999999999875e+02 1.261333333333333400e+02
1.277218543046357553e+02 1.305099337748344510e+02 1.260198675496688736e+02
1.277417218543046289e+02 1.306688741721854399e+02 1.261324503311258241e+02
1.278157894736842053e+02 1.308026315789473699e+02 1.261842105263157947e+02
1.277733333333333263e+02 1.306733333333333462e+02 1.262333333333333343e+02
1.278333333333333286e+02 1.306333333333333258e+02 1.262133333333333383e+02
1.278791946308724903e+02 1.306375838926174424e+02 1.260738255033557067e+02
1.278590604026845625e+02 1.305570469798657598e+02 1.262214765100671201e+02
1.279333333333333371e+02 1.306800000000000068e+02 1.262000000000000028e+02
1.277516778523489904e+02 1.306241610738254906e+02 1.259865771812080482e+02
1.277000000000000028e+02 1.305733333333333235e+02 1.259733333333333292e+02
1.277643312101910880e+02 1.305031847133757879e+02 1.259490445859872665e+02
1.277315436241610769e+02 1.305234899328858944e+02 1.259597315436241587e+02
1.278145695364238463e+02 1.305033112582781598e+02 1.261854304635761537e+02
1.277266666666666737e+02 1.305666666666666629e+02 1.261466666666666612e+02
1.276375838926174566e+02 1.304765100671141056e+02 1.260872483221476443e+02
1.276490066225165521e+02 1.305231788079470334e+02 1.261258278145695328e+02
1.275600000000000023e+02 1.305666666666666629e+02 1.261933333333333280e+02
1.275657894736842053e+02 1.307302631578947398e+02 1.261973684210526301e+02
1.276025641025641022e+02 1.307564102564102484e+02 1.262564102564102626e+02
1.274459459459459509e+02 1.306554054054054177e+02 1.264459459459459509e+02
1.275000000000000000e+02 1.306883116883116998e+02 1.263766233766233711e+02
1.274701986754966896e+02 1.307880794701986815e+02 1.263178807947019919e+02
1.274933333333333394e+02 1.307133333333333383e+02 1.261866666666666674e+02
1.275194805194805241e+02 1.307922077922077904e+02 1.263571428571428612e+02
1.274671052631578902e+02 1.306907894736842195e+02 1.263552631578947398e+02
1.275099337748344368e+02 1.305695364238410718e+02 1.263377483443708655e+02
1.274966442953020191e+02 1.306442953020134325e+02 1.263154362416107404e+02
1.273918918918918877e+02 1.306283783783783861e+02 1.263040540540540491e+02
1.273355704697986539e+02 1.307315436241610769e+02 1.264026845637583847e+02
1.272800000000000011e+02 1.308266666666666538e+02 1.263933333333333451e+02
1.273599999999999994e+02 1.308266666666666538e+02 1.262666666666666657e+02
1.273020134228187885e+02 1.307651006711409423e+02 1.262147651006711442e+02
1.272894736842105203e+02 1.307565789473684106e+02 1.261447368421052602e+02
1.274105960264900688e+02 1.307814569536423903e+02 1.261125827814569504e+02
1.274370860927152336e+02 1.307218543046357695e+02 1.258410596026490111e+02
1.275466666666666669e+02 1.307800000000000011e+02 1.257066666666666634e+02
1.274333333333333371e+02 1.307599999999999909e+02 1.256533333333333360e+02
1.273774834437086128e+02 1.309006622516556320e+02 1.255033112582781456e+02
1.272875816993464042e+02 1.309738562091503127e+02 1.254771241830065378e+02
1.274295302013422884e+02 1.308926174496644421e+02 1.254697986577181155e+02
1.275273972602739718e+02 1.308767123287671268e+02 1.254315068493150704e+02
1.275761589403973488e+02 1.307947019867549727e+02 1.252847682119205359e+02
1.276381578947368354e+02 1.308421052631578902e+02 1.253486842105263150e+02
1.275167785234899327e+02 1.308724832214765001e+02 1.254630872483221538e+02
1.274266666666666623e+02 1.309266666666666765e+02 1.255733333333333377e+02
1.273841059602649040e+02 1.308410596026490111e+02 1.256026490066225136e+02
1.274210526315789451e+02 1.308289473684210407e+02 1.256052631578947398e+02
1.273112582781457007e+02 1.308344370860927199e+02 1.257284768211920465e+02
1.274066666666666663e+02 1.307800000000000011e+02 1.257399999999999949e+02
1.274729729729729684e+02 1.307297297297297405e+02 1.255878378378378386e+02
1.276225165562913872e+02 1.308145695364238463e+02 1.256225165562913872e+02
1.278618421052631646e+02 1.307960526315789593e+02 1.254013157894736850e+02
1.277450980392156907e+02 1.308823529411764639e+02 1.254313725490196134e+02
1.277615894039735167e+02 1.309735099337748352e+02 1.254370860927152336e+02
1.277000000000000028e+02 1.308866666666666561e+02 1.254533333333333331e+02
1.277133333333333383e+02 1.309333333333333371e+02 1.254133333333333269e+02
1.277837837837837895e+02 1.309527027027027088e+02 1.252500000000000000e+02
1.278066666666666720e+02 1.309133333333333269e+02 1.253533333333333388e+02
1.277785234899328799e+02 1.310134228187919518e+02 1.253154362416107404e+02
1.277748344370860991e+02 1.310596026490066208e+02 1.253443708609271567e+02
1.277500000000000000e+02 1.309802631578947398e+02 1.253618421052631646e+02
1.277682119205298079e+02 1.311589403973509889e+02 1.252980132450331183e+02
1.277483443708609201e+02 1.311655629139072801e+02 1.253443708609271567e+02
1.275686274509803866e+02 1.311699346405228823e+02 1.253790849673202672e+02
1.276447368421052602e+02 1.311513157894736707e+02 1.253947368421052602e+02
1.276622516556291345e+02 1.311456953642384065e+02 1.253774834437086128e+02
1.276754966887417169e+02 1.311390728476821153e+02 1.254039735099337776e+02
1.277800000000000011e+02 1.310399999999999920e+02 1.253799999999999955e+02
1.277006802721088405e+02 1.310680272108843667e+02 1.252789115646258438e+02
1.276133333333333297e+02 1.311266666666666652e+02 1.252333333333333343e+02
1.274802631578947398e+02 1.310986842105263293e+02 1.251710526315789451e+02
1.275666666666666771e+02 1.311333333333333258e+02 1.252533333333333303e+02
1.276556291390728433e+02 1.312847682119205217e+02 1.254768211920529808e+02
1.276241610738255048e+02 1.312483221476510096e+02 1.254832214765100673e+02
1.276535947712418277e+02 1.312287581699346504e+02 1.254183006535947698e+02
1.279664429530201346e+02 1.311208053691275097e+02 1.254026845637583847e+02
1.280933333333333337e+02 1.309866666666666788e+02 1.254399999999999977e+02
1.280980392156862706e+02 1.308235294117646959e+02 1.253856209150326748e+02
1.281381578947368496e+02 1.309144736842105203e+02 1.252302631578947398e+02
1.279933333333333394e+02 1.308533333333333246e+02 1.252666666666666657e+02
1.278692810457516345e+02 1.309477124183006538e+02 1.253267973856209210e+02
1.280198675496688736e+02 1.308079470198675551e+02 1.252317880794701921e+02
1.280268456375839037e+02 1.306510067114093943e+02 1.251812080536912788e+02
1.281258278145695328e+02 1.306092715231788191e+02 1.253774834437086128e+02
1.279935483870967801e+02 1.305354838709677381e+02 1.251677419354838747e+02
1.279864864864864842e+02 1.305337837837837753e+02 1.252432432432432421e+02
1.279328859060402692e+02 1.304362416107382501e+02 1.251946308724832164e+02
1.280202702702702595e+02 1.304324324324324209e+02 1.253918918918918877e+02
1.278533333333333388e+02 1.302866666666666617e+02 1.254266666666666623e+02
1.279673202614379051e+02 1.301176470588235361e+02 1.253529411764705941e+02
1.280331125827814560e+02 1.302715231788079393e+02 1.253576158940397391e+02
1.279932432432432421e+02 1.301891891891891930e+02 1.254189189189189193e+02
1.278874172185430496e+02 1.301390728476821153e+02 1.255364238410596016e+02
1.280866666666666731e+02 1.302266666666666595e+02 1.255199999999999960e+02
1.281666666666666572e+02 1.303133333333333326e+02 1.254666666666666686e+02
1.281307189542483798e+02 1.301830065359477260e+02 1.254313725490196134e+02
1.279411764705882320e+02 1.302549019607843093e+02 1.254771241830065378e+02
1.279668874172185440e+02 1.303774834437085985e+02 1.253046357615894095e+02
1.280662251655629120e+02 1.303311258278145601e+02 1.254238410596026512e+02
1.279800000000000040e+02 1.301800000000000068e+02 1.255199999999999960e+02
1.279285714285714306e+02 1.301233766233766289e+02 1.254870129870129887e+02
1.280666666666666629e+02 1.302733333333333405e+02 1.254200000000000017e+02
1.279673202614379051e+02 1.302352941176470722e+02 1.253464052287581723e+02
1.279271523178807968e+02 1.303576158940397249e+02 1.252450331125827745e+02
1.281655629139072801e+02 1.302185430463576097e+02 1.253576158940397391e+02
1.281621621621621614e+02 1.302229729729729684e+02 1.255270270270270316e+02
1.280993377483443680e+02 1.301523178807946977e+02 1.256158940397350960e+02
1.279740259740259773e+02 1.300909090909090935e+02 1.255649350649350708e+02
1.279934640522875782e+02 1.301307189542483798e+02 1.256078431372549034e+02
1.280067567567567437e+02 1.300270270270270316e+02 1.256824324324324351e+02
1.278940397350993408e+02 1.300529801324503296e+02 1.256490066225165521e+02
1.279677419354838719e+02 1.299225806451613039e+02 1.257161290322580669e+02
1.279473684210526301e+02 1.299605263157894797e+02 1.256710526315789451e+02
1.281006711409395962e+02 1.298791946308724903e+02 1.256644295302013461e+02
1.279733333333333292e+02 1.298000000000000114e+02 1.256666666666666714e+02
1.279006622516556320e+02 1.299668874172185440e+02 1.257019867549668817e+02
1.278278145695364287e+02 1.299006622516556320e+02 1.255827814569536400e+02
1.279806451612903260e+02 1.298774193548387075e+02 1.255354838709677381e+02
1.279801324503311264e+02 1.299337748344370880e+02 1.255298013245033104e+02
1.279133333333333269e+02 1.299466666666666583e+02 1.254466666666666725e+02
1.278866666666666703e+02 1.299866666666666788e+02 1.253799999999999955e+02
1.279266666666666623e+02 1.299933333333333394e+02 1.253933333333333309e+02
1.278243243243243228e+02 1.299391891891891930e+02 1.254662162162162105e+02
1.278675496688741759e+02 1.300132450331125824e+02 1.255629139072847664e+02
1.278874172185430496e+02 1.299801324503311264e+02 1.256688741721854257e+02
1.279602649006622528e+02 1.301788079470198625e+02 1.258013245033112639e+02
1.280718954248366117e+02 1.302156862745098067e+02 1.257581699346405202e+02
1.280999999999999943e+02 1.301666666666666572e+02 1.259733333333333292e+02
1.282199999999999989e+02 1.300866666666666731e+02 1.262199999999999989e+02
1.281283783783783861e+02 1.300000000000000000e+02 1.262432432432432421e+02
1.281118421052631504e+02 1.300000000000000000e+02 1.262368421052631646e+02
1.280399999999999920e+02 1.299666666666666686e+02 1.260799999999999983e+02
1.280333333333333314e+02 1.298266666666666538e+02 1.258666666666666600e+02
1.280921052631578902e+02 1.299736842105263293e+02 1.258289473684210549e+02
1.282199999999999989e+02 1.299466666666666583e+02 1.258933333333333309e+02
1.283421052631578902e+02 1.298684210526315894e+02 1.258815789473684248e+02
1.284133333333333269e+02 1.298933333333333451e+02 1.259333333333333371e+02
1.283464052287581580e+02 1.297777777777777715e+02 1.259803921568627487e+02
1.285751633986928084e+02 1.297516339869281126e+02 1.258431372549019613e+02
1.286133333333333439e+02 1.297466666666666697e+02 1.260866666666666731e+02
1.285533333333333417e+02 1.297133333333333383e+02 1.260133333333333354e+02
1.286233766233766289e+02 1.298376623376623513e+02 1.260259740259740227e+02
1.285369127516778462e+02 1.299194630872483174e+02 1.259798657718120865e+02
1.285194805194805099e+02 1.299610389610389518e+02 1.260584415584415581e+02
1.286533333333333360e+02 1.300200000000000102e+02 1.261133333333333297e+02
1.287880794701986815e+02 1.300000000000000000e+02 1.261721854304635713e+02
1.288157894736842195e+02 1.299276315789473699e+02 1.259736842105263150e+02
1.290331125827814560e+02 1.300927152317880768e+02 1.258675496688741759e+02
1.290328947368421098e+02 1.301842105263157805e+02 1.258552631578947398e+02
1.289868421052631504e+02 1.302039473684210407e+02 1.257565789473684248e+02
1.289740259740259773e+02 1.300064935064935128e+02 1.259285714285714306e+02
1.290130718954248437e+02 1.301111111111111143e+02 1.258954248366013076e+02
1.290933333333333337e+02 1.300733333333333235e+02 1.258466666666666640e+02
1.292922077922077904e+02 1.299415584415584419e+02 1.258116883116883145e+02
1.294013157894736707e+02 1.297828947368421098e+02 1.259013157894736850e+02
1.293799999999999955e+02 1.296200000000000045e+02 1.258733333333333348e+02
1.292800000000000011e+02 1.297466666666666697e+02 1.260933333333333337e+02
1.292857142857142776e+02 1.297467532467532578e+02 1.261168831168831161e+02
1.293333333333333428e+02 1.298066666666666720e+02 1.261599999999999966e+02
1.293266666666666538e+02 1.296933333333333280e+02 1.261133333333333297e+02
1.293648648648648702e+02 1.294189189189189051e+02 1.261013513513513544e+02
1.294933333333333394e+02 1.294733333333333292e+02 1.260933333333333337e+02
1.295324675324675354e+02 1.295259740259740227e+02 1.261493506493506516e+02
1.296158940397351103e+02 1.295496688741721982e+02 1.260662251655629120e+02
1.297354838709677551e+02 1.295483870967742064e+02 1.260129032258064541e+02
1.299072847682119232e+02 1.294966887417218402e+02 1.259735099337748352e+02
1.299078947368421098e+02 1.295263157894736707e+02 1.259868421052631646e+02
1.298066666666666720e+02 1.295399999999999920e+02 1.259266666666666623e+02
1.297615894039735167e+02 1.295562913907284894e+02 1.257880794701986815e+02
1.295751633986928084e+02 1.295294117647058840e+02 1.259019607843137294e+02
1.295629139072847806e+02 1.294701986754966754e+02 1.258940397350993408e+02
1.296184210526315894e+02 1.295197368421052602e+02 1.259078947368421098e+02
1.296375838926174424e+02 1.295167785234899327e+02 1.260872483221476443e+02
1.296688741721854399e+02 1.295298013245033246e+02 1.260463576158940384e+02
1.295894039735099454e+02 1.294304635761589282e+02 1.260264900662251648e+02
1.295430463576159070e+02 1.293708609271523073e+02 1.259933774834437088e+02
1.294966442953020191e+02 1.294161073825503365e+02 1.259127516778523557e+02
1.294039735099337634e+02 1.294039735099337634e+02 1.260132450331125824e+02
1.294503311258278018e+02 1.293178807947019777e+02 1.260397350993377472e+02
1.293223684210526301e+02 1.292368421052631504e+02 1.259802631578947398e+02
1.293046357615893953e+02 1.294238410596026370e+02 1.259470198675496704e+02
1.291764705882353041e+02 1.292549019607843093e+02 1.259346405228758101e+02
1.291428571428571388e+02 1.290064935064935128e+02 1.258246753246753258e+02
1.291456953642384065e+02 1.289072847682119232e+02 1.260860927152317856e+02
1.289868421052631504e+02 1.289276315789473699e+02 1.259407894736842053e+02
1.289328859060402692e+02 1.290604026845637691e+02 1.261543624161073893e+02
1.288278145695364287e+02 1.289867549668874176e+02 1.262649006622516623e+02
1.288322580645161395e+02 1.288967741935483957e+02 1.262967741935483872e+02
1.287635135135135158e+02 1.287702702702702595e+02 1.262297297297297263e+02
1.288486842105263293e+02 1.287960526315789593e+02 1.262302631578947398e+02
1.288627450980392268e+02 1.288823529411764639e+02 1.261764705882352899e+02
1.289605263157894797e+02 1.289013157894736707e+02 1.263618421052631646e+02
1.289866666666666788e+02 1.289799999999999898e+02 1.265400000000000063e+02
1.289662162162162247e+02 1.289459459459459367e+02 1.266283783783783718e+02
1.288940397350993408e+02 1.288874172185430496e+02 1.266622516556291345e+02
1.289210526315789593e+02 1.289736842105263293e+02 1.266250000000000000e+02
1.289133333333333269e+02 1.290133333333333212e+02 1.264466666666666725e+02
1.287986577181208077e+02 1.291006711409395962e+02 1.264496644295302019e+02
1.286772151898734080e+02 1.290506329113923982e+02 1.264493670886076018e+02
1.289072847682119232e+02 1.289801324503311264e+02 1.263311258278145743e+02
1.289803921568627345e+02 1.290588235294117680e+02 1.261960784313725554e+02
1.288026315789473699e+02 1.291184210526315894e+02 1.262960526315789451e+02
1.287019867549668959e+02 1.290463576158940384e+02 1.262052980132450273e+02
1.287959183673469283e+02 1.290204081632653015e+02 1.263945578231292473e+02
1.287346938775510239e+02 1.290000000000000000e+02 1.263469387755102105e+02
1.286510067114093943e+02 1.291208053691275097e+02 1.263154362416107404e+02
1.286225165562914015e+02 1.292317880794701921e+02 1.264039735099337776e+02
1.286158940397351103e+02 1.291788079470198625e+02 1.263509933774834479e+02
1.285816993464052302e+02 1.291895424836601194e+02 1.264379084967320210e+02
1.284052287581699261e+02 1.293725490196078454e+02 1.265163398692810404e+02
1.283466666666666640e+02 1.293400000000000034e+02 1.264333333333333371e+02
1.284161073825503365e+02 1.294026845637583847e+02 1.265436241610738222e+02
1.282532467532467422e+02 1.293181818181818130e+02 1.263831168831168839e+02
1.282953020134228268e+02 1.293691275167785193e+02 1.263624161073825434e+02
1.283288590604026922e+02 1.293691275167785193e+02 1.262953020134228126e+02
1.283199999999999932e+02 1.294399999999999977e+02 1.262733333333333263e+02
1.282875816993464184e+02 1.294575163398692723e+02 1.261568627450980387e+02
1.282400000000000091e+02 1.293333333333333428e+02 1.262800000000000011e+02
1.283178807947019777e+02 1.292251655629139009e+02 1.261788079470198625e+02
1.280529801324503296e+02 1.291854304635761537e+02 1.262119205298013185e+02
1.281161290322580726e+02 1.292258064516128968e+02 1.261677419354838747e+02
1.282614379084967311e+02 1.292614379084967311e+02 1.259607843137254832e+02
1.283092105263157805e+02 1.292565789473684106e+02 1.260000000000000000e+02
1.283790849673202672e+02 1.291372549019607732e+02 1.261699346405228823e+02
1.283774834437085985e+02 1.291125827814569504e+02 1.264039735099337776e+02
1.282333333333333201e+02 1.291466666666666754e+02 1.264733333333333292e+02
1.281999999999999886e+02 1.290774193548386961e+02 1.265290322580645181e+02
1.283221476510067021e+02 1.292080536912751541e+02 1.264899328859060432e+02
1.282066666666666777e+02 1.292466666666666697e+02 1.265066666666666606e+02
1.281923076923076792e+02 1.292628205128205252e+02 1.265384615384615330e+02
1.282649006622516481e+02 1.293708609271523073e+02 1.265099337748344368e+02
1.283133333333333326e+02 1.294333333333333371e+02 1.265000000000000000e+02
1.282697368421052602e+02 1.295263157894736707e+02 1.265592105263157947e+02
1.281052631578947398e+02 1.296118421052631504e+02 1.265394736842105203e+02
1.282649006622516481e+02 1.297019867549668959e+02 1.263973509933774864e+02
1.283464052287581580e+02 1.296405228758169983e+02 1.264313725490196134e+02
1.284076433121019249e+02 1.296878980891719664e+02 1.263949044585987309e+02
1.283618421052631504e+02 1.297302631578947398e+02 1.262500000000000000e+02
1.281999999999999886e+02 1.297266666666666595e+02 1.262066666666666634e+02
1.281610738255033652e+02 1.296711409395973078e+02 1.261946308724832164e+02
1.282171052631578902e+02 1.296381578947368496e+02 1.261842105263157947e+02
1.281372549019607732e+02 1.297516339869281126e+02 1.261633986928104605e+02
1.279934640522875782e+02 1.297385620915032689e+02 1.260784313725490193e+02
1.281006711409395962e+02 1.297181208053691250e+02 1.261342281879194616e+02
1.280201342281879135e+02 1.297449664429530287e+02 1.262147651006711442e+02
1.280723684210526301e+02 1.296381578947368496e+02 1.261052631578947398e+02
1.279677419354838719e+02 1.297354838709677551e+02 1.260580645161290363e+02
1.280939597315436345e+02 1.296644295302013461e+02 1.261342281879194616e+02
1.281200000000000045e+02 1.296133333333333439e+02 1.260933333333333337e+02
1.282450331125827745e+02 1.295231788079470334e+02 1.260066225165562912e+02
1.282582781456953569e+02 1.296158940397351103e+02 1.259933774834437088e+02
1.281788079470198625e+02 1.296688741721854399e+02 1.259867549668874176e+02
1.282933333333333223e+02 1.297800000000000011e+02 1.260133333333333354e+02
1.282847682119205217e+02 1.297682119205298079e+02 1.261125827814569504e+02
1.283750000000000000e+02 1.296315789473684106e+02 1.261118421052631646e+02
1.282980132450331041e+02 1.298807947019867584e+02 1.261721854304635713e+02
1.284172185430463458e+02 1.298410596026490111e+02 1.262516556291390799e+02
1.284304635761589282e+02 1.298145695364238463e+02 1.262913907284768271e+02
1.283557046979865675e+02 1.296778523489932979e+02 1.262013422818791923e+02
1.283666666666666742e+02 1.296333333333333258e+02 1.262533333333333303e+02
1.283533333333333246e+02 1.296733333333333462e+02 1.261266666666666652e+02
1.283400000000000034e+02 1.298400000000000034e+02 1.261866666666666674e+02
1.282792207792207932e+02 1.298571428571428612e+02 1.259415584415584419e+02
1.282913907284768129e+02 1.300000000000000000e+02 1.259536423841059616e+02
1.282302631578947398e+02 1.299473684210526301e+02 1.260000000000000000e+02
1.282847682119205217e+02 1.299271523178807968e+02 1.258940397350993408e+02
1.284899328859060290e+02 1.297114093959731633e+02 1.257382550335570528e+02
1.285294117647058840e+02 1.297581699346405344e+02 1.257385620915032689e+02
1.285298013245033246e+02 1.298476821192053023e+02 1.257284768211920465e+02
1.286052631578947398e+02 1.300000000000000000e+02 1.256710526315789451e+02
1.288116883116883002e+02 1.299740259740259773e+02 1.256623376623376629e+02
1.286953642384106047e+02 1.301854304635761537e+02 1.255033112582781456e+02
1.288657718120805384e+02 1.303758389261745094e+02 1.256979865771812115e+02
1.290264900662251648e+02 1.304834437086092578e+02 1.256688741721854257e+02
1.290604026845637691e+02 1.305503355704697981e+02 1.256644295302013461e+02
1.292715231788079393e+02 1.305298013245033246e+02 1.255430463576158928e+02
1.292236842105263293e+02 1.305394736842105203e+02 1.255394736842105203e+02
1.292597402597402549e+02 1.305389610389610482e+02 1.256168831168831161e+02
1.293856209150326890e+02 1.305228758169934622e+02 1.254444444444444429e+02
1.294172185430463458e+02 1.305960264900662366e+02 1.255165562913907280e+02
1.292763157894736707e+02 1.305657894736842195e+02 1.254210526315789451e+02
1.293112582781456865e+02 1.306622516556291487e+02 1.254238410596026512e+02
1.294675324675324646e+02 1.306428571428571388e+02 1.254935064935064872e+02
1.295921052631578902e+02 1.307500000000000000e+02 1.256118421052631646e+02
1.295167785234899327e+02 1.306778523489932979e+02 1.255234899328859086e+02
1.294172185430463458e+02 1.305562913907284894e+02 1.253841059602649040e+02
1.291800000000000068e+02 1.306066666666666549e+02 1.254466666666666725e+02
1.291933333333333280e+02 1.306466666666666754e+02 1.254200000000000017e+02
1.291066666666666549e+02 1.306466666666666754e+02 1.252600000000000051e+02
1.291168831168831161e+02 1.306688311688311614e+02 1.253181818181818130e+02
1.291533333333333360e+02 1.307933333333333223e+02 1.253133333333333326e+02
1.291879194630872405e+02 1.307516778523489904e+02 1.252550335570469855e+02
1.290743243243243228e+02 1.306689189189189051e+02 1.251013513513513544e+02
1.291073825503355579e+02 1.305906040268456252e+02 1.250067114093959759e+02
1.292402597402597451e+02 1.307402597402597451e+02 1.248961038961038952e+02
1.292599999999999909e+02 1.307933333333333223e+02 1.250466666666666669e+02
1.293087248322147786e+02 1.307986577181208077e+02 1.250201342281879135e+02
1.293133333333333326e+02 1.306399999999999864e+02 1.250199999999999960e+02
1.293815789473684106e+02 1.307236842105263293e+02 1.251184210526315752e+02
1.292266666666666595e+02 1.307266666666666595e+02 1.251200000000000045e+02
1.292617449664429614e+02 1.308187919463087212e+02 1.251409395973154375e+02
1.291476510067114134e+02 1.307516778523489904e+02 1.251140939597315480e+02
1.289324324324324209e+02 1.307500000000000000e+02 1.253716216216216282e+02
1.288141025641025692e+02 1.306730769230769340e+02 1.253910256410256352e+02
1.286887417218543135e+02 1.306622516556291487e+02 1.253973509933774864e+02
1.285369127516778462e+02 1.307382550335570386e+02 1.253355704697986539e+02
1.286118421052631504e+02 1.307763157894736707e+02 1.253750000000000000e+02
