1.286821192052980223e+02 1.289933774834437088e+02 1.276953642384105905e+02
1.286778523489932979e+02 1.289395973154362309e+02 1.276711409395973220e+02
1.287466666666666697e+02 1.289466666666666583e+02 1.277333333333333343e+02
1.288199999999999932e+02 1.289266666666666765e+02 1.277333333333333343e+02
1.288255033557047113e+02 1.289798657718120865e+02 1.276375838926174566e+02
1.288618421052631504e+02 1.290065789473684106e+02 1.276315789473684248e+02
1.288466666666666640e+02 1.290466666666666526e+02 1.276400000000000006e+02
1.287880794701986815e+02 1.289801324503311264e+02 1.276357615894039697e+02
1.288400000000000034e+02 1.290066666666666606e+02 1.275799999999999983e+02
1.287666666666666799e+02 1.289600000000000080e+02 1.276933333333333280e+02
1.287333333333333201e+02 1.290133333333333212e+02 1.277066666666666634e+02
1.287682119205298079e+02 1.290860927152317856e+02 1.277549668874172255e+02
1.287171052631578902e+02 1.290526315789473699e+02 1.278223684210526301e+02
1.286907894736842195e+02 1.290592105263157805e+02 1.278815789473684248e+02
1.286953642384106047e+02 1.290596026490066208e+02 1.278278145695364287e+02
1.286308724832214807e+02 1.290000000000000000e+02 1.279261744966442933e+02
1.285866666666666731e+02 1.289333333333333371e+02 1.279933333333333394e+02
1.286399999999999864e+02 1.290266666666666708e+02 1.278733333333333348e+02
1.287565789473684106e+02 1.290855263157894797e+02 1.278421052631578902e+02
1.287986577181208077e+02 1.291610738255033652e+02 1.278993288590604038e+02
1.287533333333333303e+02 1.291666666666666572e+02 1.278133333333333326e+02
1.287748344370860991e+02 1.291589403973509889e+02 1.278344370860927199e+02
1.288013245033112639e+02 1.291324503311258241e+02 1.278476821192053023e+02
1.288066666666666720e+02 1.291333333333333258e+02 1.279000000000000057e+02
1.287500000000000000e+02 1.291621621621621614e+02 1.278648648648648702e+02
1.287266666666666595e+02 1.291266666666666652e+02 1.279066666666666663e+02
1.287133333333333383e+02 1.291266666666666652e+02 1.279133333333333269e+02
1.287565789473684106e+02 1.291578947368421098e+02 1.278881578947368354e+02
1.287933333333333223e+02 1.292333333333333201e+02 1.278733333333333348e+02
1.287733333333333405e+02 1.292199999999999989e+02 1.279133333333333269e+02
1.288079470198675551e+02 1.291854304635761537e+02 1.279470198675496704e+02
1.289668874172185440e+02 1.292185430463576097e+02 1.278675496688741759e+02
1.289205298013245056e+02 1.291324503311258241e+02 1.279072847682119232e+02
1.289133333333333269e+02 1.291333333333333258e+02 1.278866666666666703e+02
1.288187919463087212e+02 1.290201342281879135e+02 1.278389261744966490e+02
1.287666666666666799e+02 1.290533333333333417e+02 1.277866666666666617e+02
1.287199999999999989e+02 1.290999999999999943e+02 1.277133333333333383e+02
1.287046979865771732e+02 1.291879194630872405e+02 1.277583892617449663e+02
1.286399999999999864e+02 1.292199999999999989e+02 1.277333333333333343e+02
1.285533333333333417e+02 1.291666666666666572e+02 1.276933333333333280e+02
1.285333333333333314e+02 1.291800000000000068e+02 1.277066666666666634e+02
1.284533333333333474e+02 1.291733333333333462e+02 1.277066666666666634e+02
1.284736842105263293e+02 1.290526315789473699e+02 1.277039473684210549e+02
1.284304635761589282e+02 1.290000000000000000e+02 1.276688741721854257e+02
1.284933333333333394e+02 1.289799999999999898e+02 1.276466666666666612e+02
1.286026490066225278e+02 1.290331125827814560e+02 1.276423841059602609e+02
1.286200000000000045e+02 1.290200000000000102e+02 1.277266666666666737e+02
1.286291390728476927e+02 1.291059602649006592e+02 1.276291390728476784e+02
1.285761589403973630e+02 1.291059602649006592e+02 1.275298013245033104e+02
1.285695364238410718e+02 1.291059602649006592e+02 1.276357615894039697e+02
1.285231788079470334e+02 1.291854304635761537e+02 1.276026490066225136e+02
1.285033112582781598e+02 1.290794701986754944e+02 1.276158940397350960e+02
1.285266666666666708e+02 1.290533333333333417e+02 1.275866666666666731e+02
1.284933333333333394e+02 1.289466666666666583e+02 1.275999999999999943e+02
1.285533333333333417e+02 1.289533333333333474e+02 1.275799999999999983e+02
1.285033557046979809e+02 1.289060402684563655e+02 1.275570469798657740e+02
1.284768211920529666e+02 1.288874172185430496e+02 1.276423841059602609e+02
1.284701986754966754e+02 1.288476821192053023e+02 1.276953642384105905e+02
1.284635761589403842e+02 1.288741721854304672e+02 1.277350993377483377e+02
1.284832214765100673e+02 1.289060402684563655e+02 1.277046979865771874e+02
1.285200000000000102e+02 1.289333333333333371e+02 1.277266666666666737e+02
1.285298013245033246e+02 1.290331125827814560e+02 1.278079470198675551e+02
1.285666666666666629e+02 1.290200000000000102e+02 1.277933333333333366e+02
1.285466666666666526e+02 1.289666666666666686e+02 1.278066666666666720e+02
1.286266666666666652e+02 1.290333333333333314e+02 1.276800000000000068e+02
1.286821192052980223e+02 1.289337748344370880e+02 1.277350993377483377e+02
1.285827814569536542e+02 1.288211920529801375e+02 1.278079470198675551e+02
1.286466666666666754e+02 1.287800000000000011e+02 1.277466666666666697e+02
1.287133333333333383e+02 1.287800000000000011e+02 1.278666666666666600e+02
1.287466666666666697e+02 1.288333333333333428e+02 1.278533333333333388e+02
1.289000000000000057e+02 1.289133333333333269e+02 1.277866666666666617e+02
1.289199999999999875e+02 1.288866666666666561e+02 1.278199999999999932e+02
1.288993288590604038e+02 1.289127516778523557e+02 1.278590604026845625e+02
1.288000000000000114e+02 1.289000000000000057e+02 1.278599999999999994e+02
1.288289473684210407e+02 1.289342105263157805e+02 1.278421052631578902e+02
1.288476821192053023e+02 1.288940397350993408e+02 1.278211920529801375e+02
1.288133333333333326e+02 1.289066666666666663e+02 1.279066666666666663e+02
1.287880794701986815e+02 1.289072847682119232e+02 1.279271523178807968e+02
1.288322147651006730e+02 1.288523489932885866e+02 1.279530201342281828e+02
1.287666666666666799e+02 1.288400000000000034e+02 1.280266666666666708e+02
1.287666666666666799e+02 1.288533333333333246e+02 1.279800000000000040e+02
1.287866666666666617e+02 1.288799999999999955e+02 1.279266666666666623e+02
1.288066666666666720e+02 1.288266666666666538e+02 1.278599999999999994e+02
1.287583892617449806e+02 1.288255033557047113e+02 1.278255033557046971e+02
1.287549668874172255e+02 1.288476821192053023e+02 1.279139072847682144e+02
1.286200000000000045e+02 1.287800000000000011e+02 1.279466666666666725e+02
1.286756756756756772e+02 1.287500000000000000e+02 1.278918918918918877e+02
1.287066666666666777e+02 1.287733333333333405e+02 1.277999999999999972e+02
1.287400000000000091e+02 1.288666666666666742e+02 1.277800000000000011e+02
1.287733333333333405e+02 1.288066666666666720e+02 1.277866666666666617e+02
1.288000000000000114e+02 1.288533333333333246e+02 1.277333333333333343e+02
1.287748344370860991e+02 1.289072847682119232e+02 1.277483443708609201e+02
1.287516778523489904e+02 1.289261744966443075e+02 1.277449664429530145e+02
1.286845637583892596e+02 1.288791946308724903e+02 1.277315436241610769e+02
1.286756756756756772e+02 1.288783783783783861e+02 1.278648648648648702e+02
1.285503355704697981e+02 1.287852348993288558e+02 1.278523489932885866e+02
1.285695364238410718e+02 1.287019867549668959e+02 1.278675496688741759e+02
1.286599999999999966e+02 1.287199999999999989e+02 1.278866666666666703e+02
1.286599999999999966e+02 1.286599999999999966e+02 1.279666666666666686e+02
1.286778523489932979e+02 1.287248322147650867e+02 1.280134228187919518e+02
1.286442953020134325e+02 1.286510067114093943e+02 1.279530201342281828e+02
1.287266666666666595e+02 1.286533333333333360e+02 1.279333333333333371e+02
1.286644736842105203e+02 1.287171052631578902e+02 1.280197368421052602e+02
1.286999999999999886e+02 1.286599999999999966e+02 1.279933333333333394e+02
1.286490066225165663e+02 1.286026490066225278e+02 1.280397350993377472e+02
1.285894039735099454e+02 1.285827814569536542e+02 1.281125827814569504e+02
1.285100671140939710e+02 1.285033557046979809e+02 1.281342281879194616e+02
1.284765100671141056e+02 1.285167785234899327e+02 1.282214765100671059e+02
1.284600000000000080e+02 1.285266666666666708e+02 1.283799999999999955e+02
1.284866666666666788e+02 1.285600000000000023e+02 1.284133333333333269e+02
1.285430463576159070e+02 1.285827814569536542e+02 1.283774834437085985e+02
1.285894039735099454e+02 1.286423841059602751e+02 1.283112582781456865e+02
1.285827814569536542e+02 1.285827814569536542e+02 1.283311258278145601e+02
1.286291390728476927e+02 1.286026490066225278e+02 1.283708609271523073e+02
1.285894039735099454e+02 1.285827814569536542e+02 1.282781456953642305e+02
1.285866666666666731e+02 1.285066666666666606e+02 1.281800000000000068e+02
1.285733333333333235e+02 1.286133333333333439e+02 1.281933333333333280e+02
1.285629139072847806e+02 1.286622516556291487e+02 1.282251655629139009e+02
1.286644736842105203e+02 1.287500000000000000e+02 1.281578947368421098e+02
1.286375838926174424e+02 1.287516778523489904e+02 1.281744966442952887e+02
1.287199999999999989e+02 1.287733333333333405e+02 1.281866666666666674e+02
1.286999999999999886e+02 1.286999999999999886e+02 1.282333333333333201e+02
1.286732026143790790e+02 1.286993464052287663e+02 1.281372549019607732e+02
1.287960526315789593e+02 1.287894736842105203e+02 1.282039473684210407e+02
1.288866666666666561e+02 1.287533333333333303e+02 1.282599999999999909e+02
1.288807947019867584e+02 1.288145695364238463e+02 1.281788079470198625e+02
1.289668874172185440e+02 1.288874172185430496e+02 1.281854304635761537e+02
1.288724832214765001e+02 1.287718120805369040e+02 1.281610738255033652e+02
1.288750000000000000e+02 1.287960526315789593e+02 1.280789473684210407e+02
1.288807947019867584e+02 1.289139072847682144e+02 1.280264900662251648e+02
1.288400000000000034e+02 1.288533333333333246e+02 1.280133333333333212e+02
1.287866666666666617e+02 1.288199999999999932e+02 1.280800000000000125e+02
1.289133333333333269e+02 1.288666666666666742e+02 1.280733333333333235e+02
1.289000000000000057e+02 1.289133333333333269e+02 1.281133333333333439e+02
1.289466666666666583e+02 1.288600000000000136e+02 1.280333333333333314e+02
1.288859060402684520e+02 1.288791946308724903e+02 1.280604026845637691e+02
1.288600000000000136e+02 1.288400000000000034e+02 1.280266666666666708e+02
1.288466666666666640e+02 1.288199999999999932e+02 1.279800000000000040e+02
1.288476821192053023e+02 1.288344370860927199e+02 1.280132450331125824e+02
1.288266666666666538e+02 1.289266666666666765e+02 1.279466666666666725e+02
1.287516778523489904e+02 1.288993288590604038e+02 1.279328859060402692e+02
1.286979865771812115e+02 1.288053691275167694e+02 1.279798657718120865e+02
1.286953642384106047e+02 1.287947019867549727e+02 1.280596026490066208e+02
1.286933333333333280e+02 1.288333333333333428e+02 1.280533333333333417e+02
1.286979865771812115e+02 1.289060402684563655e+02 1.280134228187919518e+02
1.287400000000000091e+02 1.288466666666666640e+02 1.280200000000000102e+02
1.287583892617449806e+02 1.288389261744966348e+02 1.280067114093959617e+02
1.287800000000000011e+02 1.288133333333333326e+02 1.281200000000000045e+02
1.288133333333333326e+02 1.288799999999999955e+02 1.282599999999999909e+02
1.288333333333333428e+02 1.289733333333333292e+02 1.282666666666666799e+02
1.288466666666666640e+02 1.289600000000000080e+02 1.282666666666666799e+02
1.288866666666666561e+02 1.290000000000000000e+02 1.282800000000000011e+02
1.288874172185430496e+02 1.289470198675496704e+02 1.282251655629139009e+02
1.288716216216216139e+02 1.289189189189189335e+02 1.283310810810810949e+02
1.289865771812080482e+02 1.290067114093959617e+02 1.282617449664429614e+02
1.290000000000000000e+02 1.289466666666666583e+02 1.282199999999999989e+02
1.289536423841059616e+02 1.290066225165562912e+02 1.281523178807946977e+02
1.289144736842105203e+02 1.290131578947368496e+02 1.281118421052631504e+02
1.289261744966443075e+02 1.289597315436241729e+02 1.281006711409395962e+02
1.288609271523178847e+02 1.289668874172185440e+02 1.281258278145695328e+02
1.290000000000000000e+02 1.289731543624160963e+02 1.280201342281879135e+02
1.290200000000000102e+02 1.289866666666666788e+02 1.280266666666666708e+02
1.289399999999999977e+02 1.289399999999999977e+02 1.280999999999999943e+02
1.289399999999999977e+02 1.289666666666666686e+02 1.280600000000000023e+02
1.289133333333333269e+02 1.290333333333333314e+02 1.280666666666666629e+02
1.288627450980392268e+02 1.290457516339869244e+02 1.281111111111111143e+02
1.288456375838926249e+02 1.290000000000000000e+02 1.281677852348993270e+02
1.288079470198675551e+02 1.291324503311258241e+02 1.281655629139072801e+02
1.288066666666666720e+02 1.290800000000000125e+02 1.281866666666666674e+02
1.288133333333333326e+02 1.291133333333333439e+02 1.282266666666666595e+02
1.287785234899328941e+02 1.290604026845637691e+02 1.281744966442952887e+02
1.287565789473684106e+02 1.290723684210526301e+02 1.281644736842105203e+02
1.286933333333333280e+02 1.289933333333333394e+02 1.281466666666666754e+02
1.286225165562914015e+02 1.289271523178807968e+02 1.280000000000000000e+02
1.285866666666666731e+02 1.289133333333333269e+02 1.279466666666666725e+02
1.284966887417218402e+02 1.288543046357615935e+02 1.279139072847682144e+02
1.285133333333333212e+02 1.289133333333333269e+02 1.278866666666666703e+02
1.284697986577181155e+02 1.289060402684563655e+02 1.278859060402684520e+02
1.283774834437085985e+02 1.288874172185430496e+02 1.280132450331125824e+02
1.284933333333333394e+02 1.289933333333333394e+02 1.280266666666666708e+02
1.284199999999999875e+02 1.289266666666666765e+02 1.280399999999999920e+02
1.284834437086092578e+02 1.288278145695364287e+02 1.279668874172185440e+02
1.285133333333333212e+02 1.287733333333333405e+02 1.280133333333333212e+02
1.284304635761589282e+02 1.287483443708609343e+02 1.280198675496688736e+02
1.283825503355704711e+02 1.286778523489932979e+02 1.280872483221476443e+02
1.284199999999999875e+02 1.286399999999999864e+02 1.280600000000000023e+02
1.284466666666666583e+02 1.286666666666666572e+02 1.279000000000000057e+02
1.284026845637583847e+02 1.286644295302013461e+02 1.279127516778523557e+02
1.283774834437085985e+02 1.286953642384106047e+02 1.279337748344370880e+02
1.284503311258278018e+02 1.286754966887417311e+02 1.279735099337748352e+02
1.284834437086092578e+02 1.286622516556291487e+02 1.279536423841059616e+02
1.284333333333333371e+02 1.286866666666666674e+02 1.279800000000000040e+02
1.284199999999999875e+02 1.286133333333333439e+02 1.280000000000000000e+02
1.284304635761589282e+02 1.286821192052980223e+02 1.279536423841059616e+02
1.284600000000000080e+02 1.286733333333333462e+02 1.279933333333333394e+02
1.283576158940397249e+02 1.286225165562914015e+02 1.279668874172185440e+02
1.284333333333333371e+02 1.286133333333333439e+02 1.280200000000000102e+02
1.284210526315789593e+02 1.285986842105263293e+02 1.279671052631578902e+02
1.284199999999999875e+02 1.286200000000000045e+02 1.281266666666666652e+02
1.284635761589403842e+02 1.285629139072847806e+02 1.281258278145695328e+02
1.284866666666666788e+02 1.285200000000000102e+02 1.281066666666666549e+02
1.284569536423840930e+02 1.285430463576159070e+02 1.280132450331125824e+02
1.285000000000000000e+02 1.284866666666666788e+02 1.280399999999999920e+02
1.284569536423840930e+02 1.285430463576159070e+02 1.280198675496688736e+02
1.283881578947368496e+02 1.284473684210526301e+02 1.280657894736842195e+02
1.284000000000000057e+02 1.284066666666666663e+02 1.280533333333333417e+02
1.283799999999999955e+02 1.284199999999999875e+02 1.280666666666666629e+02
1.284333333333333371e+02 1.285000000000000000e+02 1.280466666666666526e+02
1.284866666666666788e+02 1.284199999999999875e+02 1.280000000000000000e+02
1.285099337748344510e+02 1.285033112582781598e+02 1.280529801324503296e+02
1.285133333333333212e+02 1.284600000000000080e+02 1.280533333333333417e+02
1.284866666666666788e+02 1.284933333333333394e+02 1.280933333333333337e+02
1.285099337748344510e+02 1.284834437086092578e+02 1.281125827814569504e+02
1.285866666666666731e+02 1.285200000000000102e+02 1.279266666666666623e+02
1.286466666666666754e+02 1.285600000000000023e+02 1.278866666666666703e+02
1.286092715231788191e+02 1.285827814569536542e+02 1.278344370860927199e+02
1.286066666666666549e+02 1.286133333333333439e+02 1.278533333333333388e+02
1.286599999999999966e+02 1.285999999999999943e+02 1.278466666666666640e+02
1.287400000000000091e+02 1.287533333333333303e+02 1.277333333333333343e+02
1.288278145695364287e+02 1.288079470198675551e+02 1.276887417218542993e+02
1.288333333333333428e+02 1.288533333333333246e+02 1.276666666666666714e+02
1.289194630872483174e+02 1.289194630872483174e+02 1.277046979865771874e+02
1.288993288590604038e+02 1.288456375838926249e+02 1.277046979865771874e+02
1.289333333333333371e+02 1.287400000000000091e+02 1.278199999999999932e+02
1.289605263157894797e+02 1.287565789473684106e+02 1.278421052631578902e+02
1.290264900662251648e+02 1.287483443708609343e+02 1.278344370860927199e+02
1.290331125827814560e+02 1.287483443708609343e+02 1.278211920529801375e+02
1.289868421052631504e+02 1.286842105263157805e+02 1.279407894736842053e+02
1.290666666666666629e+02 1.287400000000000091e+02 1.278933333333333309e+02
1.289735099337748352e+02 1.286158940397351103e+02 1.280198675496688736e+02
1.289933774834437088e+02 1.285496688741721982e+02 1.280728476821192032e+02
1.289600000000000080e+02 1.284666666666666686e+02 1.280866666666666731e+02
1.289144736842105203e+02 1.284407894736842195e+02 1.280657894736842195e+02
1.289403973509933792e+02 1.285629139072847806e+02 1.280927152317880768e+02
1.290200000000000102e+02 1.285733333333333235e+02 1.281533333333333360e+02
1.290662251655629120e+02 1.285165562913907422e+02 1.281324503311258241e+02
1.290600000000000023e+02 1.285399999999999920e+02 1.281333333333333258e+02
1.289867549668874176e+02 1.285430463576159070e+02 1.280993377483443680e+02
1.289139072847682144e+02 1.284834437086092578e+02 1.280993377483443680e+02
1.288410596026490111e+02 1.285231788079470334e+02 1.281788079470198625e+02
1.288874172185430496e+02 1.285562913907284894e+02 1.281721854304635713e+02
1.287748344370860991e+02 1.285562913907284894e+02 1.282384105960264833e+02
1.287647058823529278e+02 1.285490196078431495e+02 1.281960784313725412e+02
1.288278145695364287e+02 1.286556291390728575e+02 1.281986754966887361e+02
1.288940397350993408e+02 1.286887417218543135e+02 1.281523178807946977e+02
1.289933333333333394e+02 1.286200000000000045e+02 1.281333333333333258e+02
1.290596026490066208e+02 1.285960264900662366e+02 1.281655629139072801e+02
1.290331125827814560e+02 1.285695364238410718e+02 1.281125827814569504e+02
1.291200000000000045e+02 1.285999999999999943e+02 1.281333333333333258e+02
1.289801324503311264e+02 1.286026490066225278e+02 1.280728476821192032e+02
1.288533333333333246e+02 1.286066666666666549e+02 1.281133333333333439e+02
1.289271523178807968e+02 1.286423841059602751e+02 1.281324503311258241e+02
1.289536423841059616e+02 1.286953642384106047e+02 1.281523178807946977e+02
1.288940397350993408e+02 1.287880794701986815e+02 1.281192052980132416e+02
1.289266666666666765e+02 1.287599999999999909e+02 1.281866666666666674e+02
1.289473684210526301e+02 1.287236842105263293e+02 1.281710526315789593e+02
1.289199999999999875e+02 1.286533333333333360e+02 1.282333333333333201e+02
1.289133333333333269e+02 1.286133333333333439e+02 1.282800000000000011e+02
1.288079470198675551e+02 1.285629139072847806e+02 1.282980132450331041e+02
1.288133333333333326e+02 1.285933333333333337e+02 1.282533333333333303e+02
1.288609271523178847e+02 1.285231788079470334e+02 1.282715231788079393e+02
1.288400000000000034e+02 1.286200000000000045e+02 1.282199999999999989e+02
1.288000000000000114e+02 1.285733333333333235e+02 1.282466666666666697e+02
1.288066666666666720e+02 1.285866666666666731e+02 1.283000000000000114e+02
1.288466666666666640e+02 1.286066666666666549e+02 1.283400000000000034e+02
1.287894736842105203e+02 1.285789473684210407e+02 1.281973684210526301e+02
1.288039215686274588e+02 1.285555555555555429e+02 1.282287581699346504e+02
1.287960526315789593e+02 1.286447368421052602e+02 1.281578947368421098e+02
1.288609271523178847e+02 1.286026490066225278e+02 1.281059602649006592e+02
1.288344370860927199e+02 1.285960264900662366e+02 1.280794701986754944e+02
1.289066666666666663e+02 1.285200000000000102e+02 1.281066666666666549e+02
1.289470198675496704e+02 1.285430463576159070e+02 1.282052980132450273e+02
1.288815789473684106e+02 1.285394736842105203e+02 1.282368421052631504e+02
1.289194630872483174e+02 1.284630872483221538e+02 1.283020134228187885e+02
1.289799999999999898e+02 1.284666666666666686e+02 1.284000000000000057e+02
1.289084967320261512e+02 1.284444444444444571e+02 1.284575163398692723e+02
1.287466666666666697e+02 1.284799999999999898e+02 1.284866666666666788e+02
1.287599999999999909e+02 1.283866666666666561e+02 1.284399999999999977e+02
1.286866666666666674e+02 1.283600000000000136e+02 1.284600000000000080e+02
1.286092715231788191e+02 1.284437086092715106e+02 1.284172185430463458e+02
1.287382550335570386e+02 1.284362416107382501e+02 1.282885906040268367e+02
1.288199999999999932e+02 1.284066666666666663e+02 1.283066666666666720e+02
1.287880794701986815e+02 1.283377483443708513e+02 1.282715231788079393e+02
1.286688741721854399e+02 1.282847682119205217e+02 1.282582781456953569e+02
1.287315436241610769e+02 1.282617449664429614e+02 1.282751677852349133e+02
1.286333333333333258e+02 1.282599999999999909e+02 1.283199999999999932e+02
1.286200000000000045e+02 1.282599999999999909e+02 1.283600000000000136e+02
1.286466666666666754e+02 1.282266666666666595e+02 1.282866666666666617e+02
1.287086092715231871e+02 1.282649006622516481e+02 1.283311258278145601e+02
1.286754966887417311e+02 1.282847682119205217e+02 1.282582781456953569e+02
1.286266666666666652e+02 1.282599999999999909e+02 1.283066666666666720e+02
1.287133333333333383e+02 1.282866666666666617e+02 1.283199999999999932e+02
1.286490066225165663e+02 1.282847682119205217e+02 1.283443708609271425e+02
1.286666666666666572e+02 1.282800000000000011e+02 1.283199999999999932e+02
1.288145695364238463e+02 1.282715231788079393e+02 1.282847682119205217e+02
1.288733333333333348e+02 1.282599999999999909e+02 1.282933333333333223e+02
1.289133333333333269e+02 1.281666666666666572e+02 1.282800000000000011e+02
1.288600000000000136e+02 1.281933333333333280e+02 1.283400000000000034e+02
1.289266666666666765e+02 1.282666666666666799e+02 1.283666666666666742e+02
1.289139072847682144e+02 1.282052980132450273e+02 1.283509933774834337e+02
1.288000000000000114e+02 1.282199999999999989e+02 1.283466666666666640e+02
1.288866666666666561e+02 1.282533333333333303e+02 1.284066666666666663e+02
1.288120805369127595e+02 1.283154362416107404e+02 1.284832214765100673e+02
1.288600000000000136e+02 1.283000000000000114e+02 1.284466666666666583e+02
1.289205298013245056e+02 1.282185430463576097e+02 1.285496688741721982e+02
1.289868421052631504e+02 1.281907894736842195e+02 1.285657894736842195e+02
1.289271523178807968e+02 1.282317880794701921e+02 1.284768211920529666e+02
1.288933333333333451e+02 1.283133333333333326e+02 1.284600000000000080e+02
1.288926174496644421e+02 1.284228187919462982e+02 1.284161073825503365e+02
1.289139072847682144e+02 1.284569536423840930e+02 1.283708609271523073e+02
1.290066225165562912e+02 1.284437086092715106e+02 1.283907284768211809e+02
1.290469798657718172e+02 1.283624161073825576e+02 1.284026845637583847e+02
1.290132450331125824e+02 1.283509933774834337e+02 1.283907284768211809e+02
1.289597315436241729e+02 1.282751677852349133e+02 1.284765100671141056e+02
1.289865771812080482e+02 1.282617449664429614e+02 1.284496644295302019e+02
1.289337748344370880e+02 1.282516556291390657e+02 1.284966887417218402e+02
1.289801324503311264e+02 1.281523178807946977e+02 1.283973509933774722e+02
1.289072847682119232e+02 1.280529801324503296e+02 1.284503311258278018e+02
1.288807947019867584e+02 1.280860927152317856e+02 1.284105960264900546e+02
1.288278145695364287e+02 1.280794701986754944e+02 1.283245033112582689e+02
1.288590604026845767e+02 1.281610738255033652e+02 1.282818791946308750e+02
1.289215686274509665e+02 1.281764705882353041e+02 1.282875816993464184e+02
1.287880794701986815e+02 1.282781456953642305e+02 1.283112582781456865e+02
1.287947019867549727e+02 1.282980132450331041e+02 1.283311258278145601e+02
1.288552631578947398e+02 1.282565789473684106e+02 1.282697368421052602e+02
1.288600000000000136e+02 1.282466666666666697e+02 1.282666666666666799e+02
1.288400000000000034e+02 1.282666666666666799e+02 1.282133333333333383e+02
1.289072847682119232e+02 1.283112582781456865e+02 1.281589403973509889e+02
1.290331125827814560e+02 1.281655629139072801e+02 1.281059602649006592e+02
1.290466666666666526e+02 1.282933333333333223e+02 1.281266666666666652e+02
1.290200000000000102e+02 1.282466666666666697e+02 1.281266666666666652e+02
1.289733333333333292e+02 1.282466666666666697e+02 1.281666666666666572e+02
1.289399999999999977e+02 1.282266666666666595e+02 1.281866666666666674e+02
1.288799999999999955e+02 1.282066666666666777e+02 1.281266666666666652e+02
1.290469798657718172e+02 1.283087248322147786e+02 1.280939597315436345e+02
1.290333333333333314e+02 1.283666666666666742e+02 1.280733333333333235e+02
1.291788079470198625e+02 1.284172185430463458e+02 1.280397350993377472e+02
1.291733333333333462e+02 1.284066666666666663e+02 1.280600000000000023e+02
1.291933333333333280e+02 1.284533333333333474e+02 1.280800000000000125e+02
1.291390728476821153e+02 1.284370860927152194e+02 1.280662251655629120e+02
1.291200000000000045e+02 1.284666666666666686e+02 1.281266666666666652e+02
1.291133333333333439e+02 1.284866666666666788e+02 1.281599999999999966e+02
1.290866666666666731e+02 1.284600000000000080e+02 1.282133333333333383e+02
1.290927152317880768e+02 1.283907284768211809e+02 1.281456953642384065e+02
1.291466666666666754e+02 1.284133333333333269e+02 1.280333333333333314e+02
1.291052631578947398e+02 1.283684210526315894e+02 1.280197368421052602e+02
1.290866666666666731e+02 1.283733333333333348e+02 1.279800000000000040e+02
1.290200000000000102e+02 1.283866666666666561e+02 1.280666666666666629e+02
1.290728476821192032e+02 1.284105960264900546e+02 1.281059602649006592e+02
1.290397350993377472e+02 1.284238410596026370e+02 1.280794701986754944e+02
1.290201342281879135e+02 1.283825503355704711e+02 1.280335570469798654e+02
1.290469798657718172e+02 1.284295302013422884e+02 1.280268456375839037e+02
1.289536423841059616e+02 1.284701986754966754e+02 1.280596026490066208e+02
1.289668874172185440e+02 1.284370860927152194e+02 1.280529801324503296e+02
1.289078947368421098e+02 1.284473684210526301e+02 1.280986842105263293e+02
1.288266666666666538e+02 1.283400000000000034e+02 1.280800000000000125e+02
1.288533333333333246e+02 1.283666666666666742e+02 1.279666666666666686e+02
1.288000000000000114e+02 1.282133333333333383e+02 1.279533333333333331e+02
1.288543046357615935e+02 1.282781456953642305e+02 1.279933774834437088e+02
1.288807947019867584e+02 1.282715231788079393e+02 1.280264900662251648e+02
1.288866666666666561e+02 1.283400000000000034e+02 1.280466666666666526e+02
1.288145695364238463e+02 1.283841059602648897e+02 1.280264900662251648e+02
1.288000000000000114e+02 1.283600000000000136e+02 1.279933333333333394e+02
1.287733333333333405e+02 1.282733333333333405e+02 1.280533333333333417e+02
1.287333333333333201e+02 1.282933333333333223e+02 1.280533333333333417e+02
1.287152317880794783e+02 1.284039735099337634e+02 1.279470198675496704e+02
1.287171052631578902e+02 1.284473684210526301e+02 1.280394736842105203e+02
1.287350993377483519e+02 1.284238410596026370e+02 1.280198675496688736e+02
1.287466666666666697e+02 1.283933333333333451e+02 1.279866666666666646e+02
1.288333333333333428e+02 1.283666666666666742e+02 1.280200000000000102e+02
1.288133333333333326e+02 1.284266666666666765e+02 1.279533333333333331e+02
1.288322147651006730e+02 1.284966442953020191e+02 1.279798657718120865e+02
1.287880794701986815e+02 1.285099337748344510e+02 1.279735099337748352e+02
1.286999999999999886e+02 1.285133333333333212e+02 1.279333333333333371e+02
1.286644295302013461e+02 1.285503355704697981e+02 1.279731543624161105e+02
1.287599999999999909e+02 1.285466666666666526e+02 1.279800000000000040e+02
1.287748344370860991e+02 1.285496688741721982e+02 1.279801324503311264e+02
1.287199999999999989e+02 1.284866666666666788e+02 1.280200000000000102e+02
1.287800000000000011e+02 1.284466666666666583e+02 1.279666666666666686e+02
1.287549668874172255e+02 1.285430463576159070e+02 1.280463576158940384e+02
1.288400000000000034e+02 1.286266666666666652e+02 1.279733333333333292e+02
1.287763157894736707e+02 1.285657894736842195e+02 1.280328947368421098e+02
1.287333333333333201e+02 1.284933333333333394e+02 1.281066666666666549e+02
1.287466666666666697e+02 1.285000000000000000e+02 1.281266666666666652e+02
1.287500000000000000e+02 1.284276315789473699e+02 1.282302631578947398e+02
1.288400000000000034e+02 1.284600000000000080e+02 1.281133333333333439e+02
1.288799999999999955e+02 1.284533333333333474e+02 1.281399999999999864e+02
1.289127516778523557e+02 1.284295302013422884e+02 1.281476510067114134e+02
1.289735099337748352e+02 1.283642384105960161e+02 1.281125827814569504e+02
1.289666666666666686e+02 1.283600000000000136e+02 1.281599999999999966e+02
1.289133333333333269e+02 1.284066666666666663e+02 1.281866666666666674e+02
1.288199999999999932e+02 1.284199999999999875e+02 1.281800000000000068e+02
1.288533333333333246e+02 1.283400000000000034e+02 1.281933333333333280e+02
1.289602649006622528e+02 1.283642384105960161e+02 1.281721854304635713e+02
1.288799999999999955e+02 1.283600000000000136e+02 1.281933333333333280e+02
1.289530201342281828e+02 1.283154362416107404e+02 1.282348993288590577e+02
1.289466666666666583e+02 1.283933333333333451e+02 1.281866666666666674e+02
1.288600000000000136e+02 1.284266666666666765e+02 1.281599999999999966e+02
1.288866666666666561e+02 1.284199999999999875e+02 1.281399999999999864e+02
1.289060402684563655e+02 1.284429530201342402e+02 1.280738255033556925e+02
1.289144736842105203e+02 1.285000000000000000e+02 1.279736842105263150e+02
1.289266666666666765e+02 1.285733333333333235e+02 1.279666666666666686e+02
1.289799999999999898e+02 1.285733333333333235e+02 1.280000000000000000e+02
1.289932885906040383e+02 1.284429530201342402e+02 1.279328859060402692e+02
1.289333333333333371e+02 1.284799999999999898e+02 1.280200000000000102e+02
1.289867549668874176e+02 1.284437086092715106e+02 1.280662251655629120e+02
1.290000000000000000e+02 1.284900662251655490e+02 1.280397350993377472e+02
1.290200000000000102e+02 1.284733333333333292e+02 1.279533333333333331e+02
1.290529801324503296e+02 1.285033112582781598e+02 1.280529801324503296e+02
1.291409395973154233e+02 1.284899328859060290e+02 1.280671140939597308e+02
1.291390728476821153e+02 1.283973509933774722e+02 1.280794701986754944e+02
1.291133333333333439e+02 1.284733333333333292e+02 1.280800000000000125e+02
1.291456953642384065e+02 1.284172185430463458e+02 1.280860927152317856e+02
1.291125827814569504e+02 1.284966887417218402e+02 1.280331125827814560e+02
1.290733333333333235e+02 1.284666666666666686e+02 1.280200000000000102e+02
1.291589403973509889e+02 1.284304635761589282e+02 1.279602649006622528e+02
1.290666666666666629e+02 1.284133333333333269e+02 1.279000000000000057e+02
1.290397350993377472e+02 1.284437086092715106e+02 1.278211920529801375e+02
1.291456953642384065e+02 1.284569536423840930e+02 1.277483443708609201e+02
1.291744966442952887e+02 1.283624161073825576e+02 1.277986577181208077e+02
1.291315789473684106e+02 1.283157894736842195e+02 1.277697368421052602e+02
1.290596026490066208e+02 1.282516556291390657e+02 1.277814569536423903e+02
1.290596026490066208e+02 1.281920529801324449e+02 1.277549668874172255e+02
1.291258278145695328e+02 1.281258278145695328e+02 1.277748344370860991e+02
1.290733333333333235e+02 1.280533333333333417e+02 1.278066666666666720e+02
1.290596026490066208e+02 1.281390728476821153e+02 1.277880794701986815e+02
1.289271523178807968e+02 1.281589403973509889e+02 1.278145695364238463e+02
1.289600000000000080e+02 1.282400000000000091e+02 1.278400000000000034e+02
1.289666666666666686e+02 1.282733333333333405e+02 1.278333333333333286e+02
1.290132450331125824e+02 1.282715231788079393e+02 1.278874172185430496e+02
1.289333333333333371e+02 1.283133333333333326e+02 1.277999999999999972e+02
1.289666666666666686e+02 1.283600000000000136e+02 1.277866666666666617e+02
1.290066666666666606e+02 1.283133333333333326e+02 1.279333333333333371e+02
1.290533333333333417e+02 1.283400000000000034e+02 1.279000000000000057e+02
1.291125827814569504e+02 1.284304635761589282e+02 1.279139072847682144e+02
1.290198675496688736e+02 1.283443708609271425e+02 1.279139072847682144e+02
1.289868421052631504e+02 1.283815789473684106e+02 1.278421052631578902e+02
1.289933333333333394e+02 1.283400000000000034e+02 1.277333333333333343e+02
1.290394736842105203e+02 1.283355263157894797e+02 1.277434210526315752e+02
1.289199999999999875e+02 1.282733333333333405e+02 1.277800000000000011e+02
1.289600000000000080e+02 1.282866666666666617e+02 1.277800000000000011e+02
1.290662251655629120e+02 1.283245033112582689e+02 1.278807947019867584e+02
1.290733333333333235e+02 1.283333333333333428e+02 1.278933333333333309e+02
1.290266666666666708e+02 1.282800000000000011e+02 1.278333333333333286e+02
1.289600000000000080e+02 1.282666666666666799e+02 1.278066666666666720e+02
1.289799999999999898e+02 1.282599999999999909e+02 1.277466666666666697e+02
1.289733333333333292e+02 1.283000000000000114e+02 1.277533333333333303e+02
1.290333333333333314e+02 1.281933333333333280e+02 1.277999999999999972e+02
1.290066666666666606e+02 1.282266666666666595e+02 1.278266666666666680e+02
1.289199999999999875e+02 1.281733333333333462e+02 1.277666666666666657e+02
1.289144736842105203e+02 1.281381578947368496e+02 1.277697368421052602e+02
1.289539473684210407e+02 1.281842105263157805e+02 1.277302631578947398e+02
1.289666666666666686e+02 1.281599999999999966e+02 1.276866666666666674e+02
1.289533333333333474e+02 1.281866666666666674e+02 1.275933333333333337e+02
1.288866666666666561e+02 1.281399999999999864e+02 1.275333333333333314e+02
1.288543046357615935e+02 1.280993377483443680e+02 1.274768211920529808e+02
1.288741721854304672e+02 1.281655629139072801e+02 1.274039735099337776e+02
1.288543046357615935e+02 1.283178807947019777e+02 1.273973509933774864e+02
1.289539473684210407e+02 1.283552631578947398e+02 1.273618421052631646e+02
1.289266666666666765e+02 1.283266666666666538e+02 1.273333333333333286e+02
1.289530201342281828e+02 1.283154362416107404e+02 1.274496644295302019e+02
1.290200000000000102e+02 1.282866666666666617e+02 1.274333333333333371e+02
1.289799999999999898e+02 1.283000000000000114e+02 1.275133333333333354e+02
1.289799999999999898e+02 1.283600000000000136e+02 1.276133333333333297e+02
1.290529801324503296e+02 1.283576158940397249e+02 1.276225165562913872e+02
1.290596026490066208e+02 1.284105960264900546e+02 1.276622516556291345e+02
1.290399999999999920e+02 1.284266666666666765e+02 1.276400000000000006e+02
1.290133333333333212e+02 1.283866666666666561e+02 1.276533333333333360e+02
1.289533333333333474e+02 1.283133333333333326e+02 1.276133333333333297e+02
1.289600000000000080e+02 1.283600000000000136e+02 1.275866666666666731e+02
1.288933333333333451e+02 1.284133333333333269e+02 1.275866666666666731e+02
1.288133333333333326e+02 1.284133333333333269e+02 1.275333333333333314e+02
1.288278145695364287e+02 1.284569536423840930e+02 1.274834437086092720e+02
1.288600000000000136e+02 1.284733333333333292e+02 1.275799999999999983e+02
1.288799999999999955e+02 1.284933333333333394e+02 1.275999999999999943e+02
1.288940397350993408e+02 1.285430463576159070e+02 1.276225165562913872e+02
1.290399999999999920e+02 1.285800000000000125e+02 1.276866666666666674e+02
1.290000000000000000e+02 1.285533333333333417e+02 1.275933333333333337e+02
1.288940397350993408e+02 1.285165562913907422e+02 1.275960264900662224e+02
1.290000000000000000e+02 1.285266666666666708e+02 1.275000000000000000e+02
1.290331125827814560e+02 1.286092715231788191e+02 1.274437086092715248e+02
1.290789473684210407e+02 1.285526315789473699e+02 1.274473684210526301e+02
1.291324503311258241e+02 1.285761589403973630e+02 1.274701986754966896e+02
1.291543624161073751e+02 1.285033557046979809e+02 1.274966442953020191e+02
1.290266666666666708e+02 1.284733333333333292e+02 1.275199999999999960e+02
1.290794701986754944e+02 1.285099337748344510e+02 1.275231788079470192e+02
1.291324503311258241e+02 1.284304635761589282e+02 1.275960264900662224e+02
1.291721854304635713e+02 1.283841059602648897e+02 1.276092715231788048e+02
1.291999999999999886e+02 1.284066666666666663e+02 1.275799999999999983e+02
1.291533333333333360e+02 1.283933333333333451e+02 1.275266666666666708e+02
1.291399999999999864e+02 1.283133333333333326e+02 1.274800000000000040e+02
1.291200000000000045e+02 1.283266666666666538e+02 1.274599999999999937e+02
1.290533333333333417e+02 1.283466666666666640e+02 1.274066666666666663e+02
1.290328947368421098e+02 1.284605263157894797e+02 1.274473684210526301e+02
1.290933333333333337e+02 1.284600000000000080e+02 1.273933333333333309e+02
1.291533333333333360e+02 1.284333333333333371e+02 1.274000000000000057e+02
1.291192052980132416e+02 1.285165562913907422e+02 1.273774834437086128e+02
1.291733333333333462e+02 1.285399999999999920e+02 1.273666666666666600e+02
1.290666666666666629e+02 1.284799999999999898e+02 1.273799999999999955e+02
1.292185430463576097e+02 1.286092715231788191e+02 1.274635761589403984e+02
