1.280999999999999943e+02 1.294600000000000080e+02 1.283199999999999932e+02
1.281866666666666674e+02 1.294600000000000080e+02 1.282800000000000011e+02
1.281073825503355579e+02 1.292885906040268367e+02 1.282751677852349133e+02
1.280592105263157805e+02 1.292434210526315894e+02 1.283092105263157805e+02
1.279533333333333331e+02 1.293066666666666720e+02 1.283533333333333246e+02
1.280264900662251648e+02 1.290860927152317856e+02 1.283112582781456865e+02
1.277500000000000000e+02 1.291513157894736707e+02 1.283026315789473699e+02
1.279668874172185440e+02 1.290463576158940384e+02 1.282980132450331041e+02
1.278733333333333348e+02 1.290000000000000000e+02 1.283466666666666640e+02
1.278741721854304672e+02 1.289536423841059616e+02 1.282649006622516481e+02
1.279933333333333394e+02 1.290266666666666708e+02 1.281866666666666674e+02
1.278431372549019613e+02 1.290718954248366117e+02 1.281895424836601194e+02
1.280402684563758271e+02 1.290268456375839037e+02 1.282416107382550194e+02
1.281133333333333439e+02 1.289799999999999898e+02 1.282866666666666617e+02
1.281200000000000045e+02 1.290266666666666708e+02 1.282266666666666595e+02
1.280657894736842195e+02 1.287236842105263293e+02 1.281315789473684106e+02
1.281133333333333439e+02 1.287199999999999989e+02 1.280999999999999943e+02
1.280993377483443680e+02 1.288211920529801375e+02 1.281456953642384065e+02
1.280933333333333337e+02 1.287800000000000011e+02 1.281133333333333439e+02
1.280662251655629120e+02 1.287417218543046431e+02 1.280927152317880768e+02
1.281066666666666549e+02 1.287666666666666799e+02 1.282066666666666777e+02
1.280466666666666526e+02 1.287933333333333223e+02 1.281999999999999886e+02
1.280066666666666606e+02 1.288533333333333246e+02 1.282066666666666777e+02
1.279733333333333292e+02 1.289399999999999977e+02 1.280999999999999943e+02
1.279271523178807968e+02 1.289735099337748352e+02 1.280794701986754944e+02
1.279102564102564088e+02 1.290064102564102484e+02 1.281153846153846132e+02
1.278609271523178847e+02 1.290860927152317856e+02 1.280993377483443680e+02
1.278133333333333326e+02 1.291933333333333280e+02 1.281200000000000045e+02
1.278859060402684520e+02 1.291946308724832306e+02 1.280872483221476443e+02
1.278675496688741759e+02 1.291456953642384065e+02 1.281192052980132416e+02
1.278896103896103966e+02 1.292077922077922096e+02 1.280259740259740227e+02
1.277828947368421098e+02 1.291184210526315894e+02 1.279078947368421098e+02
1.278410596026490111e+02 1.292384105960264833e+02 1.279139072847682144e+02
1.278733333333333348e+02 1.291533333333333360e+02 1.279733333333333292e+02
1.278552631578947398e+02 1.292302631578947398e+02 1.279473684210526301e+02
1.277066666666666634e+02 1.291666666666666572e+02 1.280133333333333212e+02
1.276291390728476784e+02 1.290397350993377472e+02 1.281125827814569504e+02
1.276666666666666714e+02 1.289000000000000057e+02 1.282333333333333201e+02
1.276298701298701275e+02 1.288441558441558357e+02 1.282402597402597451e+02
1.276447368421052602e+02 1.287171052631578902e+02 1.282171052631578902e+02
1.276732026143790790e+02 1.285686274509803866e+02 1.280588235294117680e+02
1.277133333333333383e+02 1.287866666666666617e+02 1.279800000000000040e+02
1.277600000000000051e+02 1.287733333333333405e+02 1.279933333333333394e+02
1.277651006711409423e+02 1.287315436241610769e+02 1.279664429530201346e+02
1.278157894736842053e+02 1.286381578947368496e+02 1.280197368421052602e+02
1.278120805369127453e+02 1.285369127516778462e+02 1.279865771812080482e+02
1.276776315789473699e+02 1.284473684210526301e+02 1.280394736842105203e+02
1.275620915032679790e+02 1.285098039215686185e+02 1.280588235294117680e+02
1.276711409395973220e+02 1.284697986577181155e+02 1.281677852348993270e+02
1.276711409395973220e+02 1.284228187919462982e+02 1.281543624161073751e+02
1.276953642384105905e+02 1.284437086092715106e+02 1.282781456953642305e+02
1.276866666666666674e+02 1.283000000000000114e+02 1.282599999999999909e+02
1.277417218543046289e+02 1.282317880794701921e+02 1.283112582781456865e+02
1.277532467532467564e+02 1.282402597402597451e+02 1.282077922077922096e+02
1.275629139072847664e+02 1.283046357615893953e+02 1.281523178807946977e+02
1.276148648648648702e+02 1.282770270270270316e+02 1.280337837837837753e+02
1.276040268456375770e+02 1.282281879194630960e+02 1.281879194630872405e+02
1.276184210526315752e+02 1.283684210526315894e+02 1.281776315789473699e+02
1.276092715231788048e+02 1.284105960264900546e+02 1.283708609271523073e+02
1.275695364238410576e+02 1.284105960264900546e+02 1.283973509933774722e+02
1.276845637583892596e+02 1.283892617449664328e+02 1.283959731543624230e+02
1.277114093959731491e+02 1.283154362416107404e+02 1.282416107382550194e+02
1.277748344370860991e+02 1.284172185430463458e+02 1.284172185430463458e+02
1.278456375838926107e+02 1.284161073825503365e+02 1.284093959731543748e+02
1.278599999999999994e+02 1.283333333333333428e+02 1.283066666666666720e+02
1.279215686274509807e+02 1.283202614379084991e+02 1.284052287581699261e+02
1.280469798657718172e+02 1.283489932885906057e+02 1.284161073825503365e+02
1.280134228187919518e+02 1.282751677852349133e+02 1.283825503355704711e+02
1.279677419354838719e+02 1.282193548387096769e+02 1.283870967741935374e+02
1.278724832214765144e+02 1.283087248322147786e+02 1.283691275167785193e+02
1.277922077922077904e+02 1.282727272727272805e+02 1.283506493506493484e+02
1.278733333333333348e+02 1.280999999999999943e+02 1.284466666666666583e+02
1.278741721854304672e+02 1.281258278145695328e+02 1.284569536423840930e+02
1.278791946308724903e+02 1.282348993288590577e+02 1.285234899328858944e+02
1.279271523178807968e+02 1.281721854304635713e+02 1.284238410596026370e+02
1.279533333333333331e+02 1.281333333333333258e+02 1.284866666666666788e+02
1.279599999999999937e+02 1.281933333333333280e+02 1.284866666666666788e+02
1.279399999999999977e+02 1.282733333333333405e+02 1.284866666666666788e+02
1.278675496688741759e+02 1.282649006622516481e+02 1.284768211920529666e+02
1.276598639455782376e+02 1.282653061224489761e+02 1.285306122448979522e+02
1.275695364238410576e+02 1.283642384105960161e+02 1.285231788079470334e+02
1.276599999999999966e+02 1.282933333333333223e+02 1.284600000000000080e+02
1.275637583892617499e+02 1.282147651006711442e+02 1.283892617449664328e+02
1.276375838926174566e+02 1.281073825503355579e+02 1.284295302013422884e+02
1.275369127516778462e+02 1.281073825503355579e+02 1.283959731543624230e+02
1.275033557046979809e+02 1.281073825503355579e+02 1.282550335570469713e+02
1.273774834437086128e+02 1.280331125827814560e+02 1.282251655629139009e+02
1.273178807947019919e+02 1.279205298013245056e+02 1.283178807947019777e+02
1.273691275167785193e+02 1.279127516778523557e+02 1.283892617449664328e+02
1.271764705882352899e+02 1.279084967320261370e+02 1.284117647058823479e+02
1.270198675496688736e+02 1.278807947019867584e+02 1.283112582781456865e+02
1.271133333333333297e+02 1.279133333333333269e+02 1.283666666666666742e+02
1.270463576158940384e+02 1.279536423841059616e+02 1.283377483443708513e+02
1.270866666666666731e+02 1.279800000000000040e+02 1.284133333333333269e+02
1.269276315789473699e+02 1.280197368421052602e+02 1.286578947368421098e+02
1.268609271523178847e+02 1.279337748344370880e+02 1.287814569536423903e+02
1.268486842105263150e+02 1.278684210526315752e+02 1.286513157894736707e+02
1.268344370860927199e+02 1.279602649006622528e+02 1.287152317880794783e+02
1.268333333333333286e+02 1.279666666666666686e+02 1.288400000000000034e+02
1.268410596026490111e+02 1.280198675496688736e+02 1.288410596026490111e+02
1.267828947368421098e+02 1.280789473684210407e+02 1.289407894736842195e+02
1.267651006711409423e+02 1.280872483221476443e+02 1.289731543624160963e+02
1.270130718954248437e+02 1.280130718954248437e+02 1.289803921568627345e+02
1.270784313725490193e+02 1.280196078431372655e+02 1.289607843137254974e+02
1.272565789473684248e+02 1.279802631578947398e+02 1.288618421052631504e+02
1.272697368421052602e+02 1.279473684210526301e+02 1.289671052631578902e+02
1.272933333333333366e+02 1.278799999999999955e+02 1.290666666666666629e+02
1.272333333333333343e+02 1.277800000000000011e+02 1.290200000000000102e+02
1.273691275167785193e+02 1.277718120805369182e+02 1.290738255033556925e+02
1.274066666666666663e+02 1.277600000000000051e+02 1.291133333333333439e+02
1.274039735099337776e+02 1.279205298013245056e+02 1.293112582781456865e+02
1.273533333333333388e+02 1.279866666666666646e+02 1.293133333333333326e+02
1.274313725490196134e+02 1.279673202614379051e+02 1.293006535947712337e+02
1.273907284768211952e+02 1.278145695364238463e+02 1.292715231788079393e+02
1.274013157894736850e+02 1.278289473684210549e+02 1.292894736842105203e+02
1.273333333333333286e+02 1.278300653594771177e+02 1.293725490196078454e+02
1.273355263157894797e+02 1.278289473684210549e+02 1.293355263157894797e+02
1.271733333333333320e+02 1.277133333333333383e+02 1.294333333333333371e+02
1.272885906040268509e+02 1.278322147651006730e+02 1.294496644295302019e+02
1.271721854304635713e+02 1.278609271523178847e+02 1.294105960264900546e+02
1.271073825503355721e+02 1.279194630872483174e+02 1.294966442953020191e+02
1.271589403973509889e+02 1.278278145695364287e+02 1.295430463576159070e+02
1.271250000000000000e+02 1.279078947368421098e+02 1.294276315789473699e+02
1.270198675496688736e+02 1.280264900662251648e+02 1.293841059602648897e+02
1.269803921568627487e+02 1.280522875816993462e+02 1.294183006535947698e+02
1.270000000000000000e+02 1.280331125827814560e+02 1.294437086092715106e+02
1.270866666666666731e+02 1.280866666666666731e+02 1.294399999999999977e+02
1.270860927152317856e+02 1.281589403973509889e+02 1.293973509933774722e+02
1.270000000000000000e+02 1.281543624161073751e+02 1.294228187919462982e+02
1.269066666666666663e+02 1.282533333333333303e+02 1.294066666666666663e+02
1.269933774834437088e+02 1.283245033112582689e+02 1.293841059602648897e+02
1.269738562091503269e+02 1.283856209150326890e+02 1.292745098039215748e+02
1.269285714285714306e+02 1.284805194805194901e+02 1.293636363636363740e+02
1.268400000000000034e+02 1.283933333333333451e+02 1.293933333333333451e+02
1.269342105263157947e+02 1.284078947368421098e+02 1.293618421052631504e+02
1.267828947368421098e+02 1.283289473684210407e+02 1.294605263157894797e+02
1.267866666666666617e+02 1.282733333333333405e+02 1.294133333333333269e+02
1.266357615894039697e+02 1.282516556291390657e+02 1.294900662251655490e+02
1.266225165562913872e+02 1.283311258278145601e+02 1.294635761589403842e+02
1.266291390728476784e+02 1.283907284768211809e+02 1.295165562913907422e+02
1.263866666666666703e+02 1.284333333333333371e+02 1.294133333333333269e+02
1.264666666666666686e+02 1.283400000000000034e+02 1.295066666666666606e+02
1.265400000000000063e+02 1.285399999999999920e+02 1.293600000000000136e+02
1.265165562913907280e+02 1.285629139072847806e+02 1.295827814569536542e+02
1.264866666666666646e+02 1.286266666666666652e+02 1.296599999999999966e+02
1.263199999999999932e+02 1.286066666666666549e+02 1.295866666666666731e+02
1.262027027027027088e+02 1.285675675675675791e+02 1.294459459459459367e+02
1.262763157894736850e+02 1.285526315789473699e+02 1.294078947368421098e+02
1.261788079470198625e+02 1.285033112582781598e+02 1.295231788079470334e+02
1.261073825503355721e+02 1.286241610738254906e+02 1.293691275167785193e+02
1.260794701986754944e+02 1.287218543046357695e+02 1.293642384105960161e+02
1.261059602649006592e+02 1.286887417218543135e+02 1.293377483443708513e+02
1.261066666666666691e+02 1.286933333333333280e+02 1.292666666666666799e+02
1.260536912751677789e+02 1.287382550335570386e+02 1.292147651006711442e+02
1.261324503311258241e+02 1.287483443708609343e+02 1.291655629139072801e+02
1.261589403973509889e+02 1.287086092715231871e+02 1.293046357615893953e+02
1.260794701986754944e+02 1.287483443708609343e+02 1.292649006622516481e+02
1.260927152317880768e+02 1.287549668874172255e+02 1.292715231788079393e+02
1.260132450331125824e+02 1.287284768211920607e+02 1.291854304635761537e+02
1.260335570469798654e+02 1.288053691275167694e+02 1.291879194630872405e+02
1.259865771812080482e+02 1.287181208053691250e+02 1.292013422818791923e+02
1.259668874172185440e+02 1.288079470198675551e+02 1.289271523178807968e+02
1.259019607843137294e+02 1.288169934640522740e+02 1.289542483660130756e+02
1.259662162162162105e+02 1.288783783783783861e+02 1.290000000000000000e+02
1.258211920529801375e+02 1.288410596026490111e+02 1.289933774834437088e+02
1.258066666666666720e+02 1.289466666666666583e+02 1.289000000000000057e+02
1.258079470198675551e+02 1.290000000000000000e+02 1.290000000000000000e+02
1.258410596026490111e+02 1.289801324503311264e+02 1.290529801324503296e+02
1.257666666666666657e+02 1.290133333333333212e+02 1.291999999999999886e+02
1.257718120805369182e+02 1.289261744966443075e+02 1.290604026845637691e+02
1.257999999999999972e+02 1.289066666666666663e+02 1.289866666666666788e+02
1.258741721854304672e+02 1.289801324503311264e+02 1.290331125827814560e+02
1.257843137254901933e+02 1.289869281045751563e+02 1.289934640522875782e+02
1.257302631578947398e+02 1.290789473684210407e+02 1.290328947368421098e+02
1.258066666666666720e+02 1.290933333333333337e+02 1.289933333333333394e+02
1.258506493506493484e+02 1.290064935064935128e+02 1.290519480519480453e+02
1.258733333333333348e+02 1.289600000000000080e+02 1.291333333333333258e+02
1.259403973509933792e+02 1.290132450331125824e+02 1.291788079470198625e+02
1.258940397350993408e+02 1.290000000000000000e+02 1.291854304635761537e+02
1.259205298013245056e+02 1.290397350993377472e+02 1.290728476821192032e+02
1.259346405228758101e+02 1.290588235294117680e+02 1.290065359477124218e+02
1.259466666666666725e+02 1.290600000000000023e+02 1.290999999999999943e+02
1.259480519480519547e+02 1.290584415584415581e+02 1.291753246753246742e+02
1.259666666666666686e+02 1.290999999999999943e+02 1.291800000000000068e+02
1.259215686274509807e+02 1.290457516339869244e+02 1.292679738562091529e+02
1.258133333333333326e+02 1.292666666666666799e+02 1.294133333333333269e+02
1.258333333333333286e+02 1.292800000000000011e+02 1.293066666666666720e+02
1.258181818181818130e+02 1.292987012987013031e+02 1.292792207792207932e+02
1.258246753246753258e+02 1.292467532467532578e+02 1.292662337662337677e+02
1.258445945945945965e+02 1.293243243243243228e+02 1.292567567567567437e+02
1.256866666666666674e+02 1.292866666666666617e+02 1.291533333333333360e+02
1.256250000000000000e+02 1.291907894736842195e+02 1.291842105263157805e+02
1.258040540540540491e+02 1.291756756756756772e+02 1.291756756756756772e+02
1.257682119205298079e+02 1.291854304635761537e+02 1.292980132450331041e+02
1.257785234899328799e+02 1.291677852348993270e+02 1.291879194630872405e+02
1.256973684210526301e+02 1.292434210526315894e+02 1.290986842105263293e+02
1.257549668874172255e+02 1.292516556291390657e+02 1.291456953642384065e+02
1.257218543046357553e+02 1.292119205298013185e+02 1.291390728476821153e+02
1.257218543046357553e+02 1.292052980132450273e+02 1.291390728476821153e+02
1.257142857142857082e+02 1.291168831168831161e+02 1.291493506493506516e+02
1.257651006711409423e+02 1.291879194630872405e+02 1.291543624161073751e+02
1.256776315789473699e+02 1.291381578947368496e+02 1.291118421052631504e+02
1.256644295302013461e+02 1.291409395973154233e+02 1.291543624161073751e+02
1.256711409395973220e+02 1.291610738255033652e+02 1.291812080536912788e+02
1.257350993377483377e+02 1.291655629139072801e+02 1.291721854304635713e+02
1.257199999999999989e+02 1.292133333333333383e+02 1.292400000000000091e+02
1.257086092715231729e+02 1.291390728476821153e+02 1.293377483443708513e+02
1.257748344370860991e+02 1.291655629139072801e+02 1.292781456953642305e+02
1.256948051948051983e+02 1.291753246753246742e+02 1.292402597402597451e+02
1.256754966887417169e+02 1.291788079470198625e+02 1.292384105960264833e+02
1.256357615894039697e+02 1.292251655629139009e+02 1.292781456953642305e+02
1.255986842105263150e+02 1.292828947368421098e+02 1.291381578947368496e+02
1.255133333333333354e+02 1.293066666666666720e+02 1.290733333333333235e+02
1.254834437086092720e+02 1.293377483443708513e+02 1.290066225165562912e+02
1.255666666666666629e+02 1.293400000000000034e+02 1.290133333333333212e+02
1.256516129032258107e+02 1.292451612903225850e+02 1.288451612903225794e+02
1.257218543046357553e+02 1.292847682119205217e+02 1.289801324503311264e+02
1.256800000000000068e+02 1.292333333333333201e+02 1.289933333333333394e+02
1.256133333333333297e+02 1.291666666666666572e+02 1.290133333333333212e+02
1.255333333333333314e+02 1.290933333333333337e+02 1.289933333333333394e+02
1.255098039215686327e+02 1.292679738562091529e+02 1.289411764705882320e+02
1.254900662251655632e+02 1.292516556291390657e+02 1.289602649006622528e+02
1.254496644295302019e+02 1.291879194630872405e+02 1.290604026845637691e+02
1.253691275167785193e+02 1.292147651006711442e+02 1.290872483221476443e+02
1.253799999999999955e+02 1.291666666666666572e+02 1.290533333333333417e+02
1.253666666666666600e+02 1.290733333333333235e+02 1.291399999999999864e+02
1.254437086092715248e+02 1.291390728476821153e+02 1.291589403973509889e+02
1.253464052287581723e+02 1.291176470588235361e+02 1.292156862745098067e+02
1.252549019607843093e+02 1.290849673202614269e+02 1.291895424836601194e+02
1.251533333333333360e+02 1.291200000000000045e+02 1.290933333333333337e+02
1.252199999999999989e+02 1.291200000000000045e+02 1.290933333333333337e+02
1.253289473684210549e+02 1.292894736842105203e+02 1.290394736842105203e+02
1.253691275167785193e+02 1.293288590604026922e+02 1.289530201342281828e+02
1.254399999999999977e+02 1.292666666666666799e+02 1.290133333333333212e+02
1.253618421052631646e+02 1.292763157894736707e+02 1.291118421052631504e+02
1.253576158940397391e+02 1.293311258278145601e+02 1.291059602649006592e+02
1.252702702702702737e+02 1.293986486486486456e+02 1.290067567567567437e+02
1.253133333333333326e+02 1.293066666666666720e+02 1.290399999999999920e+02
1.253529411764705941e+02 1.293333333333333428e+02 1.289477124183006538e+02
1.253708609271523216e+02 1.293311258278145601e+02 1.287218543046357695e+02
1.254161073825503365e+02 1.293892617449664328e+02 1.287181208053691250e+02
1.254966887417218544e+02 1.292913907284768129e+02 1.287152317880794783e+02
1.254966887417218544e+02 1.293774834437085985e+02 1.286092715231788191e+02
1.254013157894736850e+02 1.293881578947368496e+02 1.285723684210526301e+02
1.253733333333333348e+02 1.295533333333333417e+02 1.284199999999999875e+02
1.253959731543624230e+02 1.295704697986577116e+02 1.284295302013422884e+02
1.253892617449664471e+02 1.295033557046979809e+02 1.284295302013422884e+02
1.253400000000000034e+02 1.295666666666666629e+02 1.283199999999999932e+02
1.253618421052631646e+02 1.296118421052631504e+02 1.284473684210526301e+02
1.252466666666666697e+02 1.295733333333333235e+02 1.284866666666666788e+02
1.250723684210526301e+02 1.294868421052631504e+02 1.283355263157894797e+02
1.250129870129870113e+02 1.295389610389610482e+02 1.282727272727272805e+02
1.250993377483443680e+02 1.295033112582781598e+02 1.283311258278145601e+02
1.251493506493506516e+02 1.294935064935064872e+02 1.282727272727272805e+02
1.251533333333333360e+02 1.295000000000000000e+02 1.283799999999999955e+02
1.251633986928104605e+02 1.295163398692810404e+02 1.281372549019607732e+02
1.251324503311258241e+02 1.295033112582781598e+02 1.281125827814569504e+02
1.251733333333333320e+02 1.295466666666666526e+02 1.280800000000000125e+02
1.252763157894736850e+02 1.295131578947368496e+02 1.280986842105263293e+02
1.252185430463576097e+02 1.294238410596026370e+02 1.279271523178807968e+02
1.252980132450331183e+02 1.294701986754966754e+02 1.278543046357615935e+02
1.252434210526315752e+02 1.293684210526315894e+02 1.279736842105263150e+02
1.252466666666666697e+02 1.293466666666666640e+02 1.279533333333333331e+02
1.252582781456953711e+02 1.293841059602648897e+02 1.279801324503311264e+02
1.253725490196078454e+02 1.294379084967320352e+02 1.281045751633986924e+02
1.254362416107382501e+02 1.292818791946308750e+02 1.279865771812080482e+02
1.254093959731543606e+02 1.291476510067114134e+02 1.279395973154362451e+02
1.254172185430463600e+02 1.291523178807946977e+02 1.278476821192053023e+02
1.253825503355704711e+02 1.291006711409395962e+02 1.277785234899328799e+02
1.254802631578947398e+02 1.290986842105263293e+02 1.276842105263157947e+02
1.254733333333333292e+02 1.292066666666666777e+02 1.277533333333333303e+02
1.254370860927152336e+02 1.292185430463576097e+02 1.278543046357615935e+02
1.255033112582781456e+02 1.291523178807946977e+02 1.277549668874172255e+02
1.255033557046979809e+02 1.291342281879194616e+02 1.277046979865771874e+02
1.255894039735099312e+02 1.291192052980132416e+02 1.276821192052980081e+02
1.255490196078431353e+02 1.290065359477124218e+02 1.277124183006535958e+02
1.255266666666666708e+02 1.288466666666666640e+02 1.274866666666666646e+02
1.255131578947368354e+02 1.288289473684210407e+02 1.273750000000000000e+02
1.254304635761589424e+02 1.286953642384106047e+02 1.273377483443708655e+02
1.255400000000000063e+02 1.287800000000000011e+02 1.272399999999999949e+02
1.253866666666666703e+02 1.288066666666666720e+02 1.272199999999999989e+02
1.252800000000000011e+02 1.287866666666666617e+02 1.272999999999999972e+02
1.251710526315789451e+02 1.289276315789473699e+02 1.272565789473684248e+02
1.251266666666666652e+02 1.289866666666666788e+02 1.273400000000000034e+02
1.251258278145695328e+02 1.289801324503311264e+02 1.272384105960264833e+02
1.252077922077922096e+02 1.290844155844155807e+02 1.272727272727272663e+02
1.252818791946308750e+02 1.290469798657718172e+02 1.272617449664429472e+02
1.251543624161073893e+02 1.289664429530201346e+02 1.273959731543624230e+02
1.251447368421052602e+02 1.289868421052631504e+02 1.275000000000000000e+02
1.252933333333333366e+02 1.289666666666666686e+02 1.274399999999999977e+02
1.252147651006711442e+02 1.288053691275167694e+02 1.274026845637583847e+02
1.252631578947368354e+02 1.287368421052631504e+02 1.274605263157894797e+02
1.252631578947368354e+02 1.287960526315789593e+02 1.275065789473684248e+02
1.252600000000000051e+02 1.287933333333333223e+02 1.274266666666666623e+02
1.252450331125827745e+02 1.288543046357615935e+02 1.274370860927152336e+02
1.251599999999999966e+02 1.288799999999999955e+02 1.274666666666666686e+02
1.251400000000000006e+02 1.288866666666666561e+02 1.275400000000000063e+02
1.251666666666666714e+02 1.290133333333333212e+02 1.275466666666666669e+02
1.251192052980132416e+02 1.289735099337748352e+02 1.275364238410596016e+02
1.250197368421052602e+02 1.289605263157894797e+02 1.273815789473684248e+02
1.250065359477124218e+02 1.289346405228758101e+02 1.273725490196078454e+02
1.249803921568627487e+02 1.287973856209150370e+02 1.274052287581699403e+02
1.251381578947368354e+02 1.288026315789473699e+02 1.274407894736842053e+02
1.251324503311258241e+02 1.288675496688741759e+02 1.274370860927152336e+02
1.250855263157894797e+02 1.288684210526315894e+02 1.274802631578947398e+02
1.249078947368421098e+02 1.288486842105263293e+02 1.275394736842105203e+02
1.248684210526315752e+02 1.289539473684210407e+02 1.274539473684210549e+02
1.249133333333333269e+02 1.289933333333333394e+02 1.274866666666666646e+02
1.248866666666666703e+02 1.289600000000000080e+02 1.275199999999999960e+02
1.249271523178807968e+02 1.290794701986754944e+02 1.277086092715231729e+02
1.251045751633986924e+02 1.292156862745098067e+02 1.278366013071895395e+02
1.250066225165562912e+02 1.292052980132450273e+02 1.279072847682119232e+02
1.251059602649006592e+02 1.292715231788079393e+02 1.279867549668874176e+02
1.250927152317880768e+02 1.292251655629139009e+02 1.279403973509933792e+02
1.251733333333333320e+02 1.292933333333333223e+02 1.279333333333333371e+02
1.251059602649006592e+02 1.291854304635761537e+02 1.279867549668874176e+02
1.252715231788079535e+02 1.293245033112582689e+02 1.281523178807946977e+02
1.252399999999999949e+02 1.293266666666666538e+02 1.281333333333333258e+02
1.252905405405405475e+02 1.294054054054054177e+02 1.280608108108108070e+02
1.253092105263157947e+02 1.292565789473684106e+02 1.280000000000000000e+02
1.252147651006711442e+02 1.291208053691275097e+02 1.281140939597315480e+02
1.251655629139072801e+02 1.290264900662251648e+02 1.280927152317880768e+02
1.252582781456953711e+02 1.290728476821192032e+02 1.281324503311258241e+02
1.252800000000000011e+02 1.289933333333333394e+02 1.281200000000000045e+02
1.252800000000000011e+02 1.289799999999999898e+02 1.282266666666666595e+02
1.251907894736842053e+02 1.290460526315789593e+02 1.282434210526315894e+02
1.252781456953642447e+02 1.291059602649006592e+02 1.282185430463576097e+02
1.252119205298013185e+02 1.291192052980132416e+02 1.281456953642384065e+02
1.252715231788079535e+02 1.291721854304635713e+02 1.280927152317880768e+02
1.251677852348993270e+02 1.290805369127516826e+02 1.280268456375839037e+02
1.251866666666666674e+02 1.290333333333333314e+02 1.280200000000000102e+02
1.252483221476510096e+02 1.290067114093959617e+02 1.280335570469798654e+02
1.250999999999999943e+02 1.289533333333333474e+02 1.281266666666666652e+02
1.250657894736842053e+02 1.289934210526315894e+02 1.278881578947368354e+02
1.250733333333333377e+02 1.290000000000000000e+02 1.279000000000000057e+02
1.250466666666666669e+02 1.290200000000000102e+02 1.278533333333333388e+02
1.251200000000000045e+02 1.288933333333333451e+02 1.279399999999999977e+02
1.251200000000000045e+02 1.289199999999999875e+02 1.279533333333333331e+02
1.250529801324503296e+02 1.290198675496688736e+02 1.279470198675496704e+02
1.250337837837837895e+02 1.290878378378378386e+02 1.279932432432432421e+02
1.250000000000000000e+02 1.291059602649006592e+02 1.279735099337748352e+02
1.250263157894736850e+02 1.291250000000000000e+02 1.280000000000000000e+02
1.251133333333333297e+02 1.290733333333333235e+02 1.280600000000000023e+02
1.251073825503355721e+02 1.290335570469798654e+02 1.281476510067114134e+02
1.251907894736842053e+02 1.290263157894736707e+02 1.281710526315789593e+02
1.253486842105263150e+02 1.288815789473684106e+02 1.280986842105263293e+02
1.252999999999999972e+02 1.288666666666666742e+02 1.279466666666666725e+02
1.252960526315789451e+02 1.289671052631578902e+02 1.278421052631578902e+02
1.253311258278145743e+02 1.290066225165562912e+02 1.278344370860927199e+02
1.253311258278145743e+02 1.289867549668874176e+02 1.277814569536423903e+02
1.253973509933774864e+02 1.289536423841059616e+02 1.276887417218542993e+02
1.253986928104575185e+02 1.290653594771241899e+02 1.276732026143790790e+02
1.253046357615894095e+02 1.291059602649006592e+02 1.276556291390728433e+02
1.253708609271523216e+02 1.291192052980132416e+02 1.277086092715231729e+02
1.252684563758389231e+02 1.290939597315436345e+02 1.277449664429530145e+02
1.252281879194630818e+02 1.290067114093959617e+02 1.278322147651006730e+02
1.253020134228187885e+02 1.291073825503355579e+02 1.279127516778523557e+02
1.253642384105960303e+02 1.292317880794701921e+02 1.278476821192053023e+02
1.254172185430463600e+02 1.292847682119205217e+02 1.278145695364238463e+02
1.254304635761589424e+02 1.293112582781456865e+02 1.278410596026490111e+02
1.253199999999999932e+02 1.292466666666666697e+02 1.279000000000000057e+02
1.253684210526315752e+02 1.291381578947368496e+02 1.279210526315789451e+02
1.254133333333333269e+02 1.290600000000000023e+02 1.278866666666666703e+02
1.254370860927152336e+02 1.290000000000000000e+02 1.278940397350993408e+02
1.253758389261744952e+02 1.289395973154362309e+02 1.280067114093959617e+02
1.254563758389261778e+02 1.289530201342281828e+02 1.280067114093959617e+02
1.255430463576158928e+02 1.290198675496688736e+02 1.279867549668874176e+02
1.255098039215686327e+02 1.288431372549019613e+02 1.280261437908496873e+02
1.254967320261437891e+02 1.288627450980392268e+02 1.279019607843137294e+02
1.255733333333333377e+02 1.288333333333333428e+02 1.279733333333333292e+02
1.255999999999999943e+02 1.288133333333333326e+02 1.280266666666666708e+02
1.255033112582781456e+02 1.288940397350993408e+02 1.280993377483443680e+02
1.254733333333333292e+02 1.288533333333333246e+02 1.281666666666666572e+02
1.255592105263157947e+02 1.286907894736842195e+02 1.280986842105263293e+02
1.254064516129032256e+02 1.285935483870967744e+02 1.280387096774193481e+02
1.253288590604026780e+02 1.285704697986577116e+02 1.280402684563758271e+02
1.252866666666666617e+02 1.285866666666666731e+02 1.280066666666666606e+02
1.252317880794701921e+02 1.285430463576159070e+02 1.280927152317880768e+02
1.252348993288590577e+02 1.285234899328858944e+02 1.281342281879194616e+02
1.250866666666666731e+02 1.284933333333333394e+02 1.282599999999999909e+02
1.251125827814569504e+02 1.284635761589403842e+02 1.282582781456953569e+02
1.250927152317880768e+02 1.284834437086092578e+02 1.282582781456953569e+02
1.250915032679738630e+02 1.285228758169934622e+02 1.282745098039215748e+02
1.251523178807946977e+02 1.285430463576159070e+02 1.284039735099337634e+02
1.252066666666666634e+02 1.287066666666666777e+02 1.283199999999999932e+02
1.251920529801324449e+02 1.287152317880794783e+02 1.283973509933774722e+02
1.251788079470198625e+02 1.287483443708609343e+02 1.283178807947019777e+02
1.252000000000000028e+02 1.286800000000000068e+02 1.283866666666666561e+02
1.251192052980132416e+02 1.287086092715231871e+02 1.283377483443708513e+02
1.249870129870129887e+02 1.287467532467532578e+02 1.283376623376623513e+02
1.249933774834437088e+02 1.286953642384106047e+02 1.282913907284768129e+02
1.249205298013245056e+02 1.287086092715231871e+02 1.282450331125827745e+02
1.249666666666666686e+02 1.287599999999999909e+02 1.282666666666666799e+02
1.250258064516129082e+02 1.287096774193548470e+02 1.283741935483870975e+02
1.248791946308724903e+02 1.287986577181208077e+02 1.284496644295302019e+02
1.248410596026490111e+02 1.287483443708609343e+02 1.284635761589403842e+02
1.248866666666666703e+02 1.288666666666666742e+02 1.285000000000000000e+02
1.247549668874172255e+02 1.289271523178807968e+02 1.284900662251655490e+02
1.247124183006535958e+02 1.288300653594771177e+02 1.283529411764705799e+02
1.247785234899328799e+02 1.288322147651006730e+02 1.283020134228187885e+02
1.248599999999999994e+02 1.289799999999999898e+02 1.281933333333333280e+02
1.247800000000000011e+02 1.290466666666666526e+02 1.280933333333333337e+02
1.247533333333333303e+02 1.290600000000000023e+02 1.280066666666666606e+02
1.246241610738255048e+02 1.289530201342281828e+02 1.280335570469798654e+02
1.246333333333333400e+02 1.289600000000000080e+02 1.280533333333333417e+02
1.247124183006535958e+02 1.289607843137254974e+02 1.280588235294117680e+02
1.246423841059602609e+02 1.289933774834437088e+02 1.281523178807946977e+02
1.247181208053691250e+02 1.289395973154362309e+02 1.281140939597315480e+02
1.247615894039735167e+02 1.289867549668874176e+02 1.281059602649006592e+02
1.247483443708609201e+02 1.289602649006622528e+02 1.282516556291390657e+02
1.245620915032679790e+02 1.289738562091503127e+02 1.282483660130718874e+02
1.244802631578947398e+02 1.289802631578947398e+02 1.282105263157894797e+02
1.244966887417218544e+02 1.289205298013245056e+02 1.283046357615893953e+02
1.243881578947368354e+02 1.288289473684210407e+02 1.282500000000000000e+02
1.244133333333333269e+02 1.288866666666666561e+02 1.281733333333333462e+02
1.244899328859060432e+02 1.289127516778523557e+02 1.281812080536912788e+02
1.245400000000000063e+02 1.290200000000000102e+02 1.280133333333333212e+02
1.244666666666666686e+02 1.290333333333333314e+02 1.280933333333333337e+02
1.244437086092715248e+02 1.291125827814569504e+02 1.281258278145695328e+02
1.245231788079470192e+02 1.290132450331125824e+02 1.281456953642384065e+02
1.245231788079470192e+02 1.290000000000000000e+02 1.281192052980132416e+02
1.243401360544217624e+02 1.288435374149659935e+02 1.281632653061224403e+02
1.242617449664429472e+02 1.288993288590604038e+02 1.280671140939597308e+02
1.242875816993464042e+02 1.288823529411764639e+02 1.280653594771241899e+02
1.244276315789473699e+02 1.287105263157894797e+02 1.279013157894736850e+02
1.243245033112582831e+02 1.286622516556291487e+02 1.279139072847682144e+02
1.243691275167785193e+02 1.287315436241610769e+02 1.280201342281879135e+02
1.244370860927152336e+02 1.287549668874172255e+02 1.280132450331125824e+02
1.242933333333333366e+02 1.288133333333333326e+02 1.279933333333333394e+02
1.243624161073825434e+02 1.287852348993288558e+02 1.279261744966442933e+02
1.243311258278145743e+02 1.286556291390728575e+02 1.279337748344370880e+02
1.243199999999999932e+02 1.285933333333333337e+02 1.278199999999999932e+02
1.242066666666666634e+02 1.285866666666666731e+02 1.279399999999999977e+02
1.242582781456953711e+02 1.285231788079470334e+02 1.279072847682119232e+02
1.244466666666666725e+02 1.287266666666666595e+02 1.279666666666666686e+02
1.243774834437086128e+02 1.286556291390728575e+02 1.278807947019867584e+02
1.243907284768211952e+02 1.287417218543046431e+02 1.279801324503311264e+02
1.244276315789473699e+02 1.287631578947368496e+02 1.279013157894736850e+02
1.243599999999999994e+02 1.287599999999999909e+02 1.279399999999999977e+02
1.243199999999999932e+02 1.288266666666666538e+02 1.279800000000000040e+02
1.243599999999999994e+02 1.288133333333333326e+02 1.281133333333333439e+02
1.242847682119205359e+02 1.286887417218543135e+02 1.280794701986754944e+02
1.244105960264900688e+02 1.287152317880794783e+02 1.280198675496688736e+02
1.244370860927152336e+02 1.285695364238410718e+02 1.279801324503311264e+02
1.244935064935064872e+02 1.285389610389610482e+02 1.279220779220779178e+02
1.243907284768211952e+02 1.284105960264900546e+02 1.279602649006622528e+02
1.243443708609271567e+02 1.284768211920529666e+02 1.280927152317880768e+02
1.244729729729729684e+02 1.285000000000000000e+02 1.282094594594594525e+02
1.243245033112582831e+02 1.284238410596026370e+02 1.281920529801324449e+02
1.243533333333333388e+02 1.284000000000000057e+02 1.281200000000000045e+02
1.243245033112582689e+02 1.283245033112582973e+02 1.281324503311258241e+02
1.242828947368420955e+02 1.283223684210526301e+02 1.281644736842105203e+02
1.243066666666666720e+02 1.284333333333333371e+02 1.282199999999999989e+02
1.242119205298013327e+02 1.283708609271523358e+02 1.281258278145695328e+02
1.241578947368421098e+02 1.284473684210526301e+02 1.281118421052631504e+02
1.240718954248365975e+02 1.283921568627450824e+02 1.282222222222222285e+02
1.239868421052631646e+02 1.284605263157894797e+02 1.281644736842105203e+02
1.239865771812080482e+02 1.284832214765100673e+02 1.280402684563758271e+02
1.240460526315789451e+02 1.284802631578947398e+02 1.280000000000000000e+02
1.240529801324503296e+02 1.283509933774834337e+02 1.279801324503311264e+02
1.241275167785234856e+02 1.283892617449664328e+02 1.279798657718120865e+02
1.241275167785234856e+02 1.285167785234899327e+02 1.280201342281879135e+02
1.242483660130719016e+02 1.284444444444444571e+02 1.280196078431372655e+02
1.241578947368421098e+02 1.285065789473684106e+02 1.280592105263157805e+02
1.241946308724832164e+02 1.284429530201342402e+02 1.280000000000000000e+02
1.243708609271523216e+02 1.284569536423840930e+02 1.280860927152317856e+02
1.243856209150326748e+02 1.283921568627451109e+02 1.280849673202614269e+02
1.244200000000000017e+02 1.284333333333333371e+02 1.280733333333333235e+02
1.244966442953020191e+02 1.284026845637583847e+02 1.279597315436241587e+02
1.243825503355704711e+02 1.283489932885906057e+02 1.279865771812080482e+02
1.242600000000000051e+02 1.283866666666666561e+02 1.280133333333333212e+02
1.243199999999999932e+02 1.284666666666666686e+02 1.278866666666666703e+02
1.243355263157894797e+02 1.285460526315789593e+02 1.279210526315789451e+02
1.244210526315789451e+02 1.286381578947368496e+02 1.279144736842105203e+02
1.244466666666666725e+02 1.285933333333333337e+02 1.278333333333333286e+02
1.244701986754966896e+02 1.285960264900662366e+02 1.277880794701986815e+02
1.244834437086092720e+02 1.285496688741721982e+02 1.277549668874172255e+02
1.245394736842105203e+02 1.285328947368421098e+02 1.277565789473684248e+02
1.244266666666666623e+02 1.284333333333333371e+02 1.278066666666666720e+02
1.244333333333333371e+02 1.285200000000000102e+02 1.278266666666666680e+02
1.244093959731543606e+02 1.285167785234899327e+02 1.276979865771812115e+02
1.243443708609271567e+02 1.284900662251655490e+02 1.277350993377483377e+02
1.244144736842105203e+02 1.284736842105263293e+02 1.276907894736842053e+02
1.244736842105263150e+02 1.284210526315789593e+02 1.275986842105263150e+02
1.244399999999999977e+02 1.285000000000000000e+02 1.275600000000000023e+02
1.246953642384105905e+02 1.285033112582781598e+02 1.275960264900662224e+02
1.247449664429530145e+02 1.285637583892617499e+02 1.275838926174496635e+02
1.248344370860927199e+02 1.285894039735099454e+02 1.275033112582781456e+02
1.246776315789473699e+02 1.285394736842105203e+02 1.274210526315789451e+02
1.247748344370860991e+02 1.284503311258278018e+02 1.272715231788079535e+02
1.247697368421052602e+02 1.282960526315789593e+02 1.273552631578947398e+02
1.247333333333333343e+02 1.283466666666666640e+02 1.272666666666666657e+02
1.246887417218542993e+02 1.284105960264900546e+02 1.272582781456953711e+02
1.246092715231788048e+02 1.284304635761589282e+02 1.271788079470198625e+02
1.248344370860927199e+02 1.285430463576159070e+02 1.271456953642384065e+02
1.247171052631578902e+02 1.285000000000000000e+02 1.272236842105263150e+02
1.246644736842105203e+02 1.284802631578947398e+02 1.270855263157894797e+02
1.247814569536423903e+02 1.284039735099337634e+02 1.271258278145695328e+02
1.247712418300653638e+02 1.283725490196078454e+02 1.271568627450980387e+02
1.247199999999999989e+02 1.283866666666666561e+02 1.271333333333333400e+02
