1.275364238410596016e+02 1.289139072847682144e+02 1.280000000000000000e+02
1.275894039735099312e+02 1.289536423841059616e+02 1.279801324503311264e+02
1.276066666666666691e+02 1.290066666666666606e+02 1.278733333333333348e+02
1.275333333333333314e+02 1.289600000000000080e+02 1.278933333333333309e+02
1.275496688741721840e+02 1.288741721854304672e+02 1.279801324503311264e+02
1.276442953020134183e+02 1.289194630872483174e+02 1.280201342281879135e+02
1.277236842105263150e+02 1.289078947368421098e+02 1.280592105263157805e+02
1.277866666666666617e+02 1.289933333333333394e+02 1.280800000000000125e+02
1.278543046357615935e+02 1.288476821192053023e+02 1.281854304635761537e+02
1.279738562091503269e+02 1.288039215686274588e+02 1.282156862745098067e+02
1.278791946308724903e+02 1.288322147651006730e+02 1.281677852348993270e+02
1.278079470198675551e+02 1.287483443708609343e+02 1.281854304635761537e+02
1.278145695364238463e+02 1.288079470198675551e+02 1.282251655629139009e+02
1.277785234899328799e+02 1.287651006711409423e+02 1.281812080536912788e+02
1.278211920529801375e+02 1.288211920529801375e+02 1.282052980132450273e+02
1.277718120805369182e+02 1.290268456375839037e+02 1.281946308724832306e+02
1.277651006711409423e+02 1.290469798657718172e+02 1.282281879194630960e+02
1.276291390728476784e+02 1.291589403973509889e+02 1.282052980132450273e+02
1.276710526315789451e+02 1.294144736842105203e+02 1.282500000000000000e+02
1.277682119205298079e+02 1.294966887417218402e+02 1.282715231788079393e+02
1.279542483660130756e+02 1.295424836601307277e+02 1.282549019607843093e+02
1.279006622516556320e+02 1.294900662251655490e+02 1.282847682119205217e+02
1.278486842105263150e+02 1.295328947368421098e+02 1.282434210526315894e+02
1.277947019867549727e+02 1.295496688741721982e+02 1.282317880794701921e+02
1.278599999999999994e+02 1.295999999999999943e+02 1.283466666666666640e+02
1.278533333333333388e+02 1.295933333333333337e+02 1.282466666666666697e+02
1.279536423841059616e+02 1.295231788079470334e+02 1.282913907284768129e+02
1.278157894736842053e+02 1.294802631578947398e+02 1.283421052631578902e+02
1.278266666666666680e+02 1.294266666666666765e+02 1.283333333333333428e+02
1.278199999999999932e+02 1.294533333333333474e+02 1.283799999999999955e+02
1.279261744966442933e+02 1.293691275167785193e+02 1.283758389261745094e+02
1.278289473684210549e+02 1.294078947368421098e+02 1.284276315789473699e+02
1.278013245033112639e+02 1.293509933774834337e+02 1.283774834437085985e+02
1.278543046357615935e+02 1.294172185430463458e+02 1.284370860927152194e+02
1.277987012987013031e+02 1.294675324675324646e+02 1.285584415584415581e+02
1.277012987012986969e+02 1.294740259740259773e+02 1.285909090909090935e+02
1.278092105263157947e+02 1.295065789473684106e+02 1.286578947368421098e+02
1.279006622516556320e+02 1.295165562913907422e+02 1.286754966887417311e+02
1.277894736842105203e+02 1.296052631578947398e+02 1.285855263157894797e+02
1.278476821192053023e+02 1.296291390728476927e+02 1.286225165562914015e+02
1.276821192052980081e+02 1.297019867549668959e+02 1.286490066225165663e+02
1.277114093959731491e+02 1.297248322147650867e+02 1.287315436241610769e+02
1.275986842105263150e+02 1.296973684210526301e+02 1.287500000000000000e+02
1.276490066225165521e+02 1.296821192052980223e+02 1.287682119205298079e+02
1.277466666666666697e+02 1.297800000000000011e+02 1.288933333333333451e+02
1.277171052631578902e+02 1.296907894736842195e+02 1.288815789473684106e+02
1.276666666666666714e+02 1.297533333333333303e+02 1.288866666666666561e+02
1.277466666666666697e+02 1.296733333333333462e+02 1.288600000000000136e+02
1.277866666666666617e+02 1.295866666666666731e+02 1.289199999999999875e+02
1.277733333333333263e+02 1.296266666666666652e+02 1.289266666666666765e+02
1.277733333333333263e+02 1.295200000000000102e+02 1.290466666666666526e+02
1.277533333333333303e+02 1.295800000000000125e+02 1.291399999999999864e+02
1.276933333333333280e+02 1.295399999999999920e+02 1.291133333333333439e+02
1.277236842105263150e+02 1.295921052631578902e+02 1.291118421052631504e+02
1.277800000000000011e+02 1.294733333333333292e+02 1.291933333333333280e+02
1.277972972972972912e+02 1.294932432432432563e+02 1.292094594594594525e+02
1.277866666666666617e+02 1.295666666666666629e+02 1.291399999999999864e+02
1.278675496688741759e+02 1.296622516556291487e+02 1.292582781456953569e+02
1.277682119205298079e+02 1.295695364238410718e+02 1.292317880794701921e+02
1.278145695364238463e+02 1.296291390728476927e+02 1.292516556291390657e+02
1.278807947019867584e+02 1.297682119205298079e+02 1.292980132450331041e+02
1.279466666666666725e+02 1.297133333333333383e+02 1.293066666666666720e+02
1.280201342281879135e+02 1.297046979865771732e+02 1.292013422818791923e+02
1.280397350993377472e+02 1.296821192052980223e+02 1.291854304635761537e+02
1.280397350993377472e+02 1.297284768211920607e+02 1.292119205298013185e+02
1.280533333333333417e+02 1.297599999999999909e+02 1.292333333333333201e+02
1.280131578947368496e+02 1.297236842105263293e+02 1.293092105263157805e+02
1.281013513513513544e+02 1.297837837837837753e+02 1.293040540540540633e+02
1.280860927152317856e+02 1.297682119205298079e+02 1.293509933774834337e+02
1.281266666666666652e+02 1.299000000000000057e+02 1.291933333333333280e+02
1.281118421052631504e+02 1.300328947368421098e+02 1.292368421052631504e+02
1.280402684563758271e+02 1.300872483221476443e+02 1.292684563758389231e+02
1.280466666666666526e+02 1.301466666666666754e+02 1.292199999999999989e+02
1.279466666666666725e+02 1.301599999999999966e+02 1.293266666666666538e+02
1.278120805369127453e+02 1.301744966442952887e+02 1.292684563758389231e+02
1.279337748344370880e+02 1.300993377483443680e+02 1.292450331125827745e+02
1.278366013071895395e+02 1.299934640522875782e+02 1.292483660130718874e+02
1.278266666666666680e+02 1.299666666666666686e+02 1.292933333333333223e+02
1.279013157894736850e+02 1.298486842105263293e+02 1.291578947368421098e+02
1.280066666666666606e+02 1.298533333333333246e+02 1.292933333333333223e+02
1.280800000000000125e+02 1.297066666666666777e+02 1.292466666666666697e+02
1.281721854304635713e+02 1.297417218543046431e+02 1.291721854304635713e+02
1.281568627450980387e+02 1.297973856209150370e+02 1.292287581699346504e+02
1.281140939597315480e+02 1.297919463087248459e+02 1.292281879194630960e+02
1.281133333333333439e+02 1.298000000000000114e+02 1.292599999999999909e+02
1.280133333333333212e+02 1.297400000000000091e+02 1.291866666666666674e+02
1.278881578947368354e+02 1.296973684210526301e+02 1.292039473684210407e+02
1.279066666666666663e+02 1.296733333333333462e+02 1.293199999999999932e+02
1.280000000000000000e+02 1.296266666666666652e+02 1.293799999999999955e+02
1.279480519480519547e+02 1.296883116883116998e+02 1.293831168831168839e+02
1.279800000000000040e+02 1.295933333333333337e+02 1.294133333333333269e+02
1.280065789473684106e+02 1.295986842105263293e+02 1.292828947368421098e+02
1.279533333333333331e+02 1.296200000000000045e+02 1.292199999999999989e+02
1.279605263157894797e+02 1.294276315789473699e+02 1.291842105263157805e+02
1.279932885906040241e+02 1.293959731543624230e+02 1.291073825503355579e+02
1.280000000000000000e+02 1.294013157894736707e+02 1.290592105263157805e+02
1.280728476821192032e+02 1.294039735099337634e+02 1.290463576158940384e+02
1.280855263157894797e+02 1.292894736842105203e+02 1.289802631578947398e+02
1.281192052980132416e+02 1.292980132450331041e+02 1.289337748344370880e+02
1.281052631578947398e+02 1.293684210526315894e+02 1.289605263157894797e+02
1.281381578947368496e+02 1.293881578947368496e+02 1.290000000000000000e+02
1.282400000000000091e+02 1.294333333333333371e+02 1.289799999999999898e+02
1.282483221476510096e+02 1.294966442953020191e+02 1.289932885906040383e+02
1.282368421052631504e+02 1.296184210526315894e+02 1.290263157894736707e+02
1.281409395973154233e+02 1.296510067114093943e+02 1.289060402684563655e+02
1.280860927152317856e+02 1.296490066225165663e+02 1.288476821192053023e+02
1.280733333333333235e+02 1.296599999999999966e+02 1.289666666666666686e+02
1.281854304635761537e+02 1.297152317880794783e+02 1.289337748344370880e+02
1.282466666666666697e+02 1.296399999999999864e+02 1.289666666666666686e+02
1.283154362416107404e+02 1.296845637583892596e+02 1.289328859060402692e+02
1.282617449664429614e+02 1.296510067114093943e+02 1.289865771812080482e+02
1.283311258278145601e+02 1.297350993377483519e+02 1.289139072847682144e+02
1.282105263157894797e+02 1.296776315789473699e+02 1.288684210526315894e+02
1.282348993288590577e+02 1.298791946308724903e+02 1.288590604026845767e+02
1.281133333333333439e+02 1.298466666666666640e+02 1.288466666666666640e+02
1.279668874172185440e+02 1.299801324503311264e+02 1.288278145695364287e+02
1.280536912751677789e+02 1.300604026845637691e+02 1.287785234899328941e+02
1.280738255033556925e+02 1.300469798657718172e+02 1.288657718120805384e+02
1.280993377483443680e+02 1.299006622516556320e+02 1.289006622516556320e+02
1.280728476821192032e+02 1.298079470198675551e+02 1.288874172185430496e+02
1.280800000000000125e+02 1.298799999999999955e+02 1.289199999999999875e+02
1.279865771812080482e+02 1.299328859060402692e+02 1.289060402684563655e+02
1.280604026845637691e+02 1.297785234899328941e+02 1.289060402684563655e+02
1.280394736842105203e+02 1.297631578947368496e+02 1.288947368421052602e+02
1.280800000000000125e+02 1.299199999999999875e+02 1.289600000000000080e+02
1.279933333333333394e+02 1.298533333333333530e+02 1.289066666666666663e+02
1.278684210526315894e+02 1.298421052631578902e+02 1.289078947368421098e+02
1.278289473684210549e+02 1.298881578947368496e+02 1.289013157894736992e+02
1.278410596026490111e+02 1.298543046357615935e+02 1.288278145695364287e+02
1.278421052631578902e+02 1.298026315789473699e+02 1.288486842105263293e+02
1.278145695364238321e+02 1.299006622516556320e+02 1.287549668874171971e+02
1.278066666666666720e+02 1.298599999999999852e+02 1.287133333333333383e+02
1.278486842105263150e+02 1.298026315789473699e+02 1.287039473684210407e+02
1.278750000000000000e+02 1.296973684210526301e+02 1.287434210526315894e+02
1.277712418300653638e+02 1.296470588235294201e+02 1.288562091503268050e+02
1.278376623376623371e+02 1.296753246753246742e+02 1.287792207792207932e+02
1.277814569536423903e+02 1.297417218543046431e+02 1.287284768211920607e+02
1.277866666666666617e+02 1.298400000000000034e+02 1.287866666666666617e+02
1.277382550335570528e+02 1.297583892617449806e+02 1.287583892617449806e+02
1.277368421052631646e+02 1.298486842105263293e+02 1.288355263157894797e+02
1.277046979865771874e+02 1.298724832214765001e+02 1.288187919463087212e+02
1.277133333333333383e+02 1.298466666666666640e+02 1.288066666666666720e+02
1.276733333333333320e+02 1.298466666666666640e+02 1.287800000000000011e+02
1.276556291390728433e+02 1.298609271523178847e+02 1.288278145695364287e+02
1.276800000000000068e+02 1.298799999999999955e+02 1.288400000000000034e+02
1.276800000000000068e+02 1.298866666666666561e+02 1.289066666666666663e+02
1.275838926174496635e+02 1.299932885906040383e+02 1.289798657718120865e+02
1.276066666666666691e+02 1.298733333333333348e+02 1.289933333333333394e+02
1.275424836601307135e+02 1.298888888888888857e+02 1.290130718954248437e+02
1.275033557046979809e+02 1.300402684563758271e+02 1.290335570469798654e+02
1.274473684210526301e+02 1.298618421052631504e+02 1.291973684210526301e+02
1.273986928104575185e+02 1.299150326797385731e+02 1.290392156862745026e+02
1.273799999999999955e+02 1.299133333333333269e+02 1.290466666666666526e+02
1.274496644295302019e+02 1.299865771812080482e+02 1.290872483221476443e+02
1.273311258278145743e+02 1.299470198675496704e+02 1.291059602649006592e+02
1.273841059602649040e+02 1.300728476821192032e+02 1.290794701986754944e+02
1.273750000000000000e+02 1.301052631578947398e+02 1.291052631578947398e+02
1.274800000000000040e+02 1.299866666666666788e+02 1.290266666666666708e+02
1.275000000000000000e+02 1.300000000000000000e+02 1.288866666666666561e+02
1.274900662251655632e+02 1.299470198675496704e+02 1.288741721854304672e+02
1.276118421052631646e+02 1.299671052631578902e+02 1.288223684210526301e+02
1.275266666666666708e+02 1.300133333333333212e+02 1.287266666666666595e+02
1.275098039215686327e+02 1.299215686274509665e+02 1.288039215686274588e+02
1.275364238410596016e+02 1.299801324503311264e+02 1.288278145695364287e+02
1.275394736842105203e+02 1.300921052631578902e+02 1.289342105263157805e+02
1.276400000000000006e+02 1.301266666666666652e+02 1.288533333333333246e+02
1.277600000000000051e+02 1.301133333333333439e+02 1.286999999999999886e+02
1.276556291390728433e+02 1.301059602649006592e+02 1.286556291390728575e+02
1.277385620915032689e+02 1.300522875816993462e+02 1.286993464052287663e+02
1.277105263157894797e+02 1.299013157894736707e+02 1.288289473684210407e+02
1.276308724832214807e+02 1.299127516778523557e+02 1.287785234899328941e+02
1.275099337748344368e+02 1.298609271523178847e+02 1.287615894039735167e+02
1.275430463576158928e+02 1.298079470198675551e+02 1.287417218543046431e+02
1.276466666666666612e+02 1.297533333333333303e+02 1.286933333333333280e+02
1.276733333333333320e+02 1.296599999999999966e+02 1.286200000000000045e+02
1.277682119205298079e+02 1.296357615894039839e+02 1.287350993377483519e+02
1.277682119205298079e+02 1.296291390728476927e+02 1.287814569536423903e+02
1.277417218543046289e+02 1.297086092715231871e+02 1.287748344370860991e+02
1.278466666666666640e+02 1.298066666666666720e+02 1.287733333333333405e+02
1.277999999999999972e+02 1.298000000000000114e+02 1.288266666666666538e+02
1.278750000000000000e+02 1.297697368421052602e+02 1.289276315789473699e+02
1.277549668874172255e+02 1.298344370860927199e+02 1.288543046357615935e+02
1.276887417218542993e+02 1.297814569536423903e+02 1.288807947019867584e+02
1.276644736842105203e+02 1.298552631578947398e+02 1.289013157894736707e+02
1.276291390728476784e+02 1.298675496688741759e+02 1.290264900662251648e+02
1.276776315789473699e+02 1.298223684210526301e+02 1.289078947368421098e+02
1.275933333333333337e+02 1.298666666666666742e+02 1.289399999999999977e+02
1.276688741721854257e+02 1.299470198675496704e+02 1.290066225165562912e+02
1.277712418300653638e+02 1.299477124183006538e+02 1.290326797385620807e+02
1.278013245033112639e+02 1.299735099337748352e+02 1.290132450331125824e+02
1.278013245033112639e+02 1.300066225165562912e+02 1.290596026490066208e+02
1.277666666666666657e+02 1.300733333333333235e+02 1.290066666666666606e+02
1.277432432432432421e+02 1.300675675675675791e+02 1.289729729729729684e+02
1.277171052631578902e+02 1.299868421052631504e+02 1.289934210526315894e+02
1.276442953020134183e+02 1.300201342281879135e+02 1.289932885906040383e+02
1.277000000000000028e+02 1.300333333333333314e+02 1.290933333333333337e+02
1.277880794701986815e+02 1.300529801324503296e+02 1.291788079470198625e+02
1.278410596026490111e+02 1.300662251655629120e+02 1.292185430463576097e+02
1.278456375838926107e+02 1.299865771812080482e+02 1.291879194630872405e+02
1.279466666666666725e+02 1.300200000000000102e+02 1.292066666666666777e+02
1.278441558441558499e+02 1.300194805194805099e+02 1.292337662337662323e+02
1.277852348993288558e+02 1.299798657718120865e+02 1.292751677852349133e+02
1.277880794701986815e+02 1.300132450331125824e+02 1.294304635761589282e+02
1.276973684210526301e+02 1.300197368421052602e+02 1.294671052631578902e+02
1.276578947368421098e+02 1.301118421052631504e+02 1.294802631578947398e+02
1.276800000000000068e+02 1.301933333333333280e+02 1.295200000000000102e+02
1.277152317880794641e+02 1.300463576158940384e+02 1.293774834437085985e+02
1.277152317880794641e+02 1.299801324503311264e+02 1.293377483443708513e+02
1.277800000000000011e+02 1.299733333333333292e+02 1.293000000000000114e+02
1.276800000000000068e+02 1.300866666666666731e+02 1.293666666666666742e+02
1.276556291390728433e+02 1.301456953642384065e+02 1.293841059602648897e+02
1.277852348993288558e+02 1.300402684563758271e+02 1.293825503355704711e+02
1.277199999999999989e+02 1.300399999999999920e+02 1.293799999999999955e+02
1.276490066225165521e+02 1.299801324503311264e+02 1.293112582781456865e+02
1.276556291390728433e+02 1.300993377483443680e+02 1.294172185430463458e+02
1.277000000000000028e+02 1.301533333333333360e+02 1.294266666666666765e+02
1.277315436241610769e+02 1.301744966442952887e+02 1.294765100671141056e+02
1.277615894039735167e+02 1.302119205298013185e+02 1.294768211920529666e+02
1.277399999999999949e+02 1.302400000000000091e+02 1.295133333333333212e+02
1.276533333333333360e+02 1.300999999999999943e+02 1.294799999999999898e+02
1.276688741721854257e+02 1.302251655629139009e+02 1.294701986754966754e+02
1.275960264900662224e+02 1.303443708609271425e+02 1.295364238410596158e+02
1.277171052631578902e+02 1.304013157894736707e+02 1.295592105263157805e+02
1.278199999999999932e+02 1.303199999999999932e+02 1.295333333333333314e+02
1.277399999999999949e+02 1.303666666666666742e+02 1.295800000000000125e+02
1.277533333333333303e+02 1.303933333333333451e+02 1.295800000000000125e+02
1.277199999999999989e+02 1.304866666666666788e+02 1.295200000000000102e+02
1.277631578947368354e+02 1.305065789473684106e+02 1.296513157894736707e+02
1.277333333333333343e+02 1.304866666666666788e+02 1.296800000000000068e+02
1.278410596026490111e+02 1.303046357615893953e+02 1.296291390728476927e+02
1.278389261744966490e+02 1.302885906040268367e+02 1.295033557046979809e+02
1.278199999999999932e+02 1.302866666666666617e+02 1.294066666666666663e+02
1.277763157894736850e+02 1.303223684210526301e+02 1.293684210526315894e+02
1.278322147651006730e+02 1.304832214765100673e+02 1.294496644295302019e+02
1.278523489932885866e+02 1.303758389261745094e+02 1.294026845637583847e+02
1.279328859060402692e+02 1.304026845637583847e+02 1.293691275167785193e+02
1.279271523178807968e+02 1.304370860927152194e+02 1.293377483443708513e+02
1.278476821192053023e+02 1.304039735099337634e+02 1.293046357615893953e+02
1.278333333333333286e+02 1.303400000000000034e+02 1.293400000000000034e+02
1.277999999999999972e+02 1.304533333333333474e+02 1.294000000000000057e+02
1.278333333333333286e+02 1.305200000000000102e+02 1.293933333333333451e+02
1.277894736842105203e+02 1.305723684210526301e+02 1.293815789473684106e+02
1.277651006711409423e+02 1.306107382550335672e+02 1.293624161073825576e+02
1.276866666666666674e+02 1.305666666666666629e+02 1.293799999999999955e+02
1.277315436241610769e+02 1.305436241610738364e+02 1.293355704697986539e+02
1.276710526315789451e+02 1.305789473684210407e+02 1.293223684210526301e+02
1.277000000000000028e+02 1.306066666666666549e+02 1.293600000000000136e+02
1.277066666666666634e+02 1.305200000000000102e+02 1.293866666666666561e+02
1.277417218543046289e+02 1.304304635761589282e+02 1.294900662251655490e+02
1.279200000000000017e+02 1.304600000000000080e+02 1.294666666666666686e+02
1.279150326797385588e+02 1.304444444444444571e+02 1.294901960784313815e+02
1.279533333333333331e+02 1.304399999999999977e+02 1.294000000000000057e+02
1.279342105263157947e+02 1.304736842105263293e+02 1.294539473684210407e+02
1.278799999999999955e+02 1.305533333333333417e+02 1.294266666666666765e+02
1.279133333333333269e+02 1.305466666666666526e+02 1.294399999999999977e+02
1.278355263157894797e+02 1.306184210526315894e+02 1.293815789473684106e+02
1.278733333333333348e+02 1.305533333333333417e+02 1.293600000000000136e+02
1.277880794701986815e+02 1.306225165562914015e+02 1.292847682119205217e+02
1.279133333333333269e+02 1.305266666666666708e+02 1.293066666666666720e+02
1.276821192052980081e+02 1.303841059602648897e+02 1.292913907284768129e+02
1.278344370860927199e+02 1.304039735099337634e+02 1.293642384105960161e+02
1.277852348993288558e+02 1.304429530201342402e+02 1.293758389261745094e+02
1.277880794701986815e+02 1.303973509933774722e+02 1.294304635761589282e+02
1.278599999999999994e+02 1.303266666666666538e+02 1.294933333333333394e+02
1.278701298701298725e+02 1.301623376623376487e+02 1.295194805194805099e+02
1.278874172185430496e+02 1.301721854304635713e+02 1.294900662251655490e+02
1.277600000000000051e+02 1.301466666666666754e+02 1.294866666666666788e+02
1.277046979865771874e+02 1.302281879194630960e+02 1.295973154362416153e+02
1.276993464052287521e+02 1.301437908496731950e+02 1.294967320261438033e+02
1.277152317880794641e+02 1.301523178807946977e+02 1.294834437086092578e+02
1.276666666666666714e+02 1.299866666666666788e+02 1.294799999999999898e+02
1.277880794701986815e+02 1.299006622516556320e+02 1.294105960264900546e+02
1.276778523489932837e+02 1.299597315436241729e+02 1.294161073825503365e+02
1.277350993377483377e+02 1.299072847682119232e+02 1.293443708609271425e+02
1.277266666666666737e+02 1.297666666666666799e+02 1.293066666666666720e+02
1.277133333333333383e+02 1.296800000000000068e+02 1.293333333333333428e+02
1.277466666666666697e+02 1.297666666666666799e+02 1.293600000000000136e+02
1.276266666666666652e+02 1.297933333333333223e+02 1.293733333333333348e+02
1.276357615894039697e+02 1.297483443708609343e+02 1.293708609271523073e+02
1.275562913907284752e+02 1.298543046357615935e+02 1.294437086092715106e+02
1.275733333333333377e+02 1.298799999999999955e+02 1.294399999999999977e+02
1.275771812080536876e+02 1.300402684563758271e+02 1.294966442953020191e+02
1.276026490066225136e+02 1.300529801324503296e+02 1.295231788079470334e+02
1.274933333333333394e+02 1.300600000000000023e+02 1.295600000000000023e+02
1.274866666666666646e+02 1.300333333333333314e+02 1.295800000000000125e+02
1.274866666666666646e+02 1.300333333333333314e+02 1.295533333333333417e+02
1.275695364238410576e+02 1.300662251655629120e+02 1.296357615894039839e+02
1.276225165562913872e+02 1.300927152317880768e+02 1.295562913907284894e+02
1.276133333333333297e+02 1.300999999999999943e+02 1.296133333333333439e+02
1.275503355704697981e+02 1.301006711409395962e+02 1.295838926174496635e+02
1.276778523489932837e+02 1.300939597315436345e+02 1.296308724832214807e+02
1.277000000000000028e+02 1.301533333333333360e+02 1.296733333333333462e+02
1.276225165562913872e+02 1.302317880794701921e+02 1.297615894039735167e+02
1.277533333333333303e+02 1.301399999999999864e+02 1.299333333333333371e+02
1.277337662337662323e+02 1.302272727272727195e+02 1.298376623376623513e+02
1.277302631578947398e+02 1.301381578947368496e+02 1.299671052631578902e+02
1.276688741721854257e+02 1.301655629139072801e+02 1.298940397350993408e+02
1.277266666666666737e+02 1.304399999999999977e+02 1.300266666666666708e+02
1.276711409395973220e+02 1.305234899328858944e+02 1.300335570469798654e+02
1.276486486486486456e+02 1.306013513513513544e+02 1.300135135135135158e+02
1.276577181208053702e+02 1.305167785234899327e+02 1.300872483221476443e+02
1.276821192052980081e+02 1.303973509933774722e+02 1.300662251655629120e+02
1.277399999999999949e+02 1.304466666666666583e+02 1.301200000000000045e+02
1.277417218543046289e+02 1.304172185430463458e+02 1.300662251655629120e+02
1.277631578947368354e+02 1.303486842105263293e+02 1.300592105263157805e+02
1.278066666666666720e+02 1.304133333333333269e+02 1.300266666666666708e+02
1.278092105263157947e+02 1.304210526315789593e+02 1.299407894736842195e+02
1.278733333333333348e+02 1.304533333333333474e+02 1.300266666666666708e+02
1.278648648648648702e+02 1.304932432432432563e+02 1.300540540540540633e+02
1.279000000000000057e+02 1.305666666666666629e+02 1.301733333333333462e+02
1.279333333333333371e+02 1.305466666666666526e+02 1.301333333333333258e+02
1.280133333333333212e+02 1.305999999999999943e+02 1.302666666666666799e+02
1.279605263157894797e+02 1.305723684210526301e+02 1.303157894736842195e+02
1.277114093959731491e+02 1.307046979865771732e+02 1.303758389261745094e+02
1.277583892617449663e+02 1.307583892617449806e+02 1.303624161073825576e+02
1.277417218543046289e+02 1.307086092715231871e+02 1.303443708609271425e+02
1.277199999999999989e+02 1.306733333333333462e+02 1.304133333333333269e+02
1.275733333333333377e+02 1.306533333333333360e+02 1.303133333333333326e+02
1.275364238410596016e+02 1.306357615894039839e+02 1.303178807947019777e+02
1.276845637583892596e+02 1.306107382550335672e+02 1.302751677852349133e+02
1.276866666666666674e+02 1.306466666666666754e+02 1.302733333333333405e+02
1.276333333333333400e+02 1.306333333333333258e+02 1.302933333333333223e+02
1.277181208053691250e+02 1.305973154362416153e+02 1.303087248322147786e+02
1.278410596026490111e+02 1.305629139072847806e+02 1.302582781456953569e+02
1.279599999999999937e+02 1.305266666666666708e+02 1.303666666666666742e+02
1.279407894736842053e+02 1.304078947368421098e+02 1.304934210526315894e+02
1.279466666666666725e+02 1.304000000000000057e+02 1.305000000000000000e+02
1.279266666666666623e+02 1.305999999999999943e+02 1.304533333333333474e+02
1.279533333333333331e+02 1.305866666666666731e+02 1.303933333333333451e+02
1.278104575163398664e+02 1.304509803921568505e+02 1.303137254901960773e+02
1.277666666666666657e+02 1.303600000000000136e+02 1.303066666666666720e+02
1.278092105263157947e+02 1.303092105263157805e+02 1.301578947368421098e+02
1.278278145695364287e+02 1.302781456953642305e+02 1.302317880794701921e+02
1.277266666666666737e+02 1.302333333333333201e+02 1.302199999999999989e+02
1.277549668874172255e+02 1.302185430463576097e+02 1.301920529801324449e+02
1.278333333333333286e+02 1.300866666666666731e+02 1.301533333333333360e+02
1.278389261744966490e+02 1.300872483221476443e+02 1.302281879194630960e+02
1.279597315436241587e+02 1.301006711409395962e+02 1.300872483221476443e+02
1.279668874172185440e+02 1.301258278145695328e+02 1.300198675496688736e+02
1.280065789473684106e+02 1.303026315789473699e+02 1.299802631578947398e+02
1.281342281879194616e+02 1.303221476510067021e+02 1.299932885906040383e+02
1.280800000000000125e+02 1.303933333333333451e+02 1.299333333333333371e+02
1.280800000000000125e+02 1.304799999999999898e+02 1.299733333333333292e+02
1.279337748344370880e+02 1.304635761589403842e+02 1.300529801324503296e+02
1.279000000000000057e+02 1.303666666666666742e+02 1.300666666666666629e+02
1.278255033557046971e+02 1.302684563758389231e+02 1.300939597315436345e+02
1.277933333333333366e+02 1.301666666666666572e+02 1.300666666666666629e+02
1.277682119205298079e+02 1.301788079470198625e+02 1.299933774834437088e+02
1.276644295302013461e+02 1.301677852348993270e+02 1.300872483221476443e+02
1.274370860927152336e+02 1.301986754966887361e+02 1.300794701986754944e+02
1.272847682119205359e+02 1.301523178807946977e+02 1.301258278145695328e+02
1.273733333333333348e+02 1.301666666666666572e+02 1.301466666666666754e+02
1.273466666666666640e+02 1.302400000000000091e+02 1.301133333333333439e+02
1.272800000000000011e+02 1.302266666666666595e+02 1.300733333333333235e+02
1.272684563758389231e+02 1.301409395973154233e+02 1.301476510067114134e+02
1.272333333333333343e+02 1.301999999999999886e+02 1.302333333333333201e+02
1.272368421052631646e+02 1.301184210526315894e+02 1.301776315789473699e+02
1.270866666666666731e+02 1.301999999999999886e+02 1.302266666666666595e+02
1.270331125827814560e+02 1.301324503311258241e+02 1.301523178807946977e+02
1.269200000000000017e+02 1.301266666666666652e+02 1.301666666666666572e+02
1.268933333333333309e+02 1.300399999999999920e+02 1.303000000000000114e+02
1.269210526315789451e+02 1.300921052631578902e+02 1.303223684210526301e+02
1.270457516339869244e+02 1.301372549019607732e+02 1.302287581699346504e+02
1.271543624161073893e+02 1.302348993288590577e+02 1.301476510067114134e+02
1.272080536912751683e+02 1.303087248322147786e+02 1.302013422818791923e+02
1.272384105960264833e+02 1.304437086092715106e+02 1.301523178807946977e+02
1.272715231788079535e+02 1.303576158940397249e+02 1.301456953642384065e+02
1.272810457516339824e+02 1.303529411764705799e+02 1.301503267973856168e+02
1.273445945945945965e+02 1.304256756756756772e+02 1.301756756756756772e+02
1.271986754966887361e+02 1.305165562913907422e+02 1.302317880794701921e+02
1.271599999999999966e+02 1.304600000000000080e+02 1.301666666666666572e+02
1.272317880794701921e+02 1.305430463576159070e+02 1.301390728476821153e+02
1.273489932885906057e+02 1.305637583892617499e+02 1.301275167785234999e+02
1.273533333333333388e+02 1.305000000000000000e+02 1.301999999999999886e+02
1.273178807947019919e+02 1.305099337748344510e+02 1.302251655629139009e+02
1.273642384105960303e+02 1.304569536423840930e+02 1.301655629139072801e+02
1.274304635761589424e+02 1.304238410596026370e+02 1.301986754966887361e+02
1.273733333333333348e+02 1.303533333333333246e+02 1.301999999999999886e+02
1.274172185430463600e+02 1.302781456953642305e+02 1.301920529801324449e+02
1.273333333333333286e+02 1.302533333333333303e+02 1.300866666666666731e+02
1.273199999999999932e+02 1.302533333333333303e+02 1.300933333333333337e+02
1.272236842105263150e+02 1.302500000000000000e+02 1.300526315789473699e+02
1.272582781456953711e+02 1.301854304635761537e+02 1.299536423841059616e+02
1.272800000000000011e+02 1.301733333333333462e+02 1.299933333333333394e+02
1.271946308724832164e+02 1.301342281879194616e+02 1.300067114093959617e+02
1.272666666666666657e+02 1.300866666666666731e+02 1.299933333333333394e+02
1.272281879194630818e+02 1.299597315436241729e+02 1.299060402684563655e+02
1.272199999999999989e+02 1.299199999999999875e+02 1.299866666666666788e+02
1.273026315789473699e+02 1.299868421052631504e+02 1.299407894736842195e+02
1.273947368421052602e+02 1.297368421052631504e+02 1.299078947368421098e+02
1.274370860927152336e+02 1.296291390728476927e+02 1.299205298013245056e+02
1.274000000000000057e+02 1.296133333333333439e+02 1.300466666666666526e+02
1.274117647058823479e+02 1.296013071895424957e+02 1.300849673202614269e+02
1.273799999999999955e+02 1.295600000000000023e+02 1.300133333333333212e+02
1.272133333333333383e+02 1.296533333333333360e+02 1.298933333333333451e+02
1.272800000000000011e+02 1.296800000000000068e+02 1.297733333333333405e+02
1.271733333333333320e+02 1.297599999999999909e+02 1.298466666666666640e+02
1.271920529801324449e+02 1.296158940397351103e+02 1.298874172185430496e+02
1.272214765100671201e+02 1.297114093959731633e+02 1.299194630872483174e+02
1.271721854304635713e+02 1.297284768211920607e+02 1.298410596026490111e+02
1.273020134228187885e+02 1.297852348993288558e+02 1.299127516778523557e+02
1.272582781456953711e+02 1.298741721854304672e+02 1.299205298013245056e+02
1.273245033112582831e+02 1.299006622516556320e+02 1.298211920529801375e+02
1.274066666666666663e+02 1.299333333333333371e+02 1.298133333333333326e+02
1.274437086092715248e+02 1.299668874172185440e+02 1.298741721854304672e+02
1.274800000000000040e+02 1.297333333333333201e+02 1.298733333333333348e+02
1.274599999999999937e+02 1.297733333333333405e+02 1.297933333333333223e+02
1.273856209150326748e+02 1.298235294117646959e+02 1.298300653594771177e+02
1.274276315789473699e+02 1.298026315789473699e+02 1.298223684210526301e+02
1.274733333333333292e+02 1.299000000000000057e+02 1.297933333333333223e+02
1.275197368421052602e+02 1.299013157894736707e+02 1.298947368421052602e+02
1.275000000000000000e+02 1.298486842105263293e+02 1.299144736842105203e+02
1.276666666666666714e+02 1.298199999999999932e+02 1.297533333333333303e+02
1.277152317880794641e+02 1.299403973509933792e+02 1.296887417218543135e+02
1.277266666666666737e+02 1.298533333333333246e+02 1.296533333333333360e+02
1.279144736842105203e+02 1.298618421052631504e+02 1.295855263157894797e+02
1.278322147651006730e+02 1.298255033557047113e+02 1.294899328859060290e+02
1.278211920529801375e+02 1.298807947019867584e+02 1.293973509933774722e+02
1.277500000000000000e+02 1.299473684210526301e+02 1.294473684210526301e+02
1.278066666666666720e+02 1.299199999999999875e+02 1.294666666666666686e+02
1.277647058823529420e+02 1.300000000000000000e+02 1.295032679738561967e+02
1.277114093959731491e+02 1.300134228187919518e+02 1.294228187919462982e+02
1.278199999999999932e+02 1.300399999999999920e+02 1.294199999999999875e+02
1.279256756756756772e+02 1.301081081081080981e+02 1.294729729729729684e+02
1.278562091503267908e+02 1.301176470588235361e+02 1.295163398692810404e+02
1.278926174496644279e+02 1.302147651006711442e+02 1.294832214765100673e+02
1.278120805369127453e+02 1.301812080536912788e+02 1.295704697986577116e+02
1.278666666666666600e+02 1.300999999999999943e+02 1.295600000000000023e+02
1.279205298013245056e+02 1.300794701986754944e+02 1.296556291390728575e+02
1.278675496688741759e+02 1.299801324503311264e+02 1.297417218543046431e+02
1.278421052631578902e+02 1.299671052631578902e+02 1.298026315789473699e+02
1.278874172185430496e+02 1.300066225165562912e+02 1.298741721854304672e+02
1.278750000000000000e+02 1.300065789473684106e+02 1.297631578947368496e+02
1.277748344370860991e+02 1.300662251655629120e+02 1.297682119205298079e+02
1.278013245033112639e+02 1.302251655629139009e+02 1.296556291390728575e+02
1.278533333333333388e+02 1.302533333333333303e+02 1.296599999999999966e+02
1.277999999999999972e+02 1.303133333333333326e+02 1.296599999999999966e+02
1.277814569536423903e+02 1.302516556291390657e+02 1.296291390728476927e+02
1.277866666666666617e+02 1.303600000000000136e+02 1.296266666666666652e+02
1.277933333333333366e+02 1.303933333333333451e+02 1.296466666666666754e+02
1.276333333333333400e+02 1.303333333333333428e+02 1.297133333333333383e+02
1.278079470198675551e+02 1.304370860927152194e+02 1.298278145695364287e+02
1.277565789473684248e+02 1.304605263157894797e+02 1.297565789473684106e+02
1.278533333333333388e+02 1.305133333333333212e+02 1.296800000000000068e+02
1.278157894736842053e+02 1.304736842105263293e+02 1.297894736842105203e+02
1.277947019867549727e+02 1.305165562913907422e+02 1.297284768211920607e+02
1.277814569536423903e+02 1.305033112582781598e+02 1.297086092715231871e+02
1.277647058823529420e+02 1.306013071895424957e+02 1.297516339869281126e+02
1.278410596026490111e+02 1.306490066225165663e+02 1.296026490066225278e+02
1.276400000000000006e+02 1.305533333333333417e+02 1.295733333333333235e+02
1.275799999999999983e+02 1.304799999999999898e+02 1.295600000000000023e+02
1.275894039735099312e+02 1.304834437086092578e+02 1.296423841059602751e+02
1.275570469798657740e+02 1.303355704697986539e+02 1.296510067114093943e+02
1.276040268456375770e+02 1.304093959731543748e+02 1.297315436241610769e+02
1.277058823529411740e+02 1.304117647058823479e+02 1.297189542483660034e+02
1.276842105263157947e+02 1.304605263157894797e+02 1.296907894736842195e+02
1.277189542483660176e+02 1.304967320261438033e+02 1.297516339869281126e+02
1.276688741721854257e+02 1.304768211920529666e+02 1.299271523178807968e+02
1.276601307189542496e+02 1.305294117647058840e+02 1.298758169934640421e+02
1.275562913907284752e+02 1.303907284768211809e+02 1.298476821192053023e+02
1.274161073825503365e+02 1.304161073825503365e+02 1.298590604026845767e+02
1.273907284768211952e+02 1.304172185430463458e+02 1.298145695364238463e+02
1.273466666666666640e+02 1.304600000000000080e+02 1.296933333333333280e+02
1.274800000000000040e+02 1.305466666666666526e+02 1.296666666666666572e+02
1.276158940397350960e+02 1.306490066225165663e+02 1.297284768211920607e+02
1.275906040268456394e+02 1.306241610738254906e+02 1.297785234899328941e+02
1.276184210526315752e+02 1.305460526315789593e+02 1.297894736842105203e+02
1.276308724832214807e+02 1.305369127516778462e+02 1.298120805369127595e+02
1.275234899328859086e+02 1.305503355704697981e+02 1.297516778523489904e+02
1.274539473684210549e+02 1.305197368421052602e+02 1.297434210526315894e+02
1.272266666666666737e+02 1.305866666666666731e+02 1.296066666666666549e+02
1.273377483443708655e+02 1.306490066225165663e+02 1.295629139072847806e+02
1.273400000000000034e+02 1.306733333333333462e+02 1.295800000000000125e+02
1.272751677852348990e+02 1.307114093959731633e+02 1.295369127516778462e+02
1.273311258278145743e+02 1.308344370860927199e+02 1.296490066225165663e+02
1.273178807947019919e+02 1.306953642384106047e+02 1.297019867549668959e+02
1.272368421052631646e+02 1.306776315789473699e+02 1.296644736842105203e+02
1.273576158940397391e+02 1.308145695364238463e+02 1.296754966887417311e+02
1.273533333333333388e+02 1.308733333333333348e+02 1.295666666666666629e+02
1.272697368421052602e+02 1.308552631578947398e+02 1.295789473684210407e+02
1.272715231788079535e+02 1.308543046357615935e+02 1.297350993377483519e+02
1.272466666666666697e+02 1.309466666666666583e+02 1.296666666666666572e+02
1.272999999999999972e+02 1.310466666666666526e+02 1.296066666666666549e+02
1.272416107382550337e+02 1.309463087248322211e+02 1.295906040268456252e+02
1.271184210526315752e+02 1.310263157894736707e+02 1.296315789473684106e+02
1.271258278145695328e+02 1.310264900662251648e+02 1.296556291390728575e+02
1.270266666666666708e+02 1.310866666666666731e+02 1.295466666666666526e+02
1.270400000000000063e+02 1.311200000000000045e+02 1.295533333333333417e+02
1.270999999999999943e+02 1.310533333333333417e+02 1.295800000000000125e+02
1.271721854304635713e+02 1.310132450331125824e+02 1.296158940397351103e+02
1.271933333333333280e+02 1.309333333333333371e+02 1.295399999999999920e+02
1.271655629139072801e+02 1.309470198675496704e+02 1.295231788079470334e+02
1.272000000000000028e+02 1.310133333333333212e+02 1.296133333333333439e+02
1.272066666666666634e+02 1.310800000000000125e+02 1.294933333333333394e+02
1.272933333333333366e+02 1.310800000000000125e+02 1.294266666666666765e+02
1.273422818791946298e+02 1.309530201342281828e+02 1.294429530201342402e+02
1.272533333333333303e+02 1.309066666666666663e+02 1.294333333333333371e+02
1.273221476510067163e+02 1.309261744966443075e+02 1.294362416107382501e+02
1.272885906040268509e+02 1.309127516778523557e+02 1.295973154362416153e+02
1.272266666666666737e+02 1.309199999999999875e+02 1.295533333333333417e+02
