1.279395973154362451e+02 1.271744966442953029e+02 1.274966442953020191e+02
1.278741721854304672e+02 1.271721854304635713e+02 1.274900662251655632e+02
1.278741721854304672e+02 1.271589403973509889e+02 1.275298013245033104e+02
1.278053691275167836e+02 1.272214765100671201e+02 1.276308724832214807e+02
1.277583892617449663e+02 1.272147651006711442e+02 1.275570469798657740e+02
1.278199999999999932e+02 1.272399999999999949e+02 1.274933333333333394e+02
1.277866666666666617e+02 1.272333333333333343e+02 1.275199999999999960e+02
1.277919463087248317e+02 1.271879194630872547e+02 1.274765100671140914e+02
1.277866666666666617e+02 1.271533333333333360e+02 1.274266666666666623e+02
1.278199999999999932e+02 1.270999999999999943e+02 1.274266666666666623e+02
1.278533333333333388e+02 1.270400000000000063e+02 1.273933333333333309e+02
1.279000000000000057e+02 1.270533333333333275e+02 1.274666666666666686e+02
1.279200000000000017e+02 1.270400000000000063e+02 1.274933333333333394e+02
1.279276315789473699e+02 1.270855263157894797e+02 1.274407894736842053e+02
1.278807947019867584e+02 1.270529801324503296e+02 1.274635761589403984e+02
1.279066666666666663e+02 1.270799999999999983e+02 1.274000000000000057e+02
1.279133333333333269e+02 1.270400000000000063e+02 1.273799999999999955e+02
1.279866666666666646e+02 1.270000000000000000e+02 1.274133333333333269e+02
1.279533333333333331e+02 1.270199999999999960e+02 1.275066666666666606e+02
1.279342105263157947e+02 1.269934210526315752e+02 1.274802631578947398e+02
1.279066666666666663e+02 1.270533333333333275e+02 1.274599999999999937e+02
1.279266666666666623e+02 1.270400000000000063e+02 1.274333333333333371e+02
1.279266666666666623e+02 1.270799999999999983e+02 1.274066666666666663e+02
1.279399999999999977e+02 1.271333333333333400e+02 1.273599999999999994e+02
1.279602649006622528e+02 1.271125827814569504e+02 1.272913907284768271e+02
1.279733333333333292e+02 1.271133333333333297e+02 1.273133333333333326e+02
1.279933333333333394e+02 1.270733333333333377e+02 1.273533333333333388e+02
1.280402684563758271e+02 1.270805369127516826e+02 1.274026845637583847e+02
1.280335570469798654e+02 1.271006711409395962e+02 1.274295302013422884e+02
1.280993377483443680e+02 1.270662251655629120e+02 1.274370860927152336e+02
1.280533333333333417e+02 1.270199999999999960e+02 1.274399999999999977e+02
1.280200000000000102e+02 1.270733333333333377e+02 1.274066666666666663e+02
1.280000000000000000e+02 1.270799999999999983e+02 1.273799999999999955e+02
1.279735099337748352e+02 1.271192052980132416e+02 1.273642384105960303e+02
1.279000000000000057e+02 1.270266666666666708e+02 1.273733333333333348e+02
1.279463087248322211e+02 1.270402684563758413e+02 1.273624161073825434e+02
1.279266666666666623e+02 1.270466666666666669e+02 1.274000000000000057e+02
1.278750000000000000e+02 1.270986842105263150e+02 1.275657894736842053e+02
1.278400000000000034e+02 1.270999999999999943e+02 1.275600000000000023e+02
1.278333333333333286e+02 1.271133333333333297e+02 1.275133333333333354e+02
1.278066666666666720e+02 1.270666666666666629e+02 1.274933333333333394e+02
1.278599999999999994e+02 1.270133333333333354e+02 1.274266666666666623e+02
1.278866666666666703e+02 1.269733333333333292e+02 1.274000000000000057e+02
1.279072847682119232e+02 1.269337748344370880e+02 1.274370860927152336e+02
1.279066666666666663e+02 1.268799999999999955e+02 1.273666666666666600e+02
1.279671052631578902e+02 1.268552631578947398e+02 1.273815789473684248e+02
1.279395973154362451e+02 1.268926174496644279e+02 1.273557046979865817e+02
1.279466666666666725e+02 1.269399999999999977e+02 1.273133333333333326e+02
1.279530201342281828e+02 1.269127516778523557e+02 1.272684563758389231e+02
1.279333333333333371e+02 1.268799999999999955e+02 1.273333333333333286e+02
1.279668874172185440e+02 1.269403973509933792e+02 1.274039735099337776e+02
1.280066666666666606e+02 1.268666666666666600e+02 1.273400000000000034e+02
1.279932885906040241e+02 1.268926174496644279e+02 1.274295302013422884e+02
1.280333333333333314e+02 1.269333333333333371e+02 1.275266666666666708e+02
1.280333333333333314e+02 1.269399999999999977e+02 1.275533333333333275e+02
1.280536912751677789e+02 1.269597315436241587e+02 1.275234899328859086e+02
1.280200000000000102e+02 1.269733333333333292e+02 1.274666666666666686e+02
1.280200000000000102e+02 1.269933333333333394e+02 1.275133333333333354e+02
1.279868421052631646e+02 1.270000000000000000e+02 1.274868421052631646e+02
1.279865771812080482e+02 1.270671140939597308e+02 1.275033557046979809e+02
1.280200000000000102e+02 1.270866666666666731e+02 1.275133333333333354e+02
1.280866666666666731e+02 1.271333333333333400e+02 1.275133333333333354e+02
1.280463576158940384e+02 1.271721854304635713e+02 1.275364238410596016e+02
1.280728476821192032e+02 1.270662251655629120e+02 1.274768211920529808e+02
1.280266666666666708e+02 1.270866666666666731e+02 1.274599999999999937e+02
1.280066666666666606e+02 1.271133333333333297e+02 1.274800000000000040e+02
1.279801324503311264e+02 1.271589403973509889e+02 1.274503311258278160e+02
1.280067114093959617e+02 1.270536912751677789e+02 1.274429530201342260e+02
1.279867549668874176e+02 1.270264900662251648e+02 1.273642384105960303e+02
1.279399999999999977e+02 1.270333333333333314e+02 1.273333333333333286e+02
1.279800000000000040e+02 1.270666666666666629e+02 1.273666666666666600e+02
1.280921052631578902e+02 1.270460526315789451e+02 1.273157894736842053e+02
1.281589403973509889e+02 1.270596026490066208e+02 1.273311258278145743e+02
1.281073825503355579e+02 1.271006711409395962e+02 1.274161073825503365e+02
1.280794701986754944e+02 1.271788079470198625e+02 1.274635761589403984e+02
1.280335570469798654e+02 1.271946308724832164e+02 1.274295302013422884e+02
1.279599999999999937e+02 1.271599999999999966e+02 1.274800000000000040e+02
1.279333333333333371e+02 1.271133333333333297e+02 1.274666666666666686e+02
1.279866666666666646e+02 1.270533333333333275e+02 1.273866666666666703e+02
1.279470198675496704e+02 1.270397350993377472e+02 1.274437086092715248e+02
1.280000000000000000e+02 1.269933333333333394e+02 1.274666666666666686e+02
1.280200000000000102e+02 1.269266666666666623e+02 1.274466666666666725e+02
1.280333333333333314e+02 1.269533333333333331e+02 1.274666666666666686e+02
1.280399999999999920e+02 1.269066666666666663e+02 1.274333333333333371e+02
1.280733333333333235e+02 1.268866666666666703e+02 1.274466666666666725e+02
1.280800000000000125e+02 1.268799999999999955e+02 1.275066666666666606e+02
1.280794701986754944e+02 1.268609271523178847e+02 1.275496688741721840e+02
1.280266666666666708e+02 1.268733333333333348e+02 1.275533333333333275e+02
1.280666666666666629e+02 1.269466666666666725e+02 1.274599999999999937e+02
1.281133333333333439e+02 1.269533333333333331e+02 1.274599999999999937e+02
1.281192052980132416e+02 1.270132450331125824e+02 1.274900662251655632e+02
1.280662251655629120e+02 1.270728476821192032e+02 1.274834437086092720e+02
1.280993377483443680e+02 1.271721854304635713e+02 1.274569536423841072e+02
1.280794701986754944e+02 1.271258278145695328e+02 1.274900662251655632e+02
1.280933333333333337e+02 1.271666666666666714e+02 1.274533333333333331e+02
1.281200000000000045e+02 1.271599999999999966e+02 1.274866666666666646e+02
1.280728476821192032e+02 1.271655629139072801e+02 1.275165562913907280e+02
1.280666666666666629e+02 1.272000000000000028e+02 1.274933333333333394e+02
1.280264900662251648e+02 1.272185430463576097e+02 1.275629139072847664e+02
1.279530201342281828e+02 1.272885906040268509e+02 1.274630872483221538e+02
1.279200000000000017e+02 1.273133333333333326e+02 1.275400000000000063e+02
1.278266666666666680e+02 1.273066666666666720e+02 1.275933333333333337e+02
1.278278145695364287e+02 1.273311258278145743e+02 1.275496688741721840e+02
1.278476821192053023e+02 1.274105960264900688e+02 1.274768211920529808e+02
1.278940397350993408e+02 1.275165562913907280e+02 1.274304635761589424e+02
1.278666666666666600e+02 1.275199999999999960e+02 1.273866666666666703e+02
1.278657718120805384e+02 1.275234899328859086e+02 1.273557046979865817e+02
1.278079470198675551e+02 1.274569536423841072e+02 1.273576158940397391e+02
1.278456375838926107e+02 1.274630872483221538e+02 1.272818791946308750e+02
1.278199999999999932e+02 1.274599999999999937e+02 1.272733333333333263e+02
1.278211920529801375e+02 1.274370860927152336e+02 1.273907284768211952e+02
1.277600000000000051e+02 1.274666666666666686e+02 1.273933333333333309e+02
1.277549668874172255e+02 1.275099337748344368e+02 1.274238410596026512e+02
1.277315436241610769e+02 1.275637583892617499e+02 1.273557046979865817e+02
1.277333333333333343e+02 1.275400000000000063e+02 1.273533333333333388e+02
1.278187919463087212e+02 1.275503355704697981e+02 1.272483221476510096e+02
1.278400000000000034e+02 1.275199999999999960e+02 1.272800000000000011e+02
1.277199999999999989e+02 1.275333333333333314e+02 1.272533333333333303e+02
1.276800000000000068e+02 1.275199999999999960e+02 1.272800000000000011e+02
1.276800000000000068e+02 1.274733333333333292e+02 1.272999999999999972e+02
1.276733333333333320e+02 1.275333333333333314e+02 1.271933333333333280e+02
1.276622516556291345e+02 1.275364238410596016e+02 1.271523178807946977e+02
1.276357615894039697e+02 1.275496688741721840e+02 1.271456953642384065e+02
1.276400000000000006e+02 1.274800000000000040e+02 1.271466666666666612e+02
1.276066666666666691e+02 1.274733333333333292e+02 1.271666666666666714e+02
1.276533333333333360e+02 1.274399999999999977e+02 1.271333333333333400e+02
1.276442953020134183e+02 1.273825503355704711e+02 1.271342281879194616e+02
1.276442953020134183e+02 1.273422818791946298e+02 1.271006711409395962e+02
1.276533333333333360e+02 1.273400000000000034e+02 1.272133333333333383e+02
1.276266666666666652e+02 1.273466666666666640e+02 1.272266666666666737e+02
1.275921052631578902e+02 1.273684210526315752e+02 1.272236842105263150e+02
1.275629139072847664e+02 1.273178807947019919e+02 1.272450331125827745e+02
1.276133333333333297e+02 1.272800000000000011e+02 1.272466666666666697e+02
1.276800000000000068e+02 1.273066666666666720e+02 1.272133333333333383e+02
1.276266666666666652e+02 1.272866666666666617e+02 1.272133333333333383e+02
1.275733333333333377e+02 1.273266666666666680e+02 1.271133333333333297e+02
1.275771812080536876e+02 1.274161073825503365e+02 1.270536912751677789e+02
1.275629139072847664e+02 1.274437086092715248e+02 1.270331125827814560e+02
1.274800000000000040e+02 1.274200000000000017e+02 1.270400000000000063e+02
1.274834437086092720e+02 1.273774834437086128e+02 1.270794701986754944e+02
1.274429530201342260e+02 1.274362416107382501e+02 1.271208053691275097e+02
1.274765100671140914e+02 1.275234899328859086e+02 1.270604026845637691e+02
1.275302013422818845e+02 1.274765100671140914e+02 1.271342281879194616e+02
1.275167785234899327e+02 1.274563758389261778e+02 1.271409395973154375e+02
1.274635761589403984e+02 1.273774834437086128e+02 1.271456953642384207e+02
1.274800000000000040e+02 1.273399999999999892e+02 1.271600000000000108e+02
1.274200000000000017e+02 1.273666666666666600e+02 1.271533333333333360e+02
1.273666666666666742e+02 1.273866666666666703e+02 1.271533333333333360e+02
1.273466666666666640e+02 1.274199999999999875e+02 1.271333333333333400e+02
1.273311258278145601e+02 1.274105960264900688e+02 1.270662251655629120e+02
1.273046357615894095e+02 1.273311258278145601e+02 1.271721854304635855e+02
1.273959731543624230e+02 1.274093959731543606e+02 1.271275167785234999e+02
1.273959731543624230e+02 1.273624161073825434e+02 1.271275167785234856e+02
1.273907284768211952e+02 1.273708609271523216e+02 1.271125827814569504e+02
1.272885906040268509e+02 1.272416107382550337e+02 1.271476510067114134e+02
1.273199999999999932e+02 1.272466666666666697e+02 1.271533333333333360e+02
1.272818791946308750e+02 1.273624161073825434e+02 1.271006711409395962e+02
1.272119205298013185e+02 1.273973509933774864e+02 1.271125827814569504e+02
1.272533333333333303e+02 1.274066666666666663e+02 1.270199999999999960e+02
1.271854304635761679e+02 1.273907284768211952e+02 1.270794701986754944e+02
1.271677852348993270e+02 1.274093959731543606e+02 1.270805369127516826e+02
1.272133333333333383e+02 1.274800000000000040e+02 1.270666666666666771e+02
1.270933333333333337e+02 1.275466666666666669e+02 1.270333333333333314e+02
1.271275167785234999e+02 1.274496644295302019e+02 1.271275167785234999e+02
1.271200000000000045e+02 1.275600000000000023e+02 1.271533333333333360e+02
1.271324503311258241e+02 1.275165562913907280e+02 1.270927152317880768e+02
1.271208053691275097e+02 1.274765100671140914e+02 1.271006711409395962e+02
1.271200000000000045e+02 1.275266666666666708e+02 1.270533333333333417e+02
1.271258278145695328e+02 1.275099337748344368e+02 1.271456953642384207e+02
1.272266666666666737e+02 1.275733333333333377e+02 1.271666666666666572e+02
1.272214765100671201e+02 1.275704697986577258e+02 1.272483221476510096e+02
1.272733333333333263e+02 1.276200000000000045e+02 1.272999999999999972e+02
1.271733333333333320e+02 1.275800000000000125e+02 1.272533333333333303e+02
1.272281879194630818e+02 1.275704697986577258e+02 1.272818791946308750e+02
1.272483221476509954e+02 1.275436241610738222e+02 1.273691275167785335e+02
1.273288590604026922e+02 1.275503355704697981e+02 1.274295302013422884e+02
1.273175675675675791e+02 1.275202702702702737e+02 1.274324324324324351e+02
1.273557046979865675e+02 1.275503355704697981e+02 1.274295302013422884e+02
1.273918918918919019e+02 1.275878378378378386e+02 1.274121621621621614e+02
1.273758389261745094e+02 1.275704697986577258e+02 1.273624161073825576e+02
1.273333333333333286e+02 1.275533333333333417e+02 1.273266666666666680e+02
1.273758389261745094e+02 1.275436241610738222e+02 1.273154362416107404e+02
1.273557046979865675e+02 1.275704697986577258e+02 1.273288590604026780e+02
1.273866666666666703e+02 1.275666666666666771e+02 1.273333333333333286e+02
1.274093959731543606e+02 1.275503355704697981e+02 1.274026845637583847e+02
1.274362416107382643e+02 1.274362416107382643e+02 1.274697986577181155e+02
1.274666666666666686e+02 1.273666666666666600e+02 1.274800000000000040e+02
1.274295302013422884e+02 1.273557046979865817e+02 1.274563758389261778e+02
1.274266666666666623e+02 1.273133333333333326e+02 1.274733333333333292e+02
1.273377483443708513e+02 1.273973509933774864e+02 1.274834437086092720e+02
1.274473684210526301e+02 1.274013157894736850e+02 1.274605263157894797e+02
1.274105960264900688e+02 1.273509933774834479e+02 1.275562913907284752e+02
1.274503311258278160e+02 1.273774834437086128e+02 1.275562913907284752e+02
1.274733333333333292e+02 1.273199999999999932e+02 1.274733333333333292e+02
1.274399999999999977e+02 1.273066666666666720e+02 1.274200000000000017e+02
1.273557046979865675e+02 1.273691275167785335e+02 1.274966442953020191e+02
1.273133333333333326e+02 1.274266666666666623e+02 1.274333333333333229e+02
1.273178807947019919e+02 1.274304635761589282e+02 1.273973509933774864e+02
1.273443708609271567e+02 1.274834437086092720e+02 1.273377483443708655e+02
1.272733333333333263e+02 1.274666666666666686e+02 1.273599999999999994e+02
1.273399999999999892e+02 1.275133333333333354e+02 1.274133333333333269e+02
1.274066666666666663e+02 1.275266666666666708e+02 1.274533333333333331e+02
1.274834437086092720e+02 1.274304635761589282e+02 1.275496688741721840e+02
1.274466666666666725e+02 1.274266666666666623e+02 1.275400000000000063e+02
1.274666666666666686e+02 1.274399999999999977e+02 1.275533333333333417e+02
1.274933333333333252e+02 1.274266666666666623e+02 1.275799999999999983e+02
1.274866666666666646e+02 1.273733333333333348e+02 1.276799999999999926e+02
1.274105960264900688e+02 1.272980132450331183e+02 1.276887417218542993e+02
1.274333333333333371e+02 1.272933333333333366e+02 1.276066666666666691e+02
1.273533333333333388e+02 1.273599999999999994e+02 1.276599999999999966e+02
1.272999999999999972e+02 1.274266666666666623e+02 1.276599999999999966e+02
1.272733333333333263e+02 1.274266666666666623e+02 1.275933333333333337e+02
1.272697368421052602e+02 1.274342105263157947e+02 1.275855263157894797e+02
1.273133333333333326e+02 1.274133333333333269e+02 1.276133333333333297e+02
1.273266666666666680e+02 1.274399999999999977e+02 1.276066666666666691e+02
1.274093959731543606e+02 1.273825503355704711e+02 1.275637583892617499e+02
1.272913907284768271e+02 1.273907284768211952e+02 1.276688741721854257e+02
1.272384105960264833e+02 1.274635761589403984e+02 1.276158940397350960e+02
1.272317880794701921e+02 1.275894039735099312e+02 1.275496688741721840e+02
1.271933333333333280e+02 1.275733333333333377e+02 1.275066666666666606e+02
1.272066666666666634e+02 1.276933333333333280e+02 1.275066666666666606e+02
1.271666666666666714e+02 1.276400000000000006e+02 1.275533333333333275e+02
1.272450331125827745e+02 1.276754966887417169e+02 1.275629139072847664e+02
1.272885906040268509e+02 1.276979865771812115e+02 1.276375838926174566e+02
1.273066666666666720e+02 1.277000000000000028e+02 1.275933333333333337e+02
1.272781456953642447e+02 1.277218543046357553e+02 1.275430463576158928e+02
1.273133333333333326e+02 1.277000000000000028e+02 1.275666666666666771e+02
1.272666666666666657e+02 1.277800000000000011e+02 1.275333333333333314e+02
1.272666666666666657e+02 1.278133333333333326e+02 1.275933333333333337e+02
1.273066666666666720e+02 1.277466666666666697e+02 1.276200000000000045e+02
1.273112582781457007e+02 1.277549668874172255e+02 1.276158940397350960e+02
1.273892617449664471e+02 1.276644295302013319e+02 1.276308724832214807e+02
1.274666666666666686e+02 1.276066666666666691e+02 1.276866666666666674e+02
1.273800000000000097e+02 1.276466666666666754e+02 1.276933333333333280e+02
1.272972972972973054e+02 1.276486486486486456e+02 1.276486486486486456e+02
1.273112582781457007e+02 1.276754966887417169e+02 1.276821192052980223e+02
1.273378378378378386e+02 1.276891891891891788e+02 1.276216216216216139e+02
1.273066666666666720e+02 1.276799999999999926e+02 1.276200000000000045e+02
1.273866666666666703e+02 1.276466666666666612e+02 1.275466666666666669e+02
1.273841059602649040e+02 1.277086092715231729e+02 1.275827814569536400e+02
1.273443708609271567e+02 1.276887417218542993e+02 1.275562913907284752e+02
1.272866666666666617e+02 1.276866666666666674e+02 1.275533333333333275e+02
1.272384105960264833e+02 1.276821192052980081e+02 1.275231788079470192e+02
1.271933333333333280e+02 1.276666666666666572e+02 1.275000000000000000e+02
1.272185430463576239e+02 1.276225165562914015e+02 1.274172185430463600e+02
1.271744966442953029e+02 1.276979865771812115e+02 1.274093959731543606e+02
1.270860927152317856e+02 1.277284768211920607e+02 1.274039735099337776e+02
1.270866666666666589e+02 1.276400000000000006e+02 1.275199999999999960e+02
1.271006711409395962e+02 1.275906040268456394e+02 1.275637583892617499e+02
1.270872483221476585e+02 1.275436241610738222e+02 1.274496644295302019e+02
1.272266666666666737e+02 1.275733333333333377e+02 1.274933333333333394e+02
1.272933333333333366e+02 1.276066666666666691e+02 1.274266666666666623e+02
1.272399999999999949e+02 1.276266666666666652e+02 1.274533333333333331e+02
1.272416107382550337e+02 1.275838926174496635e+02 1.274832214765100673e+02
1.272781456953642447e+02 1.275761589403973488e+02 1.274768211920529808e+02
1.272913907284768129e+02 1.275165562913907280e+02 1.275165562913907280e+02
1.272733333333333263e+02 1.275933333333333337e+02 1.275199999999999960e+02
1.273066666666666720e+02 1.276066666666666691e+02 1.275066666666666606e+02
1.273245033112582689e+02 1.275231788079470192e+02 1.273907284768211809e+02
1.273557046979865675e+02 1.275570469798657740e+02 1.274026845637583847e+02
1.272781456953642447e+02 1.275960264900662366e+02 1.273973509933774864e+02
1.273466666666666640e+02 1.275800000000000125e+02 1.273933333333333309e+02
1.272933333333333366e+02 1.275533333333333417e+02 1.274066666666666663e+02
1.272847682119205359e+02 1.275562913907284752e+02 1.274172185430463600e+02
1.272866666666666617e+02 1.275533333333333417e+02 1.274600000000000080e+02
1.273046357615894095e+02 1.275099337748344368e+02 1.274966887417218544e+02
1.273200000000000074e+02 1.275133333333333354e+02 1.275066666666666606e+02
1.273666666666666742e+02 1.275533333333333417e+02 1.274866666666666788e+02
1.273377483443708655e+02 1.275165562913907280e+02 1.274503311258278160e+02
1.273733333333333348e+02 1.275066666666666606e+02 1.274600000000000080e+02
1.274304635761589424e+02 1.275298013245033104e+02 1.274370860927152336e+02
1.273666666666666742e+02 1.275733333333333377e+02 1.274600000000000080e+02
1.274399999999999977e+02 1.275266666666666708e+02 1.274866666666666788e+02
1.275133333333333354e+02 1.275133333333333354e+02 1.275066666666666606e+02
1.274899328859060290e+02 1.275234899328859086e+02 1.275570469798657740e+02
1.274733333333333434e+02 1.275000000000000000e+02 1.275533333333333417e+02
1.275066666666666606e+02 1.275600000000000023e+02 1.275866666666666589e+02
1.275000000000000000e+02 1.275800000000000125e+02 1.275600000000000023e+02
1.274701986754966896e+02 1.276423841059602609e+02 1.275496688741721840e+02
1.274569536423841072e+02 1.276490066225165521e+02 1.275960264900662224e+02
1.275000000000000000e+02 1.277000000000000028e+02 1.276866666666666674e+02
1.274933333333333252e+02 1.276400000000000006e+02 1.276466666666666754e+02
1.275133333333333354e+02 1.276866666666666674e+02 1.276599999999999966e+02
1.275799999999999983e+02 1.276666666666666572e+02 1.275999999999999943e+02
1.275733333333333235e+02 1.276333333333333400e+02 1.276599999999999966e+02
1.275266666666666708e+02 1.276733333333333320e+02 1.276400000000000006e+02
1.276200000000000045e+02 1.276600000000000108e+02 1.275266666666666708e+02
1.276821192052980081e+02 1.275960264900662366e+02 1.275298013245033104e+02
1.277199999999999989e+02 1.275866666666666589e+02 1.274800000000000040e+02
1.277583892617449663e+02 1.276241610738255048e+02 1.274161073825503365e+02
1.277800000000000011e+02 1.276666666666666572e+02 1.274466666666666725e+02
1.278344370860927057e+02 1.276357615894039697e+02 1.274834437086092720e+02
1.278533333333333388e+02 1.276133333333333297e+02 1.274733333333333292e+02
1.278389261744966490e+02 1.276711409395973220e+02 1.274295302013422884e+02
1.278590604026845625e+02 1.276174496644295431e+02 1.275234899328859086e+02
1.278866666666666703e+02 1.276400000000000006e+02 1.275333333333333314e+02
1.278657718120805242e+02 1.276040268456375770e+02 1.275302013422818703e+02
1.278666666666666742e+02 1.275999999999999943e+02 1.275199999999999960e+02
1.278926174496644279e+02 1.275570469798657740e+02 1.275302013422818703e+02
1.278800000000000097e+02 1.275266666666666708e+02 1.275066666666666606e+02
1.277599999999999909e+02 1.275266666666666708e+02 1.275933333333333337e+02
1.277333333333333201e+02 1.275199999999999960e+02 1.275400000000000063e+02
1.276799999999999926e+02 1.275266666666666708e+02 1.275266666666666708e+02
1.276644736842105203e+02 1.275263157894736850e+02 1.274934210526315894e+02
1.276912751677852356e+02 1.275436241610738222e+02 1.275302013422818703e+02
1.276400000000000006e+02 1.276400000000000006e+02 1.275066666666666606e+02
1.276133333333333297e+02 1.276333333333333400e+02 1.275133333333333354e+02
1.276556291390728575e+02 1.276291390728476927e+02 1.274304635761589424e+02
1.276040268456375770e+02 1.276711409395973078e+02 1.273892617449664471e+02
1.275600000000000023e+02 1.277133333333333383e+02 1.274133333333333269e+02
1.274802631578947398e+02 1.277171052631579045e+02 1.273421052631579045e+02
1.274802631578947398e+02 1.277105263157894655e+02 1.273815789473684106e+02
1.274832214765100673e+02 1.277583892617449663e+02 1.274362416107382643e+02
1.274600000000000080e+02 1.277733333333333263e+02 1.274933333333333394e+02
1.274399999999999977e+02 1.277866666666666617e+02 1.274600000000000080e+02
1.274333333333333371e+02 1.278066666666666720e+02 1.274466666666666725e+02
1.274800000000000040e+02 1.277999999999999972e+02 1.274733333333333434e+02
1.274866666666666646e+02 1.277933333333333366e+02 1.275600000000000023e+02
1.275234899328859086e+02 1.277852348993288558e+02 1.275234899328859086e+02
1.275033112582781456e+02 1.277880794701986815e+02 1.274900662251655632e+02
1.275099337748344368e+02 1.277748344370860849e+02 1.274966887417218544e+02
1.275066666666666606e+02 1.277866666666666617e+02 1.274333333333333229e+02
1.275999999999999943e+02 1.277133333333333383e+02 1.274666666666666686e+02
1.275866666666666589e+02 1.277199999999999989e+02 1.274333333333333229e+02
1.275771812080536876e+02 1.276979865771812115e+02 1.274093959731543606e+02
1.275933333333333337e+02 1.277866666666666617e+02 1.274600000000000080e+02
1.276291390728476784e+02 1.277748344370860849e+02 1.273708609271523216e+02
1.275933333333333337e+02 1.277599999999999909e+02 1.274066666666666663e+02
1.276291390728476784e+02 1.277682119205297937e+02 1.274569536423841072e+02
1.276866666666666674e+02 1.277333333333333343e+02 1.274866666666666788e+02
1.276622516556291487e+02 1.277086092715231729e+02 1.274768211920529808e+02
1.276821192052980081e+02 1.277152317880794641e+02 1.274569536423841072e+02
1.276375838926174566e+02 1.276778523489932979e+02 1.274429530201342260e+02
1.276225165562914015e+02 1.277218543046357695e+02 1.273973509933774864e+02
1.277086092715231729e+02 1.277549668874172255e+02 1.273774834437086128e+02
1.277533333333333303e+02 1.277466666666666697e+02 1.273466666666666640e+02
1.276266666666666652e+02 1.277599999999999909e+02 1.274266666666666623e+02
1.276423841059602609e+02 1.277152317880794641e+02 1.274172185430463600e+02
1.276266666666666652e+02 1.276733333333333320e+02 1.274199999999999875e+02
1.277105263157894797e+02 1.276973684210526301e+02 1.273618421052631504e+02
1.277133333333333383e+02 1.277133333333333383e+02 1.272800000000000011e+02
1.276778523489932837e+02 1.276577181208053702e+02 1.273422818791946298e+02
1.277199999999999989e+02 1.276733333333333320e+02 1.273200000000000074e+02
1.277666666666666657e+02 1.275999999999999943e+02 1.273666666666666600e+02
1.277733333333333263e+02 1.275466666666666669e+02 1.272999999999999972e+02
1.277266666666666737e+02 1.275266666666666708e+02 1.273266666666666680e+02
1.277333333333333201e+02 1.275199999999999960e+02 1.273866666666666703e+02
1.277399999999999949e+02 1.276200000000000045e+02 1.273466666666666640e+02
1.278211920529801375e+02 1.276688741721854257e+02 1.273377483443708655e+02
1.277880794701986815e+02 1.276026490066225136e+02 1.274238410596026370e+02
1.278199999999999932e+02 1.276666666666666572e+02 1.273533333333333246e+02
1.278344370860927057e+02 1.276622516556291487e+02 1.272715231788079535e+02
1.278289473684210549e+02 1.276381578947368496e+02 1.273684210526315752e+02
1.278333333333333286e+02 1.276866666666666674e+02 1.273599999999999994e+02
1.278926174496644279e+02 1.275906040268456394e+02 1.274026845637583847e+02
1.279333333333333371e+02 1.276066666666666691e+02 1.272866666666666617e+02
1.279597315436241587e+02 1.276510067114093943e+02 1.272617449664429614e+02
1.279266666666666623e+02 1.276666666666666572e+02 1.272466666666666697e+02
1.279133333333333269e+02 1.276866666666666674e+02 1.272733333333333263e+02
1.278599999999999994e+02 1.276933333333333280e+02 1.272533333333333303e+02
1.278322147651006730e+02 1.277046979865771874e+02 1.272147651006711442e+02
1.279000000000000057e+02 1.277199999999999989e+02 1.272266666666666737e+02
1.279333333333333371e+02 1.277000000000000028e+02 1.272800000000000011e+02
1.279599999999999937e+02 1.277466666666666697e+02 1.271933333333333280e+02
1.279664429530201346e+02 1.277651006711409423e+02 1.271812080536912788e+02
1.279210526315789451e+02 1.277236842105263150e+02 1.271381578947368354e+02
1.279666666666666686e+02 1.277666666666666657e+02 1.271933333333333280e+02
1.279266666666666623e+02 1.277266666666666737e+02 1.271800000000000068e+02
1.279066666666666663e+02 1.276466666666666612e+02 1.272000000000000028e+02
1.278866666666666703e+02 1.275933333333333337e+02 1.272733333333333263e+02
1.279066666666666663e+02 1.276800000000000068e+02 1.272800000000000011e+02
1.278266666666666680e+02 1.277199999999999989e+02 1.272199999999999989e+02
1.277933333333333366e+02 1.277866666666666617e+02 1.271866666666666674e+02
1.277986577181208077e+02 1.277986577181208077e+02 1.271476510067114134e+02
1.278266666666666680e+02 1.278066666666666720e+02 1.271400000000000006e+02
1.277533333333333303e+02 1.278133333333333326e+02 1.272000000000000028e+02
1.277284768211920465e+02 1.278278145695364287e+02 1.271854304635761537e+02
1.277466666666666697e+02 1.278466666666666640e+02 1.271533333333333360e+02
1.277066666666666634e+02 1.277733333333333263e+02 1.271733333333333320e+02
1.276800000000000068e+02 1.277600000000000051e+02 1.271200000000000045e+02
1.276821192052980081e+02 1.278278145695364287e+02 1.270993377483443680e+02
1.277315436241610627e+02 1.278590604026845625e+02 1.270872483221476443e+02
1.277466666666666555e+02 1.278399999999999892e+02 1.271533333333333360e+02
1.277947019867549727e+02 1.278741721854304529e+02 1.271523178807946977e+02
1.278066666666666720e+02 1.279000000000000057e+02 1.270800000000000125e+02
1.278486842105263150e+02 1.278552631578947398e+02 1.270592105263157805e+02
1.277800000000000011e+02 1.278599999999999994e+02 1.270800000000000125e+02
1.278466666666666640e+02 1.279000000000000057e+02 1.271400000000000006e+02
1.278133333333333468e+02 1.278933333333333309e+02 1.271466666666666754e+02
1.277382550335570386e+02 1.278120805369127595e+02 1.272416107382550337e+02
1.277019867549668817e+02 1.278675496688741759e+02 1.271721854304635855e+02
1.276556291390728575e+02 1.278807947019867584e+02 1.271854304635761537e+02
1.275933333333333337e+02 1.279066666666666663e+02 1.271333333333333400e+02
1.276225165562913872e+02 1.278675496688741759e+02 1.271589403973509889e+02
1.276200000000000045e+02 1.278333333333333286e+02 1.271400000000000006e+02
1.276133333333333297e+02 1.277466666666666697e+02 1.272866666666666617e+02
1.276133333333333297e+02 1.277533333333333303e+02 1.272733333333333263e+02
1.276266666666666652e+02 1.277266666666666737e+02 1.272199999999999989e+02
1.276800000000000068e+02 1.276933333333333280e+02 1.272466666666666697e+02
1.277046979865771874e+02 1.276845637583892596e+02 1.272483221476510096e+02
1.276466666666666612e+02 1.277266666666666737e+02 1.272199999999999989e+02
1.276066666666666691e+02 1.277800000000000011e+02 1.272333333333333343e+02
1.275666666666666629e+02 1.278066666666666720e+02 1.272466666666666697e+02
1.276291390728476784e+02 1.278344370860927199e+02 1.272450331125827745e+02
1.276241610738255048e+02 1.278791946308724903e+02 1.272080536912751683e+02
1.276200000000000045e+02 1.279133333333333269e+02 1.271933333333333280e+02
1.277266666666666737e+02 1.279133333333333269e+02 1.272466666666666697e+02
1.277516778523489904e+02 1.278590604026845625e+02 1.272348993288590577e+02
1.277800000000000011e+02 1.278599999999999994e+02 1.272000000000000028e+02
1.277828947368421098e+02 1.278421052631578902e+02 1.272105263157894797e+02
1.278013245033112639e+02 1.278543046357615935e+02 1.272450331125827745e+02
1.278389261744966490e+02 1.278859060402684520e+02 1.272147651006711442e+02
1.278933333333333309e+02 1.278599999999999994e+02 1.272733333333333263e+02
1.278552631578947398e+02 1.278618421052631646e+02 1.273223684210526301e+02
1.278410596026490111e+02 1.278278145695364287e+02 1.273046357615894095e+02
1.278199999999999932e+02 1.277600000000000051e+02 1.273266666666666680e+02
1.278026315789473699e+02 1.276842105263157947e+02 1.274078947368421098e+02
1.278533333333333388e+02 1.277133333333333383e+02 1.273866666666666703e+02
1.279066666666666663e+02 1.277000000000000028e+02 1.273666666666666600e+02
1.278675496688741759e+02 1.276688741721854257e+02 1.273973509933774864e+02
1.278333333333333286e+02 1.276599999999999966e+02 1.274000000000000057e+02
1.279333333333333371e+02 1.276200000000000045e+02 1.274200000000000017e+02
1.279060402684563797e+02 1.276577181208053702e+02 1.275436241610738222e+02
1.279139072847682144e+02 1.276357615894039697e+02 1.275364238410596016e+02
1.280132450331125824e+02 1.277682119205298079e+02 1.275165562913907280e+02
1.279933774834437088e+02 1.278145695364238463e+02 1.274635761589403984e+02
1.279200000000000017e+02 1.277733333333333263e+02 1.274133333333333269e+02
1.278866666666666703e+02 1.277800000000000011e+02 1.274399999999999977e+02
1.279200000000000017e+02 1.277800000000000011e+02 1.274666666666666686e+02
1.279668874172185440e+02 1.277880794701986815e+02 1.274834437086092720e+02
1.279602649006622528e+02 1.277350993377483377e+02 1.274635761589403984e+02
1.279399999999999977e+02 1.277133333333333383e+02 1.274733333333333434e+02
1.279133333333333269e+02 1.276933333333333280e+02 1.274933333333333394e+02
1.278874172185430496e+02 1.276622516556291487e+02 1.275099337748344368e+02
1.279337748344370880e+02 1.276291390728476927e+02 1.274370860927152336e+02
1.279533333333333331e+02 1.276666666666666572e+02 1.274399999999999977e+02
1.279466666666666725e+02 1.276200000000000045e+02 1.274733333333333434e+02
1.279333333333333371e+02 1.275933333333333337e+02 1.275133333333333354e+02
1.278666666666666742e+02 1.276400000000000006e+02 1.275333333333333314e+02
1.278466666666666640e+02 1.276333333333333400e+02 1.275266666666666708e+02
1.279006622516556320e+02 1.276357615894039697e+02 1.276158940397350960e+02
1.278466666666666640e+02 1.275999999999999943e+02 1.276200000000000045e+02
1.278599999999999994e+02 1.276666666666666572e+02 1.275666666666666771e+02
1.278333333333333286e+02 1.276466666666666754e+02 1.275866666666666589e+02
1.278266666666666680e+02 1.277133333333333383e+02 1.275333333333333314e+02
1.277933333333333366e+02 1.277800000000000011e+02 1.275199999999999960e+02
1.277919463087248317e+02 1.277718120805369182e+02 1.275436241610738222e+02
1.278410596026489969e+02 1.276490066225165521e+02 1.275496688741721840e+02
1.278400000000000034e+02 1.276266666666666652e+02 1.275400000000000063e+02
1.278211920529801375e+02 1.276225165562914015e+02 1.275364238410596016e+02
1.278800000000000097e+02 1.275533333333333417e+02 1.275000000000000000e+02
1.279600000000000080e+02 1.276400000000000006e+02 1.275533333333333417e+02
1.279333333333333371e+02 1.276666666666666572e+02 1.275199999999999960e+02
1.279933333333333252e+02 1.277466666666666697e+02 1.275533333333333417e+02
1.279403973509933792e+02 1.277019867549668817e+02 1.275960264900662224e+02
1.279266666666666623e+02 1.276466666666666754e+02 1.276266666666666652e+02
1.279664429530201346e+02 1.276577181208053702e+02 1.276040268456375770e+02
1.279210526315789593e+02 1.276052631578947256e+02 1.275986842105263150e+02
1.279139072847682144e+02 1.276490066225165521e+02 1.275629139072847664e+02
1.279668874172185440e+02 1.277019867549668817e+02 1.274834437086092720e+02
1.278933333333333451e+02 1.277066666666666634e+02 1.274266666666666623e+02
1.279733333333333434e+02 1.276666666666666572e+02 1.274866666666666788e+02
1.279602649006622528e+02 1.276622516556291487e+02 1.275430463576158928e+02
1.279533333333333331e+02 1.276466666666666754e+02 1.274866666666666788e+02
1.279664429530201346e+02 1.276174496644295431e+02 1.275100671140939568e+02
1.279395973154362451e+02 1.276442953020134183e+02 1.274697986577181155e+02
1.279266666666666623e+02 1.276266666666666652e+02 1.275533333333333417e+02
1.280066666666666606e+02 1.276666666666666572e+02 1.275999999999999943e+02
1.279139072847682144e+02 1.276556291390728575e+02 1.276490066225165663e+02
1.278874172185430496e+02 1.277152317880794641e+02 1.277417218543046289e+02
1.277919463087248317e+02 1.275838926174496635e+02 1.278657718120805384e+02
1.278400000000000034e+02 1.275733333333333377e+02 1.278200000000000074e+02
1.277549668874172255e+02 1.274966887417218544e+02 1.279271523178807968e+02
1.277800000000000011e+02 1.275533333333333417e+02 1.279666666666666544e+02
1.277483443708609343e+02 1.275231788079470192e+02 1.279006622516556178e+02
1.276092715231788048e+02 1.274437086092715248e+02 1.279072847682119232e+02
1.276200000000000045e+02 1.274000000000000057e+02 1.278466666666666640e+02
1.277449664429530287e+02 1.273959731543624230e+02 1.278187919463087212e+02
1.278079470198675409e+02 1.274172185430463600e+02 1.277019867549668817e+02
1.278344370860927057e+02 1.273708609271523216e+02 1.277152317880794783e+02
1.277350993377483377e+02 1.273841059602649040e+02 1.277682119205297937e+02
1.276933333333333280e+02 1.273733333333333348e+02 1.277466666666666555e+02
1.276733333333333320e+02 1.273666666666666600e+02 1.277866666666666617e+02
1.276266666666666652e+02 1.274733333333333292e+02 1.277999999999999972e+02
1.276866666666666674e+02 1.274266666666666623e+02 1.277800000000000011e+02
1.277399999999999949e+02 1.274133333333333411e+02 1.278466666666666640e+02
1.277133333333333383e+02 1.274199999999999875e+02 1.278200000000000074e+02
1.276933333333333280e+02 1.274466666666666583e+02 1.277733333333333263e+02
1.277599999999999909e+02 1.274399999999999977e+02 1.277999999999999972e+02
1.278013245033112497e+02 1.273774834437086128e+02 1.277615894039735025e+02
1.277599999999999909e+02 1.273666666666666600e+02 1.277599999999999909e+02
1.277800000000000011e+02 1.274066666666666663e+02 1.278066666666666720e+02
1.277549668874172255e+02 1.273708609271523216e+02 1.278278145695364287e+02
1.276688741721854257e+02 1.274238410596026512e+02 1.277814569536423903e+02
1.276225165562914015e+02 1.274701986754966896e+02 1.277483443708609343e+02
1.275999999999999943e+02 1.274666666666666686e+02 1.277333333333333343e+02
1.275562913907284752e+02 1.275165562913907280e+02 1.277152317880794783e+02
1.275302013422818845e+02 1.274765100671140914e+02 1.277449664429530287e+02
1.275333333333333314e+02 1.275666666666666771e+02 1.277333333333333343e+02
1.275202702702702737e+02 1.274256756756756772e+02 1.277905405405405475e+02
