1.286158940397351103e+02 1.286490066225165663e+02 1.284172185430463458e+02
1.286666666666666572e+02 1.285800000000000125e+02 1.283400000000000034e+02
1.287266666666666595e+02 1.286066666666666549e+02 1.282333333333333201e+02
1.287880794701986815e+02 1.285894039735099454e+02 1.281523178807946977e+02
1.287019867549668959e+02 1.286291390728476927e+02 1.280463576158940384e+02
1.286754966887417311e+02 1.285761589403973630e+02 1.280463576158940384e+02
1.285986842105263293e+02 1.286184210526315894e+02 1.279407894736842053e+02
1.286308724832214807e+02 1.286375838926174424e+02 1.278389261744966490e+02
1.285496688741721982e+02 1.286688741721854399e+02 1.279668874172185440e+02
1.285695364238410718e+02 1.288344370860927199e+02 1.279536423841059616e+02
1.285827814569536542e+02 1.289072847682119232e+02 1.282119205298013185e+02
1.286133333333333439e+02 1.288799999999999955e+02 1.282266666666666595e+02
1.283933333333333167e+02 1.289266666666666481e+02 1.283933333333333167e+02
1.283178807947019777e+02 1.288278145695364287e+02 1.283576158940397249e+02
1.283333333333333428e+02 1.288133333333333326e+02 1.283799999999999955e+02
1.284768211920529666e+02 1.288476821192053023e+02 1.283178807947019777e+02
1.284172185430463458e+02 1.289735099337748352e+02 1.282980132450331041e+02
1.283576158940397249e+02 1.289205298013245056e+02 1.282847682119205217e+02
1.284934210526315894e+02 1.289210526315789593e+02 1.282894736842105203e+02
1.286973684210526301e+02 1.288421052631578902e+02 1.281578947368421098e+02
1.287368421052631504e+02 1.289210526315789593e+02 1.280197368421052602e+02
1.288344370860927199e+02 1.288874172185430496e+02 1.278211920529801375e+02
1.289066666666666663e+02 1.287800000000000011e+02 1.278266666666666680e+02
1.290529801324503296e+02 1.287682119205298079e+02 1.276887417218542993e+02
1.291610738255033652e+02 1.286711409395973078e+02 1.276845637583892596e+02
1.291140939597315480e+02 1.285167785234899327e+02 1.276241610738255048e+02
1.290657894736842195e+02 1.285065789473684106e+02 1.276973684210526301e+02
1.289799999999999898e+02 1.285533333333333417e+02 1.277466666666666697e+02
1.290855263157894797e+02 1.284868421052631504e+02 1.278157894736842053e+02
1.289666666666666686e+02 1.285600000000000023e+02 1.276533333333333360e+02
1.289215686274509665e+02 1.284836601307189596e+02 1.275816993464052302e+02
1.289127516778523557e+02 1.284496644295302019e+02 1.275100671140939568e+02
1.288627450980392268e+02 1.285751633986928084e+02 1.274967320261437891e+02
1.287814569536423903e+02 1.285165562913907422e+02 1.273841059602649040e+02
1.288355263157894797e+02 1.286184210526315894e+02 1.274539473684210549e+02
1.288169934640522740e+02 1.286470588235294201e+02 1.274444444444444429e+02
1.288376623376623513e+02 1.284025974025973937e+02 1.275324675324675354e+02
1.288888888888888857e+02 1.281372549019607732e+02 1.275424836601307135e+02
1.288355263157894797e+02 1.281842105263157805e+02 1.276776315789473699e+02
1.288235294117646959e+02 1.281111111111111143e+02 1.277647058823529420e+02
1.287599999999999909e+02 1.281999999999999886e+02 1.278199999999999932e+02
1.288866666666666561e+02 1.281466666666666754e+02 1.278199999999999932e+02
1.288799999999999955e+02 1.281599999999999966e+02 1.277066666666666634e+02
1.289735099337748352e+02 1.280198675496688736e+02 1.276291390728476784e+02
1.290588235294117680e+02 1.280392156862745026e+02 1.275882352941176521e+02
1.290397350993377472e+02 1.280596026490066208e+02 1.276158940397350960e+02
1.289801324503311264e+02 1.281258278145695328e+02 1.275894039735099312e+02
1.290529801324503296e+02 1.282185430463576097e+02 1.275761589403973488e+02
1.290198675496688736e+02 1.281192052980132416e+02 1.275496688741721840e+02
1.290600000000000023e+02 1.281066666666666549e+02 1.276333333333333400e+02
1.291324503311258241e+02 1.278079470198675551e+02 1.276490066225165521e+02
1.290000000000000000e+02 1.278145695364238463e+02 1.276821192052980081e+02
1.289866666666666788e+02 1.278133333333333326e+02 1.276599999999999966e+02
1.290397350993377472e+02 1.278278145695364287e+02 1.277748344370860991e+02
1.290810810810810949e+02 1.277297297297297263e+02 1.276689189189189193e+02
1.290268456375839037e+02 1.277852348993288558e+02 1.275973154362416153e+02
1.290066666666666606e+02 1.278466666666666640e+02 1.274466666666666725e+02
1.288684210526315894e+02 1.277631578947368354e+02 1.275000000000000000e+02
1.288733333333333348e+02 1.275933333333333337e+02 1.275000000000000000e+02
1.289668874172185440e+02 1.276092715231788048e+02 1.276754966887417169e+02
1.287785234899328941e+02 1.275838926174496635e+02 1.276845637583892596e+02
1.288278145695364287e+02 1.277086092715231729e+02 1.275562913907284752e+02
1.288133333333333326e+02 1.277666666666666657e+02 1.275400000000000063e+02
1.286953642384106047e+02 1.278278145695364287e+02 1.276357615894039697e+02
1.287086092715231871e+02 1.277947019867549727e+02 1.277483443708609201e+02
1.288145695364238463e+02 1.276887417218542993e+02 1.278145695364238463e+02
1.287385620915032689e+02 1.278300653594771177e+02 1.279673202614379051e+02
1.287565789473684106e+02 1.278750000000000000e+02 1.278750000000000000e+02
1.287236842105263293e+02 1.278881578947368354e+02 1.278881578947368354e+02
1.285496688741721982e+02 1.279072847682119232e+02 1.279470198675496704e+02
1.285570469798657598e+02 1.280268456375839037e+02 1.278322147651006730e+02
1.284640522875816941e+02 1.281111111111111143e+02 1.278235294117647101e+02
1.283533333333333246e+02 1.279733333333333292e+02 1.278866666666666703e+02
1.282222222222222285e+02 1.279281045751634025e+02 1.278823529411764639e+02
1.281879194630872405e+02 1.279865771812080482e+02 1.277583892617449663e+02
1.283087248322147786e+02 1.278590604026845625e+02 1.278187919463087212e+02
1.280986842105263293e+02 1.279671052631578902e+02 1.277368421052631646e+02
1.281390728476821153e+02 1.278807947019867584e+02 1.276622516556291345e+02
1.281192052980132416e+02 1.278807947019867584e+02 1.275298013245033104e+02
1.280723684210526301e+02 1.278881578947368354e+02 1.275855263157894797e+02
1.280999999999999943e+02 1.279333333333333371e+02 1.276200000000000045e+02
1.281073825503355579e+02 1.278657718120805384e+02 1.276912751677852356e+02
1.279666666666666686e+02 1.276933333333333280e+02 1.275733333333333377e+02
1.279867549668874176e+02 1.277549668874172255e+02 1.274966887417218544e+02
1.278933333333333309e+02 1.277466666666666697e+02 1.276333333333333400e+02
1.279066666666666663e+02 1.277800000000000011e+02 1.275333333333333314e+02
1.279150326797385588e+02 1.276209150326797328e+02 1.274836601307189596e+02
1.277814569536423903e+02 1.275231788079470192e+02 1.273907284768211952e+02
1.278590604026845625e+02 1.273758389261744952e+02 1.275167785234899327e+02
1.277533333333333303e+02 1.273466666666666640e+02 1.275933333333333337e+02
1.276266666666666652e+02 1.273799999999999955e+02 1.276866666666666674e+02
1.275510204081632679e+02 1.272789115646258438e+02 1.276394557823129219e+02
1.274768211920529808e+02 1.271721854304635713e+02 1.278145695364238463e+02
1.274635761589403984e+02 1.271523178807946977e+02 1.279072847682119232e+02
1.274304635761589424e+02 1.271721854304635713e+02 1.279006622516556320e+02
1.273666666666666600e+02 1.270933333333333337e+02 1.279733333333333292e+02
1.274304635761589424e+02 1.270066225165562912e+02 1.281456953642384065e+02
1.275490196078431353e+02 1.269411764705882320e+02 1.281307189542483798e+02
1.274333333333333371e+02 1.268733333333333348e+02 1.281399999999999864e+02
1.274238410596026512e+02 1.269602649006622528e+02 1.280993377483443680e+02
1.275234899328859086e+02 1.270939597315436203e+02 1.281409395973154233e+02
1.274868421052631646e+02 1.271184210526315752e+02 1.280000000000000000e+02
1.275359477124183059e+02 1.272287581699346362e+02 1.279607843137254832e+02
1.273489932885906057e+02 1.272751677852348990e+02 1.279395973154362451e+02
1.272649006622516623e+02 1.273377483443708655e+02 1.279536423841059616e+02
1.271266666666666652e+02 1.272933333333333366e+02 1.279466666666666725e+02
1.271073825503355721e+02 1.273154362416107404e+02 1.280335570469798654e+02
1.271390728476821153e+02 1.273774834437086128e+02 1.279470198675496704e+02
1.272600000000000051e+02 1.273266666666666680e+02 1.278933333333333309e+02
1.270723684210526301e+02 1.273486842105263150e+02 1.279078947368421098e+02
1.271200000000000045e+02 1.274133333333333269e+02 1.279533333333333331e+02
1.270600000000000023e+02 1.274800000000000040e+02 1.280266666666666708e+02
1.271390728476821153e+02 1.275496688741721840e+02 1.279867549668874176e+02
1.271666666666666714e+02 1.276066666666666691e+02 1.279466666666666725e+02
1.272837837837837895e+02 1.275878378378378386e+02 1.280135135135135158e+02
1.272582781456953711e+02 1.275496688741721840e+02 1.279933774834437088e+02
1.272222222222222285e+02 1.276274509803921546e+02 1.279869281045751563e+02
1.272236842105263150e+02 1.276907894736842053e+02 1.278421052631578902e+02
1.272866666666666617e+02 1.275266666666666708e+02 1.278066666666666720e+02
1.273288590604026780e+02 1.275436241610738222e+02 1.276979865771812115e+02
1.274868421052631646e+02 1.274473684210526301e+02 1.277763157894736850e+02
1.275099337748344368e+02 1.275430463576158928e+02 1.278410596026490111e+02
1.275666666666666629e+02 1.277533333333333303e+02 1.278333333333333286e+02
1.274238410596026512e+02 1.278741721854304672e+02 1.279337748344370880e+02
1.272980132450331183e+02 1.278609271523178847e+02 1.278079470198675551e+02
1.271523178807946977e+02 1.279470198675496704e+02 1.277483443708609201e+02
1.271933333333333280e+02 1.279533333333333331e+02 1.275799999999999983e+02
1.273199999999999932e+02 1.279733333333333292e+02 1.275799999999999983e+02
1.272913907284768271e+02 1.279205298013245056e+02 1.277152317880794641e+02
1.273509933774834479e+02 1.279801324503311264e+02 1.275761589403973488e+02
1.273509933774834479e+02 1.279801324503311264e+02 1.275960264900662224e+02
1.273618421052631646e+02 1.281381578947368496e+02 1.274276315789473699e+02
1.272582781456953711e+02 1.281125827814569504e+02 1.274503311258278160e+02
1.272039473684210549e+02 1.280855263157894797e+02 1.275131578947368354e+02
1.273533333333333388e+02 1.282133333333333383e+02 1.275799999999999983e+02
1.273178807947019919e+02 1.283311258278145601e+02 1.275629139072847664e+02
1.272483660130719016e+02 1.284248366013071916e+02 1.275882352941176521e+02
1.273026315789473699e+02 1.284210526315789593e+02 1.276381578947368354e+02
1.272837837837837895e+02 1.284459459459459367e+02 1.277432432432432421e+02
1.272450331125827745e+02 1.283311258278145601e+02 1.277615894039735167e+02
1.272105263157894797e+02 1.283289473684210407e+02 1.276710526315789451e+02
1.273199999999999932e+02 1.283066666666666720e+02 1.277466666666666697e+02
1.274144736842105203e+02 1.282368421052631504e+02 1.278750000000000000e+02
1.275771812080536876e+02 1.281006711409395962e+02 1.278724832214765144e+02
1.275503355704697981e+02 1.282147651006711442e+02 1.279261744966442933e+02
1.276158940397350960e+02 1.281456953642384065e+02 1.279867549668874176e+02
1.276510067114093943e+02 1.280067114093959617e+02 1.279127516778523557e+02
1.277133333333333383e+02 1.279933333333333394e+02 1.279066666666666663e+02
1.276466666666666612e+02 1.279533333333333331e+02 1.277733333333333263e+02
1.275733333333333377e+02 1.280133333333333212e+02 1.276866666666666674e+02
1.276466666666666612e+02 1.280133333333333212e+02 1.276133333333333297e+02
1.276776315789473699e+02 1.280921052631578902e+02 1.275921052631578902e+02
1.277350993377483377e+02 1.281788079470198625e+02 1.276158940397350960e+02
1.276821192052980081e+02 1.281059602649006592e+02 1.276158940397350960e+02
1.276266666666666652e+02 1.281333333333333258e+02 1.275999999999999943e+02
1.276174496644295289e+02 1.282013422818791923e+02 1.275704697986577116e+02
1.276225165562913872e+02 1.281523178807946977e+02 1.273642384105960303e+02
1.276907894736842053e+02 1.281973684210526301e+02 1.273881578947368354e+02
1.275364238410596016e+02 1.280529801324503296e+02 1.274635761589403984e+02
1.276577181208053702e+02 1.281610738255033652e+02 1.274496644295302019e+02
1.276887417218542993e+02 1.280264900662251648e+02 1.275231788079470192e+02
1.276556291390728433e+02 1.278675496688741759e+02 1.273642384105960303e+02
1.276907894736842053e+02 1.279276315789473699e+02 1.273815789473684248e+02
1.276351351351351298e+02 1.279121621621621614e+02 1.274459459459459509e+02
1.275430463576158928e+02 1.278874172185430496e+02 1.273112582781457007e+02
1.275430463576158928e+02 1.279403973509933792e+02 1.272384105960264833e+02
1.276092715231788048e+02 1.279006622516556320e+02 1.271125827814569504e+02
1.275266666666666708e+02 1.279866666666666646e+02 1.271266666666666652e+02
1.275704697986577116e+02 1.279060402684563797e+02 1.270201342281879135e+02
1.275364238410596016e+02 1.278344370860927199e+02 1.269337748344370880e+02
1.275133333333333354e+02 1.277866666666666617e+02 1.269533333333333331e+02
1.275359477124183059e+02 1.279215686274509807e+02 1.269281045751634025e+02
1.275359477124183059e+02 1.278366013071895395e+02 1.267320261437908471e+02
1.274266666666666623e+02 1.277999999999999972e+02 1.266733333333333320e+02
1.274399999999999977e+02 1.276800000000000068e+02 1.267333333333333343e+02
1.274342105263157947e+02 1.277105263157894797e+02 1.266644736842105203e+02
1.274342105263157947e+02 1.278092105263157947e+02 1.267697368421052602e+02
1.273708609271523216e+02 1.277284768211920465e+02 1.267350993377483377e+02
1.274105960264900688e+02 1.277019867549668817e+02 1.267218543046357553e+02
1.274635761589403984e+02 1.276953642384105905e+02 1.266556291390728433e+02
1.275430463576158928e+02 1.277152317880794641e+02 1.267682119205298079e+02
1.276066666666666691e+02 1.277800000000000011e+02 1.269333333333333371e+02
1.277368421052631646e+02 1.277697368421052602e+02 1.271447368421052602e+02
1.277615894039735167e+02 1.280596026490066208e+02 1.271258278145695328e+02
1.277199999999999989e+02 1.279866666666666646e+02 1.270000000000000000e+02
1.276490066225165521e+02 1.279337748344370880e+02 1.268543046357615935e+02
1.275986842105263150e+02 1.280723684210526301e+02 1.267697368421052602e+02
1.276291390728476784e+02 1.280397350993377472e+02 1.268741721854304672e+02
1.275400000000000063e+02 1.279533333333333331e+02 1.267600000000000051e+02
1.275855263157894797e+02 1.280921052631578902e+02 1.265921052631578902e+02
1.275866666666666731e+02 1.280333333333333314e+02 1.266133333333333297e+02
1.275400000000000063e+02 1.281533333333333360e+02 1.266200000000000045e+02
1.275328947368421098e+02 1.282500000000000000e+02 1.266118421052631646e+02
1.274635761589403984e+02 1.282450331125827745e+02 1.265761589403973488e+02
1.275133333333333354e+02 1.282333333333333201e+02 1.265000000000000000e+02
1.276148648648648702e+02 1.281689189189189051e+02 1.265270270270270316e+02
1.275298013245033104e+02 1.281721854304635713e+02 1.264966887417218544e+02
1.275466666666666669e+02 1.283333333333333428e+02 1.264933333333333394e+02
1.274834437086092720e+02 1.282582781456953569e+02 1.265033112582781456e+02
1.274238410596026512e+02 1.281523178807946977e+02 1.264900662251655632e+02
1.274013157894736850e+02 1.280460526315789593e+02 1.266315789473684248e+02
1.273026315789473699e+02 1.281052631578947398e+02 1.266973684210526301e+02
1.272751677852348990e+02 1.279328859060402692e+02 1.268523489932885866e+02
1.273464052287581723e+02 1.278300653594771177e+02 1.267908496732026151e+02
1.272582781456953711e+02 1.279867549668874176e+02 1.267284768211920465e+02
1.273400000000000034e+02 1.280533333333333417e+02 1.266800000000000068e+02
1.273221476510067163e+02 1.280738255033556925e+02 1.268255033557046971e+02
1.273223684210526301e+02 1.280263157894736707e+02 1.268750000000000000e+02
1.273529411764705941e+02 1.279934640522875782e+02 1.268235294117647101e+02
1.272933333333333366e+02 1.280200000000000102e+02 1.267733333333333263e+02
1.274800000000000040e+02 1.280399999999999920e+02 1.269266666666666623e+02
1.275266666666666708e+02 1.280666666666666629e+02 1.270133333333333354e+02
1.275436241610738222e+02 1.279865771812080482e+02 1.270335570469798654e+02
1.274304635761589424e+02 1.279337748344370880e+02 1.270198675496688736e+02
1.275263157894736850e+02 1.279473684210526301e+02 1.269868421052631646e+02
1.275704697986577116e+02 1.280872483221476443e+02 1.270201342281879135e+02
1.275099337748344368e+02 1.280264900662251648e+02 1.269867549668874176e+02
1.275165562913907280e+02 1.281125827814569504e+02 1.269536423841059616e+02
1.276283783783783718e+02 1.280878378378378386e+02 1.270067567567567579e+02
1.277333333333333343e+02 1.280466666666666526e+02 1.271466666666666612e+02
1.276556291390728433e+02 1.280860927152317856e+02 1.272715231788079535e+02
1.275973154362416153e+02 1.280134228187919518e+02 1.271610738255033510e+02
1.277466666666666697e+02 1.280933333333333337e+02 1.270400000000000063e+02
1.276866666666666674e+02 1.280666666666666629e+02 1.269333333333333371e+02
1.277046979865771874e+02 1.280134228187919518e+02 1.269060402684563797e+02
1.276266666666666652e+02 1.280200000000000102e+02 1.269133333333333269e+02
1.275562913907284752e+02 1.280397350993377472e+02 1.269735099337748352e+02
1.276158940397350960e+02 1.280993377483443680e+02 1.269801324503311264e+02
1.274238410596026512e+02 1.280993377483443680e+02 1.269801324503311264e+02
1.273750000000000000e+02 1.281907894736842195e+02 1.270000000000000000e+02
1.273178807947019919e+02 1.281125827814569504e+02 1.269205298013245056e+02
1.273489932885906057e+02 1.281409395973154233e+02 1.269060402684563797e+02
1.274304635761589424e+02 1.281390728476821153e+02 1.269006622516556320e+02
1.274039735099337776e+02 1.281125827814569504e+02 1.268145695364238463e+02
1.275960264900662224e+02 1.280264900662251648e+02 1.268874172185430496e+02
1.275921052631578902e+02 1.280131578947368496e+02 1.268223684210526301e+02
1.276776315789473699e+02 1.280328947368421098e+02 1.267565789473684248e+02
1.277647058823529420e+02 1.281503267973856168e+02 1.266732026143790790e+02
1.277718120805369182e+02 1.281342281879194616e+02 1.266644295302013461e+02
1.278874172185430496e+02 1.280728476821192032e+02 1.266754966887417169e+02
1.279000000000000057e+02 1.280933333333333337e+02 1.265666666666666629e+02
1.279533333333333331e+02 1.280800000000000125e+02 1.264533333333333331e+02
1.278823529411764639e+02 1.280392156862745026e+02 1.265686274509803866e+02
1.280000000000000000e+02 1.280789473684210407e+02 1.266710526315789451e+02
1.280866666666666731e+02 1.280933333333333337e+02 1.265866666666666731e+02
1.281118421052631504e+02 1.280131578947368496e+02 1.265789473684210549e+02
1.280198675496688736e+02 1.279403973509933792e+02 1.266291390728476784e+02
1.280927152317880768e+02 1.279933774834437088e+02 1.266225165562913872e+02
1.281447368421052602e+02 1.280065789473684106e+02 1.267565789473684248e+02
1.281589403973509889e+02 1.279271523178807968e+02 1.268145695364238463e+02
1.282466666666666697e+02 1.280933333333333337e+02 1.267600000000000051e+02
1.282185430463576097e+02 1.280728476821192032e+02 1.267350993377483377e+02
1.281390728476821153e+02 1.279271523178807968e+02 1.267086092715231729e+02
1.281250000000000000e+02 1.278486842105263150e+02 1.267105263157894797e+02
1.280065789473684106e+02 1.278355263157894797e+02 1.267960526315789451e+02
1.280604026845637691e+02 1.278993288590604038e+02 1.267852348993288558e+02
1.281315789473684106e+02 1.279605263157894797e+02 1.268026315789473699e+02
1.281699346405228823e+02 1.281307189542483798e+02 1.268496732026143832e+02
1.281699346405228823e+02 1.280326797385620807e+02 1.267254901960784252e+02
1.281184210526315894e+02 1.281250000000000000e+02 1.267500000000000000e+02
1.280333333333333314e+02 1.281533333333333360e+02 1.268266666666666680e+02
1.280268456375839037e+02 1.280604026845637691e+02 1.268187919463087212e+02
1.279539473684210549e+02 1.279342105263157947e+02 1.268223684210526301e+02
1.279066666666666663e+02 1.279866666666666646e+02 1.269133333333333269e+02
1.280066225165562912e+02 1.281589403973509889e+02 1.270397350993377472e+02
1.279144736842105203e+02 1.282828947368421098e+02 1.271315789473684248e+02
1.279666666666666686e+02 1.281599999999999966e+02 1.271466666666666612e+02
1.280333333333333314e+02 1.282066666666666777e+02 1.271533333333333360e+02
1.280596026490066208e+02 1.281456953642384065e+02 1.272847682119205359e+02
1.280463576158940384e+02 1.280000000000000000e+02 1.274503311258278160e+02
1.280000000000000000e+02 1.279666666666666686e+02 1.274533333333333331e+02
1.279346405228758101e+02 1.279803921568627487e+02 1.274509803921568647e+02
1.278533333333333388e+02 1.279666666666666686e+02 1.274466666666666725e+02
1.278609271523178847e+02 1.280860927152317856e+02 1.274569536423841072e+02
1.279333333333333371e+02 1.280800000000000125e+02 1.274133333333333269e+02
1.278199999999999932e+02 1.281200000000000045e+02 1.274266666666666623e+02
1.278799999999999955e+02 1.280200000000000102e+02 1.273266666666666680e+02
1.279210526315789451e+02 1.280460526315789593e+02 1.272894736842105203e+02
1.279470198675496704e+02 1.279867549668874176e+02 1.272450331125827745e+02
1.278881578947368354e+02 1.278750000000000000e+02 1.272434210526315752e+02
1.278888888888888857e+02 1.278496732026143832e+02 1.272418300653594798e+02
1.279000000000000057e+02 1.280933333333333337e+02 1.272266666666666737e+02
1.280067567567567437e+02 1.279054054054054035e+02 1.271824324324324351e+02
1.278758169934640563e+02 1.278235294117647101e+02 1.270392156862745168e+02
1.277733333333333263e+02 1.277999999999999972e+02 1.269466666666666725e+02
1.277682119205298079e+02 1.277483443708609201e+02 1.268410596026490111e+02
1.277999999999999972e+02 1.278866666666666703e+02 1.269066666666666663e+02
1.278926174496644279e+02 1.278523489932885866e+02 1.269530201342281828e+02
1.278733333333333348e+02 1.277333333333333343e+02 1.269266666666666623e+02
1.278400000000000034e+02 1.276733333333333320e+02 1.270066666666666606e+02
1.279215686274509807e+02 1.278562091503267908e+02 1.267712418300653638e+02
1.279072847682119232e+02 1.279006622516556320e+02 1.269536423841059616e+02
1.279266666666666623e+02 1.280066666666666606e+02 1.269533333333333331e+02
1.276866666666666674e+02 1.281399999999999864e+02 1.268533333333333388e+02
1.277199999999999989e+02 1.280999999999999943e+02 1.267733333333333263e+02
1.278266666666666680e+02 1.279866666666666646e+02 1.268400000000000034e+02
1.278013245033112639e+02 1.280529801324503296e+02 1.268013245033112639e+02
1.278933333333333309e+02 1.279733333333333292e+02 1.268333333333333286e+02
1.278947368421052602e+02 1.278815789473684248e+02 1.268552631578947398e+02
1.278799999999999955e+02 1.280266666666666708e+02 1.268666666666666600e+02
1.279337748344370880e+02 1.278874172185430496e+02 1.268807947019867584e+02
1.278300653594771177e+02 1.278431372549019613e+02 1.268039215686274446e+02
1.277718120805369182e+02 1.277583892617449663e+02 1.267651006711409423e+02
1.276578947368421098e+02 1.278092105263157947e+02 1.267302631578947398e+02
1.275165562913907280e+02 1.278940397350993408e+02 1.266821192052980081e+02
1.274266666666666623e+02 1.279133333333333269e+02 1.266266666666666652e+02
1.274052287581699403e+02 1.278169934640522882e+02 1.266143790849673252e+02
1.274039735099337776e+02 1.278344370860927199e+02 1.265165562913907280e+02
1.274370860927152336e+02 1.277615894039735167e+02 1.264834437086092720e+02
1.274635761589403984e+02 1.277947019867549727e+02 1.264635761589403984e+02
1.275430463576158928e+02 1.277947019867549727e+02 1.265033112582781456e+02
1.274266666666666623e+02 1.277800000000000011e+02 1.264066666666666663e+02
1.274200000000000017e+02 1.276400000000000006e+02 1.264266666666666623e+02
1.273533333333333388e+02 1.276599999999999966e+02 1.264000000000000057e+02
1.274415584415584419e+02 1.276883116883116855e+02 1.264415584415584419e+02
1.275066666666666606e+02 1.275533333333333275e+02 1.264266666666666623e+02
1.274932432432432421e+02 1.275337837837837895e+02 1.265067567567567579e+02
1.275298013245033104e+02 1.275562913907284752e+02 1.265894039735099312e+02
1.274466666666666725e+02 1.275666666666666629e+02 1.263733333333333348e+02
1.272913907284768271e+02 1.275364238410596016e+02 1.265761589403973488e+02
1.271333333333333400e+02 1.276133333333333297e+02 1.265466666666666669e+02
1.270066225165562912e+02 1.277417218543046289e+02 1.266423841059602609e+02
1.271854304635761537e+02 1.276158940397350960e+02 1.265960264900662224e+02
1.271920529801324449e+02 1.276026490066225136e+02 1.266887417218542993e+02
1.271266666666666652e+02 1.277399999999999949e+02 1.267999999999999972e+02
1.270397350993377472e+02 1.278410596026490111e+02 1.268013245033112639e+02
1.270529801324503296e+02 1.278079470198675551e+02 1.268675496688741759e+02
1.270392156862745168e+02 1.277320261437908471e+02 1.268627450980392126e+02
1.271788079470198625e+02 1.276887417218542993e+02 1.268543046357615935e+02
1.270866666666666731e+02 1.277066666666666634e+02 1.267266666666666737e+02
1.271409395973154375e+02 1.277046979865771874e+02 1.265906040268456394e+02
1.272600000000000051e+02 1.276800000000000068e+02 1.265533333333333275e+02
1.272885906040268509e+02 1.276711409395973220e+02 1.264228187919463124e+02
1.271699346405228823e+02 1.276339869281045765e+02 1.264575163398692865e+02
1.272614379084967311e+02 1.276928104575163445e+02 1.264901960784313673e+02
1.271688311688311757e+02 1.276883116883116855e+02 1.263961038961038952e+02
1.272171052631578902e+02 1.277631578947368354e+02 1.264276315789473699e+02
1.272302631578947398e+02 1.277500000000000000e+02 1.264802631578947398e+02
1.272649006622516623e+02 1.277417218543046289e+02 1.265894039735099312e+02
1.273112582781457007e+02 1.278543046357615935e+02 1.265894039735099312e+02
1.273020134228187885e+02 1.279060402684563797e+02 1.267181208053691250e+02
1.273221476510067163e+02 1.279194630872483174e+02 1.267852348993288558e+02
1.273552631578947398e+02 1.280000000000000000e+02 1.267236842105263150e+02
1.273489932885906057e+02 1.280738255033556925e+02 1.267449664429530145e+02
1.273716216216216282e+02 1.280743243243243228e+02 1.268986486486486456e+02
1.272885906040268509e+02 1.281140939597315480e+02 1.269597315436241587e+02
1.272399999999999949e+02 1.282533333333333303e+02 1.269533333333333331e+02
1.272818791946308750e+02 1.282348993288590577e+02 1.268791946308724903e+02
1.273199999999999932e+02 1.282466666666666697e+02 1.268400000000000034e+02
1.274563758389261778e+02 1.283154362416107404e+02 1.268187919463087212e+02
1.275526315789473699e+02 1.283092105263157805e+02 1.268157894736842053e+02
1.274276315789473699e+02 1.283815789473684106e+02 1.267565789473684248e+02
1.273691275167785193e+02 1.283288590604026922e+02 1.266711409395973220e+02
1.274666666666666686e+02 1.282266666666666595e+02 1.265466666666666669e+02
1.275066666666666606e+02 1.281733333333333462e+02 1.264599999999999937e+02
1.275933333333333337e+02 1.281399999999999864e+02 1.265066666666666606e+02
1.274466666666666725e+02 1.281599999999999966e+02 1.264399999999999977e+02
1.273774834437086128e+02 1.281125827814569504e+02 1.265430463576158928e+02
1.273933333333333309e+02 1.280866666666666731e+02 1.265133333333333354e+02
1.273154362416107404e+02 1.280604026845637691e+02 1.264899328859060432e+02
1.273774834437086128e+02 1.280198675496688736e+02 1.264039735099337776e+02
1.274539473684210549e+02 1.279868421052631646e+02 1.263223684210526301e+02
1.273400000000000034e+02 1.279133333333333269e+02 1.263733333333333348e+02
1.273112582781457007e+02 1.278940397350993408e+02 1.263708609271523216e+02
1.273020134228187885e+02 1.278590604026845625e+02 1.265234899328859086e+02
1.273921568627450966e+02 1.279411764705882320e+02 1.265751633986928084e+02
1.274054054054054035e+02 1.278175675675675649e+02 1.264391891891891930e+02
1.274533333333333331e+02 1.279733333333333292e+02 1.265600000000000023e+02
1.275167785234899327e+02 1.278993288590604038e+02 1.264429530201342260e+02
1.276158940397350960e+02 1.278874172185430496e+02 1.265165562913907280e+02
1.276887417218542993e+02 1.278741721854304672e+02 1.267417218543046289e+02
1.277828947368421098e+02 1.278026315789473699e+02 1.267697368421052602e+02
1.276866666666666674e+02 1.279000000000000057e+02 1.267399999999999949e+02
1.276066666666666691e+02 1.279800000000000040e+02 1.266800000000000068e+02
1.277142857142857082e+02 1.278636363636363598e+02 1.267077922077922096e+02
1.277266666666666737e+02 1.278666666666666600e+02 1.265266666666666708e+02
1.277483443708609201e+02 1.278476821192053023e+02 1.264238410596026512e+02
1.276200000000000045e+02 1.279133333333333269e+02 1.263933333333333309e+02
1.275894039735099312e+02 1.279933774834437088e+02 1.264966887417218544e+02
1.275600000000000023e+02 1.279266666666666623e+02 1.264800000000000040e+02
1.275761589403973488e+02 1.278278145695364287e+02 1.263973509933774864e+02
1.276274509803921546e+02 1.277450980392156907e+02 1.262287581699346362e+02
1.275657894736842053e+02 1.276052631578947398e+02 1.263092105263157947e+02
1.275592105263157947e+02 1.274671052631578902e+02 1.263289473684210549e+02
1.276233766233766289e+02 1.274155844155844193e+02 1.264025974025974079e+02
1.274899328859060432e+02 1.274429530201342260e+02 1.263825503355704711e+02
1.274736842105263150e+02 1.275000000000000000e+02 1.264407894736842053e+02
1.273866666666666703e+02 1.274800000000000040e+02 1.263866666666666703e+02
1.274228187919463124e+02 1.276241610738255048e+02 1.263691275167785193e+02
1.274866666666666646e+02 1.274333333333333371e+02 1.263400000000000034e+02
1.273311258278145743e+02 1.275165562913907280e+02 1.263377483443708655e+02
1.274172185430463600e+02 1.275430463576158928e+02 1.263046357615894095e+02
1.274266666666666623e+02 1.275000000000000000e+02 1.264599999999999937e+02
1.275000000000000000e+02 1.275394736842105203e+02 1.266118421052631646e+02
1.274933333333333394e+02 1.275066666666666606e+02 1.266266666666666652e+02
1.276357615894039697e+02 1.275695364238410576e+02 1.266556291390728433e+02
1.275526315789473699e+02 1.275328947368421098e+02 1.267171052631578902e+02
1.275460526315789451e+02 1.276710526315789451e+02 1.267171052631578902e+02
1.274429530201342260e+02 1.276375838926174566e+02 1.267315436241610769e+02
1.274594594594594525e+02 1.275675675675675649e+02 1.268310810810810807e+02
1.274605263157894797e+02 1.276578947368421098e+02 1.268421052631578902e+02
1.273841059602649040e+02 1.277019867549668817e+02 1.269139072847682144e+02
1.274407894736842053e+02 1.277500000000000000e+02 1.268026315789473699e+02
1.273708609271523216e+02 1.278675496688741759e+02 1.267218543046357553e+02
1.274868421052631646e+02 1.280921052631578902e+02 1.267631578947368354e+02
1.275570469798657740e+02 1.281006711409395962e+02 1.267718120805369182e+02
1.275921052631578902e+02 1.280328947368421098e+02 1.267631578947368354e+02
1.275789473684210549e+02 1.279276315789473699e+02 1.267763157894736850e+02
1.273750000000000000e+02 1.279013157894736850e+02 1.267894736842105203e+02
1.273892617449664471e+02 1.279597315436241587e+02 1.268255033557046971e+02
1.274733333333333292e+02 1.279800000000000040e+02 1.267800000000000011e+02
1.275165562913907280e+02 1.279139072847682144e+02 1.267549668874172255e+02
1.276092715231788048e+02 1.279271523178807968e+02 1.266953642384105905e+02
1.275592105263157947e+02 1.277960526315789451e+02 1.267763157894736850e+02
1.275503355704697981e+02 1.277718120805369182e+02 1.268322147651006730e+02
1.275165562913907280e+02 1.276423841059602609e+02 1.267814569536423903e+02
1.275033557046979809e+02 1.275906040268456394e+02 1.267785234899328799e+02
1.276577181208053702e+02 1.276577181208053702e+02 1.267046979865771874e+02
1.277417218543046289e+02 1.277019867549668817e+02 1.265231788079470192e+02
1.277066666666666634e+02 1.276800000000000068e+02 1.265933333333333337e+02
1.277866666666666617e+02 1.277533333333333303e+02 1.265266666666666708e+02
1.276948051948051983e+02 1.277272727272727337e+02 1.265909090909090935e+02
1.277284768211920465e+02 1.278013245033112639e+02 1.265894039735099312e+02
1.277236842105263150e+02 1.278881578947368354e+02 1.265197368421052602e+02
1.276821192052980081e+02 1.279072847682119232e+02 1.264701986754966896e+02
1.275827814569536400e+02 1.279668874172185440e+02 1.264966887417218544e+02
1.276066666666666691e+02 1.280933333333333337e+02 1.264333333333333371e+02
1.277133333333333383e+02 1.280533333333333417e+02 1.265066666666666606e+02
1.277337662337662323e+02 1.280584415584415581e+02 1.265324675324675354e+02
1.277337662337662323e+02 1.279740259740259773e+02 1.265194805194805241e+02
1.276513157894736850e+02 1.280394736842105203e+02 1.266118421052631646e+02
1.276533333333333360e+02 1.280999999999999943e+02 1.266200000000000045e+02
1.277027027027027088e+02 1.280675675675675791e+02 1.266351351351351298e+02
1.277417218543046289e+02 1.280198675496688736e+02 1.266556291390728433e+02
1.276710526315789451e+02 1.280000000000000000e+02 1.266578947368421098e+02
1.276644736842105203e+02 1.279605263157894797e+02 1.265328947368421098e+02
1.276466666666666612e+02 1.280333333333333314e+02 1.266866666666666674e+02
1.276754966887417169e+02 1.279602649006622528e+02 1.266026490066225136e+02
1.276400000000000006e+02 1.280000000000000000e+02 1.266400000000000006e+02
1.275866666666666731e+02 1.280266666666666708e+02 1.268933333333333309e+02
1.276866666666666674e+02 1.280333333333333314e+02 1.271133333333333297e+02
1.276580645161290306e+02 1.279419354838709637e+02 1.269225806451612897e+02
1.275263157894736850e+02 1.280263157894736707e+02 1.268947368421052602e+02
1.274569536423841072e+02 1.281258278145695328e+02 1.269139072847682144e+02
1.273933333333333309e+02 1.281933333333333280e+02 1.269133333333333269e+02
1.274533333333333331e+02 1.282066666666666777e+02 1.270333333333333314e+02
1.274569536423841072e+02 1.282649006622516481e+02 1.271456953642384065e+02
1.273489932885906057e+02 1.283691275167785193e+02 1.270536912751677789e+02
1.273333333333333286e+02 1.283133333333333326e+02 1.270933333333333337e+02
1.272500000000000000e+02 1.282763157894736707e+02 1.270986842105263150e+02
1.272119205298013185e+02 1.283178807947019777e+02 1.270993377483443680e+02
1.272582781456953711e+02 1.283774834437085985e+02 1.272516556291390799e+02
1.272416107382550337e+02 1.283221476510067021e+02 1.272013422818791923e+02
1.273815789473684248e+02 1.283815789473684106e+02 1.271118421052631646e+02
1.273400000000000034e+02 1.283066666666666720e+02 1.271466666666666612e+02
1.272649006622516623e+02 1.283377483443708513e+02 1.270993377483443680e+02
1.271744966442953029e+02 1.284295302013422884e+02 1.271342281879194616e+02
1.273178807947019919e+02 1.283774834437085985e+02 1.271589403973509889e+02
1.273666666666666600e+02 1.283733333333333348e+02 1.272066666666666634e+02
1.273921568627450966e+02 1.283333333333333428e+02 1.272941176470588260e+02
1.273266666666666680e+02 1.284733333333333292e+02 1.273266666666666680e+02
1.272866666666666617e+02 1.284600000000000080e+02 1.272000000000000028e+02
1.274295302013422884e+02 1.284228187919462982e+02 1.271543624161073893e+02
1.274509803921568647e+02 1.285228758169934622e+02 1.272026143790849630e+02
1.276200000000000045e+02 1.285399999999999920e+02 1.271266666666666652e+02
1.276556291390728433e+02 1.285827814569536542e+02 1.271390728476821153e+02
1.275394736842105203e+02 1.285657894736842195e+02 1.271842105263157947e+02
1.275789473684210549e+02 1.285855263157894797e+02 1.273026315789473699e+02
1.275133333333333354e+02 1.286800000000000068e+02 1.273066666666666720e+02
1.275827814569536400e+02 1.286953642384106047e+02 1.273245033112582831e+02
1.276078431372549034e+02 1.286470588235294201e+02 1.273986928104575185e+02
1.276266666666666652e+02 1.286200000000000045e+02 1.272266666666666737e+02
1.275400000000000063e+02 1.285333333333333314e+02 1.272733333333333263e+02
1.275065789473684248e+02 1.286513157894736707e+02 1.273026315789473699e+02
1.274967320261437891e+02 1.286078431372548891e+02 1.272287581699346362e+02
1.274039735099337776e+02 1.287218543046357695e+02 1.271390728476821153e+02
1.273708609271523216e+02 1.287152317880794783e+02 1.271920529801324449e+02
1.274966887417218544e+02 1.286754966887417311e+02 1.271920529801324449e+02
1.273092105263157947e+02 1.286842105263157805e+02 1.273289473684210549e+02
1.273533333333333388e+02 1.287866666666666617e+02 1.274333333333333371e+02
1.273046357615894095e+02 1.288145695364238463e+02 1.273774834437086128e+02
1.272666666666666657e+02 1.287400000000000091e+02 1.273599999999999994e+02
1.271381578947368354e+02 1.287894736842105203e+02 1.273486842105263150e+02
1.271513157894736850e+02 1.287763157894736707e+02 1.271447368421052602e+02
1.272384105960264833e+02 1.287814569536423903e+02 1.271258278145695328e+02
1.273112582781457007e+02 1.289271523178807968e+02 1.270198675496688736e+02
1.272733333333333263e+02 1.289466666666666583e+02 1.270799999999999983e+02
1.272222222222222285e+02 1.289477124183006538e+02 1.271764705882352899e+02
1.272631578947368354e+02 1.290855263157894797e+02 1.271381578947368354e+02
1.272781456953642447e+02 1.291788079470198625e+02 1.270927152317880768e+02
1.273733333333333348e+02 1.290666666666666629e+02 1.270933333333333337e+02
1.274238410596026512e+02 1.290331125827814560e+02 1.269403973509933792e+02
1.274266666666666623e+02 1.291533333333333360e+02 1.270400000000000063e+02
1.274407894736842053e+02 1.293092105263157805e+02 1.270328947368421098e+02
1.272649006622516623e+02 1.293245033112582689e+02 1.269867549668874176e+02
1.273377483443708655e+02 1.293841059602648897e+02 1.269006622516556320e+02
1.273907284768211952e+02 1.294304635761589282e+02 1.268807947019867584e+02
1.272999999999999972e+02 1.293533333333333246e+02 1.268799999999999955e+02
1.273400000000000034e+02 1.292866666666666617e+02 1.268599999999999994e+02
1.273856209150326748e+02 1.292352941176470722e+02 1.269084967320261370e+02
