1.284701986754966754e+02 1.269337748344370880e+02 1.263443708609271567e+02
1.284866666666666788e+02 1.269266666666666623e+02 1.263266666666666680e+02
1.285000000000000000e+02 1.268866666666666703e+02 1.262666666666666657e+02
1.285533333333333417e+02 1.269866666666666646e+02 1.262333333333333343e+02
1.285436241610738364e+02 1.269463087248322211e+02 1.262147651006711442e+02
1.285827814569536542e+02 1.269072847682119232e+02 1.262450331125827745e+02
1.285800000000000125e+02 1.268799999999999955e+02 1.262800000000000011e+02
1.285866666666666731e+02 1.269066666666666663e+02 1.262866666666666617e+02
1.285771812080537018e+02 1.268187919463087212e+02 1.263489932885906057e+02
1.285399999999999920e+02 1.268599999999999994e+02 1.263533333333333388e+02
1.285733333333333235e+02 1.268666666666666600e+02 1.263066666666666720e+02
1.285533333333333417e+02 1.268733333333333348e+02 1.263066666666666720e+02
1.285496688741721982e+02 1.269271523178807968e+02 1.263046357615894095e+02
1.284697986577181155e+02 1.269395973154362451e+02 1.262684563758389231e+02
1.285066666666666606e+02 1.269466666666666725e+02 1.262666666666666657e+02
1.285466666666666526e+02 1.269399999999999977e+02 1.262999999999999972e+02
1.285399999999999920e+02 1.270266666666666708e+02 1.262999999999999972e+02
1.286026490066225278e+02 1.270860927152317856e+02 1.262847682119205359e+02
1.285761589403973630e+02 1.270794701986754944e+02 1.263377483443708655e+02
1.285533333333333417e+02 1.270266666666666708e+02 1.262999999999999972e+02
1.285866666666666731e+02 1.270866666666666731e+02 1.263199999999999932e+02
1.285933333333333337e+02 1.270466666666666669e+02 1.263400000000000034e+02
1.285600000000000023e+02 1.270799999999999983e+02 1.264000000000000057e+02
1.284799999999999898e+02 1.270199999999999960e+02 1.263400000000000034e+02
1.284701986754966754e+02 1.269735099337748352e+02 1.263178807947019919e+02
1.284799999999999898e+02 1.269933333333333394e+02 1.263066666666666720e+02
1.285333333333333314e+02 1.270466666666666669e+02 1.263199999999999932e+02
1.285733333333333235e+02 1.270466666666666669e+02 1.263933333333333309e+02
1.285800000000000125e+02 1.270799999999999983e+02 1.264000000000000057e+02
1.285827814569536542e+02 1.271059602649006592e+02 1.264105960264900688e+02
1.285562913907284894e+02 1.270132450331125824e+02 1.263841059602649040e+02
1.285466666666666526e+02 1.269800000000000040e+02 1.263733333333333348e+02
1.285466666666666526e+02 1.269466666666666725e+02 1.264000000000000057e+02
1.284832214765100673e+02 1.270469798657718172e+02 1.263489932885906057e+02
1.284966887417218402e+02 1.270662251655629120e+02 1.263774834437086128e+02
1.285466666666666526e+02 1.270533333333333275e+02 1.263666666666666600e+02
1.285033112582781598e+02 1.270397350993377472e+02 1.263642384105960303e+02
1.284666666666666686e+02 1.270400000000000063e+02 1.263933333333333309e+02
1.284966887417218402e+02 1.270000000000000000e+02 1.263774834437086128e+02
1.285099337748344510e+02 1.269801324503311264e+02 1.264238410596026512e+02
1.285533333333333417e+02 1.269933333333333394e+02 1.264133333333333269e+02
1.285533333333333417e+02 1.269800000000000040e+02 1.264133333333333269e+02
1.285436241610738364e+02 1.269530201342281828e+02 1.263825503355704711e+02
1.285399999999999920e+02 1.269733333333333292e+02 1.264133333333333269e+02
1.285066666666666606e+02 1.269066666666666663e+02 1.263666666666666600e+02
1.284933333333333394e+02 1.269200000000000017e+02 1.263599999999999994e+02
1.284600000000000080e+02 1.268799999999999955e+02 1.262466666666666697e+02
1.284834437086092578e+02 1.268940397350993408e+02 1.262649006622516623e+02
1.285399999999999920e+02 1.269399999999999977e+02 1.262666666666666657e+02
1.284666666666666686e+02 1.270000000000000000e+02 1.262266666666666737e+02
1.285066666666666606e+02 1.269866666666666646e+02 1.262866666666666617e+02
1.285266666666666708e+02 1.270066666666666606e+02 1.263066666666666720e+02
1.285430463576159070e+02 1.270198675496688736e+02 1.262781456953642447e+02
1.285430463576159070e+02 1.270728476821192032e+02 1.263112582781457007e+02
1.286133333333333439e+02 1.270466666666666669e+02 1.263199999999999932e+02
1.286291390728476927e+02 1.270066225165562912e+02 1.263377483443708655e+02
1.285999999999999943e+02 1.269666666666666686e+02 1.263599999999999994e+02
1.285533333333333417e+02 1.269666666666666686e+02 1.262333333333333343e+02
1.285666666666666629e+02 1.269599999999999937e+02 1.262133333333333383e+02
1.285666666666666629e+02 1.269533333333333331e+02 1.261333333333333400e+02
1.285733333333333235e+02 1.269800000000000040e+02 1.261599999999999966e+02
1.285933333333333337e+02 1.270199999999999960e+02 1.261666666666666714e+02
1.286333333333333258e+02 1.270266666666666708e+02 1.262466666666666697e+02
1.286778523489932979e+02 1.270335570469798654e+02 1.262684563758389231e+02
1.286399999999999864e+02 1.271066666666666691e+02 1.263266666666666680e+02
1.286399999999999864e+02 1.271066666666666691e+02 1.263533333333333388e+02
1.286399999999999864e+02 1.270866666666666731e+02 1.263533333333333388e+02
1.286800000000000068e+02 1.270733333333333377e+02 1.263400000000000034e+02
1.286866666666666674e+02 1.270799999999999983e+02 1.263466666666666640e+02
1.287483443708609343e+02 1.270993377483443680e+02 1.263245033112582831e+02
1.287350993377483519e+02 1.270662251655629120e+02 1.263509933774834479e+02
1.287400000000000091e+02 1.270400000000000063e+02 1.263400000000000034e+02
1.287066666666666777e+02 1.270999999999999943e+02 1.263466666666666640e+02
1.286999999999999886e+02 1.270600000000000023e+02 1.263333333333333286e+02
1.286999999999999886e+02 1.270400000000000063e+02 1.263333333333333286e+02
1.287533333333333303e+02 1.270400000000000063e+02 1.263533333333333388e+02
1.287549668874172255e+02 1.270529801324503296e+02 1.263907284768211952e+02
1.287199999999999989e+02 1.270333333333333314e+02 1.263666666666666600e+02
1.287266666666666595e+02 1.270799999999999983e+02 1.263199999999999932e+02
1.287483443708609343e+02 1.270728476821192032e+02 1.263377483443708655e+02
1.287733333333333405e+02 1.270266666666666708e+02 1.263266666666666680e+02
1.287866666666666617e+02 1.270400000000000063e+02 1.263266666666666680e+02
1.287733333333333405e+02 1.270400000000000063e+02 1.263199999999999932e+02
1.287599999999999909e+02 1.270066666666666606e+02 1.263533333333333388e+02
1.287583892617449806e+02 1.270335570469798654e+02 1.263355704697986539e+02
1.287615894039735167e+02 1.270264900662251648e+02 1.263576158940397391e+02
1.287350993377483519e+02 1.270264900662251648e+02 1.263443708609271567e+02
1.287218543046357695e+02 1.270463576158940384e+02 1.263642384105960303e+02
1.286999999999999886e+02 1.270799999999999983e+02 1.263666666666666600e+02
1.287199999999999989e+02 1.271200000000000045e+02 1.264066666666666663e+02
1.287400000000000091e+02 1.271400000000000006e+02 1.264200000000000017e+02
1.287266666666666595e+02 1.270733333333333377e+02 1.264200000000000017e+02
1.287266666666666595e+02 1.270000000000000000e+02 1.263799999999999955e+02
1.287266666666666595e+02 1.269866666666666646e+02 1.263666666666666600e+02
1.287266666666666595e+02 1.269866666666666646e+02 1.263666666666666600e+02
1.287880794701986815e+02 1.269403973509933792e+02 1.263509933774834479e+02
1.288199999999999932e+02 1.269533333333333331e+02 1.263133333333333326e+02
1.288543046357615935e+02 1.269470198675496704e+02 1.262384105960264833e+02
1.288666666666666742e+02 1.269399999999999977e+02 1.262066666666666634e+02
1.289199999999999875e+02 1.269399999999999977e+02 1.262333333333333343e+02
1.289271523178807968e+02 1.269933774834437088e+02 1.262781456953642447e+02
1.288866666666666561e+02 1.269599999999999937e+02 1.262866666666666617e+02
1.288733333333333348e+02 1.269399999999999977e+02 1.263400000000000034e+02
1.288476821192053023e+02 1.268940397350993408e+02 1.263112582781457007e+02
1.288590604026845767e+02 1.268926174496644279e+02 1.263288590604026780e+02
1.288741721854304672e+02 1.269403973509933792e+02 1.263178807947019919e+02
1.288799999999999955e+02 1.268733333333333348e+02 1.263133333333333326e+02
1.288733333333333348e+02 1.268333333333333286e+02 1.263133333333333326e+02
1.288533333333333246e+02 1.268333333333333286e+02 1.262266666666666737e+02
1.288940397350993408e+02 1.267814569536423903e+02 1.262251655629139009e+02
1.288733333333333348e+02 1.267666666666666657e+02 1.262666666666666657e+02
1.288866666666666561e+02 1.268266666666666680e+02 1.262466666666666697e+02
1.288733333333333348e+02 1.268199999999999932e+02 1.262600000000000051e+02
1.288724832214765001e+02 1.268389261744966490e+02 1.262080536912751683e+02
1.288933333333333451e+02 1.268266666666666680e+02 1.261599999999999966e+02
1.288666666666666742e+02 1.267733333333333263e+02 1.261400000000000006e+02
1.288133333333333326e+02 1.267666666666666657e+02 1.260999999999999943e+02
1.288000000000000114e+02 1.268133333333333326e+02 1.260866666666666731e+02
1.287615894039735167e+02 1.267947019867549727e+02 1.261258278145695328e+02
1.287483443708609343e+02 1.268145695364238463e+02 1.262119205298013185e+02
1.287533333333333303e+02 1.268199999999999932e+02 1.262066666666666634e+02
1.287615894039735167e+02 1.268476821192053023e+02 1.262715231788079535e+02
1.287199999999999989e+02 1.268533333333333388e+02 1.262666666666666657e+02
1.286999999999999886e+02 1.268066666666666720e+02 1.262199999999999989e+02
1.287066666666666777e+02 1.268400000000000034e+02 1.262800000000000011e+02
1.287181208053691250e+02 1.268187919463087212e+02 1.261812080536912788e+02
1.286466666666666754e+02 1.269000000000000057e+02 1.261666666666666714e+02
1.286092715231788191e+02 1.268874172185430496e+02 1.262119205298013185e+02
1.285906040268456252e+02 1.268859060402684520e+02 1.262080536912751683e+02
1.286200000000000045e+02 1.269333333333333371e+02 1.262533333333333303e+02
1.286225165562914015e+02 1.269139072847682144e+02 1.262317880794701921e+02
1.285827814569536542e+02 1.268675496688741759e+02 1.262317880794701921e+02
1.285999999999999943e+02 1.268799999999999955e+02 1.262333333333333343e+02
1.285933333333333337e+02 1.269466666666666725e+02 1.262199999999999989e+02
1.285666666666666629e+02 1.269000000000000057e+02 1.262066666666666634e+02
1.285800000000000125e+02 1.269399999999999977e+02 1.261533333333333360e+02
1.285695364238410718e+02 1.269403973509933792e+02 1.261523178807946977e+02
1.285800000000000125e+02 1.269866666666666646e+02 1.261666666666666714e+02
1.285436241610738364e+02 1.270201342281879135e+02 1.261677852348993270e+02
1.285466666666666526e+02 1.270533333333333275e+02 1.262000000000000028e+02
1.285666666666666629e+02 1.269933333333333394e+02 1.262999999999999972e+02
1.285666666666666629e+02 1.270266666666666708e+02 1.262800000000000011e+02
1.285666666666666629e+02 1.269933333333333394e+02 1.262399999999999949e+02
1.285466666666666526e+02 1.269733333333333292e+02 1.261933333333333280e+02
1.285800000000000125e+02 1.269466666666666725e+02 1.262066666666666634e+02
1.285866666666666731e+02 1.270066666666666606e+02 1.262066666666666634e+02
1.285866666666666731e+02 1.269733333333333292e+02 1.262066666666666634e+02
1.285733333333333235e+02 1.269666666666666686e+02 1.262199999999999989e+02
1.285666666666666629e+02 1.270000000000000000e+02 1.261666666666666714e+02
1.285933333333333337e+02 1.269866666666666646e+02 1.261666666666666714e+02
1.285827814569536542e+02 1.269403973509933792e+02 1.261390728476821153e+02
1.285695364238410718e+02 1.268940397350993408e+02 1.261125827814569504e+02
1.285600000000000023e+02 1.268866666666666703e+02 1.260733333333333377e+02
1.285533333333333417e+02 1.268799999999999955e+02 1.260600000000000023e+02
1.285333333333333314e+02 1.268466666666666640e+02 1.260466666666666669e+02
1.285165562913907422e+02 1.268543046357615935e+02 1.261258278145695328e+02
1.285231788079470334e+02 1.268543046357615935e+02 1.261589403973509889e+02
1.285466666666666526e+02 1.268533333333333388e+02 1.262199999999999989e+02
1.285666666666666629e+02 1.268133333333333326e+02 1.261733333333333320e+02
1.285466666666666526e+02 1.268799999999999955e+02 1.262133333333333383e+02
1.285761589403973630e+02 1.268278145695364287e+02 1.262251655629139009e+02
1.286399999999999864e+02 1.268733333333333348e+02 1.262333333333333343e+02
1.286399999999999864e+02 1.268733333333333348e+02 1.262133333333333383e+02
1.286133333333333439e+02 1.268733333333333348e+02 1.262133333333333383e+02
1.285600000000000023e+02 1.268533333333333388e+02 1.262466666666666697e+02
1.285733333333333235e+02 1.267600000000000051e+02 1.262333333333333343e+02
1.285600000000000023e+02 1.267866666666666617e+02 1.262399999999999949e+02
1.285866666666666731e+02 1.268933333333333309e+02 1.262399999999999949e+02
1.286026490066225278e+02 1.268145695364238463e+02 1.262119205298013185e+02
1.285838926174496635e+02 1.267583892617449663e+02 1.261946308724832164e+02
1.285894039735099454e+02 1.267682119205298079e+02 1.262119205298013185e+02
1.285999999999999943e+02 1.267266666666666737e+02 1.261866666666666674e+02
1.285933333333333337e+02 1.267399999999999949e+02 1.261466666666666612e+02
1.285436241610738364e+02 1.267046979865771874e+02 1.261879194630872547e+02
1.285399999999999920e+02 1.267266666666666737e+02 1.262133333333333383e+02
1.285629139072847806e+02 1.268344370860927199e+02 1.262185430463576097e+02
1.285733333333333235e+02 1.268266666666666680e+02 1.262066666666666634e+02
1.285866666666666731e+02 1.268333333333333286e+02 1.262000000000000028e+02
1.285933333333333337e+02 1.267933333333333366e+02 1.261866666666666674e+02
1.285800000000000125e+02 1.267999999999999972e+02 1.261666666666666714e+02
1.285933333333333337e+02 1.268599999999999994e+02 1.262266666666666737e+02
1.285733333333333235e+02 1.268533333333333388e+02 1.262266666666666737e+02
1.285629139072847806e+02 1.268543046357615935e+02 1.262317880794701921e+02
1.285533333333333417e+02 1.268599999999999994e+02 1.262266666666666737e+02
1.285866666666666731e+02 1.268666666666666600e+02 1.262466666666666697e+02
1.285733333333333235e+02 1.268533333333333388e+02 1.262533333333333303e+02
1.285466666666666526e+02 1.268733333333333348e+02 1.262399999999999949e+02
1.285200000000000102e+02 1.267800000000000011e+02 1.262800000000000011e+02
1.285866666666666731e+02 1.268066666666666720e+02 1.262533333333333303e+02
1.286133333333333439e+02 1.268333333333333286e+02 1.262600000000000051e+02
1.286599999999999966e+02 1.268066666666666720e+02 1.262266666666666737e+02
1.286733333333333462e+02 1.268066666666666720e+02 1.262466666666666697e+02
1.286866666666666674e+02 1.267800000000000011e+02 1.262466666666666697e+02
1.286666666666666572e+02 1.268199999999999932e+02 1.262199999999999989e+02
1.286778523489932979e+02 1.268187919463087212e+02 1.262483221476510096e+02
1.286308724832214807e+02 1.267919463087248317e+02 1.262348993288590577e+02
1.286040268456375770e+02 1.267919463087248317e+02 1.262147651006711442e+02
1.285533333333333417e+02 1.267733333333333263e+02 1.261333333333333400e+02
1.285200000000000102e+02 1.267933333333333366e+02 1.261333333333333400e+02
1.285266666666666708e+02 1.268066666666666720e+02 1.261800000000000068e+02
1.285866666666666731e+02 1.268333333333333286e+02 1.262533333333333303e+02
1.285906040268456252e+02 1.268389261744966490e+02 1.262617449664429472e+02
1.286357615894039839e+02 1.267947019867549727e+02 1.262847682119205359e+02
1.286733333333333462e+02 1.267733333333333263e+02 1.262800000000000011e+02
1.286866666666666674e+02 1.267933333333333366e+02 1.262600000000000051e+02
1.286666666666666572e+02 1.268066666666666720e+02 1.262800000000000011e+02
1.286666666666666572e+02 1.268066666666666720e+02 1.262800000000000011e+02
1.286666666666666572e+02 1.268066666666666720e+02 1.262800000000000011e+02
1.286399999999999864e+02 1.268533333333333388e+02 1.262666666666666657e+02
1.286800000000000068e+02 1.266599999999999966e+02 1.262333333333333343e+02
1.286333333333333258e+02 1.266933333333333280e+02 1.262733333333333263e+02
1.285999999999999943e+02 1.267333333333333343e+02 1.262533333333333303e+02
1.285800000000000125e+02 1.267466666666666697e+02 1.262266666666666737e+02
1.286200000000000045e+02 1.267533333333333303e+02 1.262800000000000011e+02
1.286754966887417311e+02 1.267019867549668817e+02 1.262781456953642447e+02
1.286399999999999864e+02 1.266533333333333360e+02 1.262999999999999972e+02
1.286466666666666754e+02 1.267199999999999989e+02 1.262466666666666697e+02
1.286622516556291487e+02 1.267350993377483377e+02 1.262384105960264833e+02
1.286933333333333280e+02 1.267466666666666697e+02 1.262733333333333263e+02
1.286754966887417311e+02 1.267218543046357553e+02 1.262384105960264833e+02
1.286999999999999886e+02 1.267533333333333303e+02 1.262800000000000011e+02
1.286291390728476927e+02 1.268079470198675551e+02 1.263245033112582831e+02
1.286133333333333439e+02 1.268066666666666720e+02 1.263333333333333286e+02
1.285933333333333337e+02 1.267133333333333383e+02 1.263199999999999932e+02
1.286200000000000045e+02 1.266466666666666612e+02 1.263199999999999932e+02
1.286556291390728575e+02 1.266423841059602609e+02 1.263509933774834479e+02
1.286533333333333360e+02 1.266466666666666612e+02 1.263333333333333286e+02
1.286556291390728575e+02 1.266357615894039697e+02 1.263509933774834479e+02
1.286399999999999864e+02 1.266266666666666652e+02 1.262800000000000011e+02
1.285999999999999943e+02 1.265999999999999943e+02 1.262866666666666617e+02
1.286333333333333258e+02 1.265799999999999983e+02 1.262666666666666657e+02
1.286266666666666652e+02 1.265933333333333337e+02 1.262733333333333263e+02
1.286066666666666549e+02 1.265999999999999943e+02 1.262933333333333366e+02
1.286666666666666572e+02 1.266400000000000006e+02 1.263599999999999994e+02
1.286577181208053560e+02 1.266510067114093943e+02 1.263624161073825434e+02
1.286933333333333280e+02 1.266533333333333360e+02 1.263799999999999955e+02
1.286466666666666754e+02 1.266599999999999966e+02 1.263666666666666600e+02
1.286266666666666652e+02 1.266266666666666652e+02 1.263133333333333326e+02
1.286333333333333258e+02 1.266666666666666714e+02 1.262933333333333366e+02
1.285999999999999943e+02 1.266400000000000006e+02 1.262999999999999972e+02
1.286158940397351103e+02 1.265894039735099312e+02 1.262913907284768271e+02
1.286399999999999864e+02 1.265666666666666629e+02 1.262999999999999972e+02
1.285800000000000125e+02 1.265666666666666629e+02 1.263266666666666680e+02
1.285666666666666629e+02 1.266133333333333297e+02 1.263333333333333286e+02
1.285629139072847806e+02 1.265695364238410576e+02 1.262980132450331183e+02
1.285666666666666629e+02 1.265333333333333314e+02 1.262999999999999972e+02
1.285200000000000102e+02 1.265400000000000063e+02 1.263866666666666703e+02
1.285629139072847806e+02 1.265562913907284752e+02 1.263774834437086128e+02
1.285960264900662366e+02 1.265894039735099312e+02 1.263841059602649040e+02
1.285999999999999943e+02 1.266400000000000006e+02 1.263666666666666600e+02
1.286225165562914015e+02 1.266688741721854257e+02 1.263642384105960303e+02
1.286200000000000045e+02 1.266599999999999966e+02 1.264066666666666663e+02
1.286399999999999864e+02 1.266800000000000068e+02 1.264000000000000057e+02
1.286800000000000068e+02 1.266333333333333400e+02 1.263666666666666600e+02
1.286821192052980223e+02 1.266622516556291345e+02 1.264039735099337776e+02
1.286666666666666572e+02 1.265933333333333337e+02 1.264466666666666725e+02
1.286092715231788191e+02 1.265827814569536400e+02 1.264834437086092720e+02
1.285733333333333235e+02 1.266400000000000006e+02 1.264866666666666646e+02
1.286225165562914015e+02 1.267019867549668817e+02 1.265364238410596016e+02
1.285999999999999943e+02 1.266266666666666652e+02 1.264533333333333331e+02
1.286399999999999864e+02 1.266800000000000068e+02 1.264733333333333292e+02
1.286399999999999864e+02 1.267800000000000011e+02 1.264933333333333394e+02
1.286778523489932979e+02 1.267718120805369182e+02 1.265033557046979809e+02
1.286866666666666674e+02 1.268066666666666720e+02 1.264866666666666646e+02
1.286399999999999864e+02 1.268199999999999932e+02 1.264800000000000040e+02
1.286357615894039839e+02 1.268079470198675551e+02 1.264966887417218544e+02
1.285933333333333337e+02 1.267199999999999989e+02 1.264666666666666686e+02
1.285933333333333337e+02 1.267466666666666697e+02 1.264533333333333331e+02
1.286266666666666652e+02 1.267666666666666657e+02 1.264333333333333371e+02
1.285999999999999943e+02 1.267000000000000028e+02 1.264066666666666663e+02
1.285333333333333314e+02 1.266133333333333297e+02 1.264200000000000017e+02
1.285200000000000102e+02 1.265799999999999983e+02 1.264133333333333269e+02
1.285200000000000102e+02 1.266066666666666691e+02 1.264133333333333269e+02
1.285827814569536542e+02 1.266291390728476784e+02 1.264172185430463600e+02
1.285399999999999920e+02 1.266133333333333297e+02 1.264000000000000057e+02
1.285666666666666629e+02 1.266400000000000006e+02 1.264333333333333371e+02
1.285533333333333417e+02 1.267066666666666634e+02 1.264866666666666646e+02
1.285733333333333235e+02 1.267000000000000028e+02 1.264800000000000040e+02
1.285533333333333417e+02 1.266733333333333320e+02 1.265199999999999960e+02
1.285866666666666731e+02 1.267199999999999989e+02 1.265066666666666606e+02
1.285533333333333417e+02 1.266533333333333360e+02 1.265199999999999960e+02
1.285666666666666629e+02 1.266666666666666714e+02 1.265199999999999960e+02
1.285733333333333235e+02 1.266933333333333280e+02 1.266066666666666691e+02
1.285200000000000102e+02 1.266466666666666612e+02 1.265733333333333377e+02
1.285298013245033246e+02 1.267417218543046289e+02 1.265099337748344368e+02
1.285866666666666731e+02 1.267933333333333366e+02 1.265133333333333354e+02
1.285533333333333417e+02 1.267800000000000011e+02 1.264733333333333292e+02
1.285333333333333314e+02 1.266866666666666674e+02 1.264399999999999977e+02
1.284966887417218402e+02 1.266887417218542993e+02 1.264569536423841072e+02
1.284834437086092578e+02 1.266754966887417169e+02 1.264370860927152336e+02
1.284933333333333394e+02 1.266866666666666674e+02 1.264533333333333331e+02
1.284600000000000080e+02 1.267666666666666657e+02 1.264266666666666623e+02
1.283866666666666561e+02 1.267466666666666697e+02 1.264000000000000057e+02
1.284066666666666663e+02 1.266800000000000068e+02 1.264399999999999977e+02
1.283666666666666742e+02 1.266933333333333280e+02 1.264466666666666725e+02
1.283866666666666561e+02 1.267266666666666737e+02 1.264933333333333394e+02
1.284133333333333269e+02 1.266800000000000068e+02 1.264599999999999937e+02
1.284666666666666686e+02 1.266599999999999966e+02 1.264599999999999937e+02
1.284333333333333371e+02 1.266200000000000045e+02 1.264133333333333269e+02
1.284370860927152194e+02 1.266490066225165521e+02 1.264437086092715248e+02
1.284533333333333474e+02 1.266266666666666652e+02 1.264466666666666725e+02
1.284066666666666663e+02 1.265866666666666731e+02 1.264800000000000040e+02
1.284066666666666663e+02 1.266599999999999966e+02 1.264866666666666646e+02
1.283866666666666561e+02 1.266800000000000068e+02 1.264800000000000040e+02
1.284370860927152194e+02 1.267152317880794641e+02 1.264834437086092720e+02
1.283576158940397249e+02 1.267086092715231729e+02 1.265364238410596016e+02
1.283774834437085985e+02 1.267086092715231729e+02 1.265430463576158928e+02
1.283576158940397249e+02 1.267483443708609201e+02 1.266225165562913872e+02
1.283600000000000136e+02 1.268066666666666720e+02 1.265733333333333377e+02
1.283576158940397249e+02 1.268013245033112639e+02 1.265695364238410576e+02
1.283666666666666742e+02 1.267600000000000051e+02 1.265866666666666731e+02
1.283733333333333348e+02 1.267600000000000051e+02 1.266400000000000006e+02
1.283866666666666561e+02 1.267600000000000051e+02 1.266466666666666612e+02
1.283600000000000136e+02 1.267399999999999949e+02 1.266533333333333360e+02
1.283600000000000136e+02 1.267399999999999949e+02 1.266533333333333360e+02
1.284666666666666686e+02 1.267533333333333303e+02 1.266200000000000045e+02
1.285333333333333314e+02 1.267466666666666697e+02 1.266599999999999966e+02
1.285266666666666708e+02 1.267600000000000051e+02 1.266533333333333360e+02
1.285399999999999920e+02 1.267333333333333343e+02 1.266266666666666652e+02
1.285800000000000125e+02 1.266666666666666714e+02 1.266466666666666612e+02
1.285600000000000023e+02 1.266200000000000045e+02 1.265999999999999943e+02
1.285533333333333417e+02 1.266599999999999966e+02 1.266133333333333297e+02
1.285600000000000023e+02 1.267466666666666697e+02 1.266200000000000045e+02
1.285666666666666629e+02 1.267199999999999989e+02 1.266133333333333297e+02
1.285298013245033246e+02 1.267483443708609201e+02 1.266225165562913872e+02
1.285000000000000000e+02 1.267199999999999989e+02 1.265799999999999983e+02
1.284933333333333394e+02 1.266733333333333320e+02 1.265333333333333314e+02
1.284066666666666663e+02 1.266800000000000068e+02 1.265733333333333377e+02
1.284437086092715106e+02 1.266357615894039697e+02 1.266158940397350960e+02
1.284105960264900546e+02 1.266887417218542993e+02 1.266423841059602609e+02
1.284199999999999875e+02 1.266533333333333360e+02 1.265933333333333337e+02
1.284133333333333269e+02 1.266266666666666652e+02 1.266599999999999966e+02
1.284066666666666663e+02 1.266400000000000006e+02 1.266200000000000045e+02
1.284266666666666765e+02 1.266333333333333400e+02 1.266400000000000006e+02
1.284466666666666583e+02 1.266599999999999966e+02 1.266266666666666652e+02
1.284238410596026370e+02 1.266026490066225136e+02 1.265695364238410576e+02
1.284199999999999875e+02 1.265533333333333275e+02 1.265533333333333275e+02
1.284399999999999977e+02 1.265266666666666708e+02 1.265866666666666731e+02
1.283799999999999955e+02 1.265799999999999983e+02 1.265666666666666629e+02
1.283733333333333348e+02 1.265533333333333275e+02 1.265533333333333275e+02
1.284172185430463458e+02 1.265562913907284752e+02 1.266026490066225136e+02
1.283774834437085985e+02 1.264768211920529808e+02 1.266357615894039697e+02
1.283973509933774722e+02 1.265099337748344368e+02 1.266291390728476784e+02
1.283600000000000136e+02 1.264866666666666646e+02 1.266333333333333400e+02
1.283466666666666640e+02 1.265866666666666731e+02 1.266599999999999966e+02
1.283733333333333348e+02 1.265533333333333275e+02 1.266466666666666612e+02
1.283866666666666561e+02 1.265600000000000023e+02 1.266466666666666612e+02
1.283400000000000034e+02 1.265266666666666708e+02 1.266333333333333400e+02
1.283245033112582689e+02 1.265165562913907280e+02 1.266225165562913872e+02
1.283266666666666538e+02 1.265199999999999960e+02 1.266066666666666691e+02
1.283066666666666720e+02 1.265466666666666669e+02 1.266200000000000045e+02
1.282733333333333405e+02 1.265533333333333275e+02 1.265733333333333377e+02
1.282800000000000011e+02 1.265533333333333275e+02 1.265799999999999983e+02
1.282733333333333405e+02 1.265666666666666629e+02 1.265799999999999983e+02
1.283000000000000114e+02 1.265600000000000023e+02 1.265999999999999943e+02
1.283245033112582689e+02 1.265960264900662224e+02 1.266026490066225136e+02
1.283066666666666720e+02 1.265866666666666731e+02 1.266133333333333297e+02
1.283333333333333428e+02 1.265466666666666669e+02 1.265733333333333377e+02
1.282933333333333223e+02 1.265666666666666629e+02 1.266066666666666691e+02
1.283400000000000034e+02 1.265799999999999983e+02 1.266333333333333400e+02
1.283400000000000034e+02 1.266133333333333297e+02 1.266400000000000006e+02
1.283266666666666538e+02 1.266066666666666691e+02 1.266200000000000045e+02
1.283133333333333326e+02 1.266333333333333400e+02 1.266466666666666612e+02
1.283333333333333428e+02 1.266466666666666612e+02 1.266466666666666612e+02
1.283466666666666640e+02 1.266400000000000006e+02 1.266333333333333400e+02
1.283642384105960161e+02 1.266490066225165521e+02 1.266026490066225136e+02
1.283907284768211809e+02 1.266026490066225136e+02 1.266026490066225136e+02
1.283774834437085985e+02 1.266556291390728433e+02 1.265960264900662224e+02
1.283576158940397249e+02 1.266622516556291345e+02 1.266291390728476784e+02
1.283466666666666640e+02 1.266466666666666612e+02 1.266200000000000045e+02
1.283933333333333451e+02 1.266933333333333280e+02 1.266066666666666691e+02
1.284266666666666765e+02 1.266733333333333320e+02 1.265866666666666731e+02
1.284799999999999898e+02 1.266066666666666691e+02 1.265799999999999983e+02
1.284533333333333474e+02 1.266066666666666691e+02 1.265666666666666629e+02
1.284466666666666583e+02 1.266266666666666652e+02 1.265266666666666708e+02
1.284466666666666583e+02 1.266266666666666652e+02 1.265466666666666669e+02
1.284496644295302019e+02 1.266442953020134183e+02 1.265503355704697981e+02
1.283973509933774722e+02 1.266490066225165521e+02 1.265562913907284752e+02
1.284133333333333269e+02 1.266266666666666652e+02 1.265266666666666708e+02
1.284066666666666663e+02 1.266266666666666652e+02 1.265333333333333314e+02
1.284466666666666583e+02 1.266200000000000045e+02 1.265266666666666708e+02
1.284039735099337634e+02 1.265562913907284752e+02 1.264503311258278160e+02
1.283841059602648897e+02 1.265695364238410576e+02 1.264503311258278160e+02
1.283600000000000136e+02 1.265000000000000000e+02 1.264399999999999977e+02
1.283666666666666742e+02 1.264733333333333292e+02 1.264466666666666725e+02
1.283691275167785193e+02 1.264161073825503365e+02 1.264026845637583847e+02
1.283400000000000034e+02 1.263733333333333348e+02 1.263866666666666703e+02
1.283333333333333428e+02 1.264866666666666646e+02 1.264066666666666663e+02
1.283266666666666538e+02 1.265066666666666606e+02 1.264466666666666725e+02
1.283557046979865675e+02 1.264832214765100673e+02 1.264295302013422884e+02
1.283533333333333246e+02 1.264866666666666646e+02 1.264533333333333331e+02
1.283133333333333326e+02 1.265000000000000000e+02 1.264000000000000057e+02
1.283377483443708513e+02 1.265298013245033104e+02 1.264370860927152336e+02
1.283266666666666538e+02 1.265600000000000023e+02 1.264666666666666686e+02
1.283509933774834337e+02 1.265695364238410576e+02 1.264105960264900688e+02
1.283533333333333246e+02 1.266333333333333400e+02 1.264200000000000017e+02
1.283841059602648897e+02 1.266887417218542993e+02 1.264437086092715248e+02
1.283642384105960161e+02 1.266556291390728433e+02 1.264172185430463600e+02
1.284199999999999875e+02 1.267199999999999989e+02 1.264533333333333331e+02
1.283907284768211809e+02 1.267019867549668817e+02 1.264370860927152336e+02
1.283691275167785193e+02 1.267046979865771874e+02 1.264362416107382501e+02
1.283443708609271425e+02 1.267152317880794641e+02 1.264768211920529808e+02
1.283133333333333326e+02 1.267066666666666634e+02 1.264800000000000040e+02
1.283466666666666640e+02 1.267333333333333343e+02 1.264399999999999977e+02
1.283199999999999932e+02 1.267199999999999989e+02 1.264333333333333371e+02
1.283333333333333428e+02 1.266599999999999966e+02 1.264200000000000017e+02
1.283400000000000034e+02 1.266866666666666674e+02 1.264466666666666725e+02
1.283509933774834337e+02 1.266754966887417169e+02 1.264039735099337776e+02
1.283266666666666538e+02 1.266466666666666612e+02 1.263933333333333309e+02
1.283133333333333326e+02 1.267533333333333303e+02 1.264133333333333269e+02
1.283000000000000114e+02 1.267666666666666657e+02 1.264066666666666663e+02
1.283133333333333326e+02 1.267800000000000011e+02 1.263733333333333348e+02
1.283666666666666742e+02 1.268199999999999932e+02 1.263599999999999994e+02
1.283087248322147786e+02 1.267516778523489904e+02 1.263557046979865817e+02
1.283533333333333246e+02 1.267133333333333383e+02 1.263666666666666600e+02
1.283466666666666640e+02 1.267399999999999949e+02 1.263599999999999994e+02
1.283466666666666640e+02 1.267199999999999989e+02 1.263666666666666600e+02
1.283907284768211809e+02 1.267682119205298079e+02 1.263245033112582831e+02
1.284199999999999875e+02 1.267533333333333303e+02 1.262999999999999972e+02
1.283866666666666561e+02 1.268533333333333388e+02 1.263533333333333388e+02
1.284000000000000057e+02 1.268133333333333326e+02 1.262999999999999972e+02
1.283973509933774722e+02 1.267748344370860991e+02 1.262649006622516623e+02
1.283733333333333348e+02 1.267800000000000011e+02 1.262533333333333303e+02
1.283666666666666742e+02 1.267666666666666657e+02 1.262600000000000051e+02
1.283666666666666742e+02 1.267333333333333343e+02 1.262533333333333303e+02
1.283533333333333246e+02 1.267133333333333383e+02 1.262399999999999949e+02
1.283509933774834337e+02 1.267483443708609201e+02 1.262384105960264833e+02
1.283509933774834337e+02 1.267019867549668817e+02 1.262185430463576097e+02
1.284066666666666663e+02 1.266599999999999966e+02 1.262866666666666617e+02
1.284199999999999875e+02 1.265666666666666629e+02 1.263400000000000034e+02
1.283907284768211809e+02 1.265960264900662224e+02 1.263774834437086128e+02
1.283666666666666742e+02 1.265733333333333377e+02 1.263733333333333348e+02
1.283443708609271425e+02 1.265827814569536400e+02 1.263973509933774864e+02
1.284000000000000057e+02 1.265466666666666669e+02 1.264000000000000057e+02
1.284533333333333474e+02 1.265600000000000023e+02 1.264200000000000017e+02
1.284503311258278018e+02 1.265629139072847664e+02 1.263907284768211952e+02
1.284600000000000080e+02 1.264933333333333394e+02 1.263599999999999994e+02
1.284799999999999898e+02 1.265199999999999960e+02 1.263466666666666640e+02
1.284733333333333292e+02 1.264933333333333394e+02 1.263799999999999955e+02
1.284266666666666765e+02 1.264933333333333394e+02 1.263666666666666600e+02
1.284666666666666686e+02 1.265533333333333275e+02 1.263733333333333348e+02
1.284333333333333371e+02 1.265600000000000023e+02 1.263666666666666600e+02
1.284533333333333474e+02 1.265466666666666669e+02 1.263799999999999955e+02
1.284600000000000080e+02 1.266200000000000045e+02 1.264066666666666663e+02
1.284799999999999898e+02 1.265999999999999943e+02 1.264200000000000017e+02
1.284733333333333292e+02 1.266333333333333400e+02 1.264066666666666663e+02
1.284199999999999875e+02 1.266599999999999966e+02 1.264333333333333371e+02
1.284362416107382501e+02 1.266375838926174566e+02 1.264295302013422884e+02
1.284399999999999977e+02 1.266466666666666612e+02 1.264333333333333371e+02
1.284666666666666686e+02 1.266533333333333360e+02 1.264733333333333292e+02
1.284768211920529666e+02 1.266688741721854257e+02 1.264834437086092720e+02
1.284666666666666686e+02 1.267133333333333383e+02 1.264466666666666725e+02
1.284733333333333292e+02 1.266866666666666674e+02 1.264333333333333371e+02
1.284733333333333292e+02 1.266800000000000068e+02 1.264333333333333371e+02
1.285200000000000102e+02 1.266533333333333360e+02 1.264733333333333292e+02
1.285466666666666526e+02 1.266800000000000068e+02 1.264933333333333394e+02
1.284866666666666788e+02 1.266266666666666652e+02 1.264333333333333371e+02
1.284697986577181155e+02 1.266577181208053702e+02 1.264563758389261778e+02
1.284799999999999898e+02 1.266866666666666674e+02 1.264533333333333331e+02
1.284666666666666686e+02 1.266200000000000045e+02 1.264266666666666623e+02
1.284866666666666788e+02 1.266266666666666652e+02 1.264533333333333331e+02
1.284933333333333394e+02 1.266400000000000006e+02 1.264800000000000040e+02
1.285533333333333417e+02 1.266066666666666691e+02 1.264066666666666663e+02
1.285533333333333417e+02 1.266466666666666612e+02 1.264333333333333371e+02
1.285733333333333235e+02 1.266266666666666652e+02 1.263666666666666600e+02
1.285733333333333235e+02 1.266266666666666652e+02 1.263666666666666600e+02
1.285629139072847806e+02 1.266092715231788048e+02 1.263576158940397391e+02
1.285666666666666629e+02 1.266066666666666691e+02 1.263199999999999932e+02
1.284866666666666788e+02 1.265999999999999943e+02 1.263199999999999932e+02
1.284866666666666788e+02 1.265999999999999943e+02 1.263199999999999932e+02
1.284900662251655490e+02 1.265960264900662224e+02 1.262980132450331183e+02
1.284799999999999898e+02 1.265933333333333337e+02 1.263133333333333326e+02
1.284799999999999898e+02 1.265933333333333337e+02 1.263133333333333326e+02
1.284733333333333292e+02 1.265999999999999943e+02 1.263133333333333326e+02
1.284733333333333292e+02 1.266266666666666652e+02 1.263066666666666720e+02
1.284733333333333292e+02 1.266266666666666652e+02 1.263066666666666720e+02
1.284733333333333292e+02 1.266266666666666652e+02 1.263066666666666720e+02
1.284866666666666788e+02 1.266400000000000006e+02 1.262999999999999972e+02
1.285466666666666526e+02 1.266599999999999966e+02 1.262466666666666697e+02
1.285000000000000000e+02 1.266400000000000006e+02 1.261933333333333280e+02
1.284701986754966754e+02 1.266225165562913872e+02 1.261920529801324449e+02
1.284701986754966754e+02 1.265960264900662224e+02 1.262185430463576097e+02
1.284866666666666788e+02 1.265866666666666731e+02 1.262466666666666697e+02
1.285033557046979809e+02 1.266711409395973220e+02 1.262214765100671201e+02
1.284966887417218402e+02 1.266225165562913872e+02 1.262185430463576097e+02
1.284866666666666788e+02 1.266333333333333400e+02 1.262066666666666634e+02
1.285066666666666606e+02 1.266133333333333297e+02 1.262066666666666634e+02
1.285266666666666708e+02 1.266066666666666691e+02 1.261933333333333280e+02
1.285200000000000102e+02 1.265866666666666731e+02 1.261933333333333280e+02
1.285200000000000102e+02 1.265866666666666731e+02 1.261733333333333320e+02
1.285399999999999920e+02 1.265799999999999983e+02 1.261400000000000006e+02
1.285399999999999920e+02 1.265799999999999983e+02 1.261400000000000006e+02
1.285533333333333417e+02 1.266533333333333360e+02 1.261466666666666612e+02
1.285333333333333314e+02 1.266800000000000068e+02 1.261599999999999966e+02
1.284733333333333292e+02 1.266800000000000068e+02 1.261666666666666714e+02
1.284466666666666583e+02 1.266599999999999966e+02 1.261733333333333320e+02
1.284466666666666583e+02 1.266599999999999966e+02 1.261733333333333320e+02
1.284399999999999977e+02 1.266466666666666612e+02 1.261866666666666674e+02
1.284429530201342402e+02 1.266375838926174566e+02 1.261409395973154375e+02
1.284533333333333474e+02 1.266266666666666652e+02 1.260866666666666731e+02
