1.275466666666666669e+02 1.273466666666666640e+02 1.271533333333333360e+02
1.276357615894039697e+02 1.273708609271523216e+02 1.271523178807946977e+02
1.277333333333333343e+02 1.274066666666666663e+02 1.271200000000000045e+02
1.278133333333333326e+02 1.274333333333333371e+02 1.271200000000000045e+02
1.278823529411764639e+02 1.274313725490196134e+02 1.269934640522875782e+02
1.278684210526315752e+02 1.273486842105263150e+02 1.271381578947368354e+02
1.279139072847682144e+02 1.272450331125827745e+02 1.271324503311258241e+02
1.279411764705882320e+02 1.272483660130719016e+02 1.271633986928104605e+02
1.277615894039735167e+02 1.271854304635761537e+02 1.270728476821192032e+02
1.277019867549668817e+02 1.272251655629139009e+02 1.271986754966887361e+02
1.277999999999999972e+02 1.272333333333333343e+02 1.270133333333333354e+02
1.278476821192053023e+02 1.271721854304635713e+02 1.270264900662251648e+02
1.280000000000000000e+02 1.272418300653594798e+02 1.269346405228758101e+02
1.280533333333333417e+02 1.272800000000000011e+02 1.270066666666666606e+02
1.280733333333333235e+02 1.272199999999999989e+02 1.270266666666666708e+02
1.281133333333333439e+02 1.272600000000000051e+02 1.270600000000000023e+02
1.281241830065359579e+02 1.272679738562091529e+02 1.270000000000000000e+02
1.280866666666666731e+02 1.272333333333333343e+02 1.270066666666666606e+02
1.280666666666666629e+02 1.272600000000000051e+02 1.270733333333333377e+02
1.280335570469798654e+02 1.273087248322147644e+02 1.271275167785234856e+02
1.280733333333333235e+02 1.273599999999999994e+02 1.272000000000000028e+02
1.281324503311258241e+02 1.275496688741721840e+02 1.270596026490066208e+02
1.279200000000000017e+02 1.276200000000000045e+02 1.269733333333333292e+02
1.279666666666666686e+02 1.276599999999999966e+02 1.270199999999999960e+02
1.278476821192053023e+02 1.276754966887417169e+02 1.268476821192053023e+02
1.278888888888888857e+02 1.276862745098039227e+02 1.267843137254901933e+02
1.277947019867549727e+02 1.277218543046357553e+02 1.266622516556291345e+02
1.277565789473684248e+02 1.275789473684210549e+02 1.267894736842105203e+02
1.276933333333333280e+02 1.276666666666666714e+02 1.268799999999999955e+02
1.277152317880794641e+02 1.276754966887417169e+02 1.270000000000000000e+02
1.276381578947368354e+02 1.276973684210526301e+02 1.269342105263157947e+02
1.277350993377483377e+02 1.278079470198675551e+02 1.268476821192053023e+02
1.277248322147651010e+02 1.277583892617449663e+02 1.268389261744966490e+02
1.277712418300653638e+02 1.277777777777777715e+02 1.267581699346405202e+02
1.276973684210526301e+02 1.276513157894736850e+02 1.265526315789473699e+02
1.276733333333333320e+02 1.277266666666666737e+02 1.266133333333333297e+02
1.276838709677419388e+02 1.277161290322580669e+02 1.266451612903225765e+02
1.276754966887417169e+02 1.278543046357615935e+02 1.266622516556291345e+02
1.278366013071895395e+02 1.277843137254901933e+02 1.267189542483660176e+02
1.278266666666666680e+02 1.278466666666666640e+02 1.267266666666666737e+02
1.278666666666666600e+02 1.277000000000000028e+02 1.266800000000000068e+02
1.278026315789473699e+02 1.277236842105263150e+02 1.266184210526315752e+02
1.278079470198675551e+02 1.279006622516556320e+02 1.265960264900662224e+02
1.277533333333333303e+02 1.279399999999999977e+02 1.265999999999999943e+02
1.277682119205298079e+02 1.279271523178807968e+02 1.265695364238410576e+02
1.278013245033112639e+02 1.278874172185430496e+02 1.267350993377483377e+02
1.278300653594771177e+02 1.280065359477124218e+02 1.267712418300653638e+02
1.278466666666666640e+02 1.281066666666666549e+02 1.267800000000000011e+02
1.277600000000000051e+02 1.280999999999999943e+02 1.267666666666666657e+02
1.277837837837837895e+02 1.281283783783783861e+02 1.267094594594594525e+02
1.277894736842105203e+02 1.280986842105263293e+02 1.266776315789473699e+02
1.277105263157894797e+02 1.281052631578947398e+02 1.266513157894736850e+02
1.277000000000000028e+02 1.281933333333333280e+02 1.267733333333333263e+02
1.275466666666666669e+02 1.282400000000000091e+02 1.269133333333333269e+02
1.275723684210526301e+02 1.282105263157894797e+02 1.269473684210526301e+02
1.275199999999999960e+02 1.283466666666666640e+02 1.269000000000000057e+02
1.275986842105263150e+02 1.282500000000000000e+02 1.268486842105263150e+02
1.274966887417218544e+02 1.283112582781456865e+02 1.267682119205298079e+02
1.275466666666666669e+02 1.283066666666666720e+02 1.267199999999999989e+02
1.276466666666666612e+02 1.283066666666666720e+02 1.267266666666666737e+02
1.276466666666666612e+02 1.282400000000000091e+02 1.267133333333333383e+02
1.275333333333333314e+02 1.281599999999999966e+02 1.267999999999999972e+02
1.275100671140939568e+02 1.282550335570469713e+02 1.268120805369127453e+02
1.274966887417218544e+02 1.283112582781456865e+02 1.268476821192053023e+02
1.275933333333333337e+02 1.282599999999999909e+02 1.267333333333333343e+02
1.276291390728476784e+02 1.282980132450331041e+02 1.267218543046357553e+02
1.277417218543046289e+02 1.283046357615893953e+02 1.265761589403973488e+02
1.277814569536423903e+02 1.283112582781456865e+02 1.265430463576158928e+02
1.277880794701986815e+02 1.282847682119205217e+02 1.264900662251655632e+02
1.277748344370860991e+02 1.282251655629139009e+02 1.263642384105960303e+02
1.277600000000000051e+02 1.282666666666666799e+02 1.262333333333333343e+02
1.278657718120805384e+02 1.282550335570469713e+02 1.263422818791946298e+02
1.277199999999999989e+02 1.281666666666666572e+02 1.263866666666666703e+02
1.277533333333333303e+02 1.281266666666666652e+02 1.263533333333333388e+02
1.277124183006535958e+02 1.280261437908496873e+02 1.262614379084967311e+02
1.278246753246753258e+02 1.280129870129870255e+02 1.263116883116883145e+02
1.277567567567567579e+02 1.281621621621621614e+02 1.262837837837837895e+02
1.277272727272727337e+02 1.282792207792207932e+02 1.263376623376623371e+02
1.277434210526315752e+02 1.282500000000000000e+02 1.264013157894736850e+02
1.278199999999999932e+02 1.282199999999999989e+02 1.263066666666666720e+02
1.275906040268456394e+02 1.282550335570469713e+02 1.264161073825503365e+02
1.276066666666666691e+02 1.281999999999999886e+02 1.265000000000000000e+02
1.275369127516778462e+02 1.282617449664429614e+02 1.264832214765100673e+02
1.275000000000000000e+02 1.282894736842105203e+02 1.263815789473684248e+02
1.275866666666666731e+02 1.282533333333333303e+02 1.263799999999999955e+02
1.276423841059602609e+02 1.282119205298013185e+02 1.263642384105960303e+02
1.277000000000000028e+02 1.281800000000000068e+02 1.263533333333333388e+02
1.276953642384105905e+02 1.282847682119205217e+02 1.264172185430463600e+02
1.276315789473684248e+02 1.282631578947368496e+02 1.263881578947368354e+02
1.275266666666666708e+02 1.282933333333333223e+02 1.263466666666666640e+02
1.274666666666666686e+02 1.283799999999999955e+02 1.263333333333333286e+02
1.275436241610738222e+02 1.283758389261745094e+02 1.263020134228187885e+02
1.275199999999999960e+02 1.283866666666666561e+02 1.263066666666666720e+02
1.274765100671140914e+02 1.283355704697986539e+02 1.263489932885906057e+02
1.274496644295302019e+02 1.283221476510067021e+02 1.262953020134228126e+02
1.275099337748344368e+02 1.283377483443708513e+02 1.263245033112582831e+02
1.275234899328859086e+02 1.283959731543624230e+02 1.263422818791946298e+02
1.274800000000000040e+02 1.285133333333333212e+02 1.263066666666666720e+02
1.273199999999999932e+02 1.285533333333333417e+02 1.262533333333333303e+02
1.272733333333333263e+02 1.284799999999999898e+02 1.262466666666666697e+02
1.272466666666666697e+02 1.285399999999999920e+02 1.263199999999999932e+02
1.272399999999999949e+02 1.285266666666666708e+02 1.262199999999999989e+02
1.272763157894736850e+02 1.284013157894736707e+02 1.261710526315789451e+02
1.272666666666666657e+02 1.284266666666666765e+02 1.261933333333333280e+02
1.272352941176470580e+02 1.286666666666666572e+02 1.261633986928104605e+02
1.271655629139072801e+02 1.286291390728476927e+02 1.260529801324503296e+02
1.271677852348993270e+02 1.286912751677852214e+02 1.259731543624161105e+02
1.271333333333333400e+02 1.286733333333333462e+02 1.258066666666666720e+02
1.271543624161073893e+02 1.286711409395973078e+02 1.257114093959731491e+02
1.271788079470198625e+02 1.286225165562914015e+02 1.256821192052980081e+02
1.271125827814569504e+02 1.286688741721854399e+02 1.257152317880794641e+02
1.271118421052631646e+02 1.286381578947368496e+02 1.257565789473684248e+02
1.271006711409395962e+02 1.284630872483221538e+02 1.257785234899328799e+02
1.271907894736842053e+02 1.285000000000000000e+02 1.258750000000000000e+02
1.271381578947368354e+02 1.284342105263157805e+02 1.257828947368421098e+02
1.271192052980132416e+02 1.284701986754966754e+02 1.257152317880794641e+02
1.271710526315789451e+02 1.285855263157894797e+02 1.256381578947368354e+02
1.271133333333333297e+02 1.286800000000000068e+02 1.256733333333333320e+02
1.270939597315436203e+02 1.287046979865771732e+02 1.256308724832214807e+02
1.271710526315789451e+02 1.287500000000000000e+02 1.256907894736842053e+02
1.271409395973154375e+02 1.288456375838926249e+02 1.256778523489932837e+02
1.271788079470198625e+02 1.288278145695364287e+02 1.257086092715231729e+02
1.270733333333333377e+02 1.287800000000000011e+02 1.256599999999999966e+02
1.270986842105263150e+02 1.287631578947368496e+02 1.256644736842105203e+02
1.270198675496688736e+02 1.287417218543046431e+02 1.256821192052980081e+02
1.269470198675496704e+02 1.287417218543046431e+02 1.258211920529801375e+02
1.269133333333333269e+02 1.287133333333333383e+02 1.257533333333333303e+02
1.268741721854304672e+02 1.286357615894039839e+02 1.257748344370860991e+02
1.268543046357615935e+02 1.286754966887417311e+02 1.257483443708609201e+02
1.267666666666666657e+02 1.286933333333333280e+02 1.258599999999999994e+02
1.267266666666666737e+02 1.287066666666666777e+02 1.258799999999999955e+02
1.267866666666666617e+02 1.286599999999999966e+02 1.257999999999999972e+02
1.267199999999999989e+02 1.287066666666666777e+02 1.257333333333333343e+02
1.267333333333333343e+02 1.286533333333333360e+02 1.258199999999999932e+02
1.266821192052980081e+02 1.285761589403973630e+02 1.258145695364238463e+02
1.266688741721854257e+02 1.284304635761589282e+02 1.257814569536423903e+02
1.266291390728476784e+02 1.284569536423840930e+02 1.258874172185430496e+02
1.266513157894736850e+02 1.284868421052631504e+02 1.259013157894736850e+02
1.265761589403973488e+02 1.284039735099337634e+02 1.258079470198675551e+02
1.265894039735099312e+02 1.284900662251655490e+02 1.259006622516556320e+02
1.265666666666666629e+02 1.284733333333333292e+02 1.259200000000000017e+02
1.265199999999999960e+02 1.284533333333333474e+02 1.258799999999999955e+02
1.265333333333333314e+02 1.284466666666666583e+02 1.259599999999999937e+02
1.265637583892617499e+02 1.284362416107382501e+02 1.259328859060402692e+02
1.266241610738255048e+02 1.285838926174496635e+02 1.259798657718120865e+02
1.266845637583892596e+02 1.285637583892617499e+02 1.259597315436241587e+02
1.267248322147651010e+02 1.285503355704697981e+02 1.260000000000000000e+02
1.267450980392156907e+02 1.284705882352941160e+02 1.260065359477124218e+02
1.268874172185430496e+02 1.283973509933774722e+02 1.260529801324503296e+02
1.269866666666666646e+02 1.283466666666666640e+02 1.259733333333333292e+02
1.269869281045751563e+02 1.284052287581699261e+02 1.257516339869280984e+02
1.269867549668874176e+02 1.283509933774834337e+02 1.258278145695364287e+02
1.269933333333333394e+02 1.284199999999999875e+02 1.258400000000000034e+02
1.270400000000000063e+02 1.282933333333333223e+02 1.256733333333333320e+02
1.271266666666666652e+02 1.283266666666666538e+02 1.257800000000000011e+02
1.270872483221476443e+02 1.283020134228187885e+02 1.256778523489932837e+02
1.271250000000000000e+02 1.281315789473684106e+02 1.256710526315789451e+02
1.271800000000000068e+02 1.281066666666666549e+02 1.255600000000000023e+02
1.270653594771241899e+02 1.280196078431372655e+02 1.255555555555555571e+02
1.270000000000000000e+02 1.279533333333333331e+02 1.254733333333333292e+02
1.269666666666666686e+02 1.279800000000000040e+02 1.254066666666666663e+02
1.269800000000000040e+02 1.280466666666666526e+02 1.254533333333333331e+02
1.270723684210526301e+02 1.281250000000000000e+02 1.255197368421052602e+02
1.271156462585034035e+02 1.281020408163265358e+02 1.255238095238095184e+02
1.272466666666666697e+02 1.281466666666666754e+02 1.255600000000000023e+02
1.272600000000000051e+02 1.281933333333333280e+02 1.254333333333333371e+02
1.271390728476821153e+02 1.281655629139072801e+02 1.255033112582781456e+02
1.271733333333333320e+02 1.282533333333333303e+02 1.254066666666666663e+02
1.271533333333333360e+02 1.282466666666666697e+02 1.254200000000000017e+02
1.272251655629139009e+02 1.283112582781456865e+02 1.253774834437086128e+02
1.271523178807946977e+02 1.283509933774834337e+02 1.255231788079470192e+02
1.271666666666666714e+02 1.283400000000000034e+02 1.255799999999999983e+02
1.272281879194630818e+02 1.284429530201342402e+02 1.255167785234899327e+02
1.272199999999999989e+02 1.284799999999999898e+02 1.254133333333333269e+02
1.272666666666666657e+02 1.284466666666666583e+02 1.254333333333333371e+02
1.273918918918918877e+02 1.283310810810810949e+02 1.252905405405405475e+02
1.273489932885906057e+02 1.283288590604026922e+02 1.253355704697986539e+02
1.272953020134228126e+02 1.283288590604026922e+02 1.252617449664429472e+02
1.272715231788079535e+02 1.283112582781456865e+02 1.252582781456953711e+02
1.272781456953642447e+02 1.282582781456953569e+02 1.251854304635761537e+02
1.272416107382550337e+02 1.282147651006711442e+02 1.251476510067114134e+02
1.273618421052631646e+02 1.282171052631578902e+02 1.250921052631578902e+02
1.272999999999999972e+02 1.281866666666666674e+02 1.250600000000000023e+02
1.274039735099337776e+02 1.281390728476821153e+02 1.250596026490066208e+02
1.275133333333333354e+02 1.281733333333333462e+02 1.251599999999999966e+02
1.274900662251655632e+02 1.281390728476821153e+02 1.251456953642384065e+02
1.275065789473684248e+02 1.280921052631578902e+02 1.251381578947368354e+02
1.277266666666666737e+02 1.280600000000000023e+02 1.251266666666666652e+02
1.276776315789473699e+02 1.280197368421052602e+02 1.251052631578947398e+02
1.276333333333333400e+02 1.279533333333333331e+02 1.250199999999999960e+02
1.276711409395973220e+02 1.278456375838926107e+02 1.249731543624161105e+02
1.277666666666666657e+02 1.277733333333333263e+02 1.249399999999999977e+02
1.277947019867549727e+02 1.277152317880794641e+02 1.250794701986754944e+02
1.277114093959731491e+02 1.277785234899328799e+02 1.250268456375838895e+02
1.277666666666666657e+02 1.278933333333333309e+02 1.249666666666666686e+02
1.277748344370860991e+02 1.279271523178807968e+02 1.249271523178807968e+02
1.275973154362416153e+02 1.278993288590604038e+02 1.249731543624161105e+02
1.275838926174496635e+02 1.278456375838926107e+02 1.250671140939597308e+02
1.276644295302013461e+02 1.279194630872483174e+02 1.250067114093959759e+02
1.275761589403973488e+02 1.279205298013245056e+02 1.249271523178807968e+02
1.275592105263157947e+02 1.279473684210526301e+02 1.247763157894736850e+02
1.275686274509803866e+02 1.280065359477124218e+02 1.247058823529411740e+02
1.276577181208053702e+02 1.279932885906040241e+02 1.246912751677852356e+02
1.275827814569536400e+02 1.278807947019867584e+02 1.247086092715231729e+02
1.276533333333333360e+02 1.278799999999999955e+02 1.247800000000000011e+02
1.277000000000000028e+02 1.278599999999999994e+02 1.246266666666666652e+02
1.276821192052980081e+02 1.279006622516556320e+02 1.245496688741721840e+02
1.275533333333333275e+02 1.280200000000000102e+02 1.246333333333333400e+02
1.275999999999999943e+02 1.280266666666666708e+02 1.245666666666666629e+02
1.276040268456375770e+02 1.281073825503355579e+02 1.245167785234899327e+02
1.275099337748344368e+02 1.280860927152317856e+02 1.243841059602649040e+02
1.274834437086092720e+02 1.281324503311258241e+02 1.243509933774834479e+02
1.273799999999999955e+02 1.282133333333333383e+02 1.242666666666666657e+02
1.274210526315789451e+02 1.282236842105263293e+02 1.242960526315789451e+02
1.273684210526315752e+02 1.282171052631578902e+02 1.243947368421052602e+02
1.272715231788079535e+02 1.281920529801324449e+02 1.243841059602649040e+02
1.271533333333333360e+02 1.281399999999999864e+02 1.243333333333333286e+02
1.272185430463576097e+02 1.281456953642384065e+02 1.243642384105960303e+02
1.272251655629139009e+02 1.281059602649006592e+02 1.243841059602649040e+02
1.271599999999999966e+02 1.281200000000000045e+02 1.242466666666666697e+02
1.271275167785234856e+02 1.281140939597315480e+02 1.241879194630872547e+02
1.271493506493506516e+02 1.280584415584415581e+02 1.241883116883116855e+02
1.271744966442953029e+02 1.280738255033556925e+02 1.241812080536912788e+02
1.272751677852348990e+02 1.281208053691275097e+02 1.242214765100671201e+02
1.274172185430463600e+02 1.280794701986754944e+02 1.242913907284768271e+02
1.275799999999999983e+02 1.280000000000000000e+02 1.243666666666666600e+02
1.275333333333333314e+02 1.279733333333333292e+02 1.242999999999999972e+02
1.275933333333333337e+02 1.280333333333333314e+02 1.242199999999999989e+02
1.276733333333333320e+02 1.280266666666666708e+02 1.240733333333333377e+02
1.278675496688741759e+02 1.280264900662251648e+02 1.239602649006622528e+02
1.279337748344370880e+02 1.280860927152317856e+02 1.240331125827814560e+02
1.279139072847682144e+02 1.280066225165562912e+02 1.239403973509933792e+02
1.278993288590604038e+02 1.279328859060402692e+02 1.239395973154362451e+02
1.279395973154362451e+02 1.279798657718120865e+02 1.240201342281879135e+02
1.279463087248322211e+02 1.280939597315436345e+02 1.240402684563758413e+02
1.279194630872483174e+02 1.280536912751677789e+02 1.239932885906040241e+02
1.279480519480519547e+02 1.279480519480519547e+02 1.239545454545454533e+02
1.278888888888888857e+02 1.279738562091503269e+02 1.238431372549019613e+02
1.279399999999999977e+02 1.280200000000000102e+02 1.238866666666666703e+02
1.279536423841059616e+02 1.280198675496688736e+02 1.239470198675496704e+02
1.280399999999999920e+02 1.281200000000000045e+02 1.238533333333333388e+02
1.280133333333333212e+02 1.281200000000000045e+02 1.238933333333333309e+02
1.281655629139072801e+02 1.282450331125827745e+02 1.239205298013245056e+02
1.283600000000000136e+02 1.282533333333333303e+02 1.239133333333333269e+02
1.283907284768211809e+02 1.282913907284768129e+02 1.237682119205298079e+02
1.284078947368421098e+02 1.282236842105263293e+02 1.238092105263157947e+02
1.284866666666666788e+02 1.282866666666666617e+02 1.237266666666666737e+02
1.285399999999999920e+02 1.283199999999999932e+02 1.237533333333333303e+02
1.286423841059602751e+02 1.283841059602648897e+02 1.237350993377483377e+02
1.286447368421052602e+02 1.283947368421052602e+02 1.237434210526315752e+02
1.287019867549668959e+02 1.284172185430463458e+02 1.237880794701986815e+02
1.287551020408163254e+02 1.284081632653061149e+02 1.236666666666666714e+02
1.286933333333333280e+02 1.284399999999999977e+02 1.236133333333333297e+02
1.287933333333333223e+02 1.284333333333333371e+02 1.236266666666666652e+02
1.288187919463087212e+02 1.284630872483221538e+02 1.237114093959731491e+02
1.288993288590604038e+02 1.284161073825503365e+02 1.237382550335570528e+02
1.287800000000000011e+02 1.284666666666666686e+02 1.238599999999999994e+02
1.287218543046357695e+02 1.284768211920529666e+02 1.237682119205298079e+02
1.288199999999999932e+02 1.284799999999999898e+02 1.236066666666666691e+02
1.286912751677852214e+02 1.284362416107382501e+02 1.236040268456375770e+02
1.288675496688741759e+02 1.283642384105960161e+02 1.236490066225165521e+02
1.288145695364238463e+02 1.283509933774834337e+02 1.235695364238410576e+02
1.289399999999999977e+02 1.282733333333333405e+02 1.235999999999999943e+02
1.288733333333333348e+02 1.283000000000000114e+02 1.235933333333333337e+02
1.288533333333333246e+02 1.282466666666666697e+02 1.236200000000000045e+02
1.287986577181208077e+02 1.283288590604026922e+02 1.237046979865771874e+02
1.287748344370860991e+02 1.284569536423840930e+02 1.237218543046357553e+02
1.288133333333333326e+02 1.284866666666666788e+02 1.237733333333333263e+02
1.287583892617449806e+02 1.284093959731543748e+02 1.237181208053691250e+02
1.287483443708609343e+02 1.284569536423840930e+02 1.236092715231788048e+02
1.287880794701986815e+02 1.285364238410596158e+02 1.235960264900662224e+02
1.286184210526315894e+02 1.286052631578947398e+02 1.235526315789473699e+02
1.285167785234899327e+02 1.285704697986577116e+02 1.235637583892617499e+02
1.285033112582781598e+02 1.285827814569536542e+02 1.233973509933774864e+02
1.285761589403973630e+02 1.285894039735099454e+02 1.234105960264900688e+02
1.284733333333333292e+02 1.285666666666666629e+02 1.235133333333333354e+02
1.285466666666666526e+02 1.285733333333333235e+02 1.234533333333333331e+02
1.285165562913907422e+02 1.285562913907284894e+02 1.234768211920529808e+02
1.285266666666666708e+02 1.285466666666666526e+02 1.234800000000000040e+02
1.286979865771812115e+02 1.285637583892617499e+02 1.234496644295302019e+02
1.287483443708609343e+02 1.284900662251655490e+02 1.233642384105960303e+02
1.288523489932885866e+02 1.284161073825503365e+02 1.233825503355704711e+02
1.288266666666666538e+02 1.284066666666666663e+02 1.234733333333333292e+02
1.289801324503311264e+02 1.284304635761589282e+02 1.234966887417218544e+02
1.290198675496688736e+02 1.284172185430463458e+02 1.233841059602649040e+02
1.290133333333333212e+02 1.284000000000000057e+02 1.233199999999999932e+02
1.291812080536912788e+02 1.284161073825503365e+02 1.231409395973154375e+02
1.290733333333333235e+02 1.284133333333333269e+02 1.232133333333333383e+02
1.290596026490066208e+02 1.284966887417218402e+02 1.231192052980132416e+02
1.291733333333333462e+02 1.285266666666666708e+02 1.230733333333333377e+02
1.292052980132450273e+02 1.284768211920529666e+02 1.231125827814569504e+02
1.292733333333333405e+02 1.285933333333333337e+02 1.229933333333333394e+02
1.293486842105263293e+02 1.286052631578947398e+02 1.230065789473684248e+02
1.293691275167785193e+02 1.287114093959731633e+02 1.230268456375838895e+02
1.294210526315789593e+02 1.287105263157894797e+02 1.230921052631578902e+02
1.294066666666666663e+02 1.286399999999999864e+02 1.231266666666666652e+02
1.293825503355704711e+02 1.287382550335570386e+02 1.231409395973154375e+02
1.294304635761589282e+02 1.287549668874172255e+02 1.230596026490066208e+02
1.294697986577181155e+02 1.287852348993288558e+02 1.230536912751677789e+02
1.294199999999999875e+02 1.288600000000000136e+02 1.229399999999999977e+02
1.293691275167785193e+02 1.289395973154362309e+02 1.229060402684563797e+02
1.293866666666666561e+02 1.289333333333333371e+02 1.230066666666666606e+02
1.293443708609271425e+02 1.289271523178807968e+02 1.229735099337748352e+02
1.293066666666666720e+02 1.289866666666666788e+02 1.229933333333333394e+02
1.292913907284768129e+02 1.289801324503311264e+02 1.229735099337748352e+02
1.293947368421052602e+02 1.289473684210526301e+02 1.229407894736842053e+02
1.293466666666666640e+02 1.290333333333333314e+02 1.230133333333333354e+02
1.294533333333333474e+02 1.289866666666666788e+02 1.230466666666666669e+02
1.295600000000000023e+02 1.290800000000000125e+02 1.229533333333333331e+02
1.295066666666666606e+02 1.290333333333333314e+02 1.229533333333333331e+02
1.295496688741721982e+02 1.290860927152317856e+02 1.229271523178807968e+02
1.295866666666666731e+02 1.290800000000000125e+02 1.228599999999999994e+02
1.296399999999999864e+02 1.290533333333333417e+02 1.229399999999999977e+02
1.295771812080537018e+02 1.290604026845637691e+02 1.228791946308724903e+02
1.296200000000000045e+02 1.291200000000000045e+02 1.229200000000000017e+02
1.295533333333333417e+02 1.291133333333333439e+02 1.229666666666666686e+02
1.295333333333333314e+02 1.290933333333333337e+02 1.229466666666666725e+02
1.296800000000000068e+02 1.291466666666666754e+02 1.229000000000000057e+02
1.296666666666666572e+02 1.292466666666666697e+02 1.229533333333333331e+02
1.297181208053691250e+02 1.292483221476510096e+02 1.229395973154362451e+02
1.297368421052631504e+02 1.293223684210526301e+02 1.229276315789473699e+02
1.297466666666666697e+02 1.294066666666666663e+02 1.230066666666666606e+02
1.298133333333333326e+02 1.292933333333333223e+02 1.230266666666666708e+02
1.296973684210526301e+02 1.292302631578947398e+02 1.231052631578947398e+02
1.296375838926174424e+02 1.291812080536912788e+02 1.231073825503355721e+02
1.296266666666666652e+02 1.291999999999999886e+02 1.230066666666666606e+02
1.295562913907284894e+02 1.293245033112582689e+02 1.229403973509933792e+02
1.295231788079470334e+02 1.294900662251655490e+02 1.229337748344370880e+02
1.295695364238410718e+02 1.294834437086092578e+02 1.229801324503311264e+02
1.296118421052631504e+02 1.295197368421052602e+02 1.229210526315789451e+02
1.293866666666666561e+02 1.294799999999999898e+02 1.228199999999999932e+02
1.293289473684210407e+02 1.295000000000000000e+02 1.228684210526315752e+02
1.294933333333333394e+02 1.293666666666666742e+02 1.229533333333333331e+02
1.294866666666666788e+02 1.293266666666666538e+02 1.228733333333333348e+02
1.295133333333333212e+02 1.293733333333333348e+02 1.229733333333333292e+02
1.295234899328858944e+02 1.294362416107382501e+02 1.229932885906040241e+02
1.295878378378378386e+02 1.294391891891891930e+02 1.229864864864864842e+02
1.295733333333333235e+02 1.294533333333333474e+02 1.229933333333333394e+02
1.296466666666666754e+02 1.293333333333333428e+02 1.230933333333333337e+02
1.297218543046357695e+02 1.292913907284768129e+02 1.229403973509933792e+02
1.297199999999999989e+02 1.291066666666666549e+02 1.229200000000000017e+02
1.296733333333333462e+02 1.291399999999999864e+02 1.229000000000000057e+02
1.295695364238410718e+02 1.292052980132450273e+02 1.229139072847682144e+02
1.295999999999999943e+02 1.291800000000000068e+02 1.229333333333333371e+02
1.296666666666666572e+02 1.290600000000000023e+02 1.228799999999999955e+02
1.295800000000000125e+02 1.291800000000000068e+02 1.229933333333333394e+02
1.295733333333333235e+02 1.291999999999999886e+02 1.229866666666666646e+02
1.296066666666666549e+02 1.291733333333333462e+02 1.229533333333333331e+02
1.296225165562914015e+02 1.291324503311258241e+02 1.229735099337748352e+02
1.297181208053691250e+02 1.291140939597315480e+02 1.230000000000000000e+02
1.296577181208053560e+02 1.290067114093959617e+02 1.230536912751677789e+02
1.297019867549668959e+02 1.290794701986754944e+02 1.230198675496688736e+02
1.296821192052980223e+02 1.291390728476821153e+02 1.230529801324503296e+02
1.297666666666666799e+02 1.291399999999999864e+02 1.230600000000000023e+02
1.297880794701986815e+02 1.291324503311258241e+02 1.231059602649006592e+02
1.298600000000000136e+02 1.290000000000000000e+02 1.230133333333333354e+02
1.298145695364238463e+02 1.290000000000000000e+02 1.230596026490066208e+02
1.298322147651006730e+02 1.291073825503355579e+02 1.229865771812080482e+02
1.297800000000000011e+02 1.290399999999999920e+02 1.229933333333333394e+02
1.299000000000000057e+02 1.291133333333333439e+02 1.229933333333333394e+02
1.298533333333333246e+02 1.290600000000000023e+02 1.229933333333333394e+02
1.299261744966443075e+02 1.290402684563758271e+02 1.229664429530201346e+02
1.299533333333333474e+02 1.291066666666666549e+02 1.228866666666666703e+02
1.300000000000000000e+02 1.290666666666666629e+02 1.228333333333333286e+02
1.300066666666666606e+02 1.290733333333333235e+02 1.229000000000000057e+02
1.300927152317880768e+02 1.290728476821192032e+02 1.229536423841059616e+02
1.300939597315436345e+02 1.291073825503355579e+02 1.230469798657718172e+02
1.300333333333333314e+02 1.290000000000000000e+02 1.230266666666666708e+02
1.299205298013245056e+02 1.291125827814569504e+02 1.229536423841059616e+02
1.299731543624160963e+02 1.291409395973154233e+02 1.228926174496644279e+02
1.298199999999999932e+02 1.290933333333333337e+02 1.228333333333333286e+02
1.298322147651006730e+02 1.290536912751677789e+02 1.228389261744966490e+02
1.297315436241610769e+02 1.290738255033556925e+02 1.227986577181208077e+02
1.297162162162162247e+02 1.290202702702702595e+02 1.227297297297297263e+02
1.298322147651006730e+02 1.289865771812080482e+02 1.225973154362416153e+02
1.298079470198675551e+02 1.290463576158940384e+02 1.226423841059602609e+02
1.297866666666666617e+02 1.290066666666666606e+02 1.226133333333333297e+02
1.299199999999999875e+02 1.289733333333333292e+02 1.225933333333333337e+02
1.299266666666666765e+02 1.289133333333333269e+02 1.225866666666666731e+02
1.299470198675496704e+02 1.288609271523178847e+02 1.225033112582781456e+02
1.298066666666666720e+02 1.288866666666666561e+02 1.224533333333333331e+02
1.298466666666666640e+02 1.288933333333333451e+02 1.224000000000000057e+02
1.298807947019867584e+02 1.288476821192053023e+02 1.223311258278145743e+02
1.298013245033112639e+02 1.289403973509933792e+02 1.222847682119205359e+02
1.298799999999999955e+02 1.289866666666666788e+02 1.222866666666666617e+02
1.299530201342281828e+02 1.289664429530201346e+02 1.222617449664429472e+02
1.299133333333333269e+02 1.289066666666666663e+02 1.222199999999999989e+02
1.298333333333333428e+02 1.289333333333333371e+02 1.222399999999999949e+02
1.298066666666666720e+02 1.288733333333333348e+02 1.221333333333333400e+02
1.298400000000000034e+02 1.288600000000000136e+02 1.220999999999999943e+02
1.298807947019867584e+02 1.288874172185430496e+02 1.220596026490066208e+02
1.298666666666666742e+02 1.287599999999999909e+02 1.220666666666666629e+02
1.297814569536423903e+02 1.287152317880794783e+02 1.219867549668874176e+02
1.297777777777777715e+02 1.286862745098039227e+02 1.220653594771241899e+02
1.297814569536423903e+02 1.286291390728476927e+02 1.219867549668874176e+02
1.297086092715231871e+02 1.286092715231788191e+02 1.219470198675496704e+02
1.296711409395973078e+02 1.286577181208053560e+02 1.219060402684563797e+02
1.296999999999999886e+02 1.286533333333333360e+02 1.218400000000000034e+02
1.297933333333333223e+02 1.286466666666666754e+02 1.218333333333333286e+02
1.298675496688741759e+02 1.286622516556291487e+02 1.218079470198675551e+02
1.296953642384106047e+02 1.286490066225165663e+02 1.217748344370860991e+02
1.297718120805369040e+02 1.287046979865771732e+02 1.218389261744966490e+02
1.296375838926174424e+02 1.286711409395973078e+02 1.217919463087248317e+02
1.296200000000000045e+02 1.286200000000000045e+02 1.217399999999999949e+02
1.296845637583892596e+02 1.285570469798657598e+02 1.217986577181208077e+02
1.296513157894736707e+02 1.286513157894736707e+02 1.217500000000000000e+02
1.297400000000000091e+02 1.285466666666666526e+02 1.215933333333333337e+02
1.297248322147650867e+02 1.285302013422818845e+02 1.216442953020134183e+02
1.297466666666666697e+02 1.284866666666666788e+02 1.215333333333333314e+02
1.298026315789473699e+02 1.284736842105263293e+02 1.215526315789473699e+02
1.296666666666666572e+02 1.283600000000000136e+02 1.215266666666666708e+02
1.296107382550335672e+02 1.284161073825503365e+02 1.216174496644295289e+02
1.296250000000000000e+02 1.285131578947368496e+02 1.215986842105263150e+02
1.296291390728476927e+02 1.284569536423840930e+02 1.214503311258278160e+02
1.295570469798657598e+02 1.284697986577181155e+02 1.213892617449664471e+02
1.295733333333333235e+02 1.283400000000000034e+02 1.214733333333333292e+02
1.294666666666666686e+02 1.283733333333333348e+02 1.214200000000000017e+02
1.295033112582781598e+02 1.282715231788079393e+02 1.215364238410596016e+02
1.295263157894736707e+02 1.281447368421052602e+02 1.216118421052631646e+02
1.295526315789473699e+02 1.280855263157894797e+02 1.215328947368421098e+02
1.296133333333333439e+02 1.280533333333333417e+02 1.215533333333333275e+02
1.296800000000000068e+02 1.280466666666666526e+02 1.214733333333333292e+02
1.296399999999999864e+02 1.280733333333333235e+02 1.214466666666666725e+02
1.295894039735099454e+02 1.279735099337748352e+02 1.214768211920529808e+02
1.297199999999999989e+02 1.278133333333333326e+02 1.215000000000000000e+02
1.296891891891891930e+02 1.278243243243243228e+02 1.215135135135135158e+02
1.296933333333333280e+02 1.278266666666666680e+02 1.215400000000000063e+02
1.296907894736842195e+02 1.278223684210526301e+02 1.214802631578947398e+02
1.296577181208053560e+02 1.278456375838926107e+02 1.213557046979865817e+02
1.297248322147650867e+02 1.276845637583892596e+02 1.213959731543624230e+02
1.296066666666666549e+02 1.276599999999999966e+02 1.215333333333333314e+02
1.296599999999999966e+02 1.276733333333333320e+02 1.215600000000000023e+02
1.296711409395973078e+02 1.276442953020134183e+02 1.214362416107382501e+02
1.297086092715231871e+02 1.276688741721854257e+02 1.215099337748344368e+02
1.297666666666666799e+02 1.275866666666666731e+02 1.213866666666666703e+02
1.297284768211920607e+02 1.275894039735099312e+02 1.212715231788079535e+02
1.297086092715231871e+02 1.276754966887417169e+02 1.213178807947019919e+02
1.298476821192053023e+02 1.277615894039735167e+02 1.213576158940397391e+02
1.297718120805369040e+02 1.277986577181208077e+02 1.211409395973154375e+02
1.298133333333333326e+02 1.278066666666666720e+02 1.211266666666666652e+02
1.297852348993288558e+02 1.278456375838926107e+02 1.211342281879194616e+02
1.298400000000000034e+02 1.277399999999999949e+02 1.212866666666666617e+02
1.298993288590604038e+02 1.277516778523489904e+02 1.212617449664429472e+02
1.298456375838926249e+02 1.277315436241610769e+02 1.212617449664429472e+02
1.297800000000000011e+02 1.277399999999999949e+02 1.211533333333333360e+02
1.298066666666666720e+02 1.277266666666666737e+02 1.211400000000000006e+02
1.298278145695364287e+02 1.277682119205298079e+02 1.211059602649006592e+02
1.298476821192053023e+02 1.277549668874172255e+02 1.210794701986754944e+02
1.296933333333333280e+02 1.277533333333333303e+02 1.210000000000000000e+02
1.297483443708609343e+02 1.277615894039735167e+02 1.210927152317880768e+02
1.296887417218543135e+02 1.277152317880794641e+02 1.210993377483443680e+02
1.295986842105263293e+02 1.278421052631578902e+02 1.211052631578947398e+02
1.297039473684210407e+02 1.277434210526315752e+02 1.209539473684210549e+02
1.295960264900662366e+02 1.276688741721854257e+02 1.209337748344370880e+02
1.296533333333333360e+02 1.276933333333333280e+02 1.209666666666666686e+02
1.296200000000000045e+02 1.277000000000000028e+02 1.209399999999999977e+02
1.295364238410596158e+02 1.277748344370860991e+02 1.209602649006622528e+02
1.294304635761589282e+02 1.277748344370860991e+02 1.209139072847682144e+02
1.294133333333333269e+02 1.277600000000000051e+02 1.207666666666666657e+02
1.294864864864864842e+02 1.276756756756756772e+02 1.207567567567567579e+02
1.295800000000000125e+02 1.276533333333333360e+02 1.207866666666666617e+02
1.296133333333333439e+02 1.275733333333333377e+02 1.206866666666666674e+02
1.295771812080537018e+02 1.276308724832214807e+02 1.206510067114093943e+02
1.295600000000000023e+02 1.276333333333333400e+02 1.205733333333333377e+02
1.295570469798657598e+02 1.276375838926174566e+02 1.206241610738255048e+02
1.295200000000000102e+02 1.276066666666666691e+02 1.205400000000000063e+02
1.295200000000000102e+02 1.278066666666666720e+02 1.204800000000000040e+02
1.295133333333333212e+02 1.277999999999999972e+02 1.204266666666666623e+02
1.295999999999999943e+02 1.276666666666666714e+02 1.204399999999999977e+02
1.296866666666666674e+02 1.276133333333333297e+02 1.204133333333333269e+02
1.296866666666666674e+02 1.275600000000000023e+02 1.203599999999999994e+02
1.297533333333333303e+02 1.275733333333333377e+02 1.202466666666666697e+02
1.297046979865771732e+02 1.275369127516778462e+02 1.202885906040268509e+02
1.296866666666666674e+02 1.275466666666666669e+02 1.203066666666666720e+02
1.296710526315789593e+02 1.275592105263157947e+02 1.202434210526315752e+02
1.296241610738254906e+02 1.275771812080536876e+02 1.201275167785234856e+02
1.296733333333333462e+02 1.275333333333333314e+02 1.202000000000000028e+02
1.295827814569536542e+02 1.275364238410596016e+02 1.201854304635761537e+02
1.295838926174496635e+02 1.275436241610738222e+02 1.201543624161073893e+02
1.295600000000000023e+02 1.276800000000000068e+02 1.199733333333333292e+02
1.296423841059602751e+02 1.277615894039735167e+02 1.199536423841059616e+02
1.296754966887417311e+02 1.277019867549668817e+02 1.200397350993377472e+02
1.296241610738254906e+02 1.277114093959731491e+02 1.200805369127516826e+02
1.296999999999999886e+02 1.277266666666666737e+02 1.200999999999999943e+02
1.296842105263157805e+02 1.276315789473684248e+02 1.200855263157894797e+02
1.297019867549668959e+02 1.276688741721854257e+02 1.200860927152317856e+02
1.297466666666666697e+02 1.276400000000000006e+02 1.200600000000000023e+02
1.298590604026845767e+02 1.276577181208053702e+02 1.201275167785234856e+02
1.300000000000000000e+02 1.275999999999999943e+02 1.201400000000000006e+02
1.299342105263157805e+02 1.276381578947368354e+02 1.201381578947368354e+02
1.299933774834437088e+02 1.275629139072847664e+02 1.199205298013245056e+02
1.298733333333333348e+02 1.275799999999999983e+02 1.199333333333333371e+02
1.298933333333333451e+02 1.275333333333333314e+02 1.199000000000000057e+02
1.299000000000000057e+02 1.275000000000000000e+02 1.198199999999999932e+02
1.299060402684563655e+02 1.274832214765100673e+02 1.198389261744966490e+02
1.298823529411764639e+02 1.274705882352941160e+02 1.198562091503267908e+02
1.298503401360544274e+02 1.273061224489795933e+02 1.197619047619047592e+02
1.298255033557047113e+02 1.273087248322147644e+02 1.195033557046979809e+02
1.297933333333333223e+02 1.272066666666666634e+02 1.195733333333333377e+02
1.297651006711409423e+02 1.272013422818791923e+02 1.195771812080536876e+02
