1.279866666666666646e+02 1.277399999999999949e+02 1.277600000000000051e+02
1.279800000000000040e+02 1.277266666666666737e+02 1.278466666666666640e+02
1.279735099337748352e+02 1.277880794701986815e+02 1.278410596026490111e+02
1.279066666666666663e+02 1.277533333333333303e+02 1.278599999999999994e+02
1.277999999999999972e+02 1.276933333333333280e+02 1.278799999999999955e+02
1.277399999999999949e+02 1.277199999999999989e+02 1.278599999999999994e+02
1.277600000000000051e+02 1.277199999999999989e+02 1.278533333333333388e+02
1.277682119205298079e+02 1.277284768211920465e+02 1.277748344370860991e+02
1.278791946308724903e+02 1.276510067114093943e+02 1.278053691275167836e+02
1.278940397350993408e+02 1.276556291390728433e+02 1.277284768211920465e+02
1.279664429530201346e+02 1.277583892617449663e+02 1.277651006711409423e+02
1.279200000000000017e+02 1.276933333333333280e+02 1.277933333333333366e+02
1.279403973509933792e+02 1.276821192052980081e+02 1.277682119205298079e+02
1.278866666666666703e+02 1.277066666666666634e+02 1.278466666666666640e+02
1.279395973154362451e+02 1.276778523489932837e+02 1.278389261744966490e+02
1.279399999999999977e+02 1.276733333333333320e+02 1.277066666666666634e+02
1.279865771812080482e+02 1.276778523489932837e+02 1.277114093959731491e+02
1.280666666666666629e+02 1.277600000000000051e+02 1.276800000000000068e+02
1.280600000000000023e+02 1.278400000000000034e+02 1.277933333333333366e+02
1.281999999999999886e+02 1.278666666666666600e+02 1.277733333333333263e+02
1.281275167785234999e+02 1.278657718120805384e+02 1.278053691275167836e+02
1.280927152317880768e+02 1.279072847682119232e+02 1.277880794701986815e+02
1.281733333333333462e+02 1.279800000000000040e+02 1.276933333333333280e+02
1.281543624161073751e+02 1.278993288590604038e+02 1.277651006711409423e+02
1.281999999999999886e+02 1.278466666666666640e+02 1.277933333333333366e+02
1.283087248322147786e+02 1.279395973154362451e+02 1.277583892617449663e+02
1.283907284768211809e+02 1.279006622516556320e+02 1.278079470198675551e+02
1.284039735099337634e+02 1.278807947019867584e+02 1.277682119205298079e+02
1.284133333333333269e+02 1.279000000000000057e+02 1.277600000000000051e+02
1.284000000000000057e+02 1.279333333333333371e+02 1.277399999999999949e+02
1.284666666666666686e+02 1.279000000000000057e+02 1.276933333333333280e+02
1.285733333333333235e+02 1.278933333333333309e+02 1.276666666666666714e+02
1.286092715231788191e+02 1.279139072847682144e+02 1.276887417218542993e+02
1.286912751677852214e+02 1.279060402684563797e+02 1.276442953020134183e+02
1.287181208053691250e+02 1.279194630872483174e+02 1.277181208053691250e+02
1.286357615894039839e+02 1.279006622516556320e+02 1.276821192052980081e+02
1.286933333333333280e+02 1.279133333333333269e+02 1.276733333333333320e+02
1.286533333333333360e+02 1.279200000000000017e+02 1.277266666666666737e+02
1.286266666666666652e+02 1.278733333333333348e+02 1.277199999999999989e+02
1.286333333333333258e+02 1.278533333333333388e+02 1.277800000000000011e+02
1.286026490066225278e+02 1.278211920529801375e+02 1.277284768211920465e+02
1.286291390728476927e+02 1.278543046357615935e+02 1.277350993377483377e+02
1.285800000000000125e+02 1.278266666666666680e+02 1.276733333333333320e+02
1.285165562913907422e+02 1.278079470198675551e+02 1.277417218543046289e+02
1.285533333333333417e+02 1.277733333333333263e+02 1.277533333333333303e+02
1.285629139072847806e+02 1.278013245033112639e+02 1.278013245033112639e+02
1.286423841059602751e+02 1.279271523178807968e+02 1.277615894039735167e+02
1.287599999999999909e+02 1.279200000000000017e+02 1.277999999999999972e+02
1.287133333333333383e+02 1.279333333333333371e+02 1.277800000000000011e+02
1.287986577181208077e+02 1.278791946308724903e+02 1.277718120805369182e+02
1.287315436241610769e+02 1.277785234899328799e+02 1.277651006711409423e+02
1.287748344370860991e+02 1.278476821192053023e+02 1.277947019867549727e+02
1.287651006711409423e+02 1.278791946308724903e+02 1.278657718120805384e+02
1.287599999999999909e+02 1.279533333333333331e+02 1.277933333333333366e+02
1.287933333333333223e+02 1.279466666666666725e+02 1.277999999999999972e+02
1.288000000000000114e+02 1.280266666666666708e+02 1.278199999999999932e+02
1.288211920529801375e+02 1.280463576158940384e+02 1.277880794701986815e+02
1.288456375838926249e+02 1.280402684563758271e+02 1.277516778523489904e+02
1.289066666666666663e+02 1.280000000000000000e+02 1.278466666666666640e+02
1.290066666666666606e+02 1.279733333333333292e+02 1.278799999999999955e+02
1.290000000000000000e+02 1.278675496688741759e+02 1.277748344370860991e+02
1.289865771812080482e+02 1.279060402684563797e+02 1.278255033557046971e+02
1.289666666666666686e+02 1.279733333333333292e+02 1.278666666666666600e+02
1.290533333333333417e+02 1.280000000000000000e+02 1.278066666666666720e+02
1.290333333333333314e+02 1.280133333333333212e+02 1.278400000000000034e+02
1.289731543624160963e+02 1.279865771812080482e+02 1.278523489932885866e+02
1.289934210526315894e+02 1.279934210526315752e+02 1.279605263157894797e+02
1.290133333333333212e+02 1.280266666666666708e+02 1.279066666666666663e+02
1.290134228187919518e+02 1.280067114093959617e+02 1.278926174496644279e+02
1.290662251655629120e+02 1.280000000000000000e+02 1.278278145695364287e+02
1.289933774834437088e+02 1.280264900662251648e+02 1.278211920529801375e+02
1.290600000000000023e+02 1.280133333333333212e+02 1.277466666666666697e+02
1.290266666666666708e+02 1.280066666666666606e+02 1.276800000000000068e+02
1.289006622516556320e+02 1.279668874172185440e+02 1.276357615894039697e+02
1.289399999999999977e+02 1.279800000000000040e+02 1.276800000000000068e+02
1.289799999999999898e+02 1.280000000000000000e+02 1.276800000000000068e+02
1.290466666666666526e+02 1.279533333333333331e+02 1.276933333333333280e+02
1.290000000000000000e+02 1.279602649006622528e+02 1.276556291390728433e+02
1.290466666666666526e+02 1.279266666666666623e+02 1.276400000000000006e+02
1.290000000000000000e+02 1.279261744966442933e+02 1.276442953020134183e+02
1.289867549668874176e+02 1.279933774834437088e+02 1.276423841059602609e+02
1.289266666666666765e+02 1.280333333333333314e+02 1.276333333333333400e+02
1.290666666666666629e+02 1.280466666666666526e+02 1.275799999999999983e+02
1.289867549668874176e+02 1.281192052980132416e+02 1.276357615894039697e+02
1.290066666666666606e+02 1.280666666666666629e+02 1.276466666666666612e+02
1.290198675496688736e+02 1.280794701986754944e+02 1.275894039735099312e+02
1.290000000000000000e+02 1.280800000000000125e+02 1.275133333333333354e+02
1.290066666666666606e+02 1.280933333333333337e+02 1.274733333333333292e+02
1.289733333333333292e+02 1.280733333333333235e+02 1.274866666666666646e+02
1.290000000000000000e+02 1.280927152317880768e+02 1.274569536423841072e+02
1.289735099337748352e+02 1.281059602649006592e+02 1.274304635761589424e+02
1.290529801324503296e+02 1.280927152317880768e+02 1.275099337748344368e+02
1.290993377483443680e+02 1.281523178807946977e+02 1.274635761589403984e+02
1.291192052980132416e+02 1.281854304635761537e+02 1.275298013245033104e+02
1.290866666666666731e+02 1.281800000000000068e+02 1.275333333333333314e+02
1.290399999999999920e+02 1.281800000000000068e+02 1.275266666666666708e+02
1.290399999999999920e+02 1.281733333333333462e+02 1.275733333333333377e+02
1.290066666666666606e+02 1.281933333333333280e+02 1.275733333333333377e+02
1.289466666666666583e+02 1.281733333333333462e+02 1.275733333333333377e+02
1.289731543624160963e+02 1.281677852348993270e+02 1.276308724832214807e+02
1.289470198675496704e+02 1.282119205298013185e+02 1.276688741721854257e+02
1.289066666666666663e+02 1.282333333333333201e+02 1.277199999999999989e+02
1.289266666666666765e+02 1.282266666666666595e+02 1.277133333333333383e+02
1.289733333333333292e+02 1.282733333333333405e+02 1.277000000000000028e+02
1.289735099337748352e+02 1.282980132450331041e+02 1.277284768211920465e+02
1.289597315436241729e+02 1.283959731543624230e+02 1.276778523489932837e+02
1.289337748344370880e+02 1.283112582781456865e+02 1.277615894039735167e+02
1.288733333333333348e+02 1.284000000000000057e+02 1.278333333333333286e+02
1.288666666666666742e+02 1.284000000000000057e+02 1.278666666666666600e+02
1.288133333333333326e+02 1.284133333333333269e+02 1.278733333333333348e+02
1.287666666666666799e+02 1.284399999999999977e+02 1.278733333333333348e+02
1.288133333333333326e+02 1.284600000000000080e+02 1.278400000000000034e+02
1.288133333333333326e+02 1.284399999999999977e+02 1.278466666666666640e+02
1.287733333333333405e+02 1.284466666666666583e+02 1.278066666666666720e+02
1.288933333333333451e+02 1.284133333333333269e+02 1.277266666666666737e+02
1.288933333333333451e+02 1.283799999999999955e+02 1.277533333333333303e+02
1.288600000000000136e+02 1.284199999999999875e+02 1.278333333333333286e+02
1.289139072847682144e+02 1.284238410596026370e+02 1.278609271523178847e+02
1.289199999999999875e+02 1.284000000000000057e+02 1.278866666666666703e+02
1.289802631578947398e+02 1.284473684210526301e+02 1.278618421052631646e+02
1.290198675496688736e+02 1.284172185430463458e+02 1.279205298013245056e+02
1.290331125827814560e+02 1.284503311258278018e+02 1.279072847682119232e+02
1.289731543624160963e+02 1.284362416107382501e+02 1.279328859060402692e+02
1.289666666666666686e+02 1.284399999999999977e+02 1.279133333333333269e+02
1.289866666666666788e+02 1.284799999999999898e+02 1.279466666666666725e+02
1.289536423841059616e+02 1.284900662251655490e+02 1.279205298013245056e+02
1.290397350993377472e+02 1.284569536423840930e+02 1.279403973509933792e+02
1.290402684563758271e+02 1.285167785234899327e+02 1.280000000000000000e+02
1.290733333333333235e+02 1.285133333333333212e+02 1.280133333333333212e+02
1.290604026845637691e+02 1.284630872483221538e+02 1.280469798657718172e+02
1.290662251655629120e+02 1.284569536423840930e+02 1.280198675496688736e+02
1.291006711409395962e+02 1.284295302013422884e+02 1.279731543624161105e+02
1.290671140939597308e+02 1.284496644295302019e+02 1.278859060402684520e+02
1.291073825503355579e+02 1.285033557046979809e+02 1.279932885906040241e+02
1.291208053691275097e+02 1.285167785234899327e+02 1.279865771812080482e+02
1.290399999999999920e+02 1.285399999999999920e+02 1.279666666666666686e+02
1.290333333333333314e+02 1.285133333333333212e+02 1.279000000000000057e+02
1.291133333333333439e+02 1.285066666666666606e+02 1.279000000000000057e+02
1.290466666666666526e+02 1.285200000000000102e+02 1.279266666666666623e+02
1.289600000000000080e+02 1.284733333333333292e+02 1.280066666666666606e+02
1.290000000000000000e+02 1.284933333333333394e+02 1.279666666666666686e+02
1.290066666666666606e+02 1.284866666666666788e+02 1.279333333333333371e+02
1.290466666666666526e+02 1.284799999999999898e+02 1.279399999999999977e+02
1.290600000000000023e+02 1.284466666666666583e+02 1.278866666666666703e+02
1.290466666666666526e+02 1.284866666666666788e+02 1.279200000000000017e+02
1.290600000000000023e+02 1.284866666666666788e+02 1.279200000000000017e+02
1.291059602649006592e+02 1.284569536423840930e+02 1.279337748344370880e+02
1.291133333333333439e+02 1.284799999999999898e+02 1.279333333333333371e+02
1.291399999999999864e+02 1.285200000000000102e+02 1.280333333333333314e+02
1.292066666666666777e+02 1.284799999999999898e+02 1.280333333333333314e+02
1.292199999999999989e+02 1.284466666666666583e+02 1.280333333333333314e+02
1.292450331125827745e+02 1.284503311258278018e+02 1.280529801324503296e+02
1.292533333333333303e+02 1.284133333333333269e+02 1.280666666666666629e+02
1.292715231788079393e+02 1.284172185430463458e+02 1.280662251655629120e+02
1.292533333333333303e+02 1.284533333333333474e+02 1.280533333333333417e+02
1.292666666666666799e+02 1.284866666666666788e+02 1.280000000000000000e+02
1.292533333333333303e+02 1.285200000000000102e+02 1.280666666666666629e+02
1.292466666666666697e+02 1.285733333333333235e+02 1.280133333333333212e+02
1.292333333333333201e+02 1.285733333333333235e+02 1.280066666666666606e+02
1.292333333333333201e+02 1.285733333333333235e+02 1.280066666666666606e+02
1.292066666666666777e+02 1.285800000000000125e+02 1.280733333333333235e+02
1.292416107382550194e+02 1.285302013422818845e+02 1.280671140939597308e+02
1.292450331125827745e+02 1.285629139072847806e+02 1.281059602649006592e+02
1.292818791946308750e+02 1.285100671140939710e+02 1.281140939597315480e+02
1.292933333333333223e+02 1.285266666666666708e+02 1.280866666666666731e+02
1.292933333333333223e+02 1.285266666666666708e+02 1.280866666666666731e+02
1.292715231788079393e+02 1.285761589403973630e+02 1.281390728476821153e+02
1.293000000000000114e+02 1.285866666666666731e+02 1.281599999999999966e+02
1.293199999999999932e+02 1.286133333333333439e+02 1.281933333333333280e+02
1.293199999999999932e+02 1.286133333333333439e+02 1.281933333333333280e+02
1.293533333333333246e+02 1.286266666666666652e+02 1.282133333333333383e+02
1.293266666666666538e+02 1.286266666666666652e+02 1.282333333333333201e+02
1.293799999999999955e+02 1.286066666666666549e+02 1.282933333333333223e+02
1.294066666666666663e+02 1.286399999999999864e+02 1.282933333333333223e+02
1.294000000000000057e+02 1.286999999999999886e+02 1.282800000000000011e+02
1.294066666666666663e+02 1.287066666666666777e+02 1.282800000000000011e+02
1.294000000000000057e+02 1.286866666666666674e+02 1.282466666666666697e+02
1.294000000000000057e+02 1.286866666666666674e+02 1.282466666666666697e+02
1.293666666666666742e+02 1.286800000000000068e+02 1.282666666666666799e+02
1.293666666666666742e+02 1.286933333333333280e+02 1.282666666666666799e+02
1.293799999999999955e+02 1.286999999999999886e+02 1.282599999999999909e+02
1.293733333333333348e+02 1.287199999999999989e+02 1.282866666666666617e+02
1.293733333333333348e+02 1.287199999999999989e+02 1.282866666666666617e+02
1.293799999999999955e+02 1.287333333333333201e+02 1.282800000000000011e+02
1.293799999999999955e+02 1.287333333333333201e+02 1.282800000000000011e+02
1.293799999999999955e+02 1.287333333333333201e+02 1.282800000000000011e+02
1.293799999999999955e+02 1.287333333333333201e+02 1.282800000000000011e+02
1.293666666666666742e+02 1.287333333333333201e+02 1.283133333333333326e+02
1.293666666666666742e+02 1.287333333333333201e+02 1.283133333333333326e+02
1.293799999999999955e+02 1.287533333333333303e+02 1.283333333333333428e+02
1.293799999999999955e+02 1.287599999999999909e+02 1.283400000000000034e+02
1.294066666666666663e+02 1.287599999999999909e+02 1.283333333333333428e+02
1.293933333333333451e+02 1.287733333333333405e+02 1.283466666666666640e+02
1.293933333333333451e+02 1.287733333333333405e+02 1.283466666666666640e+02
1.293933333333333451e+02 1.287733333333333405e+02 1.283466666666666640e+02
1.293933333333333451e+02 1.287733333333333405e+02 1.283466666666666640e+02
1.293933333333333451e+02 1.287733333333333405e+02 1.283466666666666640e+02
1.293933333333333451e+02 1.287733333333333405e+02 1.283466666666666640e+02
1.293933333333333451e+02 1.287733333333333405e+02 1.283466666666666640e+02
1.294133333333333269e+02 1.287533333333333303e+02 1.283333333333333428e+02
1.294199999999999875e+02 1.287466666666666697e+02 1.283133333333333326e+02
1.294199999999999875e+02 1.287466666666666697e+02 1.283133333333333326e+02
1.294093959731543748e+02 1.287718120805369040e+02 1.283288590604026922e+02
1.293825503355704711e+02 1.288456375838926249e+02 1.283691275167785193e+02
1.293866666666666561e+02 1.288666666666666742e+02 1.283733333333333348e+02
1.294199999999999875e+02 1.288799999999999955e+02 1.283600000000000136e+02
1.294199999999999875e+02 1.288799999999999955e+02 1.283600000000000136e+02
1.294199999999999875e+02 1.288799999999999955e+02 1.283600000000000136e+02
1.294199999999999875e+02 1.288799999999999955e+02 1.283600000000000136e+02
1.294199999999999875e+02 1.288799999999999955e+02 1.283600000000000136e+02
1.294199999999999875e+02 1.288799999999999955e+02 1.283600000000000136e+02
1.294199999999999875e+02 1.288799999999999955e+02 1.283600000000000136e+02
1.294199999999999875e+02 1.288799999999999955e+02 1.283600000000000136e+02
1.294199999999999875e+02 1.288799999999999955e+02 1.283600000000000136e+02
1.294199999999999875e+02 1.288799999999999955e+02 1.283600000000000136e+02
1.294199999999999875e+02 1.288799999999999955e+02 1.283600000000000136e+02
1.294199999999999875e+02 1.288799999999999955e+02 1.283600000000000136e+02
1.294199999999999875e+02 1.288799999999999955e+02 1.283600000000000136e+02
1.294266666666666765e+02 1.288666666666666742e+02 1.283466666666666640e+02
1.294266666666666765e+02 1.288666666666666742e+02 1.283466666666666640e+02
1.294266666666666765e+02 1.288666666666666742e+02 1.283400000000000034e+02
1.294399999999999977e+02 1.288733333333333348e+02 1.283333333333333428e+02
1.294399999999999977e+02 1.288733333333333348e+02 1.283333333333333428e+02
1.294399999999999977e+02 1.288733333333333348e+02 1.283333333333333428e+02
1.294266666666666765e+02 1.288866666666666561e+02 1.283666666666666742e+02
1.294266666666666765e+02 1.288866666666666561e+02 1.283666666666666742e+02
1.294266666666666765e+02 1.288866666666666561e+02 1.283666666666666742e+02
1.294266666666666765e+02 1.288866666666666561e+02 1.283666666666666742e+02
1.294266666666666765e+02 1.288866666666666561e+02 1.283666666666666742e+02
1.294266666666666765e+02 1.288866666666666561e+02 1.283666666666666742e+02
1.294266666666666765e+02 1.288866666666666561e+02 1.283666666666666742e+02
1.294266666666666765e+02 1.288866666666666561e+02 1.283666666666666742e+02
1.294266666666666765e+02 1.288866666666666561e+02 1.283666666666666742e+02
1.294266666666666765e+02 1.288866666666666561e+02 1.283666666666666742e+02
1.294266666666666765e+02 1.288866666666666561e+02 1.283666666666666742e+02
1.294266666666666765e+02 1.288866666666666561e+02 1.283666666666666742e+02
1.294266666666666765e+02 1.288866666666666561e+02 1.283666666666666742e+02
1.294266666666666765e+02 1.288866666666666561e+02 1.283666666666666742e+02
1.294266666666666765e+02 1.288866666666666561e+02 1.283666666666666742e+02
1.294266666666666765e+02 1.288866666666666561e+02 1.283666666666666742e+02
1.294266666666666765e+02 1.288866666666666561e+02 1.283666666666666742e+02
1.294266666666666765e+02 1.288866666666666561e+02 1.283666666666666742e+02
1.294266666666666765e+02 1.288866666666666561e+02 1.283666666666666742e+02
1.294266666666666765e+02 1.288866666666666561e+02 1.283666666666666742e+02
1.294266666666666765e+02 1.288866666666666561e+02 1.283666666666666742e+02
1.294266666666666765e+02 1.288866666666666561e+02 1.283666666666666742e+02
1.294266666666666765e+02 1.288866666666666561e+02 1.283666666666666742e+02
1.294266666666666765e+02 1.288866666666666561e+02 1.283666666666666742e+02
1.294266666666666765e+02 1.288866666666666561e+02 1.283666666666666742e+02
1.294266666666666765e+02 1.288866666666666561e+02 1.283666666666666742e+02
1.294266666666666765e+02 1.288866666666666561e+02 1.283666666666666742e+02
1.294266666666666765e+02 1.288866666666666561e+02 1.283666666666666742e+02
1.294266666666666765e+02 1.288866666666666561e+02 1.283666666666666742e+02
1.294266666666666765e+02 1.288866666666666561e+02 1.283666666666666742e+02
1.294266666666666765e+02 1.288866666666666561e+02 1.283666666666666742e+02
1.294266666666666765e+02 1.288866666666666561e+02 1.283666666666666742e+02
1.294266666666666765e+02 1.288866666666666561e+02 1.283666666666666742e+02
1.294266666666666765e+02 1.288866666666666561e+02 1.283666666666666742e+02
1.294266666666666765e+02 1.288866666666666561e+02 1.283666666666666742e+02
1.294266666666666765e+02 1.288866666666666561e+02 1.283666666666666742e+02
1.294266666666666765e+02 1.288866666666666561e+02 1.283666666666666742e+02
1.294266666666666765e+02 1.288866666666666561e+02 1.283666666666666742e+02
1.294266666666666765e+02 1.288866666666666561e+02 1.283666666666666742e+02
1.294266666666666765e+02 1.288866666666666561e+02 1.283666666666666742e+02
1.294266666666666765e+02 1.288866666666666561e+02 1.283666666666666742e+02
1.294266666666666765e+02 1.288866666666666561e+02 1.283666666666666742e+02
1.294266666666666765e+02 1.288866666666666561e+02 1.283666666666666742e+02
1.294266666666666765e+02 1.288866666666666561e+02 1.283666666666666742e+02
1.294266666666666765e+02 1.288866666666666561e+02 1.283666666666666742e+02
1.294266666666666765e+02 1.288866666666666561e+02 1.283666666666666742e+02
1.294266666666666765e+02 1.288866666666666561e+02 1.283666666666666742e+02
1.294266666666666765e+02 1.288866666666666561e+02 1.283666666666666742e+02
1.294266666666666765e+02 1.288866666666666561e+02 1.283666666666666742e+02
1.294266666666666765e+02 1.288866666666666561e+02 1.283666666666666742e+02
1.294266666666666765e+02 1.288866666666666561e+02 1.283666666666666742e+02
1.294266666666666765e+02 1.288866666666666561e+02 1.283666666666666742e+02
1.294266666666666765e+02 1.288866666666666561e+02 1.283666666666666742e+02
1.294266666666666765e+02 1.288866666666666561e+02 1.283666666666666742e+02
1.294266666666666765e+02 1.288866666666666561e+02 1.283666666666666742e+02
1.294266666666666765e+02 1.288866666666666561e+02 1.283666666666666742e+02
1.294266666666666765e+02 1.288866666666666561e+02 1.283666666666666742e+02
1.294266666666666765e+02 1.288866666666666561e+02 1.283666666666666742e+02
1.294266666666666765e+02 1.288866666666666561e+02 1.283666666666666742e+02
1.294266666666666765e+02 1.288866666666666561e+02 1.283666666666666742e+02
1.294266666666666765e+02 1.288866666666666561e+02 1.283666666666666742e+02
1.294266666666666765e+02 1.288866666666666561e+02 1.283666666666666742e+02
1.294266666666666765e+02 1.288866666666666561e+02 1.283666666666666742e+02
1.294266666666666765e+02 1.288866666666666561e+02 1.283666666666666742e+02
1.294266666666666765e+02 1.288866666666666561e+02 1.283666666666666742e+02
1.294266666666666765e+02 1.288866666666666561e+02 1.283666666666666742e+02
1.294266666666666765e+02 1.288866666666666561e+02 1.283666666666666742e+02
1.294266666666666765e+02 1.288866666666666561e+02 1.283666666666666742e+02
1.294266666666666765e+02 1.288866666666666561e+02 1.283666666666666742e+02
1.294266666666666765e+02 1.288866666666666561e+02 1.283666666666666742e+02
1.294266666666666765e+02 1.288866666666666561e+02 1.283666666666666742e+02
1.294266666666666765e+02 1.288866666666666561e+02 1.283666666666666742e+02
1.294266666666666765e+02 1.288866666666666561e+02 1.283666666666666742e+02
1.294266666666666765e+02 1.288866666666666561e+02 1.283666666666666742e+02
1.294266666666666765e+02 1.288866666666666561e+02 1.283666666666666742e+02
1.294266666666666765e+02 1.288866666666666561e+02 1.283666666666666742e+02
1.294266666666666765e+02 1.288866666666666561e+02 1.283666666666666742e+02
1.294266666666666765e+02 1.288866666666666561e+02 1.283666666666666742e+02
1.294266666666666765e+02 1.288866666666666561e+02 1.283666666666666742e+02
1.294266666666666765e+02 1.288866666666666561e+02 1.283666666666666742e+02
1.294266666666666765e+02 1.288866666666666561e+02 1.283666666666666742e+02
1.294266666666666765e+02 1.288866666666666561e+02 1.283666666666666742e+02
1.294266666666666765e+02 1.288866666666666561e+02 1.283666666666666742e+02
1.294266666666666765e+02 1.288866666666666561e+02 1.283666666666666742e+02
1.294266666666666765e+02 1.288866666666666561e+02 1.283666666666666742e+02
1.294266666666666765e+02 1.288866666666666561e+02 1.283666666666666742e+02
1.294266666666666765e+02 1.288866666666666561e+02 1.283666666666666742e+02
1.294266666666666765e+02 1.288866666666666561e+02 1.283666666666666742e+02
1.294266666666666765e+02 1.288866666666666561e+02 1.283666666666666742e+02
1.294266666666666765e+02 1.288866666666666561e+02 1.283666666666666742e+02
1.294266666666666765e+02 1.288866666666666561e+02 1.283666666666666742e+02
1.294266666666666765e+02 1.288866666666666561e+02 1.283666666666666742e+02
1.294266666666666765e+02 1.288866666666666561e+02 1.283666666666666742e+02
1.294266666666666765e+02 1.288866666666666561e+02 1.283666666666666742e+02
1.294266666666666765e+02 1.288866666666666561e+02 1.283666666666666742e+02
1.294266666666666765e+02 1.288866666666666561e+02 1.283666666666666742e+02
1.294266666666666765e+02 1.288866666666666561e+02 1.283666666666666742e+02
1.294266666666666765e+02 1.288866666666666561e+02 1.283666666666666742e+02
1.294266666666666765e+02 1.288866666666666561e+02 1.283666666666666742e+02
1.294266666666666765e+02 1.288866666666666561e+02 1.283666666666666742e+02
1.294266666666666765e+02 1.288866666666666561e+02 1.283666666666666742e+02
1.294266666666666765e+02 1.288866666666666561e+02 1.283666666666666742e+02
1.294266666666666765e+02 1.288866666666666561e+02 1.283666666666666742e+02
1.294266666666666765e+02 1.288866666666666561e+02 1.283666666666666742e+02
1.294266666666666765e+02 1.288866666666666561e+02 1.283666666666666742e+02
1.294266666666666765e+02 1.288866666666666561e+02 1.283666666666666742e+02
1.294266666666666765e+02 1.288866666666666561e+02 1.283666666666666742e+02
1.294266666666666765e+02 1.288866666666666561e+02 1.283666666666666742e+02
1.294266666666666765e+02 1.288866666666666561e+02 1.283666666666666742e+02
1.294266666666666765e+02 1.288866666666666561e+02 1.283666666666666742e+02
1.294266666666666765e+02 1.288866666666666561e+02 1.283666666666666742e+02
1.294266666666666765e+02 1.288866666666666561e+02 1.283666666666666742e+02
1.294266666666666765e+02 1.288866666666666561e+02 1.283666666666666742e+02
1.294266666666666765e+02 1.288866666666666561e+02 1.283666666666666742e+02
1.294266666666666765e+02 1.288866666666666561e+02 1.283666666666666742e+02
1.294266666666666765e+02 1.288866666666666561e+02 1.283666666666666742e+02
1.294266666666666765e+02 1.288866666666666561e+02 1.283666666666666742e+02
1.294266666666666765e+02 1.288866666666666561e+02 1.283666666666666742e+02
1.294266666666666765e+02 1.288866666666666561e+02 1.283666666666666742e+02
1.294266666666666765e+02 1.288866666666666561e+02 1.283666666666666742e+02
1.294266666666666765e+02 1.288866666666666561e+02 1.283666666666666742e+02
1.294266666666666765e+02 1.288866666666666561e+02 1.283666666666666742e+02
1.294266666666666765e+02 1.288866666666666561e+02 1.283666666666666742e+02
1.294266666666666765e+02 1.288866666666666561e+02 1.283666666666666742e+02
1.294266666666666765e+02 1.288866666666666561e+02 1.283666666666666742e+02
1.294266666666666765e+02 1.288866666666666561e+02 1.283666666666666742e+02
1.294266666666666765e+02 1.288866666666666561e+02 1.283666666666666742e+02
1.294266666666666765e+02 1.288866666666666561e+02 1.283666666666666742e+02
1.294266666666666765e+02 1.288866666666666561e+02 1.283666666666666742e+02
1.294266666666666765e+02 1.288866666666666561e+02 1.283666666666666742e+02
1.294266666666666765e+02 1.288866666666666561e+02 1.283666666666666742e+02
1.294266666666666765e+02 1.288866666666666561e+02 1.283666666666666742e+02
1.294266666666666765e+02 1.288866666666666561e+02 1.283666666666666742e+02
1.294266666666666765e+02 1.288866666666666561e+02 1.283666666666666742e+02
1.294266666666666765e+02 1.288866666666666561e+02 1.283666666666666742e+02
1.294266666666666765e+02 1.288866666666666561e+02 1.283666666666666742e+02
1.294266666666666765e+02 1.288866666666666561e+02 1.283666666666666742e+02
1.294266666666666765e+02 1.288866666666666561e+02 1.283666666666666742e+02
1.294266666666666765e+02 1.288866666666666561e+02 1.283666666666666742e+02
1.294266666666666765e+02 1.288866666666666561e+02 1.283666666666666742e+02
1.294266666666666765e+02 1.288866666666666561e+02 1.283666666666666742e+02
1.294266666666666765e+02 1.288866666666666561e+02 1.283666666666666742e+02
1.294266666666666765e+02 1.288866666666666561e+02 1.283666666666666742e+02
1.294266666666666765e+02 1.288866666666666561e+02 1.283666666666666742e+02
1.294266666666666765e+02 1.288866666666666561e+02 1.283666666666666742e+02
1.294266666666666765e+02 1.288866666666666561e+02 1.283666666666666742e+02
1.294266666666666765e+02 1.288866666666666561e+02 1.283666666666666742e+02
1.294266666666666765e+02 1.288866666666666561e+02 1.283666666666666742e+02
1.294266666666666765e+02 1.288866666666666561e+02 1.283666666666666742e+02
1.294266666666666765e+02 1.288866666666666561e+02 1.283666666666666742e+02
1.294266666666666765e+02 1.288866666666666561e+02 1.283666666666666742e+02
1.294266666666666765e+02 1.288866666666666561e+02 1.283666666666666742e+02
1.294266666666666765e+02 1.288866666666666561e+02 1.283666666666666742e+02
1.294266666666666765e+02 1.288866666666666561e+02 1.283666666666666742e+02
1.294266666666666765e+02 1.288866666666666561e+02 1.283666666666666742e+02
1.294266666666666765e+02 1.288866666666666561e+02 1.283666666666666742e+02
1.294266666666666765e+02 1.288866666666666561e+02 1.283666666666666742e+02
1.294266666666666765e+02 1.288866666666666561e+02 1.283666666666666742e+02
1.294266666666666765e+02 1.288866666666666561e+02 1.283666666666666742e+02
1.294266666666666765e+02 1.288866666666666561e+02 1.283666666666666742e+02
1.294266666666666765e+02 1.288866666666666561e+02 1.283666666666666742e+02
1.294266666666666765e+02 1.288866666666666561e+02 1.283666666666666742e+02
1.294266666666666765e+02 1.288866666666666561e+02 1.283666666666666742e+02
1.294266666666666765e+02 1.288866666666666561e+02 1.283666666666666742e+02
1.294266666666666765e+02 1.288866666666666561e+02 1.283666666666666742e+02
1.294266666666666765e+02 1.288866666666666561e+02 1.283666666666666742e+02
1.294266666666666765e+02 1.288866666666666561e+02 1.283666666666666742e+02
1.294266666666666765e+02 1.288866666666666561e+02 1.283666666666666742e+02
1.294266666666666765e+02 1.288866666666666561e+02 1.283666666666666742e+02
1.294266666666666765e+02 1.288866666666666561e+02 1.283666666666666742e+02
1.294266666666666765e+02 1.288866666666666561e+02 1.283666666666666742e+02
1.294266666666666765e+02 1.288866666666666561e+02 1.283666666666666742e+02
1.294266666666666765e+02 1.288866666666666561e+02 1.283666666666666742e+02
1.294266666666666765e+02 1.288866666666666561e+02 1.283666666666666742e+02
1.294266666666666765e+02 1.288866666666666561e+02 1.283666666666666742e+02
1.294266666666666765e+02 1.288866666666666561e+02 1.283666666666666742e+02
1.294266666666666765e+02 1.288866666666666561e+02 1.283666666666666742e+02
1.294266666666666765e+02 1.288866666666666561e+02 1.283666666666666742e+02
1.294266666666666765e+02 1.288866666666666561e+02 1.283666666666666742e+02
1.294266666666666765e+02 1.288866666666666561e+02 1.283666666666666742e+02
1.294266666666666765e+02 1.288866666666666561e+02 1.283666666666666742e+02
1.294266666666666765e+02 1.288866666666666561e+02 1.283666666666666742e+02
1.294266666666666765e+02 1.288866666666666561e+02 1.283666666666666742e+02
1.294266666666666765e+02 1.288866666666666561e+02 1.283666666666666742e+02
1.294266666666666765e+02 1.288866666666666561e+02 1.283666666666666742e+02
1.294266666666666765e+02 1.288866666666666561e+02 1.283666666666666742e+02
1.294266666666666765e+02 1.288866666666666561e+02 1.283666666666666742e+02
1.294266666666666765e+02 1.288866666666666561e+02 1.283666666666666742e+02
1.294266666666666765e+02 1.288866666666666561e+02 1.283666666666666742e+02
1.294266666666666765e+02 1.288866666666666561e+02 1.283666666666666742e+02
1.294266666666666765e+02 1.288866666666666561e+02 1.283666666666666742e+02
1.294266666666666765e+02 1.288866666666666561e+02 1.283666666666666742e+02
1.294266666666666765e+02 1.288866666666666561e+02 1.283666666666666742e+02
1.294266666666666765e+02 1.288866666666666561e+02 1.283666666666666742e+02
1.294266666666666765e+02 1.288866666666666561e+02 1.283666666666666742e+02
1.294266666666666765e+02 1.288866666666666561e+02 1.283666666666666742e+02
1.294266666666666765e+02 1.288866666666666561e+02 1.283666666666666742e+02
1.294266666666666765e+02 1.288866666666666561e+02 1.283666666666666742e+02
1.294266666666666765e+02 1.288866666666666561e+02 1.283666666666666742e+02
1.294266666666666765e+02 1.288866666666666561e+02 1.283666666666666742e+02
1.294266666666666765e+02 1.288866666666666561e+02 1.283666666666666742e+02
1.294266666666666765e+02 1.288866666666666561e+02 1.283666666666666742e+02
1.294266666666666765e+02 1.288866666666666561e+02 1.283666666666666742e+02
1.294266666666666765e+02 1.288866666666666561e+02 1.283666666666666742e+02
1.294266666666666765e+02 1.288866666666666561e+02 1.283666666666666742e+02
1.294266666666666765e+02 1.288866666666666561e+02 1.283666666666666742e+02
1.294266666666666765e+02 1.288866666666666561e+02 1.283666666666666742e+02
1.294266666666666765e+02 1.288866666666666561e+02 1.283666666666666742e+02
1.294266666666666765e+02 1.288866666666666561e+02 1.283666666666666742e+02
1.294266666666666765e+02 1.288866666666666561e+02 1.283666666666666742e+02
1.294266666666666765e+02 1.288866666666666561e+02 1.283666666666666742e+02
1.294266666666666765e+02 1.288866666666666561e+02 1.283666666666666742e+02
1.294266666666666765e+02 1.288866666666666561e+02 1.283666666666666742e+02
1.294266666666666765e+02 1.288866666666666561e+02 1.283666666666666742e+02
1.294266666666666765e+02 1.288866666666666561e+02 1.283666666666666742e+02
1.294266666666666765e+02 1.288866666666666561e+02 1.283666666666666742e+02
1.294266666666666765e+02 1.288866666666666561e+02 1.283666666666666742e+02
1.294266666666666765e+02 1.288866666666666561e+02 1.283666666666666742e+02
1.294266666666666765e+02 1.288866666666666561e+02 1.283666666666666742e+02
1.294266666666666765e+02 1.288866666666666561e+02 1.283666666666666742e+02
1.294266666666666765e+02 1.288866666666666561e+02 1.283666666666666742e+02
1.294266666666666765e+02 1.288866666666666561e+02 1.283666666666666742e+02
1.294266666666666765e+02 1.288866666666666561e+02 1.283666666666666742e+02
1.294266666666666765e+02 1.288866666666666561e+02 1.283666666666666742e+02
1.294266666666666765e+02 1.288866666666666561e+02 1.283666666666666742e+02
1.294266666666666765e+02 1.288866666666666561e+02 1.283666666666666742e+02
1.294266666666666765e+02 1.288866666666666561e+02 1.283666666666666742e+02
1.294266666666666765e+02 1.288866666666666561e+02 1.283666666666666742e+02
1.294266666666666765e+02 1.288866666666666561e+02 1.283666666666666742e+02
1.294266666666666765e+02 1.288866666666666561e+02 1.283666666666666742e+02
1.294266666666666765e+02 1.288866666666666561e+02 1.283666666666666742e+02
1.294266666666666765e+02 1.288866666666666561e+02 1.283666666666666742e+02
1.294266666666666765e+02 1.288866666666666561e+02 1.283666666666666742e+02
1.294266666666666765e+02 1.288866666666666561e+02 1.283666666666666742e+02
1.294266666666666765e+02 1.288866666666666561e+02 1.283666666666666742e+02
1.294266666666666765e+02 1.288866666666666561e+02 1.283666666666666742e+02
1.294266666666666765e+02 1.288866666666666561e+02 1.283666666666666742e+02
1.294266666666666765e+02 1.288866666666666561e+02 1.283666666666666742e+02
1.294266666666666765e+02 1.288866666666666561e+02 1.283666666666666742e+02
1.294266666666666765e+02 1.288866666666666561e+02 1.283666666666666742e+02
1.294266666666666765e+02 1.288866666666666561e+02 1.283666666666666742e+02
1.294266666666666765e+02 1.288866666666666561e+02 1.283666666666666742e+02
1.294266666666666765e+02 1.288866666666666561e+02 1.283666666666666742e+02
1.294266666666666765e+02 1.288866666666666561e+02 1.283666666666666742e+02
1.294266666666666765e+02 1.288866666666666561e+02 1.283666666666666742e+02
1.294266666666666765e+02 1.288866666666666561e+02 1.283666666666666742e+02
1.294266666666666765e+02 1.288866666666666561e+02 1.283666666666666742e+02
1.294266666666666765e+02 1.288866666666666561e+02 1.283666666666666742e+02
1.294266666666666765e+02 1.288866666666666561e+02 1.283666666666666742e+02
1.294266666666666765e+02 1.288866666666666561e+02 1.283666666666666742e+02
1.294266666666666765e+02 1.288866666666666561e+02 1.283666666666666742e+02
1.294266666666666765e+02 1.288866666666666561e+02 1.283666666666666742e+02
1.294266666666666765e+02 1.288866666666666561e+02 1.283666666666666742e+02
1.294266666666666765e+02 1.288866666666666561e+02 1.283666666666666742e+02
1.294266666666666765e+02 1.288866666666666561e+02 1.283666666666666742e+02
1.294266666666666765e+02 1.288866666666666561e+02 1.283666666666666742e+02
1.294266666666666765e+02 1.288866666666666561e+02 1.283666666666666742e+02
1.294266666666666765e+02 1.288866666666666561e+02 1.283666666666666742e+02
1.294266666666666765e+02 1.288866666666666561e+02 1.283666666666666742e+02
1.294266666666666765e+02 1.288866666666666561e+02 1.283666666666666742e+02
1.294266666666666765e+02 1.288866666666666561e+02 1.283666666666666742e+02
1.294266666666666765e+02 1.288866666666666561e+02 1.283666666666666742e+02
1.294266666666666765e+02 1.288866666666666561e+02 1.283666666666666742e+02
1.294266666666666765e+02 1.288866666666666561e+02 1.283666666666666742e+02
1.294266666666666765e+02 1.288866666666666561e+02 1.283666666666666742e+02
1.294266666666666765e+02 1.288866666666666561e+02 1.283666666666666742e+02
1.294266666666666765e+02 1.288866666666666561e+02 1.283666666666666742e+02
1.294266666666666765e+02 1.288866666666666561e+02 1.283666666666666742e+02
1.294266666666666765e+02 1.288866666666666561e+02 1.283666666666666742e+02
1.294266666666666765e+02 1.288866666666666561e+02 1.283666666666666742e+02
1.294266666666666765e+02 1.288866666666666561e+02 1.283666666666666742e+02
1.294266666666666765e+02 1.288866666666666561e+02 1.283666666666666742e+02
1.294266666666666765e+02 1.288866666666666561e+02 1.283666666666666742e+02
1.294266666666666765e+02 1.288866666666666561e+02 1.283666666666666742e+02
1.294266666666666765e+02 1.288866666666666561e+02 1.283666666666666742e+02
1.294266666666666765e+02 1.288866666666666561e+02 1.283666666666666742e+02
