1.279866666666666646e+02 1.296133333333333439e+02 1.269866666666666646e+02
1.280986842105263293e+02 1.294407894736842195e+02 1.270394736842105203e+02
1.282105263157894797e+02 1.294144736842105203e+02 1.268223684210526301e+02
1.281052631578947398e+02 1.293552631578947398e+02 1.268552631578947398e+02
1.279805194805194759e+02 1.293311688311688386e+02 1.267532467532467564e+02
1.279194630872483174e+02 1.291275167785234999e+02 1.268791946308724903e+02
1.280200000000000102e+02 1.289399999999999977e+02 1.269466666666666725e+02
1.279470198675496704e+02 1.288741721854304672e+02 1.271324503311258241e+02
1.278533333333333388e+02 1.288600000000000136e+02 1.270533333333333275e+02
1.278333333333333286e+02 1.289166666666666572e+02 1.270384615384615330e+02
1.278026315789473699e+02 1.290460526315789593e+02 1.270921052631578902e+02
1.278903225806451616e+02 1.291032258064516043e+02 1.272645161290322591e+02
1.278400000000000034e+02 1.291200000000000045e+02 1.272000000000000028e+02
1.278040540540540491e+02 1.291621621621621614e+02 1.272162162162162105e+02
1.278456375838926107e+02 1.290872483221476443e+02 1.271006711409395962e+02
1.278636363636363598e+02 1.292142857142857224e+02 1.272142857142857082e+02
1.278954248366013076e+02 1.291241830065359579e+02 1.271764705882352899e+02
1.279594594594594525e+02 1.289256756756756772e+02 1.273783783783783718e+02
1.278552631578947398e+02 1.289407894736842195e+02 1.271447368421052602e+02
1.278066666666666720e+02 1.288466666666666640e+02 1.273066666666666720e+02
1.278666666666666600e+02 1.288466666666666640e+02 1.272133333333333383e+02
1.280794701986754944e+02 1.289205298013245056e+02 1.271324503311258241e+02
1.281419354838709808e+02 1.287677419354838833e+02 1.272129032258064569e+02
1.281612903225806406e+02 1.289677419354838719e+02 1.271612903225806406e+02
1.281710526315789593e+02 1.290263157894736707e+02 1.270131578947368354e+02
1.280779220779220680e+02 1.288116883116883002e+02 1.269935064935064872e+02
1.279866666666666646e+02 1.287733333333333405e+02 1.270199999999999960e+02
1.280828025477707115e+02 1.289299363057324967e+02 1.268980891719745188e+02
1.281644736842105203e+02 1.289671052631578902e+02 1.269342105263157947e+02
1.280671140939597308e+02 1.292013422818791923e+02 1.269530201342281828e+02
1.280604026845637691e+02 1.292013422818791923e+02 1.270067114093959759e+02
1.279664429530201346e+02 1.293892617449664328e+02 1.268389261744966490e+02
1.279066666666666663e+02 1.293533333333333246e+02 1.267133333333333383e+02
1.278940397350993408e+02 1.293311258278145601e+02 1.265827814569536400e+02
1.279536423841059616e+02 1.293973509933774722e+02 1.265695364238410576e+02
1.279496855345911968e+02 1.295094339622641542e+02 1.265974842767295598e+02
1.279473684210526301e+02 1.295197368421052602e+02 1.266118421052631646e+02
1.279285714285714306e+02 1.295649350649350708e+02 1.267597402597402549e+02
1.280955414012738913e+02 1.297707006369426779e+02 1.267197452229299302e+02
1.281898734177215147e+02 1.298037974683544178e+02 1.267531645569620196e+02
1.281217948717948616e+02 1.296217948717948616e+02 1.267756410256410220e+02
1.281610738255033652e+02 1.297114093959731633e+02 1.267583892617449663e+02
1.281324503311258241e+02 1.299205298013245056e+02 1.267615894039735167e+02
1.281059602649006592e+02 1.299602649006622528e+02 1.269403973509933792e+02
1.282026143790849630e+02 1.300130718954248437e+02 1.270392156862745168e+02
1.282733333333333405e+02 1.301533333333333360e+02 1.272266666666666737e+02
1.281298701298701417e+02 1.300714285714285836e+02 1.271298701298701275e+02
1.282302631578947398e+02 1.301118421052631504e+02 1.270723684210526301e+02
1.282653061224489761e+02 1.299523809523809632e+02 1.271224489795918373e+02
1.283973509933774722e+02 1.299668874172185440e+02 1.270860927152317856e+02
1.282402597402597451e+02 1.299220779220779320e+02 1.270974025974025921e+02
1.281437908496731950e+02 1.299281045751633883e+02 1.269738562091503269e+02
1.280645161290322562e+02 1.301290322580645125e+02 1.270838709677419303e+02
1.280933333333333337e+02 1.302066666666666777e+02 1.271933333333333280e+02
1.280268456375839037e+02 1.301073825503355579e+02 1.271946308724832164e+02
1.281533333333333360e+02 1.302666666666666799e+02 1.271666666666666714e+02
1.282266666666666595e+02 1.301733333333333462e+02 1.272266666666666737e+02
1.281118421052631504e+02 1.301052631578947398e+02 1.272368421052631646e+02
1.279337748344370880e+02 1.301456953642384065e+02 1.271986754966887361e+02
1.279276315789473699e+02 1.302434210526315894e+02 1.271973684210526301e+02
1.278961038961038952e+02 1.305064935064935128e+02 1.271883116883116855e+02
1.279559748427672901e+02 1.304528301886792576e+02 1.270754716981132049e+02
1.280769230769230660e+02 1.304487179487179560e+02 1.271025641025641022e+02
1.280268456375839037e+02 1.303489932885906057e+02 1.269463087248322211e+02
1.279801324503311264e+02 1.301456953642384065e+02 1.270264900662251648e+02
1.278859060402684520e+02 1.301744966442952887e+02 1.272080536912751683e+02
1.281066666666666549e+02 1.301933333333333280e+02 1.273866666666666703e+02
1.279205298013245056e+02 1.302052980132450273e+02 1.272384105960264833e+02
1.280000000000000000e+02 1.303046357615893953e+02 1.273774834437086128e+02
1.279205298013245056e+02 1.302980132450331041e+02 1.273708609271523216e+02
1.279271523178807968e+02 1.302251655629139009e+02 1.271920529801324449e+02
1.280897435897435912e+02 1.303525641025641164e+02 1.272500000000000000e+02
1.280397350993377472e+02 1.302384105960264833e+02 1.273774834437086128e+02
1.280696202531645440e+02 1.303164556962025245e+02 1.272721518987341796e+02
1.279539473684210549e+02 1.303684210526315894e+02 1.273355263157894797e+02
1.279271523178807968e+02 1.303509933774834337e+02 1.273245033112582831e+02
1.279866666666666646e+02 1.303600000000000136e+02 1.272533333333333303e+02
1.279533333333333331e+02 1.303000000000000114e+02 1.272866666666666617e+02
1.278618421052631646e+02 1.303552631578947398e+02 1.272828947368421098e+02
1.279328859060402692e+02 1.305033557046979809e+02 1.275302013422818845e+02
1.278807947019867584e+02 1.305298013245033246e+02 1.274437086092715248e+02
1.277973856209150370e+02 1.306732026143790790e+02 1.276993464052287521e+02
1.276845637583892596e+02 1.307114093959731633e+02 1.276778523489932837e+02
1.277236842105263150e+02 1.306907894736842195e+02 1.277434210526315752e+02
1.276143790849673252e+02 1.306601307189542354e+02 1.276862745098039227e+02
1.275723684210526301e+02 1.306710526315789593e+02 1.278486842105263150e+02
1.275733333333333377e+02 1.305600000000000023e+02 1.278933333333333309e+02
1.276466666666666612e+02 1.306399999999999864e+02 1.277600000000000051e+02
1.276040268456375770e+02 1.307785234899328941e+02 1.277986577181208077e+02
1.276274509803921546e+02 1.308104575163398806e+02 1.278627450980392126e+02
1.274900662251655632e+02 1.308476821192053023e+02 1.280331125827814560e+02
1.277066666666666634e+02 1.308666666666666742e+02 1.280600000000000023e+02
1.275228758169934622e+02 1.308431372549019613e+02 1.280457516339869244e+02
1.274966887417218544e+02 1.309602649006622528e+02 1.278741721854304672e+02
1.276535947712418277e+02 1.307124183006535816e+02 1.277973856209150370e+02
1.276184210526315752e+02 1.306381578947368496e+02 1.278486842105263150e+02
1.277000000000000028e+02 1.307733333333333405e+02 1.277933333333333366e+02
1.277564102564102626e+02 1.306346153846153868e+02 1.277692307692307736e+02
1.279084967320261370e+02 1.304640522875816941e+02 1.277124183006535958e+02
1.276510067114093943e+02 1.303758389261745094e+02 1.277986577181208077e+02
1.276513157894736850e+02 1.303092105263157805e+02 1.277960526315789451e+02
1.274966442953020191e+02 1.303691275167785193e+02 1.275570469798657740e+02
1.274238410596026512e+02 1.303509933774834337e+02 1.273973509933774864e+02
1.273400000000000034e+02 1.304000000000000057e+02 1.270933333333333337e+02
1.272999999999999972e+02 1.304933333333333394e+02 1.271333333333333400e+02
1.273154362416107404e+02 1.303691275167785193e+02 1.269932885906040241e+02
1.275562913907284752e+02 1.304635761589403842e+02 1.269801324503311264e+02
1.276490066225165521e+02 1.303642384105960161e+02 1.269403973509933792e+02
1.277218543046357553e+02 1.302980132450331041e+02 1.269006622516556320e+02
1.278092105263157947e+02 1.301644736842105203e+02 1.269013157894736850e+02
1.278120805369127453e+02 1.303154362416107404e+02 1.268389261744966490e+02
1.279399999999999977e+02 1.303600000000000136e+02 1.267666666666666657e+02
1.280463576158940384e+02 1.302516556291390657e+02 1.268543046357615935e+02
1.280993377483443680e+02 1.303708609271523073e+02 1.270463576158940384e+02
1.282337662337662323e+02 1.303961038961039094e+02 1.268961038961038952e+02
1.280529801324503296e+02 1.303973509933774722e+02 1.268278145695364287e+02
1.280127388535031798e+02 1.302738853503184657e+02 1.265222929936305718e+02
1.278543046357615935e+02 1.302251655629139009e+02 1.262317880794701921e+02
1.280132450331125824e+02 1.300463576158940384e+02 1.261192052980132416e+02
1.279473684210526301e+02 1.301315789473684106e+02 1.259934210526315752e+02
1.278866666666666703e+02 1.300866666666666731e+02 1.261400000000000006e+02
1.279328859060402692e+02 1.301543624161073751e+02 1.262013422818791923e+02
1.280533333333333417e+02 1.299000000000000057e+02 1.262199999999999989e+02
1.281960784313725412e+02 1.299084967320261512e+02 1.261960784313725554e+02
1.281059602649006592e+02 1.298741721854304672e+02 1.260860927152317856e+02
1.279867549668874176e+02 1.299801324503311264e+02 1.258741721854304672e+02
1.281200000000000045e+02 1.299199999999999875e+02 1.258866666666666703e+02
1.279935064935064872e+02 1.299220779220779320e+02 1.260519480519480453e+02
1.279677419354838719e+02 1.299032258064516157e+02 1.261354838709677466e+02
1.279342105263157947e+02 1.297565789473684106e+02 1.261842105263157947e+02
1.278838709677419416e+02 1.298774193548387075e+02 1.264064516129032256e+02
1.278104575163398664e+02 1.300000000000000000e+02 1.264575163398692865e+02
1.278543046357615935e+02 1.301258278145695328e+02 1.264768211920529808e+02
1.278552631578947398e+02 1.301052631578947398e+02 1.264802631578947398e+02
1.278733333333333348e+02 1.300933333333333337e+02 1.264266666666666623e+02
1.276433121019108228e+02 1.300382165605095679e+02 1.264331210191082846e+02
1.276315789473684248e+02 1.299736842105263293e+02 1.265263157894736850e+02
1.276912751677852356e+02 1.300201342281879135e+02 1.265436241610738222e+02
1.277152317880794641e+02 1.299867549668874176e+02 1.265165562913907280e+02
1.276733333333333320e+02 1.298533333333333246e+02 1.263333333333333286e+02
1.275526315789473699e+02 1.297894736842105203e+02 1.262500000000000000e+02
1.276410256410256352e+02 1.297884615384615472e+02 1.260961538461538396e+02
1.275066666666666606e+02 1.294733333333333292e+02 1.260666666666666629e+02
1.274133333333333269e+02 1.294399999999999977e+02 1.261133333333333297e+02
1.273489932885906057e+02 1.293959731543624230e+02 1.262214765100671201e+02
1.275064935064935128e+02 1.293246753246753258e+02 1.262077922077922096e+02
1.273921568627450966e+02 1.292941176470588118e+02 1.263006535947712479e+02
1.273040540540540491e+02 1.293243243243243228e+02 1.264932432432432421e+02
1.273708609271523216e+02 1.293443708609271425e+02 1.264966887417218544e+02
1.272614379084967311e+02 1.293464052287581580e+02 1.263594771241830017e+02
1.272333333333333343e+02 1.292866666666666617e+02 1.264533333333333331e+02
1.271733333333333320e+02 1.293799999999999955e+02 1.264666666666666686e+02
1.272039473684210549e+02 1.292631578947368496e+02 1.265855263157894797e+02
1.271948051948051983e+02 1.291818181818181870e+02 1.266818181818181870e+02
1.271290322580645125e+02 1.291354838709677324e+02 1.265225806451612840e+02
1.271111111111111143e+02 1.290000000000000000e+02 1.267124183006535958e+02
1.272653061224489761e+02 1.291292517006802711e+02 1.266734693877551052e+02
1.272933333333333366e+02 1.291666666666666572e+02 1.265600000000000023e+02
1.271788079470198625e+02 1.292384105960264833e+02 1.265033112582781456e+02
1.272828947368421098e+02 1.292697368421052602e+02 1.266513157894736850e+02
1.273466666666666640e+02 1.292466666666666697e+02 1.265533333333333275e+02
1.274121621621621614e+02 1.292297297297297405e+02 1.263918918918918877e+02
1.275231788079470192e+02 1.292119205298013185e+02 1.263642384105960303e+02
1.275128205128205110e+02 1.292307692307692264e+02 1.262884615384615330e+02
1.273398692810457504e+02 1.293006535947712337e+02 1.264379084967320210e+02
1.273266666666666680e+02 1.292199999999999989e+02 1.264333333333333371e+02
1.271346153846153868e+02 1.291346153846153868e+02 1.264038461538461604e+02
1.271275167785234856e+02 1.293154362416107404e+02 1.265973154362416153e+02
1.270980392156862706e+02 1.292418300653594656e+02 1.265947712418300597e+02
1.270000000000000000e+02 1.292847682119205217e+02 1.267284768211920465e+02
1.268675496688741759e+02 1.292119205298013185e+02 1.265827814569536400e+02
1.268609271523178847e+02 1.292715231788079393e+02 1.264503311258278160e+02
1.267905405405405475e+02 1.291486486486486456e+02 1.263716216216216282e+02
1.266282051282051242e+02 1.292948717948717956e+02 1.263205128205128176e+02
1.265394736842105203e+02 1.291381578947368496e+02 1.262039473684210549e+02
1.264387096774193537e+02 1.290903225806451644e+02 1.262322580645161310e+02
1.264375000000000000e+02 1.289499999999999886e+02 1.261812500000000057e+02
1.263529411764705941e+02 1.289869281045751563e+02 1.261764705882352899e+02
1.262885906040268509e+02 1.289395973154362309e+02 1.261208053691275097e+02
1.263733333333333348e+02 1.291333333333333258e+02 1.259733333333333292e+02
1.263071895424836555e+02 1.290849673202614269e+02 1.258758169934640563e+02
1.263112582781457007e+02 1.291125827814569504e+02 1.259006622516556320e+02
1.262434210526315752e+02 1.290460526315789593e+02 1.258355263157894797e+02
1.261038961038961048e+02 1.289675324675324646e+02 1.259870129870129887e+02
1.260127388535031798e+02 1.290318471337579638e+02 1.261337579617834450e+02
1.259285714285714306e+02 1.290389610389610482e+02 1.259545454545454533e+02
1.259463087248322211e+02 1.292080536912751541e+02 1.259127516778523557e+02
1.260662251655629120e+02 1.291589403973509889e+02 1.257549668874172255e+02
1.259399999999999977e+02 1.290666666666666629e+02 1.256266666666666652e+02
1.259536423841059616e+02 1.290331125827814560e+02 1.256754966887417169e+02
1.258590604026845625e+02 1.290067114093959617e+02 1.257046979865771874e+02
1.257218543046357553e+02 1.290529801324503296e+02 1.257350993377483377e+02
1.257450980392156907e+02 1.291764705882353041e+02 1.256601307189542496e+02
1.258627450980392126e+02 1.290326797385620807e+02 1.256732026143790790e+02
1.258066666666666720e+02 1.289066666666666663e+02 1.256200000000000045e+02
1.259127516778523557e+02 1.289328859060402692e+02 1.254093959731543606e+02
1.259677419354838719e+02 1.287935483870967630e+02 1.253870967741935516e+02
1.259801324503311264e+02 1.287086092715231871e+02 1.251192052980132416e+02
1.260540540540540491e+02 1.286824324324324209e+02 1.251351351351351298e+02
1.260662251655629120e+02 1.287615894039735167e+02 1.250132450331125824e+02
1.260400000000000063e+02 1.285733333333333235e+02 1.250333333333333314e+02
1.259337748344370880e+02 1.284172185430463458e+02 1.250000000000000000e+02
1.258627450980392126e+02 1.282549019607843093e+02 1.250392156862745168e+02
1.257777777777777715e+02 1.282222222222222285e+02 1.250065359477124218e+02
1.256842105263157947e+02 1.282500000000000000e+02 1.248881578947368354e+02
1.255973154362416153e+02 1.281879194630872405e+02 1.248791946308724903e+02
1.255430463576158928e+02 1.280529801324503296e+02 1.248410596026490111e+02
1.255270270270270316e+02 1.282094594594594525e+02 1.247094594594594525e+02
1.256423841059602751e+02 1.281721854304635713e+02 1.246490066225165521e+02
1.257999999999999972e+02 1.282266666666666595e+02 1.246866666666666674e+02
1.259050632911392427e+02 1.283797468354430293e+02 1.246962025316455680e+02
1.257828947368421098e+02 1.283157894736842195e+02 1.246184210526315752e+02
1.256866666666666674e+02 1.282199999999999989e+02 1.244666666666666686e+02
1.256842105263157947e+02 1.281710526315789593e+02 1.243421052631578902e+02
1.257880794701986815e+02 1.282847682119205217e+02 1.242715231788079535e+02
1.259066666666666663e+02 1.283133333333333326e+02 1.243666666666666600e+02
1.257483870967741950e+02 1.282064516129032370e+02 1.244774193548387160e+02
1.257290322580645210e+02 1.284000000000000057e+02 1.245354838709677381e+02
1.257236842105263150e+02 1.283486842105263293e+02 1.245855263157894797e+02
1.257466666666666697e+02 1.284466666666666583e+02 1.245333333333333314e+02
1.256133333333333297e+02 1.284600000000000080e+02 1.245866666666666731e+02
1.254200000000000017e+02 1.283866666666666561e+02 1.245333333333333314e+02
1.254473684210526301e+02 1.284078947368421098e+02 1.244868421052631646e+02
1.254733333333333292e+02 1.281933333333333280e+02 1.244200000000000017e+02
1.255918367346938709e+02 1.280612244897959044e+02 1.245306122448979522e+02
1.256447368421052602e+02 1.280394736842105203e+02 1.246118421052631646e+02
1.256346153846153868e+02 1.280448717948717956e+02 1.248012820512820582e+02
1.257254901960784252e+02 1.280915032679738488e+02 1.249019607843137294e+02
1.255827814569536400e+02 1.281655629139072801e+02 1.250198675496688736e+02
1.254189189189189193e+02 1.280270270270270316e+02 1.249662162162162105e+02
1.253684210526315752e+02 1.279802631578947398e+02 1.250394736842105203e+02
1.254733333333333292e+02 1.281733333333333462e+02 1.251066666666666691e+02
1.254871794871794890e+02 1.281217948717948616e+02 1.251153846153846132e+02
1.254569536423841072e+02 1.281456953642384065e+02 1.249403973509933792e+02
1.254605263157894797e+02 1.280855263157894797e+02 1.247302631578947398e+02
1.255333333333333314e+02 1.280066666666666606e+02 1.248266666666666680e+02
1.255761589403973488e+02 1.280264900662251648e+02 1.246754966887417169e+02
1.255855263157894797e+02 1.278684210526315752e+02 1.246842105263157947e+02
1.257290322580645210e+02 1.278129032258064512e+02 1.248451612903225794e+02
1.257908496732026151e+02 1.278169934640522882e+02 1.249150326797385588e+02
1.257337662337662323e+02 1.277077922077922096e+02 1.246298701298701275e+02
1.257600000000000051e+02 1.277000000000000028e+02 1.246200000000000045e+02
1.256363636363636402e+02 1.276428571428571388e+02 1.246428571428571388e+02
1.254832214765100673e+02 1.275906040268456394e+02 1.246644295302013461e+02
1.253576158940397391e+02 1.274635761589403984e+02 1.247086092715231729e+02
1.254370860927152336e+02 1.275827814569536400e+02 1.246357615894039697e+02
1.255430463576158928e+02 1.276490066225165521e+02 1.245761589403973488e+02
1.256026490066225136e+02 1.275430463576158928e+02 1.245562913907284752e+02
1.257142857142857082e+02 1.275389610389610340e+02 1.244740259740259773e+02
1.257236842105263150e+02 1.274736842105263150e+02 1.244013157894736850e+02
1.256622516556291345e+02 1.274834437086092720e+02 1.243178807947019919e+02
1.256907894736842053e+02 1.276118421052631646e+02 1.243157894736842053e+02
1.254761904761904816e+02 1.275986394557823189e+02 1.242040816326530575e+02
1.254266666666666623e+02 1.277466666666666697e+02 1.241666666666666714e+02
1.254276315789473699e+02 1.277565789473684248e+02 1.242434210526315752e+02
1.254000000000000057e+02 1.277935483870967772e+02 1.241935483870967687e+02
1.253421052631578902e+02 1.277763157894736850e+02 1.241710526315789451e+02
1.252483660130719016e+02 1.277189542483660176e+02 1.240849673202614412e+02
1.253594771241830017e+02 1.276666666666666714e+02 1.240653594771241899e+02
1.253870967741935516e+02 1.278129032258064512e+02 1.241225806451612925e+02
1.255533333333333275e+02 1.276933333333333280e+02 1.242066666666666634e+02
1.255733333333333377e+02 1.276599999999999966e+02 1.240799999999999983e+02
1.255033557046979809e+02 1.276711409395973220e+02 1.240604026845637549e+02
1.254671052631578902e+02 1.276578947368421098e+02 1.239736842105263150e+02
1.253986928104575185e+02 1.277908496732026151e+02 1.239346405228758101e+02
1.253799999999999955e+02 1.274866666666666646e+02 1.240000000000000000e+02
1.254473684210526301e+02 1.273947368421052602e+02 1.239539473684210549e+02
1.253311258278145743e+02 1.273576158940397391e+02 1.240331125827814560e+02
1.252837837837837895e+02 1.273175675675675649e+02 1.240202702702702737e+02
1.252302631578947398e+02 1.272960526315789451e+02 1.241118421052631646e+02
1.251066666666666691e+02 1.270733333333333377e+02 1.240733333333333377e+02
1.251655629139072801e+02 1.269867549668874176e+02 1.240529801324503296e+02
1.252199999999999989e+02 1.269733333333333292e+02 1.239200000000000017e+02
1.252185430463576097e+02 1.269271523178807968e+02 1.239139072847682144e+02
1.249536423841059616e+02 1.269072847682119232e+02 1.240397350993377472e+02
1.249342105263157947e+02 1.270197368421052602e+02 1.240394736842105203e+02
1.250000000000000000e+02 1.270536912751677789e+02 1.239731543624161105e+02
1.249933333333333394e+02 1.269599999999999937e+02 1.239733333333333292e+02
1.249733333333333292e+02 1.269800000000000040e+02 1.238733333333333348e+02
1.248979591836734642e+02 1.269659863945578167e+02 1.238027210884353764e+02
1.248724832214765144e+02 1.268389261744966490e+02 1.237583892617449663e+02
1.248157894736842053e+02 1.266644736842105203e+02 1.236381578947368354e+02
1.247933333333333366e+02 1.267266666666666737e+02 1.237333333333333343e+02
1.248523489932885866e+02 1.266040268456375770e+02 1.237449664429530145e+02
1.249333333333333371e+02 1.266200000000000045e+02 1.238133333333333326e+02
1.249542483660130756e+02 1.266470588235294059e+02 1.238235294117647101e+02
1.248933333333333309e+02 1.265733333333333377e+02 1.236800000000000068e+02
1.247600000000000051e+02 1.265333333333333314e+02 1.236666666666666714e+02
1.246644736842105203e+02 1.264013157894736850e+02 1.235789473684210549e+02
1.246184210526315752e+02 1.265657894736842053e+02 1.234736842105263150e+02
1.245743243243243228e+02 1.266148648648648702e+02 1.234797297297297263e+02
1.248461538461538396e+02 1.266730769230769198e+02 1.233782051282051242e+02
1.248874172185430496e+02 1.264304635761589424e+02 1.235099337748344368e+02
1.248421052631578902e+02 1.264144736842105203e+02 1.236644736842105203e+02
1.249733333333333292e+02 1.263666666666666600e+02 1.236066666666666691e+02
1.249934640522875782e+02 1.262745098039215748e+02 1.234705882352941160e+02
1.250000000000000000e+02 1.261959459459459509e+02 1.235743243243243228e+02
1.250400000000000063e+02 1.263266666666666680e+02 1.235333333333333314e+02
1.248815789473684248e+02 1.264605263157894797e+02 1.234868421052631646e+02
1.248627450980392126e+02 1.263464052287581723e+02 1.233660130718954235e+02
1.251589403973509889e+02 1.263576158940397391e+02 1.233774834437086128e+02
1.252287581699346362e+02 1.263725490196078454e+02 1.232875816993464042e+02
1.253464052287581723e+02 1.263333333333333286e+02 1.233202614379084991e+02
1.252317880794701921e+02 1.263841059602649040e+02 1.231390728476821153e+02
1.251409395973154375e+02 1.262751677852348990e+02 1.230805369127516826e+02
1.251216216216216282e+02 1.263243243243243228e+02 1.229864864864864842e+02
1.252922077922077904e+02 1.263376623376623371e+02 1.230779220779220822e+02
1.251960784313725554e+02 1.262875816993464042e+02 1.228366013071895395e+02
1.252185430463576097e+02 1.261589403973509889e+02 1.227682119205298079e+02
1.251390728476821153e+02 1.261523178807946977e+02 1.225629139072847664e+02
1.249350649350649292e+02 1.261038961038961048e+02 1.226298701298701275e+02
1.249797297297297263e+02 1.262162162162162105e+02 1.227094594594594525e+02
1.250000000000000000e+02 1.262302631578947398e+02 1.228486842105263150e+02
1.249530201342281828e+02 1.262550335570469855e+02 1.229865771812080482e+02
1.248866666666666703e+02 1.262466666666666697e+02 1.229866666666666646e+02
1.249399999999999977e+02 1.263400000000000034e+02 1.231066666666666691e+02
1.250866666666666731e+02 1.261866666666666674e+02 1.231066666666666691e+02
1.251298701298701275e+02 1.260519480519480453e+02 1.231233766233766289e+02
1.252251655629139009e+02 1.260529801324503296e+02 1.231125827814569504e+02
1.252384105960264833e+02 1.261059602649006735e+02 1.232317880794701921e+02
1.251812080536912788e+02 1.260000000000000000e+02 1.233422818791946298e+02
1.253660130718954235e+02 1.259215686274509807e+02 1.233398692810457504e+02
1.253733333333333348e+02 1.259333333333333371e+02 1.233400000000000034e+02
1.253051948051948017e+02 1.258051948051948017e+02 1.232077922077922096e+02
1.253137254901960773e+02 1.258627450980392126e+02 1.232418300653594798e+02
1.253666666666666600e+02 1.259066666666666663e+02 1.231200000000000045e+02
1.252847682119205359e+02 1.258476821192053023e+02 1.231324503311258241e+02
1.252649006622516623e+02 1.257350993377483377e+02 1.230860927152317856e+02
1.253986928104575185e+02 1.258039215686274446e+02 1.229673202614379051e+02
1.254966887417218544e+02 1.257483443708609201e+02 1.229668874172185440e+02
1.254736842105263150e+02 1.256644736842105203e+02 1.230263157894736850e+02
1.254105960264900688e+02 1.257549668874172255e+02 1.230529801324503296e+02
1.254765100671140914e+02 1.256375838926174566e+02 1.232013422818791923e+02
1.255333333333333314e+02 1.255266666666666708e+02 1.230533333333333275e+02
1.256040268456375770e+02 1.256979865771812115e+02 1.229530201342281828e+02
1.256148648648648702e+02 1.253445945945945965e+02 1.230675675675675649e+02
1.255394736842105203e+02 1.253552631578947398e+02 1.232434210526315752e+02
1.255442176870748341e+02 1.254829931972789154e+02 1.231496598639455726e+02
1.257364864864864842e+02 1.254662162162162105e+02 1.232364864864864842e+02
1.256688741721854257e+02 1.255033112582781456e+02 1.232715231788079535e+02
1.256266666666666652e+02 1.255533333333333275e+02 1.231400000000000006e+02
1.253790849673202672e+02 1.257647058823529420e+02 1.230980392156862706e+02
1.253973509933774864e+02 1.256490066225165521e+02 1.231390728476821153e+02
1.254423076923076934e+02 1.256538461538461604e+02 1.232371794871794890e+02
1.255231788079470192e+02 1.256556291390728433e+02 1.231854304635761537e+02
1.254294871794871824e+02 1.256025641025641022e+02 1.230961538461538396e+02
1.253790849673202672e+02 1.256274509803921546e+02 1.230653594771241899e+02
1.255133333333333354e+02 1.256800000000000068e+02 1.229666666666666686e+02
1.255033112582781456e+02 1.257350993377483377e+02 1.230529801324503296e+02
1.254539473684210549e+02 1.256842105263157947e+02 1.230657894736842053e+02
1.254701986754966896e+02 1.255894039735099312e+02 1.231788079470198625e+02
1.254238410596026512e+02 1.255430463576158928e+02 1.235099337748344368e+02
1.252000000000000028e+02 1.253066666666666720e+02 1.235000000000000000e+02
1.251176470588235361e+02 1.252941176470588260e+02 1.233594771241830017e+02
1.250529801324503296e+02 1.252052980132450273e+02 1.233973509933774864e+02
1.252565789473684248e+02 1.249736842105263150e+02 1.232828947368421098e+02
1.251776315789473699e+02 1.248486842105263150e+02 1.233421052631578902e+02
1.251266666666666652e+02 1.248733333333333348e+02 1.234399999999999977e+02
1.251372549019607874e+02 1.249803921568627487e+02 1.233660130718954235e+02
1.251372549019607874e+02 1.250784313725490193e+02 1.233594771241830017e+02
1.251052631578947398e+02 1.250460526315789451e+02 1.233552631578947398e+02
1.252800000000000011e+02 1.249800000000000040e+02 1.232133333333333383e+02
1.252368421052631646e+02 1.251118421052631646e+02 1.231118421052631646e+02
1.252251655629139009e+02 1.250000000000000000e+02 1.230728476821192032e+02
1.252894736842105203e+02 1.248486842105263150e+02 1.230131578947368354e+02
1.253782051282051242e+02 1.251602564102564088e+02 1.228717948717948758e+02
1.253178807947019919e+02 1.251655629139072801e+02 1.228675496688741759e+02
1.253725490196078454e+02 1.251111111111111143e+02 1.226732026143790790e+02
1.251533333333333360e+02 1.252399999999999949e+02 1.227133333333333383e+02
1.251883116883116855e+02 1.253896103896103966e+02 1.225974025974025921e+02
1.252266666666666737e+02 1.254666666666666686e+02 1.226133333333333297e+02
1.251437908496732092e+02 1.254640522875816941e+02 1.227516339869280984e+02
1.251266666666666652e+02 1.254200000000000017e+02 1.227000000000000028e+02
1.250714285714285694e+02 1.255519480519480453e+02 1.226363636363636402e+02
1.249411764705882320e+02 1.254183006535947698e+02 1.226993464052287521e+02
1.248823529411764639e+02 1.254705882352941160e+02 1.227385620915032689e+02
1.248376623376623371e+02 1.253701298701298725e+02 1.227987012987013031e+02
1.249668874172185440e+02 1.253907284768211952e+02 1.227350993377483377e+02
1.249932885906040241e+02 1.253422818791946298e+02 1.225771812080536876e+02
1.250533333333333275e+02 1.252666666666666657e+02 1.224333333333333371e+02
1.249733333333333292e+02 1.252733333333333263e+02 1.225199999999999960e+02
1.250000000000000000e+02 1.252297297297297263e+02 1.225135135135135158e+02
1.250588235294117680e+02 1.251111111111111143e+02 1.224836601307189596e+02
1.251513157894736850e+02 1.251644736842105203e+02 1.224144736842105203e+02
1.253108108108108070e+02 1.250472972972972912e+02 1.223445945945945965e+02
1.253154362416107404e+02 1.250335570469798654e+02 1.223422818791946298e+02
1.252251655629139009e+02 1.251059602649006592e+02 1.222251655629139009e+02
1.252516129032258050e+02 1.251096774193548384e+02 1.221354838709677466e+02
1.251633986928104605e+02 1.251895424836601336e+02 1.220392156862745168e+02
1.251854304635761537e+02 1.250728476821192032e+02 1.220728476821192032e+02
1.252631578947368354e+02 1.249473684210526301e+02 1.222039473684210549e+02
1.252582781456953711e+02 1.249668874172185440e+02 1.222516556291390799e+02
1.251830065359477118e+02 1.250000000000000000e+02 1.221960784313725554e+02
1.251184210526315752e+02 1.250921052631578902e+02 1.220131578947368354e+02
1.251710526315789451e+02 1.249605263157894797e+02 1.221315789473684248e+02
1.252077922077922096e+02 1.250259740259740227e+02 1.221233766233766289e+02
1.252597402597402549e+02 1.250714285714285694e+02 1.220194805194805241e+02
1.253046357615894095e+02 1.249072847682119232e+02 1.219602649006622528e+02
1.250632911392405049e+02 1.247531645569620196e+02 1.219746835443038009e+02
1.250657894736842053e+02 1.245657894736842053e+02 1.220526315789473699e+02
1.248933333333333309e+02 1.245933333333333337e+02 1.219200000000000017e+02
1.249668874172185440e+02 1.246754966887417169e+02 1.218609271523178847e+02
1.248258064516129053e+02 1.246387096774193566e+02 1.220129032258064541e+02
1.248859060402684520e+02 1.245973154362416153e+02 1.220067114093959759e+02
1.248289473684210549e+02 1.245460526315789451e+02 1.220526315789473699e+02
1.248807947019867584e+02 1.247350993377483377e+02 1.219933774834437088e+02
1.248235294117647101e+02 1.246928104575163445e+02 1.220718954248365975e+02
1.249090909090909065e+02 1.245324675324675354e+02 1.220649350649350708e+02
1.248684210526315752e+02 1.244276315789473699e+02 1.220921052631578902e+02
1.248079470198675551e+02 1.243443708609271567e+02 1.222052980132450273e+02
1.248120805369127453e+02 1.243355704697986539e+02 1.222617449664429472e+02
1.248333333333333286e+02 1.242800000000000011e+02 1.222666666666666657e+02
1.248581081081081123e+02 1.241824324324324351e+02 1.223581081081081123e+02
1.249000000000000057e+02 1.242133333333333383e+02 1.223133333333333326e+02
1.248145695364238463e+02 1.242185430463576097e+02 1.223443708609271567e+02
1.248926174496644279e+02 1.240201342281879135e+02 1.223288590604026780e+02
1.249605263157894797e+02 1.240657894736842053e+02 1.222500000000000000e+02
1.248791946308724903e+02 1.240872483221476443e+02 1.222885906040268509e+02
1.250529801324503296e+02 1.241059602649006592e+02 1.222119205298013185e+02
1.248376623376623371e+02 1.239870129870129887e+02 1.220974025974025921e+02
1.248300653594771177e+02 1.239084967320261370e+02 1.223137254901960773e+02
1.248322147651006730e+02 1.238322147651006730e+02 1.222953020134228126e+02
1.247919463087248317e+02 1.237382550335570528e+02 1.222818791946308750e+02
1.249346405228758101e+02 1.238300653594771177e+02 1.223856209150326748e+02
1.248993288590604038e+02 1.237248322147651010e+02 1.224228187919463124e+02
1.250466666666666669e+02 1.235666666666666629e+02 1.223933333333333309e+02
1.251866666666666674e+02 1.235999999999999943e+02 1.224333333333333371e+02
1.249599999999999937e+02 1.235400000000000063e+02 1.223399999999999892e+02
1.250999999999999943e+02 1.233266666666666680e+02 1.224266666666666623e+02
1.250738255033557067e+02 1.233489932885906057e+02 1.224832214765100673e+02
1.250331125827814560e+02 1.232384105960264833e+02 1.223708609271523216e+02
1.250130718954248437e+02 1.231699346405228823e+02 1.223529411764705941e+02
1.249473684210526301e+02 1.231381578947368354e+02 1.224276315789473699e+02
1.248013245033112639e+02 1.231456953642384065e+02 1.224039735099337776e+02
1.247880794701986815e+02 1.232781456953642447e+02 1.224238410596026512e+02
1.247466666666666697e+02 1.231266666666666652e+02 1.223599999999999994e+02
1.248211920529801375e+02 1.232251655629139009e+02 1.223841059602649040e+02
1.249533333333333331e+02 1.233599999999999994e+02 1.223733333333333348e+02
1.250584415584415581e+02 1.234025974025974079e+02 1.222922077922077904e+02
1.250000000000000000e+02 1.233921568627450966e+02 1.223790849673202672e+02
1.249407894736842053e+02 1.231315789473684248e+02 1.223618421052631646e+02
1.247583892617449663e+02 1.231140939597315480e+02 1.223892617449664471e+02
1.247199999999999989e+02 1.230000000000000000e+02 1.225133333333333354e+02
1.248523489932885866e+02 1.229060402684563797e+02 1.225234899328859086e+02
1.248169934640522882e+02 1.229281045751634025e+02 1.223986928104575185e+02
1.247532467532467564e+02 1.227272727272727337e+02 1.223896103896103966e+02
1.247399999999999949e+02 1.226599999999999966e+02 1.223066666666666720e+02
1.246333333333333400e+02 1.226333333333333400e+02 1.221466666666666612e+02
1.245194805194805241e+02 1.226948051948051983e+02 1.221103896103896034e+02
1.245751633986928084e+02 1.226993464052287521e+02 1.222745098039215748e+02
1.245394736842105203e+02 1.228223684210526301e+02 1.221842105263157947e+02
1.245099337748344368e+02 1.226953642384105905e+02 1.222913907284768271e+02
1.245533333333333275e+02 1.227666666666666657e+02 1.221666666666666714e+02
1.247086092715231729e+02 1.228609271523178847e+02 1.220596026490066208e+02
1.247333333333333343e+02 1.228599999999999994e+02 1.219533333333333331e+02
1.247635135135135158e+02 1.229729729729729684e+02 1.219662162162162105e+02
1.246862745098039227e+02 1.230653594771241899e+02 1.220915032679738630e+02
1.247399999999999949e+02 1.230533333333333275e+02 1.220799999999999983e+02
1.246428571428571388e+02 1.229675324675324646e+02 1.220324675324675354e+02
1.247039473684210549e+02 1.229013157894736850e+02 1.220723684210526301e+02
1.247583892617449663e+02 1.228791946308724903e+02 1.220469798657718172e+02
1.246933333333333280e+02 1.230533333333333275e+02 1.219266666666666623e+02
1.247615894039735167e+02 1.230728476821192032e+02 1.218940397350993408e+02
1.247986577181208077e+02 1.228993288590604038e+02 1.218590604026845625e+02
1.246405228758169983e+02 1.228758169934640563e+02 1.217843137254901933e+02
1.245649350649350708e+02 1.227727272727272663e+02 1.218051948051948017e+02
1.244967320261437891e+02 1.226013071895424815e+02 1.218169934640522882e+02
1.244090909090909065e+02 1.225000000000000000e+02 1.218376623376623371e+02
1.244220779220779178e+02 1.224610389610389660e+02 1.216948051948051983e+02
1.244533333333333331e+02 1.224200000000000017e+02 1.217999999999999972e+02
1.245810810810810807e+02 1.223445945945945965e+02 1.218175675675675649e+02
1.247124183006535958e+02 1.222287581699346362e+02 1.217973856209150370e+02
1.247417218543046289e+02 1.221125827814569504e+02 1.216887417218542993e+02
1.246602564102564088e+02 1.220192307692307736e+02 1.217628205128205110e+02
1.246026490066225136e+02 1.220463576158940384e+02 1.217814569536423903e+02
1.247012987012986969e+02 1.217402597402597451e+02 1.217662337662337677e+02
1.247947019867549727e+02 1.216754966887417169e+02 1.217748344370860991e+02
1.248543046357615935e+02 1.216423841059602609e+02 1.218079470198675551e+02
1.248211920529801375e+02 1.215033112582781456e+02 1.217682119205298079e+02
1.247266666666666737e+02 1.216933333333333280e+02 1.218133333333333326e+02
1.248599999999999994e+02 1.214333333333333371e+02 1.218733333333333348e+02
1.249800000000000040e+02 1.213799999999999955e+02 1.219266666666666623e+02
1.252236842105263150e+02 1.214144736842105203e+02 1.219868421052631646e+02
1.252500000000000000e+02 1.215657894736842053e+02 1.219144736842105203e+02
1.253178807947019919e+02 1.214304635761589424e+02 1.219933774834437088e+02
1.252866666666666617e+02 1.213400000000000034e+02 1.220600000000000023e+02
1.252207792207792210e+02 1.212727272727272663e+02 1.221363636363636402e+02
1.253245033112582831e+02 1.213112582781456865e+02 1.220331125827814560e+02
1.253666666666666600e+02 1.215133333333333354e+02 1.219466666666666725e+02
1.254640522875816941e+02 1.213725490196078454e+02 1.219869281045751563e+02
1.254415584415584419e+02 1.211688311688311757e+02 1.221753246753246742e+02
1.255526315789473699e+02 1.211052631578947398e+02 1.221578947368421098e+02
1.254228187919463124e+02 1.210067114093959759e+02 1.220402684563758413e+02
1.254933333333333394e+02 1.209266666666666623e+02 1.221533333333333360e+02
1.254210526315789451e+02 1.209078947368421098e+02 1.221118421052631646e+02
1.254000000000000057e+02 1.209200000000000017e+02 1.220600000000000023e+02
1.253725490196078454e+02 1.210065359477124218e+02 1.219607843137254832e+02
1.254121621621621614e+02 1.209797297297297263e+02 1.219459459459459509e+02
1.253907284768211952e+02 1.210662251655629120e+02 1.220529801324503296e+02
1.254533333333333331e+02 1.210799999999999983e+02 1.220199999999999960e+02
