1.280399999999999920e+02 1.279533333333333331e+02 1.264933333333333394e+02
1.281025641025641164e+02 1.278782051282051242e+02 1.264551282051282044e+02
1.281764705882353041e+02 1.276405228758169983e+02 1.264967320261437891e+02
1.280536912751677789e+02 1.275838926174496635e+02 1.264093959731543606e+02
1.279210526315789451e+02 1.274078947368421098e+02 1.263618421052631646e+02
1.279000000000000057e+02 1.273666666666666600e+02 1.263733333333333348e+02
1.278079470198675551e+02 1.272980132450331183e+02 1.264105960264900688e+02
1.278543046357615935e+02 1.275099337748344368e+02 1.265364238410596016e+02
1.277266666666666737e+02 1.274133333333333269e+02 1.263199999999999932e+02
1.277350993377483377e+02 1.272980132450331183e+02 1.264172185430463600e+02
1.278120805369127453e+02 1.273221476510067163e+02 1.264563758389261778e+02
1.279121621621621614e+02 1.274324324324324351e+02 1.265337837837837895e+02
1.279139072847682144e+02 1.274635761589403984e+02 1.263774834437086128e+02
1.279536423841059616e+02 1.274039735099337776e+02 1.262980132450331183e+02
1.279536423841059616e+02 1.273708609271523216e+02 1.262251655629139009e+02
1.280066666666666606e+02 1.274066666666666663e+02 1.263133333333333326e+02
1.279536423841059616e+02 1.274768211920529808e+02 1.262649006622516623e+02
1.279735099337748352e+02 1.275695364238410576e+02 1.260860927152317856e+02
1.277947019867549727e+02 1.275231788079470192e+02 1.260794701986754944e+02
1.278333333333333286e+02 1.273400000000000034e+02 1.261866666666666674e+02
1.280463576158940384e+02 1.273774834437086128e+02 1.260529801324503296e+02
1.281066666666666549e+02 1.272333333333333343e+02 1.259866666666666646e+02
1.280828025477707115e+02 1.271019108280254812e+02 1.259235668789808926e+02
1.281324503311258241e+02 1.273245033112582831e+02 1.259072847682119232e+02
1.280457516339869244e+02 1.274052287581699403e+02 1.257908496732026151e+02
1.281655629139072801e+02 1.273377483443708655e+02 1.258874172185430496e+02
1.282066666666666777e+02 1.273199999999999932e+02 1.259266666666666623e+02
1.281907894736842195e+02 1.271842105263157947e+02 1.258552631578947398e+02
1.281744966442952887e+02 1.272013422818791923e+02 1.258523489932885866e+02
1.283178807947019777e+02 1.270662251655629120e+02 1.259403973509933792e+02
1.284333333333333371e+02 1.270000000000000000e+02 1.258066666666666720e+02
1.284765100671141056e+02 1.270872483221476443e+02 1.256778523489932837e+02
1.285165562913907422e+02 1.271523178807946977e+02 1.257019867549668817e+02
1.284370860927152194e+02 1.270860927152317856e+02 1.257748344370860991e+02
1.283866666666666561e+02 1.270866666666666731e+02 1.256333333333333400e+02
1.283881578947368496e+02 1.270460526315789451e+02 1.258750000000000000e+02
1.283799999999999955e+02 1.271800000000000068e+02 1.259266666666666623e+02
1.284144736842105203e+02 1.269934210526315752e+02 1.259078947368421098e+02
1.284935064935064872e+02 1.269740259740259773e+02 1.258896103896103966e+02
1.284600000000000080e+02 1.268799999999999955e+02 1.257866666666666617e+02
1.284407894736842195e+02 1.270263157894736850e+02 1.258355263157894797e+02
1.284600000000000080e+02 1.270400000000000063e+02 1.257266666666666737e+02
1.284066666666666663e+02 1.271466666666666612e+02 1.257066666666666634e+02
1.283841059602648897e+02 1.270860927152317856e+02 1.258476821192053023e+02
1.284248366013071916e+02 1.270261437908496731e+02 1.258366013071895395e+02
1.283509933774834337e+02 1.269668874172185440e+02 1.258079470198675551e+02
1.281866666666666674e+02 1.269533333333333331e+02 1.258799999999999955e+02
1.282483221476510096e+02 1.269463087248322211e+02 1.258926174496644279e+02
1.282500000000000000e+02 1.269391891891891930e+02 1.258581081081081123e+02
1.281266666666666652e+02 1.271533333333333360e+02 1.257800000000000011e+02
1.280999999999999943e+02 1.271866666666666674e+02 1.257199999999999989e+02
1.280263157894736707e+02 1.271907894736842053e+02 1.257039473684210549e+02
1.279731543624161105e+02 1.271946308724832164e+02 1.257852348993288558e+02
1.278838709677419416e+02 1.273290322580645153e+02 1.257225806451612868e+02
1.277933333333333366e+02 1.273266666666666680e+02 1.256933333333333280e+02
1.278461538461538396e+02 1.273974358974358978e+02 1.256666666666666714e+02
1.277866666666666617e+02 1.273533333333333388e+02 1.257800000000000011e+02
1.277320261437908471e+02 1.273202614379084991e+02 1.257450980392156907e+02
1.276291390728476784e+02 1.274105960264900688e+02 1.258278145695364287e+02
1.276800000000000068e+02 1.274399999999999977e+02 1.258333333333333286e+02
1.276953642384105905e+02 1.274172185430463600e+02 1.258609271523178847e+02
1.277666666666666657e+02 1.274800000000000040e+02 1.258799999999999955e+02
1.277770270270270316e+02 1.273378378378378386e+02 1.258986486486486456e+02
1.277999999999999972e+02 1.271733333333333320e+02 1.259533333333333331e+02
1.277748344370860991e+02 1.270529801324503296e+02 1.260000000000000000e+02
1.277133333333333383e+02 1.269933333333333394e+02 1.260333333333333314e+02
1.278410596026490111e+02 1.268807947019867584e+02 1.260000000000000000e+02
1.279205298013245056e+02 1.269337748344370880e+02 1.259470198675496704e+02
1.278344370860927199e+02 1.269933774834437088e+02 1.260331125827814560e+02
1.277973856209150370e+02 1.269803921568627487e+02 1.260915032679738630e+02
1.278476821192053023e+02 1.269470198675496704e+02 1.261192052980132416e+02
1.278881578947368354e+02 1.269539473684210549e+02 1.261513157894736850e+02
1.278881578947368354e+02 1.269078947368421098e+02 1.261776315789473699e+02
1.279266666666666623e+02 1.268333333333333286e+02 1.261466666666666612e+02
1.279395973154362451e+02 1.269530201342281828e+02 1.262751677852348990e+02
1.278823529411764639e+02 1.269542483660130756e+02 1.261372549019607874e+02
1.278421052631578902e+02 1.269605263157894797e+02 1.260065789473684248e+02
1.278300653594771177e+02 1.269477124183006538e+02 1.260000000000000000e+02
1.277666666666666657e+02 1.269200000000000017e+02 1.260533333333333275e+02
1.278079470198675551e+02 1.269006622516556320e+02 1.258741721854304672e+02
1.277763157894736850e+02 1.269802631578947398e+02 1.257960526315789451e+02
1.279200000000000017e+02 1.269000000000000057e+02 1.257800000000000011e+02
1.279285714285714306e+02 1.270064935064935128e+02 1.257207792207792210e+02
1.278543046357615935e+02 1.270397350993377472e+02 1.256754966887417169e+02
1.277402597402597451e+02 1.270259740259740227e+02 1.257012987012986969e+02
1.276283783783783718e+02 1.270135135135135158e+02 1.256486486486486456e+02
1.277533333333333303e+02 1.270000000000000000e+02 1.254733333333333292e+02
1.277697368421052602e+02 1.268815789473684248e+02 1.253355263157894797e+02
1.277682119205298079e+02 1.268940397350993408e+02 1.253509933774834479e+02
1.277973856209150370e+02 1.268888888888888857e+02 1.254836601307189596e+02
1.277651006711409423e+02 1.268523489932885866e+02 1.255973154362416153e+02
1.276666666666666714e+02 1.268266666666666680e+02 1.256266666666666652e+02
1.276842105263157947e+02 1.268881578947368354e+02 1.254342105263157947e+02
1.277218543046357553e+02 1.268211920529801375e+02 1.253509933774834479e+02
1.276666666666666714e+02 1.267866666666666617e+02 1.252133333333333383e+02
1.275733333333333377e+02 1.268866666666666703e+02 1.251866666666666674e+02
1.276710526315789451e+02 1.268486842105263150e+02 1.252697368421052602e+02
1.276733333333333320e+02 1.268533333333333388e+02 1.252600000000000051e+02
1.278026315789473699e+02 1.268223684210526301e+02 1.252368421052631646e+02
1.277417218543046289e+02 1.267682119205298079e+02 1.250860927152317856e+02
1.276933333333333280e+02 1.268133333333333326e+02 1.251599999999999966e+02
1.276933333333333280e+02 1.269133333333333269e+02 1.250199999999999960e+02
1.277000000000000028e+02 1.270000000000000000e+02 1.249333333333333371e+02
1.277114093959731491e+02 1.270604026845637549e+02 1.248523489932885866e+02
1.277483443708609343e+02 1.270860927152317856e+02 1.248145695364238463e+02
1.277266666666666737e+02 1.270333333333333314e+02 1.247600000000000051e+02
1.276513157894736850e+02 1.270065789473684248e+02 1.248486842105263150e+02
1.276315789473684248e+02 1.269802631578947398e+02 1.248289473684210549e+02
1.276578947368421098e+02 1.271184210526315752e+02 1.248947368421052602e+02
1.275999999999999943e+02 1.270533333333333275e+02 1.248533333333333388e+02
1.275231788079470192e+02 1.271721854304635713e+02 1.248609271523178847e+02
1.275133333333333354e+02 1.271133333333333297e+02 1.248266666666666680e+02
1.273533333333333388e+02 1.269800000000000040e+02 1.248066666666666720e+02
1.274671052631578902e+02 1.269802631578947398e+02 1.248947368421052602e+02
1.273311258278145743e+02 1.269668874172185440e+02 1.249337748344370880e+02
1.272133333333333383e+02 1.270533333333333275e+02 1.248733333333333348e+02
1.272302631578947398e+02 1.271315789473684248e+02 1.247697368421052602e+02
1.273066666666666720e+02 1.271066666666666691e+02 1.249666666666666686e+02
1.273137254901960773e+02 1.271372549019607874e+02 1.250718954248365975e+02
1.273246753246753258e+02 1.270844155844155807e+02 1.249675324675324646e+02
1.274800000000000040e+02 1.269866666666666646e+02 1.248599999999999994e+02
1.275228758169934622e+02 1.269673202614379051e+02 1.247516339869280984e+02
1.275827814569536400e+02 1.270000000000000000e+02 1.247682119205298079e+02
1.274966887417218544e+02 1.270132450331125824e+02 1.249337748344370880e+02
1.275999999999999943e+02 1.269333333333333371e+02 1.250000000000000000e+02
1.275519480519480453e+02 1.270649350649350708e+02 1.249870129870129887e+02
1.275761589403973488e+02 1.270728476821192032e+02 1.250397350993377472e+02
1.275033112582781456e+02 1.270794701986754944e+02 1.250000000000000000e+02
1.275394736842105203e+02 1.272500000000000000e+02 1.250328947368421098e+02
1.275629139072847664e+02 1.272052980132450273e+02 1.250927152317880768e+02
1.276013513513513544e+02 1.272364864864864842e+02 1.250810810810810807e+02
1.276666666666666714e+02 1.271266666666666652e+02 1.252733333333333263e+02
1.278066666666666720e+02 1.270999999999999943e+02 1.255600000000000023e+02
1.277218543046357553e+02 1.270927152317880768e+02 1.255695364238410576e+02
1.276241610738255048e+02 1.271409395973154375e+02 1.256375838926174566e+02
1.276754966887417169e+02 1.271324503311258241e+02 1.255562913907284752e+02
1.275947712418300597e+02 1.272091503267973849e+02 1.255163398692810404e+02
1.275065789473684248e+02 1.272039473684210549e+02 1.255328947368421098e+02
1.275695364238410576e+02 1.271523178807946977e+02 1.255364238410596016e+02
1.277278911564625901e+02 1.271224489795918373e+02 1.255102040816326507e+02
1.276959459459459509e+02 1.270540540540540491e+02 1.254662162162162105e+02
1.277894736842105203e+02 1.269605263157894797e+02 1.255789473684210549e+02
1.277565789473684248e+02 1.269407894736842053e+02 1.256184210526315752e+02
1.277828947368421098e+02 1.267631578947368354e+02 1.256250000000000000e+02
1.277651006711409423e+02 1.266442953020134183e+02 1.256174496644295289e+02
1.277785234899328799e+02 1.266308724832214807e+02 1.256241610738255048e+02
1.276842105263157947e+02 1.267171052631578902e+02 1.257302631578947398e+02
1.277891156462585087e+02 1.266122448979591866e+02 1.257414965986394577e+02
1.277012987012986969e+02 1.266753246753246742e+02 1.257402597402597451e+02
1.276405228758169983e+02 1.266405228758169983e+02 1.257320261437908471e+02
1.276866666666666674e+02 1.266666666666666714e+02 1.258199999999999932e+02
1.277417218543046289e+02 1.266754966887417169e+02 1.257152317880794641e+02
1.277682119205298079e+02 1.266556291390728433e+02 1.257152317880794641e+02
1.276322580645161224e+02 1.266451612903225765e+02 1.255806451612903203e+02
1.277086092715231729e+02 1.266158940397350960e+02 1.255364238410596016e+02
1.278120805369127453e+02 1.264966442953020191e+02 1.255771812080536876e+02
1.276866666666666674e+02 1.267066666666666634e+02 1.256133333333333297e+02
1.276907894736842053e+02 1.267236842105263150e+02 1.255592105263157947e+02
1.277852348993288558e+02 1.266375838926174566e+02 1.254563758389261778e+02
1.278799999999999955e+02 1.265799999999999983e+02 1.254933333333333394e+02
1.278599999999999994e+02 1.264599999999999937e+02 1.255066666666666606e+02
1.277866666666666617e+02 1.264466666666666725e+02 1.254800000000000040e+02
1.278684210526315752e+02 1.262960526315789451e+02 1.256710526315789451e+02
1.278322147651006730e+02 1.262550335570469855e+02 1.256577181208053702e+02
1.278079470198675551e+02 1.261920529801324449e+02 1.257152317880794641e+02
1.278599999999999994e+02 1.260400000000000063e+02 1.258133333333333326e+02
1.279399999999999977e+02 1.261133333333333297e+02 1.259000000000000057e+02
1.280399999999999920e+02 1.262999999999999972e+02 1.258933333333333309e+02
1.279466666666666725e+02 1.262466666666666697e+02 1.260000000000000000e+02
1.278733333333333348e+02 1.262466666666666697e+02 1.261133333333333297e+02
1.277152317880794641e+02 1.261523178807946977e+02 1.261456953642384065e+02
1.278741721854304672e+02 1.261920529801324449e+02 1.261456953642384065e+02
1.278333333333333286e+02 1.261599999999999966e+02 1.260866666666666731e+02
1.278157894736842053e+02 1.260789473684210549e+02 1.262763157894736850e+02
1.278187919463087212e+02 1.261812080536912788e+02 1.262684563758389231e+02
1.277483443708609201e+02 1.261258278145695328e+02 1.263443708609271567e+02
1.277549668874172255e+02 1.261655629139072801e+02 1.264238410596026512e+02
1.276733333333333320e+02 1.262000000000000028e+02 1.264266666666666623e+02
1.277549668874172255e+02 1.261589403973509889e+02 1.264569536423841072e+02
1.276577181208053702e+02 1.261543624161073893e+02 1.265033557046979809e+02
1.275897435897435912e+02 1.263589743589743648e+02 1.263910256410256352e+02
1.277171052631578902e+02 1.264013157894736850e+02 1.263618421052631646e+02
1.276711409395973220e+02 1.264161073825503365e+02 1.264899328859060432e+02
1.276797385620915009e+02 1.263921568627450966e+02 1.265163398692810404e+02
1.278133333333333326e+02 1.265266666666666708e+02 1.265533333333333275e+02
1.277748344370860991e+02 1.264569536423841072e+02 1.265496688741721840e+02
1.278933333333333309e+02 1.264200000000000017e+02 1.264866666666666646e+02
1.278552631578947398e+02 1.265328947368421098e+02 1.265065789473684248e+02
1.278421052631578902e+02 1.265657894736842053e+02 1.266052631578947398e+02
1.277615894039735167e+02 1.265960264900662224e+02 1.265099337748344368e+02
1.276405228758169983e+02 1.266732026143790790e+02 1.264771241830065378e+02
1.277382550335570528e+02 1.266040268456375770e+02 1.264295302013422884e+02
1.277583892617449663e+02 1.264765100671140914e+02 1.264496644295302019e+02
1.278400000000000034e+02 1.264066666666666663e+02 1.265666666666666629e+02
1.276891891891891930e+02 1.263986486486486456e+02 1.267432432432432421e+02
1.277434210526315752e+02 1.263486842105263150e+02 1.267171052631578902e+02
1.277417218543046289e+02 1.263907284768211952e+02 1.267814569536423903e+02
1.277866666666666617e+02 1.263733333333333348e+02 1.268666666666666600e+02
1.278766233766233711e+02 1.263181818181818130e+02 1.268441558441558499e+02
1.278562091503267908e+02 1.262679738562091529e+02 1.268366013071895395e+02
1.277935483870967772e+02 1.262709677419354790e+02 1.267999999999999972e+02
1.279271523178807968e+02 1.261589403973509889e+02 1.268543046357615935e+02
1.278609271523178847e+02 1.261589403973509889e+02 1.268675496688741759e+02
1.277733333333333263e+02 1.261200000000000045e+02 1.268133333333333326e+02
1.276225165562913872e+02 1.261192052980132416e+02 1.268278145695364287e+02
1.276174496644295289e+02 1.261476510067114134e+02 1.270000000000000000e+02
1.275866666666666731e+02 1.261466666666666612e+02 1.270266666666666708e+02
1.277266666666666737e+02 1.261133333333333297e+02 1.268400000000000034e+02
1.278255033557046971e+02 1.260134228187919518e+02 1.267718120805369182e+02
1.279452054794520564e+02 1.260342465753424648e+02 1.269589041095890423e+02
1.279536423841059616e+02 1.261854304635761537e+02 1.270264900662251648e+02
1.280201342281879135e+02 1.262416107382550337e+02 1.269530201342281828e+02
1.279466666666666725e+02 1.262800000000000011e+02 1.268466666666666640e+02
1.280131578947368496e+02 1.263026315789473699e+02 1.270000000000000000e+02
1.279869281045751563e+02 1.263594771241830017e+02 1.269215686274509807e+02
1.278733333333333348e+02 1.260133333333333354e+02 1.268133333333333326e+02
1.278079470198675551e+02 1.259337748344370880e+02 1.269337748344370880e+02
1.277919463087248317e+02 1.259194630872483174e+02 1.270469798657718172e+02
1.278053691275167836e+02 1.259395973154362451e+02 1.271476510067114134e+02
1.277189542483660176e+02 1.260392156862745168e+02 1.271437908496732092e+02
1.274569536423841072e+02 1.261721854304635713e+02 1.270331125827814560e+02
1.274870129870129887e+02 1.262142857142857082e+02 1.270129870129870113e+02
1.276308724832214807e+02 1.261073825503355721e+02 1.270000000000000000e+02
1.276066666666666691e+02 1.258666666666666600e+02 1.271266666666666652e+02
1.277266666666666737e+02 1.257333333333333343e+02 1.271133333333333297e+02
1.277516339869280984e+02 1.257385620915032689e+02 1.272156862745098067e+02
1.278344370860927199e+02 1.259139072847682144e+02 1.272980132450331183e+02
1.277516339869280984e+02 1.259019607843137294e+02 1.274117647058823479e+02
1.277866666666666617e+02 1.260266666666666708e+02 1.275600000000000023e+02
1.277828947368421098e+02 1.260328947368421098e+02 1.275197368421052602e+02
1.276948051948051983e+02 1.260454545454545467e+02 1.275584415584415581e+02
1.275973154362416153e+02 1.263020134228187885e+02 1.275167785234899327e+02
1.276688311688311757e+02 1.263766233766233711e+02 1.275454545454545467e+02
1.277066666666666634e+02 1.263666666666666600e+02 1.275933333333333337e+02
1.276821192052980081e+02 1.264370860927152336e+02 1.276225165562913872e+02
1.276447368421052602e+02 1.263552631578947398e+02 1.277697368421052602e+02
1.275909090909090935e+02 1.264740259740259773e+02 1.278116883116883145e+02
1.277718120805369182e+02 1.264697986577181155e+02 1.279194630872483174e+02
1.277986577181208077e+02 1.265234899328859086e+02 1.278322147651006730e+02
1.279054054054054035e+02 1.265945945945945965e+02 1.279189189189189193e+02
1.279865771812080482e+02 1.267181208053691250e+02 1.279060402684563797e+02
1.280600000000000023e+02 1.266800000000000068e+02 1.278733333333333348e+02
1.279200000000000017e+02 1.268866666666666703e+02 1.277333333333333343e+02
1.277533333333333303e+02 1.271066666666666691e+02 1.276466666666666612e+02
1.278766233766233711e+02 1.271103896103896034e+02 1.277272727272727337e+02
1.277266666666666737e+02 1.270866666666666731e+02 1.277399999999999949e+02
1.277800000000000011e+02 1.269266666666666623e+02 1.278733333333333348e+02
1.277666666666666657e+02 1.269399999999999977e+02 1.280266666666666708e+02
1.277516778523489904e+02 1.269395973154362451e+02 1.281073825503355579e+02
1.278278145695364287e+02 1.270198675496688736e+02 1.281721854304635713e+02
1.277266666666666737e+02 1.270533333333333275e+02 1.281266666666666652e+02
1.276066666666666691e+02 1.269733333333333292e+02 1.281399999999999864e+02
1.275466666666666669e+02 1.269266666666666623e+02 1.281666666666666572e+02
1.275855263157894797e+02 1.270526315789473699e+02 1.281776315789473699e+02
1.277385620915032689e+02 1.269673202614379051e+02 1.281830065359477260e+02
1.278013245033112639e+02 1.268675496688741759e+02 1.281324503311258241e+02
1.276580645161290306e+02 1.267677419354838690e+02 1.282193548387096769e+02
1.277315436241610769e+02 1.267516778523489904e+02 1.282684563758389231e+02
1.278503401360544274e+02 1.267959183673469425e+02 1.283537414965986443e+02
1.277631578947368354e+02 1.267763157894736850e+02 1.283552631578947398e+02
1.276622516556291345e+02 1.269933774834437088e+02 1.283178807947019777e+02
1.277207792207792210e+02 1.270714285714285694e+02 1.283311688311688386e+02
1.275894039735099312e+02 1.269735099337748352e+02 1.283774834437085985e+02
1.275000000000000000e+02 1.269480519480519547e+02 1.283831168831168839e+02
1.273986928104575185e+02 1.269346405228758101e+02 1.283725490196078454e+02
1.273733333333333348e+02 1.269333333333333371e+02 1.284199999999999875e+02
1.274407894736842053e+02 1.269210526315789451e+02 1.285263157894736707e+02
1.273533333333333388e+02 1.271800000000000068e+02 1.284466666666666583e+02
1.275032679738562109e+02 1.271633986928104605e+02 1.284509803921568505e+02
1.275033112582781456e+02 1.272185430463576097e+02 1.284304635761589282e+02
1.275695364238410576e+02 1.272251655629139009e+02 1.283774834437085985e+02
1.275771812080536876e+02 1.273691275167785193e+02 1.283624161073825576e+02
1.274802631578947398e+02 1.272105263157894797e+02 1.283552631578947398e+02
1.275333333333333314e+02 1.271066666666666691e+02 1.283199999999999932e+02
1.275894039735099312e+02 1.271258278145695328e+02 1.283642384105960161e+02
1.277666666666666657e+02 1.271200000000000045e+02 1.282599999999999909e+02
1.276225165562913872e+02 1.271721854304635713e+02 1.282251655629139009e+02
1.276533333333333360e+02 1.271733333333333320e+02 1.281533333333333360e+02
1.275947712418300597e+02 1.270588235294117680e+02 1.281699346405228823e+02
1.275789473684210549e+02 1.272171052631578902e+02 1.283026315789473699e+02
1.275947712418300597e+02 1.272614379084967311e+02 1.283071895424836555e+02
1.275761589403973488e+02 1.272516556291390799e+02 1.283377483443708513e+02
1.275866666666666731e+02 1.273599999999999994e+02 1.283933333333333451e+02
1.276821192052980081e+02 1.274172185430463600e+02 1.283708609271523073e+02
1.276887417218542993e+02 1.274966887417218544e+02 1.283973509933774722e+02
1.276375838926174566e+02 1.274899328859060432e+02 1.284161073825503365e+02
1.275400000000000063e+02 1.275866666666666731e+02 1.284466666666666583e+02
1.274295302013422884e+02 1.277114093959731491e+02 1.285369127516778462e+02
1.273750000000000000e+02 1.275921052631578902e+02 1.285394736842105203e+02
1.273733333333333348e+02 1.276333333333333400e+02 1.285000000000000000e+02
1.274105960264900688e+02 1.276423841059602609e+02 1.284900662251655490e+02
1.273181818181818130e+02 1.277467532467532436e+02 1.285000000000000000e+02
1.273223684210526301e+02 1.276644736842105203e+02 1.284736842105263293e+02
1.273959731543624230e+02 1.277315436241610769e+02 1.285100671140939710e+02
1.272533333333333303e+02 1.277199999999999989e+02 1.285000000000000000e+02
1.271133333333333297e+02 1.277666666666666657e+02 1.284666666666666686e+02
1.272500000000000000e+02 1.278618421052631646e+02 1.284671052631578902e+02
1.271721854304635713e+02 1.278741721854304672e+02 1.285562913907284894e+02
1.271866666666666674e+02 1.279200000000000017e+02 1.285666666666666629e+02
1.270866666666666731e+02 1.279200000000000017e+02 1.285066666666666606e+02
1.269411764705882320e+02 1.278496732026143832e+02 1.283594771241830017e+02
1.268940397350993408e+02 1.277218543046357553e+02 1.284437086092715106e+02
1.268421052631578902e+02 1.275723684210526301e+02 1.284342105263157805e+02
1.267466666666666697e+02 1.274933333333333394e+02 1.284666666666666686e+02
1.268053691275167694e+02 1.274899328859060432e+02 1.283154362416107404e+02
1.267500000000000000e+02 1.275460526315789451e+02 1.284013157894736707e+02
1.267697368421052602e+02 1.276118421052631646e+02 1.283552631578947398e+02
1.267350993377483377e+02 1.276026490066225136e+02 1.284701986754966754e+02
1.266447368421052602e+02 1.275263157894736850e+02 1.285394736842105203e+02
1.266241610738255048e+02 1.274697986577181155e+02 1.285369127516778462e+02
1.267320261437908471e+02 1.275816993464052302e+02 1.286209150326797328e+02
1.266891891891891930e+02 1.275000000000000000e+02 1.286689189189189051e+02
1.265503355704697981e+02 1.275973154362416153e+02 1.286845637583892596e+02
1.266558441558441501e+02 1.276103896103896034e+02 1.286948051948051841e+02
1.266933333333333280e+02 1.276133333333333297e+02 1.286733333333333462e+02
1.267814569536423903e+02 1.276688741721854257e+02 1.287682119205298079e+02
1.266754966887417169e+02 1.276556291390728433e+02 1.288079470198675551e+02
1.267666666666666657e+02 1.277199999999999989e+02 1.289066666666666663e+02
1.267066666666666634e+02 1.276133333333333297e+02 1.287199999999999989e+02
1.268926174496644279e+02 1.276510067114093943e+02 1.287516778523489904e+02
1.269000000000000057e+02 1.274666666666666686e+02 1.287466666666666697e+02
1.267947019867549727e+02 1.275629139072847664e+02 1.287019867549668959e+02
1.266423841059602609e+02 1.275165562913907280e+02 1.287880794701986815e+02
1.265466666666666669e+02 1.275133333333333354e+02 1.289066666666666663e+02
1.265294117647058840e+02 1.275620915032679790e+02 1.288235294117646959e+02
1.264967320261437891e+02 1.274836601307189596e+02 1.286405228758169983e+02
1.265723684210526301e+02 1.273815789473684248e+02 1.287763157894736707e+02
1.263933333333333309e+02 1.274133333333333269e+02 1.288400000000000034e+02
1.263266666666666680e+02 1.274466666666666725e+02 1.289333333333333371e+02
1.263422818791946298e+02 1.274161073825503365e+02 1.288322147651006730e+02
1.264671052631578902e+02 1.273881578947368354e+02 1.287500000000000000e+02
1.264473684210526301e+02 1.273289473684210549e+02 1.285921052631578902e+02
1.263443708609271567e+02 1.272649006622516623e+02 1.286092715231788191e+02
1.262980132450331183e+02 1.274238410596026512e+02 1.285099337748344510e+02
1.262251655629139009e+02 1.273973509933774864e+02 1.285894039735099454e+02
1.262666666666666657e+02 1.274733333333333292e+02 1.286666666666666572e+02
1.260921052631578902e+02 1.274539473684210549e+02 1.286578947368421098e+02
1.261250000000000000e+02 1.275526315789473699e+02 1.286710526315789593e+02
1.260596026490066208e+02 1.275695364238410576e+02 1.287086092715231871e+02
1.258974358974358978e+02 1.274551282051282044e+02 1.287756410256410220e+02
1.259013157894736850e+02 1.276381578947368354e+02 1.287631578947368496e+02
1.258733333333333348e+02 1.277133333333333383e+02 1.287533333333333303e+02
1.259933774834437088e+02 1.275827814569536400e+02 1.288211920529801375e+02
1.261315789473684248e+02 1.276315789473684248e+02 1.287302631578947398e+02
1.261315789473684248e+02 1.276184210526315752e+02 1.287828947368421098e+02
1.259139072847682144e+02 1.276291390728476784e+02 1.289403973509933792e+02
1.258733333333333348e+02 1.276599999999999966e+02 1.289000000000000057e+02
1.258421052631578902e+02 1.275855263157894797e+02 1.289605263157894797e+02
1.258211920529801375e+02 1.276158940397350960e+02 1.289668874172185440e+02
1.259205298013245056e+02 1.274966887417218544e+02 1.290993377483443680e+02
1.259333333333333371e+02 1.275600000000000023e+02 1.291533333333333360e+02
1.259533333333333331e+02 1.274133333333333269e+02 1.290866666666666731e+02
1.259668874172185440e+02 1.273841059602649040e+02 1.290132450331125824e+02
1.258410596026490111e+02 1.274701986754966896e+02 1.290529801324503296e+02
1.258169934640522882e+02 1.275098039215686327e+02 1.291699346405228823e+02
1.258701298701298725e+02 1.276103896103896034e+02 1.291493506493506516e+02
1.258255033557046971e+02 1.276979865771812115e+02 1.291073825503355579e+02
1.258657718120805384e+02 1.275704697986577116e+02 1.290536912751677789e+02
1.257615894039735167e+02 1.275827814569536400e+02 1.290596026490066208e+02
1.258266666666666680e+02 1.274800000000000040e+02 1.289799999999999898e+02
1.258533333333333388e+02 1.275733333333333377e+02 1.289266666666666765e+02
1.258145695364238463e+02 1.276887417218542993e+02 1.290132450331125824e+02
1.259133333333333269e+02 1.276400000000000006e+02 1.289199999999999875e+02
1.258466666666666640e+02 1.276333333333333400e+02 1.289600000000000080e+02
1.258933333333333309e+02 1.277133333333333383e+02 1.290333333333333314e+02
1.259342105263157947e+02 1.277631578947368354e+02 1.291250000000000000e+02
1.260993377483443680e+02 1.276887417218542993e+02 1.292649006622516481e+02
1.261466666666666612e+02 1.276800000000000068e+02 1.292800000000000011e+02
1.259800000000000040e+02 1.277333333333333343e+02 1.292266666666666595e+02
1.259866666666666646e+02 1.277999999999999972e+02 1.293266666666666538e+02
1.261342281879194616e+02 1.277516778523489904e+02 1.292885906040268367e+02
1.261342281879194616e+02 1.277516778523489904e+02 1.292953020134228268e+02
1.262000000000000028e+02 1.278199999999999932e+02 1.291933333333333280e+02
1.260666666666666629e+02 1.278333333333333286e+02 1.291866666666666674e+02
1.259144736842105203e+02 1.279210526315789451e+02 1.291578947368421098e+02
1.259671052631578902e+02 1.278618421052631646e+02 1.291315789473684106e+02
1.259805194805194759e+02 1.278051948051948017e+02 1.291363636363636260e+02
1.258636363636363598e+02 1.277857142857142918e+02 1.291038961038960906e+02
1.258799999999999955e+02 1.278066666666666720e+02 1.291133333333333439e+02
1.258609271523178847e+02 1.278675496688741759e+02 1.291854304635761537e+02
1.258701298701298725e+02 1.279870129870129887e+02 1.292597402597402549e+02
1.260335570469798654e+02 1.280000000000000000e+02 1.293624161073825576e+02
1.260326797385620949e+02 1.279477124183006538e+02 1.293398692810457646e+02
1.259342105263157947e+02 1.279210526315789451e+02 1.294144736842105203e+02
1.259798657718120865e+02 1.278993288590604038e+02 1.294026845637583847e+02
1.259333333333333371e+02 1.279399999999999977e+02 1.293866666666666561e+02
1.258791946308724903e+02 1.281342281879194616e+02 1.293288590604026922e+02
1.258533333333333388e+02 1.281399999999999864e+02 1.294133333333333269e+02
1.258724832214765144e+02 1.282348993288590577e+02 1.294093959731543748e+02
1.258791946308724903e+02 1.283288590604026922e+02 1.294765100671141056e+02
1.256973684210526301e+02 1.283026315789473699e+02 1.293947368421052602e+02
1.257046979865771874e+02 1.282617449664429614e+02 1.293624161073825576e+02
1.257272727272727337e+02 1.283506493506493484e+02 1.294350649350649292e+02
1.254473684210526301e+02 1.284342105263157805e+02 1.294144736842105203e+02
1.253066666666666720e+02 1.284666666666666686e+02 1.294333333333333371e+02
1.253355704697986539e+02 1.284429530201342402e+02 1.294899328859060290e+02
1.252105263157894797e+02 1.284407894736842195e+02 1.294013157894736707e+02
1.252147651006711442e+02 1.284295302013422884e+02 1.294899328859060290e+02
1.252866666666666617e+02 1.284600000000000080e+02 1.293733333333333348e+02
1.253866666666666703e+02 1.284399999999999977e+02 1.293533333333333246e+02
1.251655629139072801e+02 1.284238410596026370e+02 1.292980132450331041e+02
1.253066666666666720e+02 1.284799999999999898e+02 1.294266666666666765e+02
1.252702702702702737e+02 1.284729729729729684e+02 1.293581081081080981e+02
1.252582781456953711e+02 1.287019867549668959e+02 1.292516556291390657e+02
1.252368421052631646e+02 1.287171052631578902e+02 1.293355263157894797e+02
1.252450331125827745e+02 1.287218543046357695e+02 1.293642384105960161e+02
1.252933333333333366e+02 1.287066666666666777e+02 1.293000000000000114e+02
1.252941176470588260e+02 1.287516339869281126e+02 1.294248366013071916e+02
1.252500000000000000e+02 1.288289473684210407e+02 1.292565789473684106e+02
1.252913907284768271e+02 1.288675496688741759e+02 1.291589403973509889e+02
1.253355704697986539e+02 1.288926174496644421e+02 1.291275167785234999e+02
1.254238410596026512e+02 1.288278145695364287e+02 1.291258278145695328e+02
1.254666666666666686e+02 1.288933333333333451e+02 1.292199999999999989e+02
1.255199999999999960e+02 1.289199999999999875e+02 1.290333333333333314e+02
1.255973154362416153e+02 1.288926174496644421e+02 1.289798657718120865e+02
1.256078431372549034e+02 1.290718954248366117e+02 1.289542483660130756e+02
1.257414965986394577e+02 1.291428571428571388e+02 1.290748299319728005e+02
1.258079470198675551e+02 1.292119205298013185e+02 1.291523178807946977e+02
1.258410596026490111e+02 1.292582781456953569e+02 1.289735099337748352e+02
1.256821192052980081e+02 1.292317880794701921e+02 1.289801324503311264e+02
1.256644295302013461e+02 1.292214765100671059e+02 1.289463087248322211e+02
1.256470588235294059e+02 1.292745098039215748e+02 1.287973856209150370e+02
1.257199999999999989e+02 1.291333333333333258e+02 1.288066666666666720e+02
1.257973856209150370e+02 1.291437908496731950e+02 1.289281045751633883e+02
1.257947019867549727e+02 1.291523178807946977e+02 1.289735099337748352e+02
1.257682119205298079e+02 1.292185430463576097e+02 1.290000000000000000e+02
1.256266666666666652e+02 1.292666666666666799e+02 1.290000000000000000e+02
1.256291390728476784e+02 1.294834437086092578e+02 1.288741721854304672e+02
1.256400000000000006e+02 1.293400000000000034e+02 1.289333333333333371e+02
1.255761589403973488e+02 1.292450331125827745e+02 1.289403973509933792e+02
1.256174496644295289e+02 1.293221476510067021e+02 1.289395973154362309e+02
1.255197368421052602e+02 1.293684210526315894e+02 1.289342105263157805e+02
1.256466666666666612e+02 1.294399999999999977e+02 1.289399999999999977e+02
1.256092715231788048e+02 1.295099337748344510e+02 1.289403973509933792e+02
1.254342105263157947e+02 1.293684210526315894e+02 1.290065789473684106e+02
1.255570469798657740e+02 1.292281879194630960e+02 1.290335570469798654e+02
1.254133333333333269e+02 1.291999999999999886e+02 1.291666666666666572e+02
1.253684210526315752e+02 1.290855263157894797e+02 1.291973684210526301e+02
1.253108108108108070e+02 1.292770270270270316e+02 1.289797297297297405e+02
1.252582781456953711e+02 1.293178807947019777e+02 1.290596026490066208e+02
1.252800000000000011e+02 1.292466666666666697e+02 1.289866666666666788e+02
1.250653594771241899e+02 1.292418300653594656e+02 1.288954248366013076e+02
1.250723684210526301e+02 1.291973684210526301e+02 1.287565789473684106e+02
1.250264900662251648e+02 1.290993377483443680e+02 1.288874172185430496e+02
1.249530201342281828e+02 1.289060402684563655e+02 1.288322147651006730e+02
1.250067114093959759e+02 1.288993288590604038e+02 1.287382550335570386e+02
1.249391891891891930e+02 1.288716216216216139e+02 1.287702702702702595e+02
1.247612903225806491e+02 1.287806451612903231e+02 1.286903225806451587e+02
1.247218543046357553e+02 1.287814569536423903e+02 1.285562913907284894e+02
1.248431372549019613e+02 1.288431372549019613e+02 1.286013071895424957e+02
1.249530201342281828e+02 1.288322147651006730e+02 1.286308724832214807e+02
1.249733333333333292e+02 1.288799999999999955e+02 1.286200000000000045e+02
1.250451612903225822e+02 1.287419354838709751e+02 1.285806451612903345e+02
1.250405405405405475e+02 1.288040540540540633e+02 1.285472972972972912e+02
1.249671052631578902e+02 1.286644736842105203e+02 1.285394736842105203e+02
1.249733333333333292e+02 1.288000000000000114e+02 1.285200000000000102e+02
1.251208053691275097e+02 1.287852348993288558e+02 1.284832214765100673e+02
1.250588235294117680e+02 1.289542483660130756e+02 1.285555555555555429e+02
1.250533333333333275e+02 1.289199999999999875e+02 1.285733333333333235e+02
1.248599999999999994e+02 1.290733333333333235e+02 1.287400000000000091e+02
1.250132450331125824e+02 1.289139072847682144e+02 1.287682119205298079e+02
1.250000000000000000e+02 1.288881578947368496e+02 1.286710526315789593e+02
1.249933333333333394e+02 1.289266666666666765e+02 1.286466666666666754e+02
1.250454545454545467e+02 1.289220779220779320e+02 1.285844155844155807e+02
1.250000000000000000e+02 1.288533333333333246e+02 1.286266666666666652e+02
1.249333333333333371e+02 1.287800000000000011e+02 1.286533333333333360e+02
1.250333333333333314e+02 1.288666666666666742e+02 1.286800000000000068e+02
1.249870129870129887e+02 1.288896103896103966e+02 1.287207792207792068e+02
1.249194630872483174e+02 1.289731543624160963e+02 1.288322147651006730e+02
1.249612903225806519e+02 1.290967741935483843e+02 1.288258064516128911e+02
1.248881578947368354e+02 1.291973684210526301e+02 1.288355263157894797e+02
1.248333333333333286e+02 1.292866666666666617e+02 1.290266666666666708e+02
1.246953642384105905e+02 1.292781456953642305e+02 1.289139072847682144e+02
1.246733333333333320e+02 1.292133333333333383e+02 1.290466666666666526e+02
1.246266666666666652e+02 1.291666666666666572e+02 1.289799999999999898e+02
1.246666666666666714e+02 1.291503267973856168e+02 1.289673202614379193e+02
1.247302631578947398e+02 1.291250000000000000e+02 1.288881578947368496e+02
1.245894039735099312e+02 1.292052980132450273e+02 1.289470198675496704e+02
1.246133333333333297e+02 1.291599999999999966e+02 1.289266666666666765e+02
1.247880794701986815e+02 1.292251655629139009e+02 1.290463576158940384e+02
1.248157894736842053e+02 1.292236842105263293e+02 1.289276315789473699e+02
1.247763157894736850e+02 1.292302631578947398e+02 1.290394736842105203e+02
1.246533333333333360e+02 1.293000000000000114e+02 1.289266666666666765e+02
1.245197368421052602e+02 1.293618421052631504e+02 1.289539473684210407e+02
1.245430463576158928e+02 1.292781456953642305e+02 1.291192052980132416e+02
1.244635761589403984e+02 1.292980132450331041e+02 1.290198675496688736e+02
1.243443708609271567e+02 1.293245033112582689e+02 1.290860927152317856e+02
1.243133333333333326e+02 1.291533333333333360e+02 1.289866666666666788e+02
1.242800000000000011e+02 1.291466666666666754e+02 1.289000000000000057e+02
1.242333333333333343e+02 1.291533333333333360e+02 1.290333333333333314e+02
1.242185430463576097e+02 1.291920529801324449e+02 1.291258278145695328e+02
1.242066666666666634e+02 1.292533333333333303e+02 1.292733333333333405e+02
1.242352941176470580e+02 1.292418300653594656e+02 1.291307189542483798e+02
1.241854304635761537e+02 1.292119205298013185e+02 1.292251655629139009e+02
1.242266666666666737e+02 1.291800000000000068e+02 1.291599999999999966e+02
1.242052980132450273e+02 1.291655629139072801e+02 1.290927152317880768e+02
1.242516556291390799e+02 1.290728476821192032e+02 1.290860927152317856e+02
1.241933333333333280e+02 1.290600000000000023e+02 1.289933333333333394e+02
1.241589403973509889e+02 1.290132450331125824e+02 1.290397350993377472e+02
1.241920529801324449e+02 1.288940397350993408e+02 1.291125827814569504e+02
