1.282662337662337677e+02 1.269935064935064872e+02 1.287012987012986969e+02
1.282348993288590577e+02 1.272080536912751683e+02 1.287986577181208077e+02
1.281333333333333258e+02 1.272466666666666697e+02 1.289000000000000057e+02
1.280927152317880768e+02 1.272516556291390799e+02 1.287417218543046431e+02
1.281066666666666549e+02 1.273066666666666720e+02 1.288133333333333326e+02
1.279671052631578902e+02 1.273092105263157947e+02 1.287697368421052602e+02
1.280259740259740227e+02 1.272987012987013031e+02 1.288636363636363740e+02
1.280201342281879135e+02 1.272684563758389231e+02 1.289060402684563940e+02
1.280540540540540633e+02 1.271554054054054035e+02 1.289797297297297405e+02
1.279533333333333331e+02 1.270866666666666731e+02 1.289600000000000080e+02
1.279808917197452161e+02 1.270700636942675175e+02 1.290191082802547839e+02
1.280129032258064399e+02 1.270967741935483843e+02 1.289677419354838719e+02
1.281418918918919019e+02 1.269256756756756772e+02 1.290472972972972912e+02
1.281666666666666572e+02 1.267999999999999972e+02 1.291399999999999864e+02
1.281854304635761537e+02 1.269801324503311264e+02 1.291523178807946977e+02
1.281066666666666549e+02 1.271466666666666612e+02 1.293333333333333428e+02
1.279607843137254832e+02 1.271176470588235361e+02 1.294052287581699261e+02
1.278400000000000034e+02 1.271400000000000006e+02 1.294600000000000080e+02
1.277434210526315752e+02 1.271973684210526301e+02 1.294671052631578902e+02
1.276158940397350960e+02 1.271125827814569504e+02 1.294701986754966754e+02
1.275947712418300597e+02 1.270915032679738630e+02 1.294379084967320352e+02
1.276800000000000068e+02 1.268866666666666703e+02 1.292666666666666799e+02
1.278627450980392126e+02 1.269281045751634025e+02 1.292222222222222285e+02
1.278311688311688243e+02 1.270389610389610340e+02 1.292792207792207932e+02
1.278766233766233711e+02 1.268181818181818130e+02 1.293051948051948159e+02
1.278775510204081627e+02 1.268095238095238102e+02 1.294829931972789154e+02
1.278910256410256352e+02 1.270000000000000000e+02 1.295320512820512704e+02
1.278571428571428612e+02 1.270000000000000000e+02 1.295844155844155807e+02
1.279246575342465775e+02 1.270205479452054789e+02 1.296164383561643945e+02
1.278300653594771177e+02 1.268954248366013076e+02 1.294117647058823479e+02
1.277533333333333303e+02 1.267933333333333366e+02 1.292866666666666617e+02
1.276993464052287521e+02 1.267385620915032689e+02 1.292614379084967311e+02
1.276013071895424815e+02 1.267320261437908471e+02 1.291111111111111143e+02
1.277248322147651010e+02 1.264832214765100673e+02 1.289194630872483174e+02
1.276907894736842053e+02 1.265131578947368354e+02 1.286052631578947398e+02
1.276666666666666714e+02 1.265850340136054371e+02 1.285238095238095184e+02
1.278859060402684520e+02 1.264563758389261778e+02 1.286040268456375770e+02
1.278496732026143832e+02 1.265359477124183059e+02 1.284117647058823479e+02
1.277046979865771874e+02 1.264429530201342260e+02 1.285637583892617499e+02
1.276797385620915009e+02 1.263921568627450966e+02 1.285098039215686470e+02
1.275642968133793573e+02 1.263481784104523626e+02 1.283484561239446009e+02
1.275385049775365331e+02 1.261922729752516972e+02 1.283442604839523256e+02
1.275496688741721840e+02 1.261920529801324449e+02 1.284437086092715106e+02
1.274575163398692865e+02 1.262222222222222285e+02 1.284444444444444571e+02
1.275933333333333337e+02 1.262999999999999972e+02 1.283333333333333428e+02
1.277814569536423903e+02 1.264370860927152336e+02 1.284370860927152194e+02
1.276533333333333360e+02 1.264133333333333269e+02 1.285999999999999943e+02
1.276258503401360542e+02 1.263333333333333286e+02 1.286054421768707527e+02
1.276466666666666612e+02 1.263199999999999932e+02 1.286466666666666754e+02
1.277000000000000028e+02 1.262466666666666697e+02 1.286999999999999886e+02
1.277884615384615330e+02 1.261474358974358978e+02 1.286282051282051384e+02
1.278079470198675551e+02 1.260993377483443680e+02 1.288675496688741759e+02
1.277161290322580669e+02 1.262387096774193509e+02 1.290064516129032199e+02
1.278079470198675551e+02 1.261258278145695328e+02 1.291059602649006592e+02
1.277785234899328799e+02 1.261342281879194616e+02 1.290067114093959617e+02
1.277763157894736850e+02 1.260394736842105203e+02 1.290131578947368496e+02
1.277843137254901933e+02 1.260849673202614412e+02 1.288104575163398806e+02
1.276333333333333400e+02 1.261066666666666691e+02 1.287666666666666799e+02
1.276351351351351298e+02 1.261554054054054035e+02 1.287635135135135158e+02
1.274102564102564088e+02 1.261858974358974308e+02 1.287371794871794748e+02
1.275479452054794507e+02 1.262534246575342536e+02 1.287397260273972677e+02
1.274459459459459509e+02 1.262837837837837895e+02 1.287770270270270316e+02
1.275490196078431353e+02 1.263137254901960773e+02 1.289084967320261512e+02
1.275947712418300597e+02 1.264771241830065378e+02 1.286993464052287663e+02
1.275466666666666669e+02 1.264666666666666686e+02 1.286800000000000068e+02
1.275771812080536876e+02 1.266040268456375770e+02 1.286174496644295289e+02
1.275779220779220822e+02 1.268311688311688243e+02 1.286298701298701417e+02
1.275933333333333337e+02 1.267199999999999989e+02 1.286866666666666674e+02
1.274701986754966896e+02 1.267086092715231729e+02 1.284701986754966754e+02
1.273933333333333309e+02 1.269066666666666663e+02 1.285200000000000102e+02
1.272450331125827745e+02 1.268874172185430496e+02 1.283841059602648897e+02
1.271824324324324351e+02 1.268513513513513544e+02 1.282635135135135158e+02
1.271474358974358978e+02 1.267948717948717956e+02 1.285961538461538396e+02
1.269934640522875782e+02 1.268562091503267908e+02 1.288235294117646959e+02
1.270463576158940384e+02 1.268476821192053023e+02 1.288807947019867584e+02
1.271192052980132416e+02 1.269072847682119232e+02 1.287880794701986815e+02
1.270402684563758413e+02 1.271812080536912788e+02 1.287315436241610769e+02
1.271677852348993270e+02 1.270536912751677789e+02 1.285570469798657598e+02
1.271381578947368354e+02 1.270921052631578902e+02 1.285592105263157805e+02
1.272597402597402549e+02 1.270844155844155807e+02 1.285129870129870255e+02
1.272751677852348990e+02 1.271677852348993270e+02 1.284295302013422884e+02
1.272582781456953711e+02 1.271456953642384065e+02 1.284701986754966754e+02
1.272108843537414913e+02 1.271836734693877560e+02 1.285238095238095184e+02
1.272500000000000000e+02 1.271447368421052602e+02 1.288026315789473699e+02
1.271538461538461604e+02 1.271153846153846132e+02 1.287051282051282044e+02
1.274370860927152336e+02 1.271523178807946977e+02 1.287615894039735167e+02
1.274437086092715248e+02 1.273178807947019919e+02 1.287152317880794783e+02
1.275167785234899327e+02 1.272885906040268509e+02 1.286510067114093943e+02
1.275882352941176521e+02 1.273529411764705941e+02 1.286274509803921546e+02
1.275933333333333337e+02 1.272666666666666657e+02 1.288133333333333326e+02
1.276533333333333360e+02 1.272466666666666697e+02 1.289866666666666788e+02
1.274832214765100673e+02 1.270604026845637549e+02 1.289127516778523557e+02
1.275454545454545467e+02 1.270779220779220822e+02 1.288376623376623513e+02
1.273311258278145743e+02 1.269337748344370880e+02 1.286887417218543135e+02
1.275099337748344368e+02 1.269072847682119232e+02 1.287880794701986815e+02
1.274509803921568647e+02 1.267516339869280984e+02 1.287843137254901933e+02
1.274966887417218544e+02 1.268543046357615935e+02 1.287748344370860991e+02
1.276333333333333400e+02 1.269200000000000017e+02 1.286466666666666754e+02
1.276866666666666674e+02 1.269066666666666663e+02 1.286399999999999864e+02
1.277199999999999989e+02 1.269533333333333331e+02 1.285866666666666731e+02
1.276530612244897895e+02 1.269115646258503460e+02 1.285578231292516875e+02
1.276066666666666691e+02 1.268466666666666640e+02 1.285733333333333235e+02
1.275686274509803866e+02 1.267385620915032689e+02 1.285359477124183059e+02
1.275400000000000063e+02 1.267533333333333303e+02 1.284600000000000080e+02
1.277417218543046289e+02 1.268675496688741759e+02 1.284635761589403842e+02
1.279419354838709637e+02 1.267548387096774150e+02 1.285225806451612982e+02
1.278947368421052602e+02 1.268421052631578902e+02 1.282828947368421098e+02
1.279870129870129887e+02 1.269935064935064872e+02 1.283506493506493484e+02
1.279072847682119232e+02 1.270132450331125824e+02 1.284172185430463458e+02
1.279802631578947398e+02 1.270657894736842053e+02 1.284473684210526301e+02
1.281999999999999886e+02 1.271133333333333297e+02 1.284600000000000080e+02
1.281140939597315480e+02 1.272684563758389231e+02 1.283355704697986539e+02
1.279666666666666686e+02 1.272600000000000051e+02 1.283333333333333428e+02
1.280779220779220680e+02 1.271948051948051983e+02 1.283051948051948159e+02
1.278590604026845625e+02 1.271946308724832164e+02 1.283624161073825576e+02
1.279328859060402692e+02 1.271879194630872547e+02 1.285234899328858944e+02
1.280476190476190368e+02 1.274149659863945629e+02 1.284557823129251801e+02
1.279740259740259773e+02 1.273831168831168839e+02 1.285194805194805099e+02
1.278235294117647101e+02 1.273006535947712479e+02 1.284836601307189596e+02
1.278775510204081627e+02 1.272517006802721085e+02 1.283945578231292473e+02
1.280838709677419445e+02 1.274322580645161338e+02 1.284967741935483900e+02
1.280600000000000023e+02 1.274000000000000057e+02 1.285600000000000023e+02
1.281298701298701417e+02 1.274025974025974079e+02 1.285194805194805099e+02
1.281999999999999886e+02 1.273599999999999994e+02 1.285999999999999943e+02
1.283000000000000114e+02 1.274399999999999977e+02 1.285466666666666526e+02
1.283241379310344712e+02 1.274965517241379303e+02 1.286482758620689708e+02
1.282684563758389231e+02 1.276442953020134183e+02 1.285637583892617499e+02
1.283947368421052602e+02 1.277171052631578902e+02 1.286513157894736707e+02
1.284935897435897516e+02 1.278205128205128176e+02 1.287500000000000000e+02
1.284697986577181155e+02 1.277785234899328799e+02 1.287718120805369040e+02
1.284866666666666788e+02 1.277066666666666634e+02 1.289000000000000057e+02
1.286666666666666572e+02 1.278333333333333286e+02 1.290320512820512704e+02
1.286490066225165663e+02 1.278079470198675551e+02 1.288609271523178847e+02
1.286754966887417311e+02 1.279072847682119232e+02 1.288344370860927199e+02
1.287662337662337677e+02 1.280064935064935128e+02 1.289480519480519547e+02
1.288533333333333246e+02 1.278799999999999955e+02 1.289799999999999898e+02
1.288684210526315894e+02 1.278881578947368354e+02 1.290723684210526301e+02
1.288367346938775597e+02 1.278571428571428612e+02 1.291836734693877418e+02
1.288684210526315894e+02 1.279802631578947398e+02 1.292039473684210407e+02
1.288199999999999932e+02 1.277199999999999989e+02 1.292466666666666697e+02
1.287947019867549727e+02 1.277615894039735167e+02 1.290728476821192032e+02
1.287814569536423903e+02 1.278278145695364287e+02 1.291589403973509889e+02
1.290588235294117680e+02 1.278104575163398664e+02 1.292026143790849630e+02
1.291140939597315480e+02 1.276375838926174566e+02 1.291946308724832306e+02
1.292317880794701921e+02 1.276622516556291345e+02 1.292913907284768129e+02
1.292281879194630960e+02 1.275637583892617499e+02 1.292684563758389231e+02
1.290657894736842195e+02 1.275000000000000000e+02 1.293486842105263293e+02
1.290800000000000125e+02 1.275866666666666731e+02 1.293400000000000034e+02
1.290270270270270316e+02 1.276418918918918877e+02 1.295000000000000000e+02
1.288807947019867584e+02 1.278211920529801375e+02 1.294503311258278018e+02
1.288741721854304672e+02 1.278410596026490111e+02 1.293973509933774722e+02
1.288859060402684520e+02 1.278120805369127453e+02 1.293489932885906057e+02
1.289407894736842195e+02 1.277368421052631646e+02 1.294934210526315894e+02
1.289662162162162247e+02 1.278648648648648702e+02 1.295675675675675791e+02
1.290333333333333314e+02 1.277999999999999972e+02 1.294733333333333292e+02
1.287919463087248459e+02 1.276979865771812115e+02 1.295302013422818845e+02
1.288562091503268050e+02 1.277777777777777715e+02 1.294901960784313815e+02
1.289271523178807968e+02 1.277483443708609201e+02 1.292847682119205217e+02
1.288750000000000000e+02 1.278289473684210549e+02 1.292631578947368496e+02
1.287434210526315894e+02 1.278947368421052602e+02 1.292697368421052602e+02
1.286776315789473699e+02 1.276842105263157947e+02 1.292105263157894797e+02
1.286993464052287663e+02 1.277450980392156907e+02 1.292941176470588118e+02
1.287350993377483519e+02 1.279072847682119232e+02 1.293774834437085985e+02
1.286753246753246742e+02 1.280194805194805099e+02 1.293636363636363740e+02
1.286577181208053560e+02 1.279865771812080482e+02 1.294697986577181155e+02
1.287152317880794783e+02 1.281059602649006592e+02 1.294635761589403842e+02
1.287579617834394980e+02 1.281592356687898189e+02 1.294140127388535007e+02
1.286862745098039227e+02 1.280849673202614269e+02 1.294705882352941160e+02
1.286013071895424957e+02 1.282352941176470722e+02 1.296601307189542354e+02
1.285533333333333417e+02 1.282333333333333201e+02 1.295933333333333337e+02
1.285460526315789593e+02 1.282105263157894797e+02 1.296776315789473699e+02
1.284487179487179560e+02 1.281602564102564088e+02 1.296666666666666572e+02
1.285298013245033246e+02 1.283907284768211809e+02 1.297549668874172255e+02
1.285592105263157805e+02 1.283552631578947398e+02 1.297171052631578902e+02
1.284220779220779320e+02 1.282012987012986969e+02 1.296623376623376487e+02
1.284600000000000080e+02 1.282199999999999989e+02 1.297199999999999989e+02
1.285394736842105203e+02 1.282171052631578902e+02 1.297039473684210407e+02
1.284866666666666788e+02 1.281733333333333462e+02 1.296733333333333462e+02
1.286025641025641164e+02 1.280320512820512704e+02 1.296346153846153868e+02
1.285165562913907422e+02 1.280794701986754944e+02 1.298145695364238463e+02
1.283199999999999932e+02 1.279266666666666623e+02 1.299199999999999875e+02
1.282828947368421098e+02 1.276842105263157947e+02 1.298684210526315894e+02
1.283870967741935374e+02 1.275870967741935544e+02 1.298967741935483957e+02
1.283846153846153868e+02 1.276602564102564088e+02 1.298012820512820440e+02
1.283571428571428612e+02 1.276428571428571388e+02 1.299220779220779320e+02
1.283533333333333246e+02 1.278666666666666600e+02 1.300533333333333417e+02
1.281999999999999886e+02 1.279161290322580697e+02 1.303677419354838776e+02
1.281392405063291164e+02 1.280126582278481067e+02 1.303987341772152035e+02
1.280649350649350708e+02 1.278961038961038952e+02 1.304220779220779320e+02
1.278580645161290334e+02 1.279612903225806519e+02 1.303548387096774093e+02
1.278013245033112639e+02 1.279536423841059616e+02 1.302913907284768129e+02
1.277500000000000000e+02 1.281315789473684106e+02 1.302631578947368496e+02
1.277105263157894797e+02 1.280592105263157805e+02 1.302828947368421098e+02
1.276013071895424815e+02 1.281830065359477260e+02 1.303594771241830017e+02
1.276622516556291345e+02 1.281854304635761537e+02 1.302847682119205217e+02
1.275686274509803866e+02 1.282679738562091529e+02 1.303006535947712337e+02
1.275290322580645181e+02 1.281225806451612925e+02 1.303354838709677495e+02
1.275960264900662224e+02 1.280529801324503296e+02 1.303112582781456865e+02
1.275816993464052302e+02 1.280849673202614269e+02 1.302418300653594656e+02
1.277236842105263150e+02 1.279605263157894797e+02 1.302697368421052602e+02
1.275333333333333314e+02 1.280733333333333235e+02 1.302466666666666697e+02
1.275328947368421098e+02 1.280986842105263293e+02 1.300789473684210407e+02
1.276333333333333400e+02 1.282666666666666799e+02 1.302066666666666777e+02
1.275761589403973488e+02 1.281324503311258241e+02 1.302913907284768129e+02
1.275555555555555571e+02 1.281633986928104605e+02 1.303464052287581580e+02
1.274575163398692865e+02 1.279803921568627487e+02 1.304117647058823479e+02
1.274451612903225737e+02 1.281096774193548526e+02 1.304838709677419217e+02
1.276066666666666691e+02 1.280933333333333337e+02 1.303733333333333348e+02
1.275960264900662224e+02 1.281986754966887361e+02 1.304238410596026370e+02
1.276400000000000006e+02 1.282733333333333405e+02 1.304466666666666583e+02
1.274705882352941160e+02 1.283725490196078454e+02 1.304379084967320352e+02
1.276066666666666691e+02 1.280999999999999943e+02 1.303933333333333451e+02
1.276326530612244881e+02 1.281156462585034035e+02 1.305102040816326507e+02
1.276066666666666691e+02 1.278866666666666703e+02 1.306466666666666754e+02
1.275695364238410576e+02 1.279205298013245056e+02 1.306291390728476927e+02
1.277385620915032689e+02 1.280522875816993462e+02 1.304901960784313815e+02
1.278431372549019613e+02 1.281307189542483798e+02 1.305555555555555429e+02
1.278571428571428612e+02 1.279805194805194759e+02 1.306753246753246742e+02
1.278466666666666640e+02 1.279466666666666725e+02 1.307466666666666697e+02
1.279006622516556320e+02 1.280596026490066208e+02 1.306887417218543135e+02
1.279205298013245056e+02 1.280000000000000000e+02 1.306225165562914015e+02
1.279803921568627487e+02 1.281241830065359579e+02 1.308366013071895395e+02
1.279802631578947398e+02 1.279934210526315752e+02 1.308552631578947398e+02
1.279271523178807968e+02 1.279006622516556320e+02 1.307880794701986815e+02
1.280333333333333314e+02 1.279000000000000057e+02 1.305999999999999943e+02
1.279935064935064872e+02 1.277857142857142918e+02 1.304805194805194901e+02
1.280666666666666629e+02 1.275933333333333337e+02 1.306133333333333439e+02
1.280805369127516826e+02 1.273892617449664471e+02 1.305033557046979809e+02
1.281148648648648702e+02 1.274256756756756772e+02 1.304256756756756772e+02
1.281324503311258241e+02 1.273311258278145743e+02 1.303377483443708513e+02
1.281599999999999966e+02 1.273799999999999955e+02 1.301133333333333439e+02
1.279866666666666646e+02 1.274800000000000040e+02 1.302733333333333405e+02
1.281184210526315894e+02 1.274671052631578902e+02 1.301184210526315894e+02
1.281866666666666674e+02 1.275000000000000000e+02 1.301466666666666754e+02
1.281959459459459367e+02 1.273581081081081123e+02 1.300472972972972912e+02
1.282026143790849630e+02 1.274509803921568647e+02 1.301307189542483798e+02
1.281333333333333258e+02 1.273133333333333326e+02 1.300866666666666731e+02
1.281333333333333258e+02 1.273199999999999932e+02 1.301999999999999886e+02
1.281052631578947398e+02 1.274210526315789451e+02 1.301907894736842195e+02
1.279597315436241587e+02 1.273959731543624230e+02 1.301409395973154233e+02
1.279597315436241587e+02 1.273892617449664471e+02 1.302684563758389231e+02
1.279133333333333269e+02 1.273599999999999994e+02 1.303199999999999932e+02
1.279591836734693828e+02 1.274149659863945629e+02 1.303741496598639458e+02
1.279423076923076934e+02 1.274038461538461604e+02 1.304038461538461604e+02
1.279000000000000057e+02 1.273799999999999955e+02 1.302400000000000091e+02
1.278666666666666600e+02 1.273799999999999955e+02 1.302666666666666799e+02
1.280000000000000000e+02 1.274066666666666663e+02 1.304733333333333292e+02
1.280000000000000000e+02 1.273377483443708655e+02 1.304370860927152194e+02
1.280198675496688736e+02 1.273708609271523216e+02 1.304834437086092578e+02
1.280328947368421098e+02 1.272368421052631646e+02 1.305592105263157805e+02
1.280066225165562912e+02 1.271456953642384065e+02 1.305231788079470334e+02
1.280065789473684106e+02 1.270263157894736850e+02 1.305657894736842195e+02
1.278552631578947398e+02 1.271776315789473699e+02 1.305328947368421098e+02
1.278874172185430496e+02 1.271059602649006592e+02 1.305099337748344510e+02
1.279155844155844193e+02 1.271428571428571388e+02 1.304480519480519547e+02
1.279800000000000040e+02 1.271866666666666674e+02 1.305000000000000000e+02
1.280519480519480453e+02 1.270974025974025921e+02 1.303831168831168839e+02
1.282039473684210407e+02 1.271578947368421098e+02 1.303618421052631504e+02
1.283421052631578902e+02 1.273157894736842053e+02 1.304013157894736707e+02
1.281633986928104605e+02 1.272222222222222285e+02 1.302091503267973849e+02
1.280816326530612344e+02 1.272993197278911595e+02 1.302176870748299393e+02
1.281578947368421098e+02 1.271973684210526301e+02 1.302236842105263293e+02
1.282266666666666595e+02 1.272600000000000051e+02 1.303000000000000114e+02
1.281920529801324449e+02 1.274370860927152336e+02 1.302781456953642305e+02
1.283199999999999932e+02 1.272999999999999972e+02 1.303533333333333246e+02
1.282599999999999909e+02 1.273066666666666720e+02 1.302933333333333223e+02
1.284333333333333371e+02 1.272399999999999949e+02 1.301133333333333439e+02
1.285298013245033246e+02 1.272052980132450273e+02 1.301986754966887361e+02
1.286442953020134325e+02 1.271140939597315480e+02 1.301744966442952887e+02
1.286688311688311614e+02 1.269610389610389660e+02 1.303376623376623513e+02
1.285921052631578902e+02 1.268552631578947398e+02 1.301710526315789593e+02
1.284697986577181155e+02 1.267986577181208077e+02 1.302348993288590577e+02
1.285733333333333235e+02 1.269133333333333269e+02 1.302666666666666799e+02
1.286428571428571388e+02 1.270519480519480453e+02 1.301558441558441643e+02
1.285555555555555429e+02 1.270392156862745168e+02 1.301372549019607732e+02
1.286711409395973078e+02 1.269395973154362451e+02 1.300134228187919518e+02
1.286845637583892596e+02 1.270201342281879135e+02 1.302416107382550194e+02
1.286928104575163445e+02 1.268366013071895395e+02 1.301568627450980387e+02
1.288258064516128911e+02 1.266258064516129025e+02 1.298838709677419274e+02
1.287350993377483519e+02 1.266423841059602609e+02 1.298675496688741759e+02
1.287133333333333383e+02 1.266733333333333320e+02 1.299266666666666765e+02
1.288533333333333246e+02 1.268933333333333309e+02 1.300266666666666708e+02
1.290066225165562912e+02 1.269205298013245056e+02 1.302516556291390657e+02
1.289868421052631504e+02 1.268750000000000000e+02 1.302697368421052602e+02
1.288280254777070013e+02 1.269936305732484101e+02 1.301528662420382148e+02
1.287549668874172255e+02 1.270596026490066208e+02 1.300993377483443680e+02
1.287549668874172255e+02 1.269735099337748352e+02 1.300132450331125824e+02
1.287290322580645068e+02 1.271548387096774206e+02 1.300387096774193481e+02
1.286250000000000000e+02 1.270855263157894797e+02 1.298947368421052602e+02
1.284324324324324209e+02 1.269391891891891930e+02 1.298986486486486456e+02
1.284509803921568505e+02 1.269607843137254832e+02 1.298496732026143832e+02
1.285200000000000102e+02 1.270666666666666629e+02 1.298133333333333326e+02
1.284429530201342402e+02 1.272013422818791923e+02 1.298322147651006730e+02
1.284539473684210407e+02 1.273618421052631646e+02 1.298026315789473699e+02
1.283046357615893953e+02 1.273642384105960303e+02 1.299867549668874176e+02
1.285629139072847806e+02 1.274105960264900688e+02 1.298211920529801375e+02
1.285866666666666731e+02 1.274666666666666686e+02 1.296999999999999886e+02
1.285231788079470334e+02 1.274900662251655632e+02 1.297019867549668959e+02
1.286842105263157805e+02 1.274539473684210549e+02 1.295592105263157805e+02
1.286821192052980223e+02 1.274172185430463600e+02 1.294966887417218402e+02
1.286258064516129025e+02 1.274000000000000057e+02 1.295612903225806463e+02
1.286732026143790790e+02 1.274836601307189596e+02 1.296993464052287663e+02
1.287880794701986815e+02 1.273907284768211952e+02 1.296225165562914015e+02
1.288940397350993408e+02 1.274768211920529808e+02 1.294635761589404126e+02
1.288311688311688386e+02 1.274025974025974079e+02 1.294675324675324646e+02
1.287834394904458577e+02 1.273630573248407671e+02 1.296687898089172108e+02
1.287549668874172255e+02 1.273112582781457007e+02 1.297284768211920607e+02
1.287533333333333303e+02 1.274066666666666663e+02 1.297866666666666617e+02
1.285612903225806463e+02 1.273548387096774235e+02 1.298903225806451474e+02
1.287115384615384528e+02 1.273653846153846132e+02 1.298333333333333428e+02
1.288157894736842195e+02 1.273223684210526301e+02 1.297697368421052602e+02
1.289210526315789593e+02 1.273552631578947398e+02 1.296842105263157805e+02
1.290134228187919518e+02 1.273892617449664471e+02 1.298322147651006730e+02
1.290133333333333212e+02 1.274733333333333292e+02 1.299066666666666663e+02
1.291307189542483798e+02 1.274967320261437891e+02 1.298888888888888857e+02
1.292207792207792068e+02 1.275519480519480453e+02 1.299090909090909065e+02
1.291290322580645125e+02 1.275741935483871003e+02 1.300322580645161281e+02
1.291282051282051384e+02 1.274679487179487154e+02 1.300769230769230660e+02
1.291456953642384065e+02 1.274834437086092720e+02 1.300860927152317856e+02
1.290657894736842195e+02 1.274144736842105203e+02 1.300526315789473699e+02
1.290789473684210407e+02 1.275263157894736850e+02 1.301052631578947398e+02
1.290134228187919518e+02 1.275503355704697981e+02 1.301946308724832306e+02
1.290067114093959617e+02 1.274362416107382501e+02 1.302416107382550194e+02
1.289539473684210407e+02 1.275000000000000000e+02 1.304934210526315894e+02
1.288741721854304672e+02 1.274701986754966896e+02 1.305761589403973630e+02
1.288684210526315894e+02 1.275460526315789451e+02 1.305723684210526301e+02
1.289337748344370880e+02 1.273377483443708655e+02 1.304569536423840930e+02
1.289530201342281828e+02 1.272617449664429472e+02 1.303691275167785193e+02
1.290657894736842195e+02 1.272697368421052602e+02 1.301315789473684106e+02
1.290789473684210407e+02 1.273223684210526301e+02 1.300328947368421098e+02
1.288066666666666720e+02 1.274266666666666623e+02 1.299466666666666583e+02
1.287682119205298079e+02 1.274569536423841072e+02 1.299337748344370880e+02
1.288513513513513544e+02 1.273648648648648702e+02 1.298040540540540633e+02
1.290067114093959617e+02 1.273221476510067163e+02 1.297919463087248459e+02
1.290774193548386961e+02 1.272774193548387132e+02 1.297419354838709751e+02
1.291503267973856168e+02 1.272549019607843093e+02 1.297777777777777715e+02
1.291447368421052602e+02 1.272960526315789451e+02 1.298157894736842195e+02
1.290974025974026063e+02 1.274025974025974079e+02 1.299220779220779320e+02
1.290066225165562912e+02 1.273311258278145743e+02 1.299668874172185440e+02
1.291788079470198625e+02 1.274238410596026512e+02 1.299006622516556320e+02
1.289271523178807968e+02 1.273245033112582831e+02 1.298145695364238463e+02
1.289290322580645238e+02 1.272645161290322591e+02 1.298451612903225794e+02
1.289731543624160963e+02 1.272953020134228126e+02 1.298322147651006730e+02
1.291133333333333439e+02 1.272333333333333343e+02 1.297466666666666697e+02
1.291677852348993270e+02 1.270201342281879135e+02 1.297449664429530287e+02
1.293921568627451109e+02 1.270784313725490193e+02 1.298235294117646959e+02
1.292993197278911452e+02 1.270612244897959187e+02 1.298911564625850303e+02
1.293691275167785193e+02 1.270671140939597308e+02 1.299328859060402692e+02
1.295131578947368496e+02 1.270394736842105203e+02 1.299868421052631504e+02
1.296026490066225278e+02 1.270331125827814560e+02 1.299337748344370880e+02
1.294220779220779320e+02 1.271558441558441501e+02 1.299090909090909065e+02
1.295800000000000125e+02 1.271333333333333400e+02 1.298866666666666561e+02
1.296838709677419388e+02 1.269096774193548356e+02 1.299354838709677438e+02
1.297039473684210407e+02 1.270723684210526301e+02 1.299671052631578902e+02
1.298000000000000114e+02 1.271400000000000006e+02 1.301066666666666549e+02
1.297046979865771732e+02 1.271610738255033510e+02 1.301677852348993270e+02
1.297229729729729684e+02 1.272567567567567579e+02 1.300743243243243228e+02
1.297086092715231871e+02 1.273046357615894095e+02 1.300331125827814560e+02
1.297533333333333303e+02 1.272399999999999949e+02 1.301733333333333462e+02
1.298211920529801375e+02 1.271059602649006592e+02 1.300596026490066208e+02
1.299677419354838719e+02 1.270387096774193481e+02 1.300838709677419445e+02
1.298333333333333428e+02 1.271599999999999966e+02 1.302400000000000091e+02
1.297866666666666617e+02 1.270333333333333314e+02 1.301333333333333258e+02
1.297712418300653496e+02 1.270588235294117680e+02 1.302941176470588118e+02
1.296423841059602751e+02 1.270198675496688736e+02 1.303178807947019777e+02
1.295562913907284894e+02 1.270993377483443680e+02 1.305695364238410718e+02
1.295789473684210407e+02 1.270526315789473699e+02 1.306052631578947398e+02
1.298888888888888857e+02 1.269673202614379051e+02 1.305816993464052302e+02
1.299133333333333269e+02 1.269666666666666686e+02 1.307133333333333383e+02
1.300000000000000000e+02 1.269800000000000040e+02 1.305866666666666731e+02
1.301768707482993079e+02 1.269319727891156475e+02 1.306530612244897895e+02
1.302397260273972677e+02 1.269041095890410986e+02 1.306301369863013804e+02
1.302792207792207932e+02 1.268376623376623371e+02 1.307077922077922096e+02
1.303288590604026922e+02 1.269395973154362451e+02 1.305302013422818845e+02
1.302933333333333223e+02 1.269399999999999977e+02 1.303733333333333348e+02
1.303774834437085985e+02 1.270860927152317856e+02 1.303708609271523073e+02
1.304569536423840930e+02 1.271258278145695328e+02 1.303973509933774722e+02
1.305723684210526301e+02 1.272565789473684248e+02 1.302565789473684106e+02
1.306375838926174424e+02 1.273221476510067163e+02 1.303959731543624230e+02
1.307297297297297405e+02 1.274391891891891930e+02 1.304459459459459367e+02
1.308476821192053023e+02 1.274039735099337776e+02 1.304768211920529666e+02
1.308199999999999932e+02 1.274333333333333371e+02 1.302866666666666617e+02
1.307828947368421098e+02 1.273684210526315752e+02 1.302434210526315894e+02
1.306666666666666572e+02 1.273725490196078454e+02 1.302549019607843093e+02
1.306133333333333439e+02 1.273400000000000034e+02 1.302266666666666595e+02
1.305695364238410718e+02 1.273907284768211952e+02 1.301192052980132416e+02
1.304870129870129745e+02 1.273311688311688243e+02 1.301168831168831161e+02
1.304630872483221538e+02 1.272483221476510096e+02 1.300872483221476443e+02
1.303642384105960161e+02 1.271390728476821153e+02 1.300728476821192032e+02
1.302666666666666799e+02 1.270266666666666708e+02 1.300999999999999943e+02
1.303178807947019777e+02 1.270264900662251648e+02 1.298807947019867584e+02
1.303986486486486456e+02 1.269054054054054035e+02 1.297837837837837753e+02
1.305266666666666708e+02 1.267666666666666657e+02 1.298199999999999932e+02
1.304407894736842195e+02 1.268552631578947398e+02 1.298552631578947398e+02
1.304966887417218402e+02 1.269867549668874176e+02 1.297086092715231871e+02
1.305033557046979809e+02 1.270469798657718172e+02 1.298657718120805384e+02
1.305695364238410718e+02 1.273178807947019919e+02 1.298079470198675551e+02
1.305526315789473699e+02 1.272565789473684248e+02 1.299144736842105203e+02
1.305163398692810404e+02 1.272810457516339824e+02 1.299346405228758101e+02
1.306774193548387188e+02 1.272000000000000028e+02 1.297290322580645068e+02
1.307248322147650867e+02 1.272013422818791923e+02 1.299060402684563655e+02
1.307615894039735167e+02 1.270596026490066208e+02 1.299205298013245056e+02
1.308344370860927199e+02 1.270198675496688736e+02 1.299337748344370880e+02
1.308079470198675551e+02 1.269668874172185440e+02 1.298013245033112639e+02
1.307866666666666617e+02 1.271200000000000045e+02 1.296399999999999864e+02
1.309600000000000080e+02 1.268466666666666640e+02 1.294466666666666583e+02
1.310129870129870255e+02 1.269285714285714306e+02 1.294090909090909065e+02
1.311161290322580726e+02 1.268709677419354875e+02 1.294129032258064456e+02
1.311103896103896034e+02 1.269935064935064872e+02 1.295064935064935128e+02
1.311866666666666674e+02 1.269066666666666663e+02 1.294133333333333269e+02
1.311842105263157805e+02 1.269144736842105203e+02 1.293618421052631504e+02
1.313461538461538396e+02 1.268846153846153868e+02 1.293269230769230660e+02
1.312026143790849630e+02 1.269281045751634025e+02 1.292875816993464184e+02
1.312222222222222285e+02 1.268692810457516345e+02 1.292156862745098067e+02
1.312774193548387132e+02 1.268838709677419416e+02 1.291096774193548526e+02
1.312922077922077904e+02 1.268376623376623371e+02 1.290844155844155807e+02
1.312597402597402549e+02 1.267077922077922096e+02 1.291558441558441643e+02
1.312012987012986969e+02 1.269155844155844193e+02 1.291558441558441643e+02
1.311564625850340065e+02 1.268299319727891117e+02 1.290952380952381020e+02
1.312597402597402549e+02 1.265909090909090935e+02 1.290519480519480453e+02
1.312960526315789593e+02 1.266842105263157947e+02 1.289539473684210407e+02
1.314701986754966754e+02 1.266423841059602609e+02 1.289139072847682144e+02
1.312847682119205217e+02 1.266688741721854257e+02 1.288940397350993408e+02
1.314671052631578902e+02 1.268421052631578902e+02 1.287894736842105203e+02
1.315194805194805099e+02 1.269155844155844193e+02 1.286753246753246742e+02
1.315714285714285836e+02 1.269740259740259773e+02 1.287272727272727195e+02
1.317051282051282044e+02 1.269679487179487154e+02 1.288076923076923208e+02
1.317333333333333201e+02 1.268733333333333348e+02 1.286733333333333462e+02
1.315999999999999943e+02 1.267066666666666634e+02 1.286800000000000068e+02
1.316217948717948616e+02 1.267371794871794890e+02 1.286666666666666572e+02
1.315200000000000102e+02 1.267999999999999972e+02 1.286599999999999966e+02
1.316381578947368496e+02 1.266842105263157947e+02 1.287434210526315894e+02
1.315733333333333235e+02 1.267266666666666737e+02 1.286399999999999864e+02
1.315541401273885356e+02 1.269745222929936261e+02 1.284267515923566805e+02
1.315098039215686185e+02 1.269738562091503269e+02 1.284052287581699261e+02
1.315935483870967744e+02 1.269032258064516157e+02 1.284838709677419217e+02
1.317382550335570386e+02 1.269328859060402692e+02 1.286241610738254906e+02
1.316711409395973078e+02 1.269865771812080482e+02 1.286308724832214807e+02
1.318000000000000114e+02 1.269399999999999977e+02 1.286200000000000045e+02
1.318733333333333348e+02 1.270799999999999983e+02 1.287333333333333201e+02
1.317880794701986815e+02 1.270728476821192032e+02 1.285629139072847806e+02
1.319271523178807968e+02 1.270662251655629120e+02 1.285960264900662366e+02
1.318266666666666538e+02 1.271666666666666714e+02 1.285600000000000023e+02
1.317866666666666617e+02 1.272399999999999949e+02 1.284533333333333474e+02
1.317959183673469283e+02 1.271972789115646236e+02 1.285442176870748199e+02
1.318741721854304672e+02 1.271456953642384065e+02 1.285960264900662366e+02
1.317114093959731633e+02 1.270134228187919518e+02 1.285973154362416153e+02
1.318355263157894797e+02 1.268947368421052602e+02 1.285263157894736707e+02
1.317516778523489904e+02 1.267449664429530145e+02 1.283758389261745094e+02
1.316052631578947398e+02 1.266842105263157947e+02 1.283947368421052602e+02
1.313945578231292473e+02 1.267006802721088405e+02 1.284489795918367463e+02
1.314666666666666686e+02 1.268799999999999955e+02 1.282933333333333223e+02
1.312516556291390657e+02 1.268807947019867584e+02 1.283112582781456865e+02
1.313949044585987167e+02 1.268853503184713389e+02 1.283184713375796093e+02
1.314671052631578902e+02 1.267631578947368354e+02 1.283223684210526301e+02
1.313199999999999932e+02 1.268866666666666703e+02 1.282800000000000011e+02
1.313799999999999955e+02 1.269866666666666646e+02 1.279866666666666646e+02
1.315838926174496635e+02 1.270939597315436203e+02 1.279597315436241587e+02
1.315099337748344510e+02 1.270794701986754944e+02 1.279933774834437088e+02
1.315751633986928084e+02 1.270392156862745168e+02 1.279738562091503269e+02
1.316250000000000000e+02 1.269539473684210549e+02 1.280986842105263293e+02
1.316710526315789593e+02 1.269342105263157947e+02 1.279473684210526301e+02
1.316644736842105203e+02 1.269868421052631646e+02 1.280197368421052602e+02
1.317533333333333303e+02 1.270066666666666606e+02 1.278599999999999994e+02
1.317986577181208077e+02 1.269463087248322211e+02 1.277449664429530145e+02
1.318552631578947398e+02 1.270131578947368354e+02 1.274671052631578902e+02
1.319346405228758101e+02 1.269281045751634025e+02 1.274640522875816941e+02
1.320993377483443680e+02 1.270331125827814560e+02 1.273443708609271567e+02
1.321666666666666572e+02 1.270666666666666629e+02 1.272266666666666737e+02
1.323825503355704711e+02 1.271409395973154375e+02 1.271744966442953029e+02
1.324399999999999977e+02 1.270799999999999983e+02 1.271733333333333320e+02
1.323660130718954235e+02 1.270915032679738630e+02 1.270849673202614412e+02
1.321409395973154233e+02 1.269798657718120865e+02 1.270469798657718172e+02
1.322418300653594656e+02 1.269542483660130756e+02 1.270718954248365975e+02
1.320800000000000125e+02 1.268599999999999994e+02 1.269533333333333331e+02
1.320197368421052602e+02 1.268223684210526301e+02 1.269342105263157947e+02
1.319805194805194901e+02 1.269155844155844193e+02 1.268831168831168839e+02
1.321621621621621614e+02 1.268513513513513544e+02 1.268716216216216282e+02
1.321390728476821153e+02 1.269403973509933792e+02 1.267947019867549727e+02
1.320261437908496873e+02 1.269477124183006538e+02 1.265163398692810404e+02
1.322352941176470722e+02 1.268758169934640563e+02 1.264575163398692865e+02
1.321699346405228823e+02 1.269281045751634025e+02 1.264836601307189596e+02
1.321666666666666572e+02 1.267800000000000011e+02 1.265533333333333275e+02
1.319605263157894797e+02 1.268026315789473699e+02 1.267960526315789451e+02
1.319150326797385731e+02 1.269738562091503269e+02 1.267385620915032689e+02
1.318967741935483957e+02 1.268451612903225794e+02 1.267999999999999972e+02
1.318053691275167694e+02 1.269127516778523557e+02 1.268120805369127453e+02
1.318609271523178847e+02 1.270132450331125824e+02 1.266622516556291345e+02
1.317152317880794783e+02 1.270927152317880768e+02 1.264569536423841072e+02
1.317549668874172255e+02 1.272119205298013185e+02 1.264768211920529808e+02
1.315369127516778462e+02 1.272483221476510096e+02 1.264966442953020191e+02
1.316333333333333258e+02 1.272866666666666617e+02 1.264666666666666686e+02
1.315999999999999943e+02 1.272580645161290391e+02 1.263741935483870975e+02
1.314934210526315894e+02 1.271907894736842053e+02 1.264736842105263150e+02
1.314640522875816941e+02 1.270653594771241899e+02 1.264575163398692865e+02
1.315100671140939710e+02 1.268791946308724903e+02 1.264496644295302019e+02
1.314509803921568505e+02 1.270130718954248437e+02 1.265555555555555571e+02
1.313509933774834337e+02 1.272185430463576097e+02 1.265695364238410576e+02
1.312080536912751541e+02 1.272751677852348990e+02 1.265704697986577116e+02
1.311324503311258241e+02 1.273642384105960303e+02 1.266158940397350960e+02
