1.286688741721854399e+02 1.265099337748344368e+02 1.280927152317880768e+02
1.287218543046357695e+02 1.264635761589403984e+02 1.281456953642384065e+02
1.287333333333333201e+02 1.264733333333333292e+02 1.281666666666666572e+02
1.287039473684210407e+02 1.264605263157894797e+02 1.281184210526315894e+02
1.286862745098039227e+02 1.265098039215686327e+02 1.280980392156862706e+02
1.286887417218543135e+02 1.265165562913907280e+02 1.281788079470198625e+02
1.287599999999999909e+02 1.264533333333333331e+02 1.282733333333333405e+02
1.287039473684210407e+02 1.266052631578947398e+02 1.282039473684210407e+02
1.286423841059602751e+02 1.266953642384105905e+02 1.281920529801324449e+02
1.287382550335570386e+02 1.266308724832214807e+02 1.282550335570469713e+02
1.286688741721854399e+02 1.265960264900662224e+02 1.283112582781456865e+02
1.286118421052631504e+02 1.265986842105263150e+02 1.283026315789473699e+02
1.287066666666666777e+02 1.266599999999999966e+02 1.283799999999999955e+02
1.286533333333333360e+02 1.266733333333333320e+02 1.283866666666666561e+02
1.287266666666666595e+02 1.267266666666666737e+02 1.282533333333333303e+02
1.287039473684210407e+02 1.266710526315789451e+02 1.282565789473684106e+02
1.286666666666666572e+02 1.265799999999999983e+02 1.282933333333333223e+02
1.286510067114093943e+02 1.267046979865771874e+02 1.283221476510067021e+02
1.287066666666666777e+02 1.266733333333333320e+02 1.283133333333333326e+02
1.286688741721854399e+02 1.267218543046357553e+02 1.283178807947019777e+02
1.287266666666666595e+02 1.267199999999999989e+02 1.282933333333333223e+02
1.288600000000000136e+02 1.267800000000000011e+02 1.282266666666666595e+02
1.288533333333333246e+02 1.268066666666666720e+02 1.282066666666666777e+02
1.287785234899328941e+02 1.268456375838926107e+02 1.281879194630872405e+02
1.287933333333333223e+02 1.268533333333333388e+02 1.280866666666666731e+02
1.288199999999999932e+02 1.268866666666666703e+02 1.280800000000000125e+02
1.288799999999999955e+02 1.268333333333333286e+02 1.280733333333333235e+02
1.288799999999999955e+02 1.268533333333333388e+02 1.280866666666666731e+02
1.288741721854304672e+02 1.268344370860927199e+02 1.281589403973509889e+02
1.289266666666666765e+02 1.268400000000000034e+02 1.281933333333333280e+02
1.290066225165562912e+02 1.268476821192053023e+02 1.282317880794701921e+02
1.290133333333333212e+02 1.268333333333333286e+02 1.282466666666666697e+02
1.290399999999999920e+02 1.268400000000000034e+02 1.282133333333333383e+02
1.290266666666666708e+02 1.268333333333333286e+02 1.282066666666666777e+02
1.290266666666666708e+02 1.268333333333333286e+02 1.282066666666666777e+02
1.290266666666666708e+02 1.268333333333333286e+02 1.282066666666666777e+02
1.290266666666666708e+02 1.268333333333333286e+02 1.282066666666666777e+02
1.290266666666666708e+02 1.268333333333333286e+02 1.282066666666666777e+02
1.290266666666666708e+02 1.268333333333333286e+02 1.282066666666666777e+02
1.290266666666666708e+02 1.268333333333333286e+02 1.282066666666666777e+02
1.290266666666666708e+02 1.268333333333333286e+02 1.282066666666666777e+02
1.290266666666666708e+02 1.268333333333333286e+02 1.282066666666666777e+02
1.290266666666666708e+02 1.268333333333333286e+02 1.282066666666666777e+02
1.290266666666666708e+02 1.268333333333333286e+02 1.282066666666666777e+02
1.290266666666666708e+02 1.268333333333333286e+02 1.282066666666666777e+02
1.290266666666666708e+02 1.268333333333333286e+02 1.282066666666666777e+02
1.290266666666666708e+02 1.268333333333333286e+02 1.282066666666666777e+02
1.290266666666666708e+02 1.268333333333333286e+02 1.282066666666666777e+02
1.290266666666666708e+02 1.268333333333333286e+02 1.282066666666666777e+02
1.290266666666666708e+02 1.268333333333333286e+02 1.282066666666666777e+02
1.290266666666666708e+02 1.268333333333333286e+02 1.282066666666666777e+02
1.290266666666666708e+02 1.268333333333333286e+02 1.282066666666666777e+02
1.290266666666666708e+02 1.268333333333333286e+02 1.282066666666666777e+02
1.290266666666666708e+02 1.268333333333333286e+02 1.282066666666666777e+02
1.290266666666666708e+02 1.268333333333333286e+02 1.282066666666666777e+02
1.290266666666666708e+02 1.268333333333333286e+02 1.282066666666666777e+02
1.290266666666666708e+02 1.268333333333333286e+02 1.282066666666666777e+02
1.290266666666666708e+02 1.268333333333333286e+02 1.282066666666666777e+02
1.290266666666666708e+02 1.268333333333333286e+02 1.282066666666666777e+02
1.290266666666666708e+02 1.268333333333333286e+02 1.282066666666666777e+02
1.290266666666666708e+02 1.268333333333333286e+02 1.282066666666666777e+02
1.290266666666666708e+02 1.268333333333333286e+02 1.282066666666666777e+02
1.290266666666666708e+02 1.268333333333333286e+02 1.282066666666666777e+02
1.290266666666666708e+02 1.268333333333333286e+02 1.282066666666666777e+02
1.290266666666666708e+02 1.268333333333333286e+02 1.282066666666666777e+02
1.290266666666666708e+02 1.268333333333333286e+02 1.282066666666666777e+02
1.290266666666666708e+02 1.268333333333333286e+02 1.282066666666666777e+02
1.290266666666666708e+02 1.268333333333333286e+02 1.282066666666666777e+02
1.290266666666666708e+02 1.268333333333333286e+02 1.282066666666666777e+02
1.290266666666666708e+02 1.268333333333333286e+02 1.282066666666666777e+02
1.290266666666666708e+02 1.268333333333333286e+02 1.282066666666666777e+02
1.290266666666666708e+02 1.268333333333333286e+02 1.282066666666666777e+02
1.290266666666666708e+02 1.268333333333333286e+02 1.282066666666666777e+02
1.290266666666666708e+02 1.268333333333333286e+02 1.282066666666666777e+02
1.290266666666666708e+02 1.268333333333333286e+02 1.282066666666666777e+02
1.290266666666666708e+02 1.268333333333333286e+02 1.282066666666666777e+02
1.290266666666666708e+02 1.268333333333333286e+02 1.282066666666666777e+02
1.290266666666666708e+02 1.268333333333333286e+02 1.282066666666666777e+02
1.290266666666666708e+02 1.268333333333333286e+02 1.282066666666666777e+02
1.290266666666666708e+02 1.268333333333333286e+02 1.282066666666666777e+02
1.290266666666666708e+02 1.268333333333333286e+02 1.282066666666666777e+02
1.290266666666666708e+02 1.268333333333333286e+02 1.282066666666666777e+02
1.290266666666666708e+02 1.268333333333333286e+02 1.282066666666666777e+02
1.290266666666666708e+02 1.268333333333333286e+02 1.282066666666666777e+02
1.290266666666666708e+02 1.268333333333333286e+02 1.282066666666666777e+02
1.290266666666666708e+02 1.268333333333333286e+02 1.282066666666666777e+02
1.290266666666666708e+02 1.268333333333333286e+02 1.282066666666666777e+02
1.290266666666666708e+02 1.268333333333333286e+02 1.282066666666666777e+02
1.290266666666666708e+02 1.268333333333333286e+02 1.282066666666666777e+02
1.290266666666666708e+02 1.268333333333333286e+02 1.282066666666666777e+02
1.290266666666666708e+02 1.268333333333333286e+02 1.282066666666666777e+02
1.290266666666666708e+02 1.268333333333333286e+02 1.282066666666666777e+02
1.290266666666666708e+02 1.268333333333333286e+02 1.282066666666666777e+02
1.290266666666666708e+02 1.268333333333333286e+02 1.282066666666666777e+02
1.290266666666666708e+02 1.268333333333333286e+02 1.282066666666666777e+02
1.290266666666666708e+02 1.268333333333333286e+02 1.282066666666666777e+02
1.290266666666666708e+02 1.268333333333333286e+02 1.282066666666666777e+02
1.290266666666666708e+02 1.268333333333333286e+02 1.282066666666666777e+02
1.290266666666666708e+02 1.268333333333333286e+02 1.282066666666666777e+02
1.290266666666666708e+02 1.268333333333333286e+02 1.282066666666666777e+02
1.290266666666666708e+02 1.268333333333333286e+02 1.282066666666666777e+02
1.290266666666666708e+02 1.268333333333333286e+02 1.282066666666666777e+02
1.290266666666666708e+02 1.268333333333333286e+02 1.282066666666666777e+02
1.290266666666666708e+02 1.268333333333333286e+02 1.282066666666666777e+02
1.290266666666666708e+02 1.268333333333333286e+02 1.282066666666666777e+02
1.290266666666666708e+02 1.268333333333333286e+02 1.282066666666666777e+02
1.290266666666666708e+02 1.268333333333333286e+02 1.282066666666666777e+02
1.290266666666666708e+02 1.268333333333333286e+02 1.282066666666666777e+02
1.290266666666666708e+02 1.268333333333333286e+02 1.282066666666666777e+02
1.290266666666666708e+02 1.268333333333333286e+02 1.282066666666666777e+02
1.290266666666666708e+02 1.268333333333333286e+02 1.282066666666666777e+02
1.290266666666666708e+02 1.268333333333333286e+02 1.282066666666666777e+02
1.290266666666666708e+02 1.268333333333333286e+02 1.282066666666666777e+02
1.290266666666666708e+02 1.268333333333333286e+02 1.282066666666666777e+02
1.290266666666666708e+02 1.268333333333333286e+02 1.282066666666666777e+02
1.290266666666666708e+02 1.268333333333333286e+02 1.282066666666666777e+02
1.290266666666666708e+02 1.268333333333333286e+02 1.282066666666666777e+02
1.290266666666666708e+02 1.268333333333333286e+02 1.282066666666666777e+02
1.290266666666666708e+02 1.268333333333333286e+02 1.282066666666666777e+02
1.290266666666666708e+02 1.268333333333333286e+02 1.282066666666666777e+02
1.290266666666666708e+02 1.268333333333333286e+02 1.282066666666666777e+02
1.290266666666666708e+02 1.268333333333333286e+02 1.282066666666666777e+02
1.290266666666666708e+02 1.268333333333333286e+02 1.282066666666666777e+02
1.290266666666666708e+02 1.268333333333333286e+02 1.282066666666666777e+02
1.290266666666666708e+02 1.268333333333333286e+02 1.282066666666666777e+02
1.290266666666666708e+02 1.268333333333333286e+02 1.282066666666666777e+02
1.290266666666666708e+02 1.268333333333333286e+02 1.282066666666666777e+02
1.290266666666666708e+02 1.268333333333333286e+02 1.282066666666666777e+02
1.290266666666666708e+02 1.268333333333333286e+02 1.282066666666666777e+02
1.290266666666666708e+02 1.268333333333333286e+02 1.282066666666666777e+02
1.290266666666666708e+02 1.268333333333333286e+02 1.282066666666666777e+02
1.290266666666666708e+02 1.268333333333333286e+02 1.282066666666666777e+02
1.290266666666666708e+02 1.268333333333333286e+02 1.282066666666666777e+02
1.290266666666666708e+02 1.268333333333333286e+02 1.282066666666666777e+02
1.290266666666666708e+02 1.268333333333333286e+02 1.282066666666666777e+02
1.290266666666666708e+02 1.268333333333333286e+02 1.282066666666666777e+02
1.290266666666666708e+02 1.268333333333333286e+02 1.282066666666666777e+02
1.290266666666666708e+02 1.268333333333333286e+02 1.282066666666666777e+02
1.290266666666666708e+02 1.268333333333333286e+02 1.282066666666666777e+02
1.290266666666666708e+02 1.268333333333333286e+02 1.282066666666666777e+02
1.290266666666666708e+02 1.268333333333333286e+02 1.282066666666666777e+02
1.290266666666666708e+02 1.268333333333333286e+02 1.282066666666666777e+02
1.290266666666666708e+02 1.268333333333333286e+02 1.282066666666666777e+02
1.290266666666666708e+02 1.268333333333333286e+02 1.282066666666666777e+02
1.290266666666666708e+02 1.268333333333333286e+02 1.282066666666666777e+02
1.290266666666666708e+02 1.268333333333333286e+02 1.282066666666666777e+02
1.290266666666666708e+02 1.268333333333333286e+02 1.282066666666666777e+02
1.290266666666666708e+02 1.268333333333333286e+02 1.282066666666666777e+02
1.290266666666666708e+02 1.268333333333333286e+02 1.282066666666666777e+02
1.290266666666666708e+02 1.268333333333333286e+02 1.282066666666666777e+02
1.290266666666666708e+02 1.268333333333333286e+02 1.282066666666666777e+02
1.290266666666666708e+02 1.268333333333333286e+02 1.282066666666666777e+02
1.290266666666666708e+02 1.268333333333333286e+02 1.282066666666666777e+02
1.290266666666666708e+02 1.268333333333333286e+02 1.282066666666666777e+02
1.290266666666666708e+02 1.268333333333333286e+02 1.282066666666666777e+02
1.290266666666666708e+02 1.268333333333333286e+02 1.282066666666666777e+02
1.290266666666666708e+02 1.268333333333333286e+02 1.282066666666666777e+02
1.290266666666666708e+02 1.268333333333333286e+02 1.282066666666666777e+02
1.290266666666666708e+02 1.268333333333333286e+02 1.282066666666666777e+02
1.290266666666666708e+02 1.268333333333333286e+02 1.282066666666666777e+02
1.290266666666666708e+02 1.268333333333333286e+02 1.282066666666666777e+02
1.290266666666666708e+02 1.268333333333333286e+02 1.282066666666666777e+02
1.290266666666666708e+02 1.268333333333333286e+02 1.282066666666666777e+02
1.290266666666666708e+02 1.268333333333333286e+02 1.282066666666666777e+02
1.290266666666666708e+02 1.268333333333333286e+02 1.282066666666666777e+02
1.290266666666666708e+02 1.268333333333333286e+02 1.282066666666666777e+02
1.290266666666666708e+02 1.268333333333333286e+02 1.282066666666666777e+02
1.290266666666666708e+02 1.268333333333333286e+02 1.282066666666666777e+02
1.290266666666666708e+02 1.268333333333333286e+02 1.282066666666666777e+02
1.290266666666666708e+02 1.268333333333333286e+02 1.282066666666666777e+02
1.290266666666666708e+02 1.268333333333333286e+02 1.282066666666666777e+02
1.290266666666666708e+02 1.268333333333333286e+02 1.282066666666666777e+02
1.290266666666666708e+02 1.268333333333333286e+02 1.282066666666666777e+02
1.290266666666666708e+02 1.268333333333333286e+02 1.282066666666666777e+02
1.290266666666666708e+02 1.268333333333333286e+02 1.282066666666666777e+02
1.290266666666666708e+02 1.268333333333333286e+02 1.282066666666666777e+02
1.290266666666666708e+02 1.268333333333333286e+02 1.282066666666666777e+02
1.290266666666666708e+02 1.268333333333333286e+02 1.282066666666666777e+02
1.290266666666666708e+02 1.268333333333333286e+02 1.282066666666666777e+02
1.290266666666666708e+02 1.268333333333333286e+02 1.282066666666666777e+02
1.290266666666666708e+02 1.268333333333333286e+02 1.282066666666666777e+02
1.290266666666666708e+02 1.268333333333333286e+02 1.282066666666666777e+02
1.290266666666666708e+02 1.268333333333333286e+02 1.282066666666666777e+02
1.290266666666666708e+02 1.268333333333333286e+02 1.282066666666666777e+02
1.290266666666666708e+02 1.268333333333333286e+02 1.282066666666666777e+02
1.290266666666666708e+02 1.268333333333333286e+02 1.282066666666666777e+02
1.290266666666666708e+02 1.268333333333333286e+02 1.282066666666666777e+02
1.290266666666666708e+02 1.268333333333333286e+02 1.282066666666666777e+02
1.290266666666666708e+02 1.268333333333333286e+02 1.282066666666666777e+02
1.290266666666666708e+02 1.268333333333333286e+02 1.282066666666666777e+02
1.290266666666666708e+02 1.268333333333333286e+02 1.282066666666666777e+02
1.290266666666666708e+02 1.268333333333333286e+02 1.282066666666666777e+02
1.290266666666666708e+02 1.268333333333333286e+02 1.282066666666666777e+02
1.290266666666666708e+02 1.268333333333333286e+02 1.282066666666666777e+02
1.290266666666666708e+02 1.268333333333333286e+02 1.282066666666666777e+02
1.290266666666666708e+02 1.268333333333333286e+02 1.282066666666666777e+02
1.290266666666666708e+02 1.268333333333333286e+02 1.282066666666666777e+02
1.290266666666666708e+02 1.268333333333333286e+02 1.282066666666666777e+02
1.290266666666666708e+02 1.268333333333333286e+02 1.282066666666666777e+02
1.290266666666666708e+02 1.268333333333333286e+02 1.282066666666666777e+02
1.290266666666666708e+02 1.268333333333333286e+02 1.282066666666666777e+02
1.290266666666666708e+02 1.268333333333333286e+02 1.282066666666666777e+02
1.290266666666666708e+02 1.268333333333333286e+02 1.282066666666666777e+02
1.290266666666666708e+02 1.268333333333333286e+02 1.282066666666666777e+02
1.290266666666666708e+02 1.268333333333333286e+02 1.282066666666666777e+02
1.290266666666666708e+02 1.268333333333333286e+02 1.282066666666666777e+02
1.290266666666666708e+02 1.268333333333333286e+02 1.282066666666666777e+02
1.290266666666666708e+02 1.268333333333333286e+02 1.282066666666666777e+02
1.290266666666666708e+02 1.268333333333333286e+02 1.282066666666666777e+02
1.290266666666666708e+02 1.268333333333333286e+02 1.282066666666666777e+02
1.290266666666666708e+02 1.268333333333333286e+02 1.282066666666666777e+02
1.290266666666666708e+02 1.268333333333333286e+02 1.282066666666666777e+02
1.290266666666666708e+02 1.268333333333333286e+02 1.282066666666666777e+02
1.290266666666666708e+02 1.268333333333333286e+02 1.282066666666666777e+02
1.290266666666666708e+02 1.268333333333333286e+02 1.282066666666666777e+02
1.290266666666666708e+02 1.268333333333333286e+02 1.282066666666666777e+02
1.290266666666666708e+02 1.268333333333333286e+02 1.282066666666666777e+02
1.290266666666666708e+02 1.268333333333333286e+02 1.282066666666666777e+02
1.290266666666666708e+02 1.268333333333333286e+02 1.282066666666666777e+02
1.290266666666666708e+02 1.268333333333333286e+02 1.282066666666666777e+02
1.290266666666666708e+02 1.268333333333333286e+02 1.282066666666666777e+02
1.290266666666666708e+02 1.268333333333333286e+02 1.282066666666666777e+02
1.290266666666666708e+02 1.268333333333333286e+02 1.282066666666666777e+02
1.290266666666666708e+02 1.268333333333333286e+02 1.282066666666666777e+02
1.290266666666666708e+02 1.268333333333333286e+02 1.282066666666666777e+02
1.290266666666666708e+02 1.268333333333333286e+02 1.282066666666666777e+02
1.290266666666666708e+02 1.268333333333333286e+02 1.282066666666666777e+02
1.290266666666666708e+02 1.268333333333333286e+02 1.282066666666666777e+02
1.290266666666666708e+02 1.268333333333333286e+02 1.282066666666666777e+02
1.290266666666666708e+02 1.268333333333333286e+02 1.282066666666666777e+02
1.290266666666666708e+02 1.268333333333333286e+02 1.282066666666666777e+02
1.290266666666666708e+02 1.268333333333333286e+02 1.282066666666666777e+02
1.290266666666666708e+02 1.268333333333333286e+02 1.282066666666666777e+02
1.290266666666666708e+02 1.268333333333333286e+02 1.282066666666666777e+02
1.290266666666666708e+02 1.268333333333333286e+02 1.282066666666666777e+02
1.290266666666666708e+02 1.268333333333333286e+02 1.282066666666666777e+02
1.290266666666666708e+02 1.268333333333333286e+02 1.282066666666666777e+02
1.290266666666666708e+02 1.268333333333333286e+02 1.282066666666666777e+02
1.290266666666666708e+02 1.268333333333333286e+02 1.282066666666666777e+02
1.290266666666666708e+02 1.268333333333333286e+02 1.282066666666666777e+02
1.290266666666666708e+02 1.268333333333333286e+02 1.282066666666666777e+02
1.290266666666666708e+02 1.268333333333333286e+02 1.282066666666666777e+02
1.290266666666666708e+02 1.268333333333333286e+02 1.282066666666666777e+02
1.290266666666666708e+02 1.268333333333333286e+02 1.282066666666666777e+02
1.290266666666666708e+02 1.268333333333333286e+02 1.282066666666666777e+02
1.290266666666666708e+02 1.268333333333333286e+02 1.282066666666666777e+02
1.290266666666666708e+02 1.268333333333333286e+02 1.282066666666666777e+02
1.290266666666666708e+02 1.268333333333333286e+02 1.282066666666666777e+02
1.290266666666666708e+02 1.268333333333333286e+02 1.282066666666666777e+02
1.290266666666666708e+02 1.268333333333333286e+02 1.282066666666666777e+02
1.290266666666666708e+02 1.268333333333333286e+02 1.282066666666666777e+02
1.290266666666666708e+02 1.268333333333333286e+02 1.282066666666666777e+02
1.290266666666666708e+02 1.268333333333333286e+02 1.282066666666666777e+02
1.290266666666666708e+02 1.268333333333333286e+02 1.282066666666666777e+02
1.290266666666666708e+02 1.268333333333333286e+02 1.282066666666666777e+02
1.290266666666666708e+02 1.268333333333333286e+02 1.282066666666666777e+02
1.290266666666666708e+02 1.268333333333333286e+02 1.282066666666666777e+02
1.290266666666666708e+02 1.268333333333333286e+02 1.282066666666666777e+02
1.290266666666666708e+02 1.268333333333333286e+02 1.282066666666666777e+02
1.290266666666666708e+02 1.268333333333333286e+02 1.282066666666666777e+02
1.290266666666666708e+02 1.268333333333333286e+02 1.282066666666666777e+02
1.290266666666666708e+02 1.268333333333333286e+02 1.282066666666666777e+02
1.290266666666666708e+02 1.268333333333333286e+02 1.282066666666666777e+02
1.290266666666666708e+02 1.268333333333333286e+02 1.282066666666666777e+02
1.290266666666666708e+02 1.268333333333333286e+02 1.282066666666666777e+02
1.290266666666666708e+02 1.268333333333333286e+02 1.282066666666666777e+02
1.290266666666666708e+02 1.268333333333333286e+02 1.282066666666666777e+02
1.290266666666666708e+02 1.268333333333333286e+02 1.282066666666666777e+02
1.290266666666666708e+02 1.268333333333333286e+02 1.282066666666666777e+02
1.290266666666666708e+02 1.268333333333333286e+02 1.282066666666666777e+02
1.290266666666666708e+02 1.268333333333333286e+02 1.282066666666666777e+02
1.290266666666666708e+02 1.268333333333333286e+02 1.282066666666666777e+02
1.290266666666666708e+02 1.268333333333333286e+02 1.282066666666666777e+02
1.290266666666666708e+02 1.268333333333333286e+02 1.282066666666666777e+02
1.290266666666666708e+02 1.268333333333333286e+02 1.282066666666666777e+02
1.290266666666666708e+02 1.268333333333333286e+02 1.282066666666666777e+02
1.290266666666666708e+02 1.268333333333333286e+02 1.282066666666666777e+02
1.290266666666666708e+02 1.268333333333333286e+02 1.282066666666666777e+02
1.290266666666666708e+02 1.268333333333333286e+02 1.282066666666666777e+02
1.290266666666666708e+02 1.268333333333333286e+02 1.282066666666666777e+02
1.290266666666666708e+02 1.268333333333333286e+02 1.282066666666666777e+02
1.290266666666666708e+02 1.268333333333333286e+02 1.282066666666666777e+02
1.290266666666666708e+02 1.268333333333333286e+02 1.282066666666666777e+02
1.290266666666666708e+02 1.268333333333333286e+02 1.282066666666666777e+02
1.290266666666666708e+02 1.268333333333333286e+02 1.282066666666666777e+02
1.290266666666666708e+02 1.268333333333333286e+02 1.282066666666666777e+02
1.290266666666666708e+02 1.268333333333333286e+02 1.282066666666666777e+02
1.290266666666666708e+02 1.268333333333333286e+02 1.282066666666666777e+02
1.290266666666666708e+02 1.268333333333333286e+02 1.282066666666666777e+02
1.290266666666666708e+02 1.268333333333333286e+02 1.282066666666666777e+02
1.290266666666666708e+02 1.268333333333333286e+02 1.282066666666666777e+02
1.290266666666666708e+02 1.268333333333333286e+02 1.282066666666666777e+02
1.290266666666666708e+02 1.268333333333333286e+02 1.282066666666666777e+02
1.290266666666666708e+02 1.268333333333333286e+02 1.282066666666666777e+02
1.290266666666666708e+02 1.268333333333333286e+02 1.282066666666666777e+02
1.290266666666666708e+02 1.268333333333333286e+02 1.282066666666666777e+02
1.290266666666666708e+02 1.268333333333333286e+02 1.282066666666666777e+02
1.290266666666666708e+02 1.268333333333333286e+02 1.282066666666666777e+02
1.290266666666666708e+02 1.268333333333333286e+02 1.282066666666666777e+02
1.290266666666666708e+02 1.268333333333333286e+02 1.282066666666666777e+02
1.290266666666666708e+02 1.268333333333333286e+02 1.282066666666666777e+02
1.290266666666666708e+02 1.268333333333333286e+02 1.282066666666666777e+02
1.290266666666666708e+02 1.268333333333333286e+02 1.282066666666666777e+02
1.290266666666666708e+02 1.268333333333333286e+02 1.282066666666666777e+02
1.290266666666666708e+02 1.268333333333333286e+02 1.282066666666666777e+02
1.290266666666666708e+02 1.268333333333333286e+02 1.282066666666666777e+02
1.290266666666666708e+02 1.268333333333333286e+02 1.282066666666666777e+02
1.290266666666666708e+02 1.268333333333333286e+02 1.282066666666666777e+02
1.290266666666666708e+02 1.268333333333333286e+02 1.282066666666666777e+02
1.290266666666666708e+02 1.268333333333333286e+02 1.282066666666666777e+02
1.290266666666666708e+02 1.268333333333333286e+02 1.282066666666666777e+02
1.290266666666666708e+02 1.268333333333333286e+02 1.282066666666666777e+02
1.290266666666666708e+02 1.268333333333333286e+02 1.282066666666666777e+02
1.290266666666666708e+02 1.268333333333333286e+02 1.282066666666666777e+02
1.290266666666666708e+02 1.268333333333333286e+02 1.282066666666666777e+02
1.290266666666666708e+02 1.268333333333333286e+02 1.282066666666666777e+02
1.290266666666666708e+02 1.268333333333333286e+02 1.282066666666666777e+02
1.290266666666666708e+02 1.268333333333333286e+02 1.282066666666666777e+02
1.290266666666666708e+02 1.268333333333333286e+02 1.282066666666666777e+02
1.290266666666666708e+02 1.268333333333333286e+02 1.282066666666666777e+02
1.290266666666666708e+02 1.268333333333333286e+02 1.282066666666666777e+02
1.290266666666666708e+02 1.268333333333333286e+02 1.282066666666666777e+02
1.290266666666666708e+02 1.268333333333333286e+02 1.282066666666666777e+02
1.290266666666666708e+02 1.268333333333333286e+02 1.282066666666666777e+02
1.290266666666666708e+02 1.268333333333333286e+02 1.282066666666666777e+02
1.290266666666666708e+02 1.268333333333333286e+02 1.282066666666666777e+02
1.290266666666666708e+02 1.268333333333333286e+02 1.282066666666666777e+02
1.290266666666666708e+02 1.268333333333333286e+02 1.282066666666666777e+02
1.290266666666666708e+02 1.268333333333333286e+02 1.282066666666666777e+02
1.290266666666666708e+02 1.268333333333333286e+02 1.282066666666666777e+02
1.290266666666666708e+02 1.268333333333333286e+02 1.282066666666666777e+02
1.290266666666666708e+02 1.268333333333333286e+02 1.282066666666666777e+02
1.290266666666666708e+02 1.268333333333333286e+02 1.282066666666666777e+02
1.290266666666666708e+02 1.268333333333333286e+02 1.282066666666666777e+02
1.290266666666666708e+02 1.268333333333333286e+02 1.282066666666666777e+02
1.290266666666666708e+02 1.268333333333333286e+02 1.282066666666666777e+02
1.290266666666666708e+02 1.268333333333333286e+02 1.282066666666666777e+02
1.290266666666666708e+02 1.268333333333333286e+02 1.282066666666666777e+02
1.290266666666666708e+02 1.268333333333333286e+02 1.282066666666666777e+02
1.290266666666666708e+02 1.268333333333333286e+02 1.282066666666666777e+02
1.290266666666666708e+02 1.268333333333333286e+02 1.282066666666666777e+02
1.290266666666666708e+02 1.268333333333333286e+02 1.282066666666666777e+02
1.290266666666666708e+02 1.268333333333333286e+02 1.282066666666666777e+02
1.290266666666666708e+02 1.268333333333333286e+02 1.282066666666666777e+02
1.290266666666666708e+02 1.268333333333333286e+02 1.282066666666666777e+02
1.290266666666666708e+02 1.268333333333333286e+02 1.282066666666666777e+02
1.290266666666666708e+02 1.268333333333333286e+02 1.282066666666666777e+02
1.290266666666666708e+02 1.268333333333333286e+02 1.282066666666666777e+02
1.290266666666666708e+02 1.268333333333333286e+02 1.282066666666666777e+02
1.290266666666666708e+02 1.268333333333333286e+02 1.282066666666666777e+02
1.290266666666666708e+02 1.268333333333333286e+02 1.282066666666666777e+02
1.290266666666666708e+02 1.268333333333333286e+02 1.282066666666666777e+02
1.290266666666666708e+02 1.268333333333333286e+02 1.282066666666666777e+02
1.290266666666666708e+02 1.268333333333333286e+02 1.282066666666666777e+02
1.290266666666666708e+02 1.268333333333333286e+02 1.282066666666666777e+02
1.290266666666666708e+02 1.268333333333333286e+02 1.282066666666666777e+02
1.290266666666666708e+02 1.268333333333333286e+02 1.282066666666666777e+02
1.290266666666666708e+02 1.268333333333333286e+02 1.282066666666666777e+02
1.290266666666666708e+02 1.268333333333333286e+02 1.282066666666666777e+02
1.290266666666666708e+02 1.268333333333333286e+02 1.282066666666666777e+02
1.290266666666666708e+02 1.268333333333333286e+02 1.282066666666666777e+02
1.290266666666666708e+02 1.268333333333333286e+02 1.282066666666666777e+02
1.290266666666666708e+02 1.268333333333333286e+02 1.282066666666666777e+02
1.290266666666666708e+02 1.268333333333333286e+02 1.282066666666666777e+02
1.290266666666666708e+02 1.268333333333333286e+02 1.282066666666666777e+02
1.290266666666666708e+02 1.268333333333333286e+02 1.282066666666666777e+02
1.290266666666666708e+02 1.268333333333333286e+02 1.282066666666666777e+02
1.290266666666666708e+02 1.268333333333333286e+02 1.282066666666666777e+02
1.290266666666666708e+02 1.268333333333333286e+02 1.282066666666666777e+02
1.290266666666666708e+02 1.268333333333333286e+02 1.282066666666666777e+02
1.290266666666666708e+02 1.268333333333333286e+02 1.282066666666666777e+02
1.290266666666666708e+02 1.268333333333333286e+02 1.282066666666666777e+02
1.290266666666666708e+02 1.268333333333333286e+02 1.282066666666666777e+02
1.290266666666666708e+02 1.268333333333333286e+02 1.282066666666666777e+02
1.290266666666666708e+02 1.268333333333333286e+02 1.282066666666666777e+02
1.290266666666666708e+02 1.268333333333333286e+02 1.282066666666666777e+02
1.290266666666666708e+02 1.268333333333333286e+02 1.282066666666666777e+02
1.290266666666666708e+02 1.268333333333333286e+02 1.282066666666666777e+02
1.290266666666666708e+02 1.268333333333333286e+02 1.282066666666666777e+02
1.290266666666666708e+02 1.268333333333333286e+02 1.282066666666666777e+02
1.290266666666666708e+02 1.268333333333333286e+02 1.282066666666666777e+02
1.290266666666666708e+02 1.268333333333333286e+02 1.282066666666666777e+02
1.290266666666666708e+02 1.268333333333333286e+02 1.282066666666666777e+02
1.290266666666666708e+02 1.268333333333333286e+02 1.282066666666666777e+02
1.290266666666666708e+02 1.268333333333333286e+02 1.282066666666666777e+02
1.290266666666666708e+02 1.268333333333333286e+02 1.282066666666666777e+02
1.290266666666666708e+02 1.268333333333333286e+02 1.282066666666666777e+02
1.290266666666666708e+02 1.268333333333333286e+02 1.282066666666666777e+02
1.290266666666666708e+02 1.268333333333333286e+02 1.282066666666666777e+02
1.290266666666666708e+02 1.268333333333333286e+02 1.282066666666666777e+02
1.290266666666666708e+02 1.268333333333333286e+02 1.282066666666666777e+02
1.290266666666666708e+02 1.268333333333333286e+02 1.282066666666666777e+02
1.290266666666666708e+02 1.268333333333333286e+02 1.282066666666666777e+02
1.290266666666666708e+02 1.268333333333333286e+02 1.282066666666666777e+02
1.290266666666666708e+02 1.268333333333333286e+02 1.282066666666666777e+02
1.290266666666666708e+02 1.268333333333333286e+02 1.282066666666666777e+02
1.290266666666666708e+02 1.268333333333333286e+02 1.282066666666666777e+02
1.290266666666666708e+02 1.268333333333333286e+02 1.282066666666666777e+02
1.290266666666666708e+02 1.268333333333333286e+02 1.282066666666666777e+02
1.290266666666666708e+02 1.268333333333333286e+02 1.282066666666666777e+02
1.290266666666666708e+02 1.268333333333333286e+02 1.282066666666666777e+02
1.290266666666666708e+02 1.268333333333333286e+02 1.282066666666666777e+02
1.290266666666666708e+02 1.268333333333333286e+02 1.282066666666666777e+02
1.290266666666666708e+02 1.268333333333333286e+02 1.282066666666666777e+02
1.290266666666666708e+02 1.268333333333333286e+02 1.282066666666666777e+02
1.290266666666666708e+02 1.268333333333333286e+02 1.282066666666666777e+02
1.290266666666666708e+02 1.268333333333333286e+02 1.282066666666666777e+02
1.290266666666666708e+02 1.268333333333333286e+02 1.282066666666666777e+02
1.290266666666666708e+02 1.268333333333333286e+02 1.282066666666666777e+02
1.290266666666666708e+02 1.268333333333333286e+02 1.282066666666666777e+02
1.290266666666666708e+02 1.268333333333333286e+02 1.282066666666666777e+02
1.290266666666666708e+02 1.268333333333333286e+02 1.282066666666666777e+02
1.290266666666666708e+02 1.268333333333333286e+02 1.282066666666666777e+02
1.290266666666666708e+02 1.268333333333333286e+02 1.282066666666666777e+02
1.290266666666666708e+02 1.268333333333333286e+02 1.282066666666666777e+02
1.290266666666666708e+02 1.268333333333333286e+02 1.282066666666666777e+02
1.290266666666666708e+02 1.268333333333333286e+02 1.282066666666666777e+02
1.290266666666666708e+02 1.268333333333333286e+02 1.282066666666666777e+02
1.290266666666666708e+02 1.268333333333333286e+02 1.282066666666666777e+02
1.290266666666666708e+02 1.268333333333333286e+02 1.282066666666666777e+02
1.290266666666666708e+02 1.268333333333333286e+02 1.282066666666666777e+02
1.290266666666666708e+02 1.268333333333333286e+02 1.282066666666666777e+02
1.290266666666666708e+02 1.268333333333333286e+02 1.282066666666666777e+02
1.290266666666666708e+02 1.268333333333333286e+02 1.282066666666666777e+02
1.290266666666666708e+02 1.268333333333333286e+02 1.282066666666666777e+02
1.290266666666666708e+02 1.268333333333333286e+02 1.282066666666666777e+02
1.290266666666666708e+02 1.268333333333333286e+02 1.282066666666666777e+02
1.290266666666666708e+02 1.268333333333333286e+02 1.282066666666666777e+02
1.290266666666666708e+02 1.268333333333333286e+02 1.282066666666666777e+02
1.290266666666666708e+02 1.268333333333333286e+02 1.282066666666666777e+02
1.290266666666666708e+02 1.268333333333333286e+02 1.282066666666666777e+02
1.290266666666666708e+02 1.268333333333333286e+02 1.282066666666666777e+02
1.290266666666666708e+02 1.268333333333333286e+02 1.282066666666666777e+02
1.290266666666666708e+02 1.268333333333333286e+02 1.282066666666666777e+02
1.290266666666666708e+02 1.268333333333333286e+02 1.282066666666666777e+02
1.290266666666666708e+02 1.268333333333333286e+02 1.282066666666666777e+02
1.290266666666666708e+02 1.268333333333333286e+02 1.282066666666666777e+02
1.290266666666666708e+02 1.268333333333333286e+02 1.282066666666666777e+02
1.290266666666666708e+02 1.268333333333333286e+02 1.282066666666666777e+02
1.290266666666666708e+02 1.268333333333333286e+02 1.282066666666666777e+02
1.290266666666666708e+02 1.268333333333333286e+02 1.282066666666666777e+02
1.290266666666666708e+02 1.268333333333333286e+02 1.282066666666666777e+02
1.290266666666666708e+02 1.268333333333333286e+02 1.282066666666666777e+02
1.290266666666666708e+02 1.268333333333333286e+02 1.282066666666666777e+02
1.290266666666666708e+02 1.268333333333333286e+02 1.282066666666666777e+02
1.290266666666666708e+02 1.268333333333333286e+02 1.282066666666666777e+02
1.290266666666666708e+02 1.268333333333333286e+02 1.282066666666666777e+02
1.290266666666666708e+02 1.268333333333333286e+02 1.282066666666666777e+02
1.290266666666666708e+02 1.268333333333333286e+02 1.282066666666666777e+02
1.290266666666666708e+02 1.268333333333333286e+02 1.282066666666666777e+02
1.290266666666666708e+02 1.268333333333333286e+02 1.282066666666666777e+02
1.290266666666666708e+02 1.268333333333333286e+02 1.282066666666666777e+02
1.290266666666666708e+02 1.268333333333333286e+02 1.282066666666666777e+02
1.290266666666666708e+02 1.268333333333333286e+02 1.282066666666666777e+02
1.290266666666666708e+02 1.268333333333333286e+02 1.282066666666666777e+02
1.290266666666666708e+02 1.268333333333333286e+02 1.282066666666666777e+02
1.290266666666666708e+02 1.268333333333333286e+02 1.282066666666666777e+02
1.290266666666666708e+02 1.268333333333333286e+02 1.282066666666666777e+02
1.290266666666666708e+02 1.268333333333333286e+02 1.282066666666666777e+02
1.290266666666666708e+02 1.268333333333333286e+02 1.282066666666666777e+02
1.290266666666666708e+02 1.268333333333333286e+02 1.282066666666666777e+02
1.290266666666666708e+02 1.268333333333333286e+02 1.282066666666666777e+02
1.290266666666666708e+02 1.268333333333333286e+02 1.282066666666666777e+02
1.290266666666666708e+02 1.268333333333333286e+02 1.282066666666666777e+02
1.290266666666666708e+02 1.268333333333333286e+02 1.282066666666666777e+02
1.290266666666666708e+02 1.268333333333333286e+02 1.282066666666666777e+02
1.290266666666666708e+02 1.268333333333333286e+02 1.282066666666666777e+02
1.290266666666666708e+02 1.268333333333333286e+02 1.282066666666666777e+02
1.290266666666666708e+02 1.268333333333333286e+02 1.282066666666666777e+02
1.290266666666666708e+02 1.268333333333333286e+02 1.282066666666666777e+02
1.290266666666666708e+02 1.268333333333333286e+02 1.282066666666666777e+02
1.290266666666666708e+02 1.268333333333333286e+02 1.282066666666666777e+02
1.290266666666666708e+02 1.268333333333333286e+02 1.282066666666666777e+02
1.290266666666666708e+02 1.268333333333333286e+02 1.282066666666666777e+02
1.290266666666666708e+02 1.268333333333333286e+02 1.282066666666666777e+02
1.290266666666666708e+02 1.268333333333333286e+02 1.282066666666666777e+02
1.290266666666666708e+02 1.268333333333333286e+02 1.282066666666666777e+02
1.290266666666666708e+02 1.268333333333333286e+02 1.282066666666666777e+02
1.290266666666666708e+02 1.268333333333333286e+02 1.282066666666666777e+02
1.290266666666666708e+02 1.268333333333333286e+02 1.282066666666666777e+02
1.290266666666666708e+02 1.268333333333333286e+02 1.282066666666666777e+02
1.290266666666666708e+02 1.268333333333333286e+02 1.282066666666666777e+02
1.290266666666666708e+02 1.268333333333333286e+02 1.282066666666666777e+02
1.290266666666666708e+02 1.268333333333333286e+02 1.282066666666666777e+02
1.290266666666666708e+02 1.268333333333333286e+02 1.282066666666666777e+02
1.290266666666666708e+02 1.268333333333333286e+02 1.282066666666666777e+02
1.290266666666666708e+02 1.268333333333333286e+02 1.282066666666666777e+02
1.290266666666666708e+02 1.268333333333333286e+02 1.282066666666666777e+02
1.290266666666666708e+02 1.268333333333333286e+02 1.282066666666666777e+02
1.290266666666666708e+02 1.268333333333333286e+02 1.282066666666666777e+02
1.290266666666666708e+02 1.268333333333333286e+02 1.282066666666666777e+02
1.290266666666666708e+02 1.268333333333333286e+02 1.282066666666666777e+02
1.290266666666666708e+02 1.268333333333333286e+02 1.282066666666666777e+02
1.290266666666666708e+02 1.268333333333333286e+02 1.282066666666666777e+02
1.290266666666666708e+02 1.268333333333333286e+02 1.282066666666666777e+02
1.290266666666666708e+02 1.268333333333333286e+02 1.282066666666666777e+02
1.290266666666666708e+02 1.268333333333333286e+02 1.282066666666666777e+02
1.290266666666666708e+02 1.268333333333333286e+02 1.282066666666666777e+02
1.290266666666666708e+02 1.268333333333333286e+02 1.282066666666666777e+02
1.290266666666666708e+02 1.268333333333333286e+02 1.282066666666666777e+02
