1.277466666666666697e+02 1.289399999999999977e+02 1.271800000000000068e+02
1.276887417218542993e+02 1.289337748344370880e+02 1.272119205298013185e+02
1.276066666666666691e+02 1.288400000000000034e+02 1.271666666666666714e+02
1.276953642384105905e+02 1.289139072847682144e+02 1.272052980132450273e+02
1.276241610738255048e+02 1.289328859060402692e+02 1.271610738255033510e+02
1.276266666666666652e+02 1.288933333333333451e+02 1.271333333333333400e+02
1.276490066225165521e+02 1.288874172185430496e+02 1.270993377483443680e+02
1.276447368421052602e+02 1.288355263157894797e+02 1.271118421052631646e+02
1.276866666666666674e+02 1.289533333333333474e+02 1.271733333333333320e+02
1.277266666666666737e+02 1.290200000000000102e+02 1.271866666666666674e+02
1.277615894039735167e+02 1.290264900662251648e+02 1.272450331125827745e+02
1.277866666666666617e+02 1.290533333333333417e+02 1.272933333333333366e+02
1.278807947019867584e+02 1.291192052980132416e+02 1.273311258278145743e+02
1.278410596026490111e+02 1.290397350993377472e+02 1.272450331125827745e+02
1.278199999999999932e+02 1.290999999999999943e+02 1.271933333333333280e+02
1.278344370860927199e+02 1.291390728476821153e+02 1.271854304635761537e+02
1.277600000000000051e+02 1.290666666666666629e+02 1.271666666666666714e+02
1.277866666666666617e+02 1.290999999999999943e+02 1.272000000000000028e+02
1.278013245033112639e+02 1.290397350993377472e+02 1.272251655629139009e+02
1.277682119205298079e+02 1.289735099337748352e+02 1.271721854304635713e+02
1.277800000000000011e+02 1.290133333333333212e+02 1.271333333333333400e+02
1.277600000000000051e+02 1.290200000000000102e+02 1.271933333333333280e+02
1.278400000000000034e+02 1.289600000000000080e+02 1.270666666666666629e+02
1.277866666666666617e+02 1.289266666666666765e+02 1.270600000000000023e+02
1.278066666666666720e+02 1.290133333333333212e+02 1.270733333333333377e+02
1.278266666666666680e+02 1.290133333333333212e+02 1.271333333333333400e+02
1.278599999999999994e+02 1.290333333333333314e+02 1.271533333333333360e+02
1.277933333333333366e+02 1.290133333333333212e+02 1.271066666666666691e+02
1.277933333333333366e+02 1.290266666666666708e+02 1.270933333333333337e+02
1.277000000000000028e+02 1.289733333333333292e+02 1.270600000000000023e+02
1.277066666666666634e+02 1.289600000000000080e+02 1.270600000000000023e+02
1.276733333333333320e+02 1.288733333333333348e+02 1.269399999999999977e+02
1.277039473684210549e+02 1.288881578947368496e+02 1.269736842105263150e+02
1.276466666666666612e+02 1.287800000000000011e+02 1.268866666666666703e+02
1.276733333333333320e+02 1.287933333333333223e+02 1.269200000000000017e+02
1.276933333333333280e+02 1.287933333333333223e+02 1.269200000000000017e+02
1.277333333333333343e+02 1.287533333333333303e+02 1.269866666666666646e+02
1.277417218543046289e+02 1.287682119205298079e+02 1.269668874172185440e+02
1.277417218543046289e+02 1.287284768211920607e+02 1.269536423841059616e+02
1.276599999999999966e+02 1.288400000000000034e+02 1.269133333333333269e+02
1.277000000000000028e+02 1.289066666666666663e+02 1.269133333333333269e+02
1.276533333333333360e+02 1.289333333333333371e+02 1.269133333333333269e+02
1.275838926174496635e+02 1.288791946308724903e+02 1.268389261744966490e+02
1.275866666666666731e+02 1.288733333333333348e+02 1.269066666666666663e+02
1.275733333333333377e+02 1.288933333333333451e+02 1.268666666666666600e+02
1.275000000000000000e+02 1.289399999999999977e+02 1.269466666666666725e+02
1.275000000000000000e+02 1.289407894736842195e+02 1.270065789473684248e+02
1.274866666666666646e+02 1.289933333333333394e+02 1.269333333333333371e+02
1.275033112582781456e+02 1.289867549668874176e+02 1.269933774834437088e+02
1.274533333333333331e+02 1.289666666666666686e+02 1.270466666666666669e+02
1.273576158940397391e+02 1.289536423841059616e+02 1.270662251655629120e+02
1.273758389261744952e+02 1.289127516778523557e+02 1.270134228187919518e+02
1.273333333333333286e+02 1.289000000000000057e+02 1.270199999999999960e+02
1.273666666666666600e+02 1.289666666666666686e+02 1.271066666666666691e+02
1.273666666666666600e+02 1.289399999999999977e+02 1.271333333333333400e+02
1.274200000000000017e+02 1.289466666666666583e+02 1.270866666666666731e+02
1.273355704697986539e+02 1.290268456375839037e+02 1.270469798657718172e+02
1.273758389261744952e+02 1.290872483221476443e+02 1.270536912751677789e+02
1.273973509933774864e+02 1.290662251655629120e+02 1.269403973509933792e+02
1.274238410596026512e+02 1.290198675496688736e+02 1.269602649006622528e+02
1.275533333333333275e+02 1.291066666666666549e+02 1.270266666666666708e+02
1.276442953020134183e+02 1.291140939597315480e+02 1.270335570469798654e+02
1.276375838926174566e+02 1.291073825503355579e+02 1.270939597315436203e+02
1.275466666666666669e+02 1.291333333333333258e+02 1.270533333333333275e+02
1.275570469798657740e+02 1.291543624161073751e+02 1.271006711409395962e+02
1.275503355704697981e+02 1.291543624161073751e+02 1.270268456375838895e+02
1.275695364238410576e+02 1.291920529801324449e+02 1.270397350993377472e+02
1.275827814569536400e+02 1.292317880794701921e+02 1.270066225165562912e+02
1.276533333333333360e+02 1.292133333333333383e+02 1.269800000000000040e+02
1.276174496644295289e+02 1.291946308724832306e+02 1.269865771812080482e+02
1.275933333333333337e+02 1.291599999999999966e+02 1.269333333333333371e+02
1.276291390728476784e+02 1.292185430463576097e+02 1.270066225165562912e+02
1.275333333333333314e+02 1.291999999999999886e+02 1.270000000000000000e+02
1.274466666666666725e+02 1.291599999999999966e+02 1.269399999999999977e+02
1.273866666666666703e+02 1.290533333333333417e+02 1.269599999999999937e+02
1.274569536423841072e+02 1.290264900662251648e+02 1.270331125827814560e+02
1.275999999999999943e+02 1.290999999999999943e+02 1.270400000000000063e+02
1.275266666666666708e+02 1.290866666666666731e+02 1.270666666666666629e+02
1.275999999999999943e+02 1.290933333333333337e+02 1.271200000000000045e+02
1.276308724832214807e+02 1.290805369127516826e+02 1.271140939597315480e+02
1.275400000000000063e+02 1.290533333333333417e+02 1.271333333333333400e+02
1.274933333333333394e+02 1.291333333333333258e+02 1.269800000000000040e+02
1.274933333333333394e+02 1.290866666666666731e+02 1.270199999999999960e+02
1.275099337748344368e+02 1.291258278145695328e+02 1.269735099337748352e+02
1.274599999999999937e+02 1.291066666666666549e+02 1.269533333333333331e+02
1.274228187919463124e+02 1.291275167785234999e+02 1.270201342281879135e+02
1.274933333333333394e+02 1.291266666666666652e+02 1.271066666666666691e+02
1.274635761589403984e+02 1.290927152317880768e+02 1.271324503311258241e+02
1.275328947368421098e+02 1.290789473684210407e+02 1.270986842105263150e+02
1.274933333333333394e+02 1.290333333333333314e+02 1.271200000000000045e+02
1.275637583892617499e+02 1.290268456375839037e+02 1.271006711409395962e+02
1.275066666666666606e+02 1.289933333333333394e+02 1.270933333333333337e+02
1.275133333333333354e+02 1.290533333333333417e+02 1.271466666666666612e+02
1.275333333333333314e+02 1.290333333333333314e+02 1.271200000000000045e+02
1.275100671140939568e+02 1.290067114093959617e+02 1.271946308724832164e+02
1.274599999999999937e+02 1.290266666666666708e+02 1.272399999999999949e+02
1.274161073825503365e+02 1.290268456375839037e+02 1.273691275167785193e+02
1.274333333333333371e+02 1.290333333333333314e+02 1.273733333333333348e+02
1.274466666666666725e+02 1.290066666666666606e+02 1.273199999999999932e+02
1.273933333333333309e+02 1.289600000000000080e+02 1.273199999999999932e+02
1.274666666666666686e+02 1.289000000000000057e+02 1.273533333333333388e+02
1.274966442953020191e+02 1.288724832214765001e+02 1.273422818791946298e+02
1.273907284768211952e+02 1.288609271523178847e+02 1.273245033112582831e+02
1.273599999999999994e+02 1.289666666666666686e+02 1.273333333333333286e+02
1.274503311258278160e+02 1.290198675496688736e+02 1.273245033112582831e+02
1.274733333333333292e+02 1.290666666666666629e+02 1.272666666666666657e+02
1.273333333333333286e+02 1.289666666666666686e+02 1.272999999999999972e+02
1.274200000000000017e+02 1.288799999999999955e+02 1.272866666666666617e+02
1.274466666666666725e+02 1.288666666666666742e+02 1.273133333333333326e+02
1.273933333333333309e+02 1.288133333333333326e+02 1.273133333333333326e+02
1.273377483443708655e+02 1.288079470198675551e+02 1.272516556291390799e+02
1.273289473684210549e+02 1.288223684210526301e+02 1.272697368421052602e+02
1.273973509933774864e+02 1.289403973509933792e+02 1.272847682119205359e+02
1.274342105263157947e+02 1.289013157894736707e+02 1.272500000000000000e+02
1.274133333333333269e+02 1.288066666666666720e+02 1.272466666666666697e+02
1.274533333333333331e+02 1.287333333333333201e+02 1.272800000000000011e+02
1.273576158940397391e+02 1.286556291390728575e+02 1.271920529801324449e+02
1.273489932885906057e+02 1.285302013422818845e+02 1.272751677852348990e+02
1.273933333333333309e+02 1.285200000000000102e+02 1.273133333333333326e+02
1.274533333333333331e+02 1.285666666666666629e+02 1.273133333333333326e+02
1.273333333333333286e+02 1.286266666666666652e+02 1.272000000000000028e+02
1.273311258278145743e+02 1.285894039735099454e+02 1.272582781456953711e+02
1.272600000000000051e+02 1.286133333333333439e+02 1.271866666666666674e+02
1.273333333333333286e+02 1.286733333333333462e+02 1.272600000000000051e+02
1.274333333333333371e+02 1.287666666666666799e+02 1.271800000000000068e+02
1.274200000000000017e+02 1.287933333333333223e+02 1.271933333333333280e+02
1.273489932885906057e+02 1.288255033557047113e+02 1.272013422818791923e+02
1.273066666666666720e+02 1.287666666666666799e+02 1.272333333333333343e+02
1.273020134228187885e+02 1.287046979865771732e+02 1.272550335570469855e+02
1.273221476510067163e+02 1.287382550335570386e+02 1.272416107382550337e+02
1.273666666666666600e+02 1.287466666666666697e+02 1.271866666666666674e+02
1.273907284768211952e+02 1.287483443708609343e+02 1.272251655629139009e+02
1.273599999999999994e+02 1.286933333333333280e+02 1.271800000000000068e+02
1.273557046979865817e+02 1.287114093959731633e+02 1.272147651006711442e+02
1.273799999999999955e+02 1.287066666666666777e+02 1.272733333333333263e+02
1.273933333333333309e+02 1.287666666666666799e+02 1.273733333333333348e+02
1.274228187919463124e+02 1.287651006711409423e+02 1.273959731543624230e+02
1.274466666666666725e+02 1.287199999999999989e+02 1.274200000000000017e+02
1.274666666666666686e+02 1.287133333333333383e+02 1.273466666666666640e+02
1.274437086092715248e+02 1.286887417218543135e+02 1.273377483443708655e+02
1.275666666666666629e+02 1.287199999999999989e+02 1.273866666666666703e+02
1.276200000000000045e+02 1.287933333333333223e+02 1.273400000000000034e+02
1.275999999999999943e+02 1.287733333333333405e+02 1.273400000000000034e+02
1.275133333333333354e+02 1.288799999999999955e+02 1.272399999999999949e+02
1.274733333333333292e+02 1.288133333333333326e+02 1.272733333333333263e+02
1.274228187919463124e+02 1.288187919463087212e+02 1.273087248322147644e+02
1.274200000000000017e+02 1.288266666666666538e+02 1.273400000000000034e+02
1.272533333333333303e+02 1.287400000000000091e+02 1.272399999999999949e+02
1.271800000000000068e+02 1.287599999999999909e+02 1.272133333333333383e+02
1.271533333333333360e+02 1.287466666666666697e+02 1.271800000000000068e+02
1.271599999999999966e+02 1.287733333333333405e+02 1.271666666666666714e+02
1.271800000000000068e+02 1.287733333333333405e+02 1.271333333333333400e+02
1.272199999999999989e+02 1.287666666666666799e+02 1.271333333333333400e+02
1.271920529801324449e+02 1.286754966887417311e+02 1.270331125827814560e+02
1.271733333333333320e+02 1.286999999999999886e+02 1.270733333333333377e+02
1.271721854304635713e+02 1.287417218543046431e+02 1.271258278145695328e+02
1.272399999999999949e+02 1.288066666666666720e+02 1.271866666666666674e+02
1.271879194630872547e+02 1.287919463087248459e+02 1.272013422818791923e+02
1.271666666666666714e+02 1.288400000000000034e+02 1.271666666666666714e+02
1.271655629139072801e+02 1.287417218543046431e+02 1.272781456953642447e+02
1.271589403973509889e+02 1.286754966887417311e+02 1.272516556291390799e+02
1.271533333333333360e+02 1.286733333333333462e+02 1.272533333333333303e+02
1.271986754966887361e+02 1.287350993377483519e+02 1.273576158940397391e+02
1.271666666666666714e+02 1.287333333333333201e+02 1.273533333333333388e+02
1.270789473684210549e+02 1.287105263157894797e+02 1.273421052631578902e+02
1.271266666666666652e+02 1.287133333333333383e+02 1.273333333333333286e+02
1.270266666666666708e+02 1.286399999999999864e+02 1.273133333333333326e+02
1.270872483221476443e+02 1.286308724832214807e+02 1.273892617449664471e+02
1.271200000000000045e+02 1.286666666666666572e+02 1.274133333333333269e+02
1.271599999999999966e+02 1.286999999999999886e+02 1.274133333333333269e+02
1.271666666666666714e+02 1.287199999999999989e+02 1.274266666666666623e+02
1.271456953642384065e+02 1.286754966887417311e+02 1.274238410596026512e+02
1.271644736842105203e+02 1.285855263157894797e+02 1.273881578947368354e+02
1.271599999999999966e+02 1.286599999999999966e+02 1.274066666666666663e+02
1.271200000000000045e+02 1.286599999999999966e+02 1.274466666666666725e+02
1.271466666666666612e+02 1.286599999999999966e+02 1.274733333333333292e+02
1.270933333333333337e+02 1.286866666666666674e+02 1.274200000000000017e+02
1.271140939597315480e+02 1.287449664429530287e+02 1.273422818791946298e+02
1.271133333333333297e+02 1.287533333333333303e+02 1.273466666666666640e+02
1.272066666666666634e+02 1.288666666666666742e+02 1.273400000000000034e+02
1.271733333333333320e+02 1.287933333333333223e+02 1.273133333333333326e+02
1.270728476821192032e+02 1.288675496688741759e+02 1.272450331125827745e+02
1.270794701986754944e+02 1.288874172185430496e+02 1.272516556291390799e+02
1.270400000000000063e+02 1.289466666666666583e+02 1.273400000000000034e+02
1.270199999999999960e+02 1.288600000000000136e+02 1.273066666666666720e+02
1.270266666666666708e+02 1.288333333333333428e+02 1.272866666666666617e+02
1.270065789473684248e+02 1.288750000000000000e+02 1.273223684210526301e+02
1.268933333333333309e+02 1.288333333333333428e+02 1.273666666666666600e+02
1.269266666666666623e+02 1.288266666666666538e+02 1.274066666666666663e+02
1.269333333333333371e+02 1.288333333333333428e+02 1.273733333333333348e+02
1.268993288590604038e+02 1.288859060402684520e+02 1.273557046979865817e+02
1.269463087248322211e+02 1.289060402684563655e+02 1.273288590604026780e+02
1.269266666666666623e+02 1.289399999999999977e+02 1.273533333333333388e+02
1.269261744966442933e+02 1.289530201342281828e+02 1.272751677852348990e+02
1.268133333333333326e+02 1.289799999999999898e+02 1.272266666666666737e+02
1.268609271523178847e+02 1.290331125827814560e+02 1.272781456953642447e+02
1.268333333333333286e+02 1.290200000000000102e+02 1.273199999999999932e+02
1.268666666666666600e+02 1.289733333333333292e+02 1.273933333333333309e+02
1.269266666666666623e+02 1.289733333333333292e+02 1.273799999999999955e+02
1.268933333333333309e+02 1.290200000000000102e+02 1.274000000000000057e+02
1.269133333333333269e+02 1.290000000000000000e+02 1.275266666666666708e+02
1.269194630872483174e+02 1.290000000000000000e+02 1.275503355704697981e+02
1.269533333333333331e+02 1.289399999999999977e+02 1.275133333333333354e+02
1.269933333333333394e+02 1.289333333333333371e+02 1.275066666666666606e+02
1.270066666666666606e+02 1.288533333333333246e+02 1.274733333333333292e+02
1.269668874172185440e+02 1.288344370860927199e+02 1.274370860927152336e+02
1.269139072847682144e+02 1.288344370860927199e+02 1.274304635761589424e+02
1.269139072847682144e+02 1.288675496688741759e+02 1.273973509933774864e+02
1.268344370860927199e+02 1.289337748344370880e+02 1.273708609271523216e+02
1.268866666666666703e+02 1.289799999999999898e+02 1.273799999999999955e+02
1.268609271523178847e+02 1.289072847682119232e+02 1.274039735099337776e+02
1.268533333333333388e+02 1.288866666666666561e+02 1.274066666666666663e+02
1.268866666666666703e+02 1.288733333333333348e+02 1.274466666666666725e+02
1.269403973509933792e+02 1.288476821192053023e+02 1.274370860927152336e+02
1.269866666666666646e+02 1.288933333333333451e+02 1.275000000000000000e+02
1.270662251655629120e+02 1.289072847682119232e+02 1.275231788079470192e+02
1.270733333333333377e+02 1.289000000000000057e+02 1.275000000000000000e+02
1.270000000000000000e+02 1.288066666666666720e+02 1.273666666666666600e+02
1.270264900662251648e+02 1.288874172185430496e+02 1.273907284768211952e+02
1.270400000000000063e+02 1.288600000000000136e+02 1.274266666666666623e+02
1.270933333333333337e+02 1.288666666666666742e+02 1.273599999999999994e+02
1.270866666666666731e+02 1.288066666666666720e+02 1.273533333333333388e+02
1.270999999999999943e+02 1.288333333333333428e+02 1.272866666666666617e+02
1.270402684563758413e+02 1.287583892617449806e+02 1.273221476510067163e+02
1.270533333333333275e+02 1.287199999999999989e+02 1.273133333333333326e+02
1.271192052980132416e+02 1.286953642384106047e+02 1.272715231788079535e+02
1.271275167785234856e+02 1.286442953020134325e+02 1.272617449664429472e+02
1.270799999999999983e+02 1.286866666666666674e+02 1.273666666666666600e+02
1.270533333333333275e+02 1.287133333333333383e+02 1.273400000000000034e+02
1.270533333333333275e+02 1.286066666666666549e+02 1.273866666666666703e+02
1.270199999999999960e+02 1.285733333333333235e+02 1.275066666666666606e+02
1.270933333333333337e+02 1.286399999999999864e+02 1.274733333333333292e+02
1.270596026490066208e+02 1.286092715231788191e+02 1.274635761589403984e+02
1.269800000000000040e+02 1.287266666666666595e+02 1.274800000000000040e+02
1.269735099337748352e+02 1.287152317880794783e+02 1.275761589403973488e+02
1.269066666666666663e+02 1.287333333333333201e+02 1.275266666666666708e+02
1.269000000000000057e+02 1.286933333333333280e+02 1.275266666666666708e+02
1.269066666666666663e+02 1.287333333333333201e+02 1.274933333333333394e+02
1.268733333333333348e+02 1.287866666666666617e+02 1.275866666666666731e+02
1.268533333333333388e+02 1.288333333333333428e+02 1.275933333333333337e+02
1.269463087248322211e+02 1.288187919463087212e+02 1.275838926174496635e+02
1.269735099337748352e+02 1.287947019867549727e+02 1.275827814569536400e+02
1.269801324503311264e+02 1.287350993377483519e+02 1.276556291390728433e+02
1.269210526315789451e+02 1.287368421052631504e+02 1.276710526315789451e+02
1.269399999999999977e+02 1.287666666666666799e+02 1.276599999999999966e+02
1.269933333333333394e+02 1.288133333333333326e+02 1.276666666666666714e+02
1.270133333333333354e+02 1.288600000000000136e+02 1.276466666666666612e+02
1.270397350993377472e+02 1.287483443708609343e+02 1.275496688741721840e+02
1.271342281879194616e+02 1.287114093959731633e+02 1.275906040268456394e+02
1.271466666666666612e+02 1.287133333333333383e+02 1.275799999999999983e+02
1.271324503311258241e+02 1.287417218543046431e+02 1.276092715231788048e+02
1.272600000000000051e+02 1.288066666666666720e+02 1.275933333333333337e+02
1.273133333333333326e+02 1.287733333333333405e+02 1.276200000000000045e+02
1.272617449664429472e+02 1.287583892617449806e+02 1.276442953020134183e+02
1.272913907284768271e+02 1.287682119205298079e+02 1.277019867549668817e+02
1.272600000000000051e+02 1.287666666666666799e+02 1.277000000000000028e+02
1.273133333333333326e+02 1.287800000000000011e+02 1.275999999999999943e+02
1.273245033112582831e+02 1.288079470198675551e+02 1.276026490066225136e+02
1.273576158940397391e+02 1.288013245033112639e+02 1.276622516556291345e+02
1.274701986754966896e+02 1.287483443708609343e+02 1.276821192052980081e+02
1.274496644295302019e+02 1.287382550335570386e+02 1.277114093959731491e+02
1.275133333333333354e+02 1.287133333333333383e+02 1.276466666666666612e+02
1.274666666666666686e+02 1.286933333333333280e+02 1.276599999999999966e+02
1.274105960264900688e+02 1.286622516556291487e+02 1.276291390728476784e+02
1.274200000000000017e+02 1.286800000000000068e+02 1.277000000000000028e+02
1.275266666666666708e+02 1.286333333333333258e+02 1.276599999999999966e+02
1.275436241610738222e+02 1.286577181208053560e+02 1.276979865771812115e+02
1.274966887417218544e+02 1.286291390728476927e+02 1.277086092715231729e+02
1.275000000000000000e+02 1.286399999999999864e+02 1.277066666666666634e+02
1.274736842105263150e+02 1.286644736842105203e+02 1.277500000000000000e+02
1.274370860927152336e+02 1.286357615894039839e+02 1.277218543046357553e+02
1.274266666666666623e+02 1.286333333333333258e+02 1.277666666666666657e+02
1.275333333333333314e+02 1.286733333333333462e+02 1.277466666666666697e+02
1.275165562913907280e+02 1.287350993377483519e+02 1.276622516556291345e+02
1.275866666666666731e+02 1.287666666666666799e+02 1.276333333333333400e+02
1.276066666666666691e+02 1.287800000000000011e+02 1.276666666666666714e+02
1.276066666666666691e+02 1.287866666666666617e+02 1.276866666666666674e+02
1.275933333333333337e+02 1.288133333333333326e+02 1.276666666666666714e+02
1.275333333333333314e+02 1.288000000000000114e+02 1.276599999999999966e+02
1.275000000000000000e+02 1.288157894736842195e+02 1.276513157894736850e+02
1.275199999999999960e+02 1.288066666666666720e+02 1.277333333333333343e+02
1.275600000000000023e+02 1.288199999999999932e+02 1.277600000000000051e+02
1.274697986577181155e+02 1.287986577181208077e+02 1.276241610738255048e+02
1.275799999999999983e+02 1.288000000000000114e+02 1.276733333333333320e+02
1.276556291390728433e+02 1.287417218543046431e+02 1.275695364238410576e+02
1.275761589403973488e+02 1.287615894039735167e+02 1.275629139072847664e+02
1.276776315789473699e+02 1.287039473684210407e+02 1.276578947368421098e+02
1.276933333333333280e+02 1.287866666666666617e+02 1.276733333333333320e+02
1.277152317880794641e+02 1.287748344370860991e+02 1.277615894039735167e+02
1.277199999999999989e+02 1.287199999999999989e+02 1.277533333333333303e+02
1.276866666666666674e+02 1.286999999999999886e+02 1.277999999999999972e+02
1.276866666666666674e+02 1.286733333333333462e+02 1.277466666666666697e+02
1.276953642384105905e+02 1.286423841059602751e+02 1.277218543046357553e+02
1.276666666666666714e+02 1.285533333333333417e+02 1.276533333333333360e+02
1.276733333333333320e+02 1.286333333333333258e+02 1.276400000000000006e+02
1.276556291390728433e+02 1.286821192052980223e+02 1.276158940397350960e+02
1.276622516556291345e+02 1.287218543046357695e+02 1.275894039735099312e+02
1.276533333333333360e+02 1.287133333333333383e+02 1.275799999999999983e+02
1.277000000000000028e+02 1.286933333333333280e+02 1.275799999999999983e+02
1.277399999999999949e+02 1.287066666666666777e+02 1.276266666666666652e+02
1.277000000000000028e+02 1.286999999999999886e+02 1.276333333333333400e+02
1.276866666666666674e+02 1.286266666666666652e+02 1.275866666666666731e+02
1.277399999999999949e+02 1.286266666666666652e+02 1.274866666666666646e+02
1.277549668874172255e+02 1.286688741721854399e+02 1.274635761589403984e+02
1.277682119205298079e+02 1.287549668874172255e+02 1.275364238410596016e+02
1.277733333333333263e+02 1.288799999999999955e+02 1.275133333333333354e+02
1.278255033557046971e+02 1.289261744966443075e+02 1.274832214765100673e+02
1.277866666666666617e+02 1.289199999999999875e+02 1.274599999999999937e+02
1.277533333333333303e+02 1.288866666666666561e+02 1.274200000000000017e+02
1.278933333333333309e+02 1.289199999999999875e+02 1.275066666666666606e+02
1.278599999999999994e+02 1.289799999999999898e+02 1.274733333333333292e+02
1.278187919463087212e+02 1.288993288590604038e+02 1.274765100671140914e+02
1.277919463087248317e+02 1.288456375838926249e+02 1.274563758389261778e+02
1.278120805369127453e+02 1.287583892617449806e+02 1.274832214765100673e+02
1.279072847682119232e+02 1.288079470198675551e+02 1.275033112582781456e+02
1.278926174496644279e+02 1.287919463087248459e+02 1.274295302013422884e+02
1.279133333333333269e+02 1.287466666666666697e+02 1.274599999999999937e+02
1.279200000000000017e+02 1.286733333333333462e+02 1.275133333333333354e+02
1.279333333333333371e+02 1.286200000000000045e+02 1.275666666666666629e+02
1.279473684210526301e+02 1.286381578947368496e+02 1.275394736842105203e+02
1.279866666666666646e+02 1.286200000000000045e+02 1.275266666666666708e+02
1.279866666666666646e+02 1.286200000000000045e+02 1.274666666666666686e+02
1.279536423841059616e+02 1.286423841059602751e+02 1.274900662251655632e+02
1.279066666666666663e+02 1.286999999999999886e+02 1.275133333333333354e+02
1.278255033557046971e+02 1.287114093959731633e+02 1.275302013422818845e+02
1.277516778523489904e+02 1.287114093959731633e+02 1.274899328859060432e+02
1.277748344370860991e+02 1.286953642384106047e+02 1.274966887417218544e+02
1.277748344370860991e+02 1.287019867549668959e+02 1.274635761589403984e+02
1.277333333333333343e+02 1.287533333333333303e+02 1.275199999999999960e+02
1.277733333333333263e+02 1.287400000000000091e+02 1.276133333333333297e+02
1.277333333333333343e+02 1.287599999999999909e+02 1.275799999999999983e+02
1.277466666666666697e+02 1.287866666666666617e+02 1.276200000000000045e+02
1.277105263157894797e+02 1.288750000000000000e+02 1.275723684210526301e+02
1.276092715231788048e+02 1.289403973509933792e+02 1.275496688741721840e+02
1.276225165562913872e+02 1.288741721854304672e+02 1.275827814569536400e+02
1.275533333333333275e+02 1.289066666666666663e+02 1.275733333333333377e+02
1.275266666666666708e+02 1.289133333333333269e+02 1.275066666666666606e+02
1.275789473684210549e+02 1.288618421052631504e+02 1.276052631578947398e+02
1.275933333333333337e+02 1.288333333333333428e+02 1.275466666666666669e+02
1.276133333333333297e+02 1.288266666666666538e+02 1.275600000000000023e+02
1.275533333333333275e+02 1.287933333333333223e+02 1.275266666666666708e+02
1.275167785234899327e+02 1.287852348993288558e+02 1.275704697986577116e+02
1.275933333333333337e+02 1.288199999999999932e+02 1.275733333333333377e+02
1.276490066225165521e+02 1.288940397350993408e+02 1.275430463576158928e+02
1.276423841059602609e+02 1.289403973509933792e+02 1.275761589403973488e+02
1.275436241610738222e+02 1.289597315436241729e+02 1.275906040268456394e+02
1.275827814569536400e+02 1.289271523178807968e+02 1.276225165562913872e+02
1.276066666666666691e+02 1.289733333333333292e+02 1.276133333333333297e+02
1.276092715231788048e+02 1.290264900662251648e+02 1.276490066225165521e+02
1.275133333333333354e+02 1.290266666666666708e+02 1.276666666666666714e+02
1.274569536423841072e+02 1.289470198675496704e+02 1.277218543046357553e+02
1.274900662251655632e+02 1.288476821192053023e+02 1.277549668874172255e+02
1.274399999999999977e+02 1.288400000000000034e+02 1.278133333333333326e+02
1.274496644295302019e+02 1.288657718120805384e+02 1.278590604026845625e+02
1.274666666666666686e+02 1.289600000000000080e+02 1.278799999999999955e+02
1.274569536423841072e+02 1.290264900662251648e+02 1.277814569536423903e+02
1.274733333333333292e+02 1.290266666666666708e+02 1.277399999999999949e+02
1.274933333333333394e+02 1.290266666666666708e+02 1.277933333333333366e+02
1.274407894736842053e+02 1.290000000000000000e+02 1.277763157894736850e+02
1.274635761589403984e+02 1.290529801324503296e+02 1.277880794701986815e+02
1.274966442953020191e+02 1.289865771812080482e+02 1.277718120805369182e+02
1.275066666666666606e+02 1.289799999999999898e+02 1.277533333333333303e+02
1.275066666666666606e+02 1.289799999999999898e+02 1.277466666666666697e+02
1.274800000000000040e+02 1.289000000000000057e+02 1.277399999999999949e+02
1.274701986754966896e+02 1.289072847682119232e+02 1.276423841059602609e+02
1.274933333333333394e+02 1.288600000000000136e+02 1.276333333333333400e+02
1.275799999999999983e+02 1.288600000000000136e+02 1.276133333333333297e+02
1.275526315789473699e+02 1.289013157894736707e+02 1.275921052631578902e+02
1.275533333333333275e+02 1.289466666666666583e+02 1.276066666666666691e+02
1.276599999999999966e+02 1.289600000000000080e+02 1.275333333333333314e+02
1.276400000000000006e+02 1.289733333333333292e+02 1.274933333333333394e+02
1.276333333333333400e+02 1.289199999999999875e+02 1.274733333333333292e+02
1.276466666666666612e+02 1.289333333333333371e+02 1.274533333333333331e+02
1.276556291390728433e+02 1.289801324503311264e+02 1.273973509933774864e+02
1.276400000000000006e+02 1.290200000000000102e+02 1.273666666666666600e+02
1.275866666666666731e+02 1.290333333333333314e+02 1.273799999999999955e+02
1.275629139072847664e+02 1.290000000000000000e+02 1.273576158940397391e+02
1.276533333333333360e+02 1.290266666666666708e+02 1.274133333333333269e+02
1.276466666666666612e+02 1.289799999999999898e+02 1.274066666666666663e+02
1.276599999999999966e+02 1.290399999999999920e+02 1.274466666666666725e+02
1.276845637583892596e+02 1.290134228187919518e+02 1.274026845637583847e+02
1.277666666666666657e+02 1.289066666666666663e+02 1.274000000000000057e+02
1.277933333333333366e+02 1.288666666666666742e+02 1.273466666666666640e+02
1.278079470198675551e+02 1.288013245033112639e+02 1.273841059602649040e+02
1.277866666666666617e+02 1.288400000000000034e+02 1.273466666666666640e+02
1.277533333333333303e+02 1.288533333333333246e+02 1.273599999999999994e+02
1.277600000000000051e+02 1.288666666666666742e+02 1.273333333333333286e+02
1.277733333333333263e+02 1.288266666666666538e+02 1.273533333333333388e+02
1.277933333333333366e+02 1.288466666666666640e+02 1.273866666666666703e+02
1.277600000000000051e+02 1.288333333333333428e+02 1.274466666666666725e+02
1.277266666666666737e+02 1.287733333333333405e+02 1.274666666666666686e+02
1.276800000000000068e+02 1.286999999999999886e+02 1.274933333333333394e+02
1.277399999999999949e+02 1.287400000000000091e+02 1.274599999999999937e+02
1.277933333333333366e+02 1.286933333333333280e+02 1.275000000000000000e+02
1.278333333333333286e+02 1.286999999999999886e+02 1.275066666666666606e+02
1.278278145695364287e+02 1.287483443708609343e+02 1.275695364238410576e+02
1.278053691275167836e+02 1.287718120805369040e+02 1.275503355704697981e+02
1.278199999999999932e+02 1.287533333333333303e+02 1.275799999999999983e+02
1.277785234899328799e+02 1.287382550335570386e+02 1.275906040268456394e+02
1.277399999999999949e+02 1.286933333333333280e+02 1.276866666666666674e+02
1.277999999999999972e+02 1.286666666666666572e+02 1.276933333333333280e+02
1.277999999999999972e+02 1.286800000000000068e+02 1.276533333333333360e+02
1.278013245033112639e+02 1.286754966887417311e+02 1.275827814569536400e+02
1.277919463087248317e+02 1.287315436241610769e+02 1.275570469798657740e+02
1.278278145695364287e+02 1.286490066225165663e+02 1.275496688741721840e+02
1.278187919463087212e+02 1.287315436241610769e+02 1.274228187919463124e+02
1.278466666666666640e+02 1.286933333333333280e+02 1.273933333333333309e+02
1.278344370860927199e+02 1.286622516556291487e+02 1.274437086092715248e+02
1.277483443708609201e+02 1.286887417218543135e+02 1.274437086092715248e+02
1.277248322147651010e+02 1.286442953020134325e+02 1.273489932885906057e+02
1.277000000000000028e+02 1.286466666666666754e+02 1.273466666666666640e+02
1.277600000000000051e+02 1.286333333333333258e+02 1.273199999999999932e+02
1.276622516556291345e+02 1.286887417218543135e+02 1.273377483443708655e+02
1.276490066225165521e+02 1.287152317880794783e+02 1.273509933774834479e+02
1.276887417218542993e+02 1.287086092715231871e+02 1.273178807947019919e+02
1.276133333333333297e+02 1.287533333333333303e+02 1.273599999999999994e+02
1.276066666666666691e+02 1.288066666666666720e+02 1.274066666666666663e+02
1.276200000000000045e+02 1.287933333333333223e+02 1.274066666666666663e+02
1.275600000000000023e+02 1.287400000000000091e+02 1.274333333333333371e+02
1.275733333333333377e+02 1.286933333333333280e+02 1.273933333333333309e+02
1.275695364238410576e+02 1.286688741721854399e+02 1.273841059602649040e+02
1.275066666666666606e+02 1.286800000000000068e+02 1.273933333333333309e+02
1.275066666666666606e+02 1.287866666666666617e+02 1.273266666666666680e+02
1.274666666666666686e+02 1.287599999999999909e+02 1.272999999999999972e+02
1.275165562913907280e+02 1.288013245033112639e+02 1.272715231788079535e+02
1.275733333333333377e+02 1.286800000000000068e+02 1.273266666666666680e+02
1.275999999999999943e+02 1.286666666666666572e+02 1.273066666666666720e+02
1.276308724832214807e+02 1.285100671140939710e+02 1.273825503355704711e+02
1.276442953020134183e+02 1.284966442953020191e+02 1.273825503355704711e+02
1.275999999999999943e+02 1.284466666666666583e+02 1.274066666666666663e+02
1.275600000000000023e+02 1.284466666666666583e+02 1.274000000000000057e+02
1.275799999999999983e+02 1.284266666666666765e+02 1.274333333333333371e+02
1.275733333333333377e+02 1.284399999999999977e+02 1.274066666666666663e+02
1.276066666666666691e+02 1.284066666666666663e+02 1.274133333333333269e+02
1.276315789473684248e+02 1.283552631578947398e+02 1.274342105263157947e+02
1.276357615894039697e+02 1.283576158940397249e+02 1.275231788079470192e+02
1.275960264900662224e+02 1.283973509933774722e+02 1.275033112582781456e+02
1.275973154362416153e+02 1.283892617449664328e+02 1.274697986577181155e+02
1.275761589403973488e+02 1.284304635761589282e+02 1.274039735099337776e+02
1.275933333333333337e+02 1.284866666666666788e+02 1.275000000000000000e+02
1.275637583892617499e+02 1.284697986577181155e+02 1.274966442953020191e+02
1.275503355704697981e+02 1.284563758389261636e+02 1.275570469798657740e+02
1.274800000000000040e+02 1.284133333333333269e+02 1.275799999999999983e+02
1.275133333333333354e+02 1.284666666666666686e+02 1.275000000000000000e+02
1.275066666666666606e+02 1.284399999999999977e+02 1.275333333333333314e+02
1.275234899328859086e+02 1.285100671140939710e+02 1.276040268456375770e+02
1.275629139072847664e+02 1.285695364238410718e+02 1.276556291390728433e+02
1.275695364238410576e+02 1.284768211920529666e+02 1.276291390728476784e+02
1.275894039735099312e+02 1.284635761589403842e+02 1.276225165562913872e+02
1.275436241610738222e+02 1.283691275167785193e+02 1.276174496644295289e+02
1.274802631578947398e+02 1.283750000000000000e+02 1.276315789473684248e+02
1.274200000000000017e+02 1.284266666666666765e+02 1.276133333333333297e+02
1.275231788079470192e+02 1.284635761589404126e+02 1.276688741721854399e+02
1.274768211920529808e+02 1.284304635761589282e+02 1.277019867549668817e+02
1.275066666666666606e+02 1.283799999999999955e+02 1.276599999999999966e+02
1.275266666666666708e+02 1.283933333333333451e+02 1.276533333333333360e+02
1.275199999999999960e+02 1.283666666666666742e+02 1.276466666666666612e+02
1.275838926174496635e+02 1.284228187919462982e+02 1.277248322147651010e+02
1.275533333333333275e+02 1.283266666666666538e+02 1.276400000000000006e+02
1.275466666666666669e+02 1.284066666666666663e+02 1.276400000000000006e+02
1.275369127516778462e+02 1.284295302013422884e+02 1.276040268456375770e+02
1.275199999999999960e+02 1.283933333333333451e+02 1.275866666666666731e+02
1.275298013245033104e+02 1.284238410596026370e+02 1.276291390728476784e+02
1.275165562913907280e+02 1.284569536423840930e+02 1.276225165562913872e+02
1.274210526315789451e+02 1.285131578947368496e+02 1.275855263157894797e+02
1.274370860927152336e+02 1.284966887417218402e+02 1.276026490066225136e+02
1.275298013245033104e+02 1.285562913907284894e+02 1.275298013245033104e+02
1.274599999999999937e+02 1.285866666666666731e+02 1.275733333333333377e+02
1.275562913907284752e+02 1.286754966887417311e+02 1.275364238410596016e+02
1.275533333333333275e+02 1.286933333333333280e+02 1.275466666666666669e+02
1.275600000000000023e+02 1.286266666666666652e+02 1.275266666666666708e+02
1.275838926174496635e+02 1.286644295302013461e+02 1.274966442953020191e+02
1.275986842105263150e+02 1.287105263157894797e+02 1.275065789473684248e+02
1.275333333333333314e+02 1.287266666666666595e+02 1.274466666666666725e+02
1.274666666666666686e+02 1.287199999999999989e+02 1.275266666666666708e+02
1.275066666666666606e+02 1.287533333333333303e+02 1.275466666666666669e+02
1.275302013422818845e+02 1.287248322147650867e+02 1.275503355704697981e+02
1.275466666666666669e+02 1.286999999999999886e+02 1.274533333333333331e+02
1.274800000000000040e+02 1.287066666666666777e+02 1.275400000000000063e+02
1.274172185430463600e+02 1.286158940397351103e+02 1.276225165562913872e+02
1.273466666666666640e+02 1.285600000000000023e+02 1.276733333333333320e+02
1.273311258278145743e+02 1.285364238410596158e+02 1.275496688741721840e+02
1.272933333333333366e+02 1.285200000000000102e+02 1.275866666666666731e+02
1.272516556291390799e+02 1.285033112582781598e+02 1.276092715231788048e+02
1.272199999999999989e+02 1.285399999999999920e+02 1.276333333333333400e+02
1.272333333333333343e+02 1.285666666666666629e+02 1.276066666666666691e+02
1.272466666666666697e+02 1.285733333333333235e+02 1.275666666666666629e+02
1.272302631578947398e+02 1.285921052631578902e+02 1.275921052631578902e+02
1.272266666666666737e+02 1.285600000000000023e+02 1.276533333333333360e+02
1.272052980132450273e+02 1.285298013245033246e+02 1.275629139072847664e+02
1.271933333333333280e+02 1.285000000000000000e+02 1.275733333333333377e+02
1.271788079470198625e+02 1.285231788079470334e+02 1.274900662251655632e+02
1.271266666666666652e+02 1.285133333333333212e+02 1.275866666666666731e+02
1.270604026845637549e+02 1.286442953020134325e+02 1.276107382550335529e+02
1.270794701986754944e+02 1.286158940397351103e+02 1.276357615894039697e+02
1.271073825503355721e+02 1.285973154362416153e+02 1.275704697986577116e+02
1.270400000000000063e+02 1.285866666666666731e+02 1.275133333333333354e+02
1.269800000000000040e+02 1.285733333333333235e+02 1.275199999999999960e+02
1.269800000000000040e+02 1.286133333333333439e+02 1.275066666666666606e+02
1.270533333333333275e+02 1.285733333333333235e+02 1.274200000000000017e+02
