1.267866666666666617e+02 1.260266666666666708e+02 1.269133333333333269e+02
1.267583892617449663e+02 1.261006711409395962e+02 1.268657718120805384e+02
1.267666666666666657e+02 1.261466666666666612e+02 1.269066666666666663e+02
1.268400000000000034e+02 1.261266666666666652e+02 1.268866666666666703e+02
1.269466666666666725e+02 1.261599999999999966e+02 1.268799999999999955e+02
1.270266666666666708e+02 1.262066666666666634e+02 1.268866666666666703e+02
1.269800000000000040e+02 1.262266666666666737e+02 1.269266666666666623e+02
1.270000000000000000e+02 1.262666666666666657e+02 1.269666666666666686e+02
1.270199999999999960e+02 1.262333333333333343e+02 1.269866666666666646e+02
1.269800000000000040e+02 1.262266666666666737e+02 1.269800000000000040e+02
1.270400000000000063e+02 1.262399999999999949e+02 1.269466666666666725e+02
1.270400000000000063e+02 1.262266666666666737e+02 1.269399999999999977e+02
1.270738255033557067e+02 1.262483221476510096e+02 1.269664429530201346e+02
1.270666666666666629e+02 1.262466666666666697e+02 1.269800000000000040e+02
1.270666666666666629e+02 1.262466666666666697e+02 1.269800000000000040e+02
1.270666666666666629e+02 1.262466666666666697e+02 1.269800000000000040e+02
1.270666666666666629e+02 1.262466666666666697e+02 1.269800000000000040e+02
1.270666666666666629e+02 1.262466666666666697e+02 1.269800000000000040e+02
1.270666666666666629e+02 1.262466666666666697e+02 1.269800000000000040e+02
1.270666666666666629e+02 1.262466666666666697e+02 1.269800000000000040e+02
1.270666666666666629e+02 1.262466666666666697e+02 1.269800000000000040e+02
1.270666666666666629e+02 1.262466666666666697e+02 1.269800000000000040e+02
1.270666666666666629e+02 1.262466666666666697e+02 1.269800000000000040e+02
1.270666666666666629e+02 1.262466666666666697e+02 1.269800000000000040e+02
1.270666666666666629e+02 1.262466666666666697e+02 1.269800000000000040e+02
1.270666666666666629e+02 1.262466666666666697e+02 1.269800000000000040e+02
1.270666666666666629e+02 1.262466666666666697e+02 1.269800000000000040e+02
1.270666666666666629e+02 1.262466666666666697e+02 1.269800000000000040e+02
1.270666666666666629e+02 1.262466666666666697e+02 1.269800000000000040e+02
1.270666666666666629e+02 1.262466666666666697e+02 1.269800000000000040e+02
1.270666666666666629e+02 1.262466666666666697e+02 1.269800000000000040e+02
1.270666666666666629e+02 1.262466666666666697e+02 1.269800000000000040e+02
1.270666666666666629e+02 1.262466666666666697e+02 1.269800000000000040e+02
1.270666666666666629e+02 1.262466666666666697e+02 1.269800000000000040e+02
1.270666666666666629e+02 1.262466666666666697e+02 1.269800000000000040e+02
1.270666666666666629e+02 1.262466666666666697e+02 1.269800000000000040e+02
1.270666666666666629e+02 1.262466666666666697e+02 1.269800000000000040e+02
1.270666666666666629e+02 1.262466666666666697e+02 1.269800000000000040e+02
1.270666666666666629e+02 1.262466666666666697e+02 1.269800000000000040e+02
1.270666666666666629e+02 1.262466666666666697e+02 1.269800000000000040e+02
1.270666666666666629e+02 1.262466666666666697e+02 1.269800000000000040e+02
1.270666666666666629e+02 1.262466666666666697e+02 1.269800000000000040e+02
1.270666666666666629e+02 1.262466666666666697e+02 1.269800000000000040e+02
1.270666666666666629e+02 1.262466666666666697e+02 1.269800000000000040e+02
1.270666666666666629e+02 1.262466666666666697e+02 1.269800000000000040e+02
1.270666666666666629e+02 1.262466666666666697e+02 1.269800000000000040e+02
1.270666666666666629e+02 1.262466666666666697e+02 1.269800000000000040e+02
1.270666666666666629e+02 1.262466666666666697e+02 1.269800000000000040e+02
1.270666666666666629e+02 1.262466666666666697e+02 1.269800000000000040e+02
1.270666666666666629e+02 1.262466666666666697e+02 1.269800000000000040e+02
1.270666666666666629e+02 1.262466666666666697e+02 1.269800000000000040e+02
1.270666666666666629e+02 1.262466666666666697e+02 1.269800000000000040e+02
1.270666666666666629e+02 1.262466666666666697e+02 1.269800000000000040e+02
1.270666666666666629e+02 1.262466666666666697e+02 1.269800000000000040e+02
1.270666666666666629e+02 1.262466666666666697e+02 1.269800000000000040e+02
1.270666666666666629e+02 1.262466666666666697e+02 1.269800000000000040e+02
1.270666666666666629e+02 1.262466666666666697e+02 1.269800000000000040e+02
1.270666666666666629e+02 1.262466666666666697e+02 1.269800000000000040e+02
1.270666666666666629e+02 1.262466666666666697e+02 1.269800000000000040e+02
1.270666666666666629e+02 1.262466666666666697e+02 1.269800000000000040e+02
1.270666666666666629e+02 1.262466666666666697e+02 1.269800000000000040e+02
1.270666666666666629e+02 1.262466666666666697e+02 1.269800000000000040e+02
1.270666666666666629e+02 1.262466666666666697e+02 1.269800000000000040e+02
1.270666666666666629e+02 1.262466666666666697e+02 1.269800000000000040e+02
1.270666666666666629e+02 1.262466666666666697e+02 1.269800000000000040e+02
1.270666666666666629e+02 1.262466666666666697e+02 1.269800000000000040e+02
1.270666666666666629e+02 1.262466666666666697e+02 1.269800000000000040e+02
1.270666666666666629e+02 1.262466666666666697e+02 1.269800000000000040e+02
1.270666666666666629e+02 1.262466666666666697e+02 1.269800000000000040e+02
1.270666666666666629e+02 1.262466666666666697e+02 1.269800000000000040e+02
1.270666666666666629e+02 1.262466666666666697e+02 1.269800000000000040e+02
1.270666666666666629e+02 1.262466666666666697e+02 1.269800000000000040e+02
1.270666666666666629e+02 1.262466666666666697e+02 1.269800000000000040e+02
1.270666666666666629e+02 1.262466666666666697e+02 1.269800000000000040e+02
1.270666666666666629e+02 1.262466666666666697e+02 1.269800000000000040e+02
1.270666666666666629e+02 1.262466666666666697e+02 1.269800000000000040e+02
1.270666666666666629e+02 1.262466666666666697e+02 1.269800000000000040e+02
1.270666666666666629e+02 1.262466666666666697e+02 1.269800000000000040e+02
1.270666666666666629e+02 1.262466666666666697e+02 1.269800000000000040e+02
1.270666666666666629e+02 1.262466666666666697e+02 1.269800000000000040e+02
1.270666666666666629e+02 1.262466666666666697e+02 1.269800000000000040e+02
1.270666666666666629e+02 1.262466666666666697e+02 1.269800000000000040e+02
1.270666666666666629e+02 1.262466666666666697e+02 1.269800000000000040e+02
1.270666666666666629e+02 1.262466666666666697e+02 1.269800000000000040e+02
1.270666666666666629e+02 1.262466666666666697e+02 1.269800000000000040e+02
1.270666666666666629e+02 1.262466666666666697e+02 1.269800000000000040e+02
1.270666666666666629e+02 1.262466666666666697e+02 1.269800000000000040e+02
1.270666666666666629e+02 1.262466666666666697e+02 1.269800000000000040e+02
1.270666666666666629e+02 1.262466666666666697e+02 1.269800000000000040e+02
1.270666666666666629e+02 1.262466666666666697e+02 1.269800000000000040e+02
1.270666666666666629e+02 1.262466666666666697e+02 1.269800000000000040e+02
1.270666666666666629e+02 1.262466666666666697e+02 1.269800000000000040e+02
1.270666666666666629e+02 1.262466666666666697e+02 1.269800000000000040e+02
1.270666666666666629e+02 1.262466666666666697e+02 1.269800000000000040e+02
1.270666666666666629e+02 1.262466666666666697e+02 1.269800000000000040e+02
1.270666666666666629e+02 1.262466666666666697e+02 1.269800000000000040e+02
1.270666666666666629e+02 1.262466666666666697e+02 1.269800000000000040e+02
1.270666666666666629e+02 1.262466666666666697e+02 1.269800000000000040e+02
1.270666666666666629e+02 1.262466666666666697e+02 1.269800000000000040e+02
1.270666666666666629e+02 1.262466666666666697e+02 1.269800000000000040e+02
1.270666666666666629e+02 1.262466666666666697e+02 1.269800000000000040e+02
1.270666666666666629e+02 1.262466666666666697e+02 1.269800000000000040e+02
1.270666666666666629e+02 1.262466666666666697e+02 1.269800000000000040e+02
1.270666666666666629e+02 1.262466666666666697e+02 1.269800000000000040e+02
1.270666666666666629e+02 1.262466666666666697e+02 1.269800000000000040e+02
1.270666666666666629e+02 1.262466666666666697e+02 1.269800000000000040e+02
1.270666666666666629e+02 1.262466666666666697e+02 1.269800000000000040e+02
1.270666666666666629e+02 1.262466666666666697e+02 1.269800000000000040e+02
1.270666666666666629e+02 1.262466666666666697e+02 1.269800000000000040e+02
1.270666666666666629e+02 1.262466666666666697e+02 1.269800000000000040e+02
1.270666666666666629e+02 1.262466666666666697e+02 1.269800000000000040e+02
1.270666666666666629e+02 1.262466666666666697e+02 1.269800000000000040e+02
1.270666666666666629e+02 1.262466666666666697e+02 1.269800000000000040e+02
1.270666666666666629e+02 1.262466666666666697e+02 1.269800000000000040e+02
1.270666666666666629e+02 1.262466666666666697e+02 1.269800000000000040e+02
1.270666666666666629e+02 1.262466666666666697e+02 1.269800000000000040e+02
1.270666666666666629e+02 1.262466666666666697e+02 1.269800000000000040e+02
1.270666666666666629e+02 1.262466666666666697e+02 1.269800000000000040e+02
1.270666666666666629e+02 1.262466666666666697e+02 1.269800000000000040e+02
1.270666666666666629e+02 1.262466666666666697e+02 1.269800000000000040e+02
1.270666666666666629e+02 1.262466666666666697e+02 1.269800000000000040e+02
1.270666666666666629e+02 1.262466666666666697e+02 1.269800000000000040e+02
1.270666666666666629e+02 1.262466666666666697e+02 1.269800000000000040e+02
1.270666666666666629e+02 1.262466666666666697e+02 1.269800000000000040e+02
1.270666666666666629e+02 1.262466666666666697e+02 1.269800000000000040e+02
1.270666666666666629e+02 1.262466666666666697e+02 1.269800000000000040e+02
1.270666666666666629e+02 1.262466666666666697e+02 1.269800000000000040e+02
1.270666666666666629e+02 1.262466666666666697e+02 1.269800000000000040e+02
1.270666666666666629e+02 1.262466666666666697e+02 1.269800000000000040e+02
1.270666666666666629e+02 1.262466666666666697e+02 1.269800000000000040e+02
1.270666666666666629e+02 1.262466666666666697e+02 1.269800000000000040e+02
1.270666666666666629e+02 1.262466666666666697e+02 1.269800000000000040e+02
1.270666666666666629e+02 1.262466666666666697e+02 1.269800000000000040e+02
1.270666666666666629e+02 1.262466666666666697e+02 1.269800000000000040e+02
1.270666666666666629e+02 1.262466666666666697e+02 1.269800000000000040e+02
1.270666666666666629e+02 1.262466666666666697e+02 1.269800000000000040e+02
1.270666666666666629e+02 1.262466666666666697e+02 1.269800000000000040e+02
1.270666666666666629e+02 1.262466666666666697e+02 1.269800000000000040e+02
1.270666666666666629e+02 1.262466666666666697e+02 1.269800000000000040e+02
1.270666666666666629e+02 1.262466666666666697e+02 1.269800000000000040e+02
1.270666666666666629e+02 1.262466666666666697e+02 1.269800000000000040e+02
1.270666666666666629e+02 1.262466666666666697e+02 1.269800000000000040e+02
1.270666666666666629e+02 1.262466666666666697e+02 1.269800000000000040e+02
1.270666666666666629e+02 1.262466666666666697e+02 1.269800000000000040e+02
1.270666666666666629e+02 1.262466666666666697e+02 1.269800000000000040e+02
1.270666666666666629e+02 1.262466666666666697e+02 1.269800000000000040e+02
1.270666666666666629e+02 1.262466666666666697e+02 1.269800000000000040e+02
1.270666666666666629e+02 1.262466666666666697e+02 1.269800000000000040e+02
1.270666666666666629e+02 1.262466666666666697e+02 1.269800000000000040e+02
1.270666666666666629e+02 1.262466666666666697e+02 1.269800000000000040e+02
1.270666666666666629e+02 1.262466666666666697e+02 1.269800000000000040e+02
1.270666666666666629e+02 1.262466666666666697e+02 1.269800000000000040e+02
1.270666666666666629e+02 1.262466666666666697e+02 1.269800000000000040e+02
1.270666666666666629e+02 1.262466666666666697e+02 1.269800000000000040e+02
1.270666666666666629e+02 1.262466666666666697e+02 1.269800000000000040e+02
1.270666666666666629e+02 1.262466666666666697e+02 1.269800000000000040e+02
1.270666666666666629e+02 1.262466666666666697e+02 1.269800000000000040e+02
1.270666666666666629e+02 1.262466666666666697e+02 1.269800000000000040e+02
1.270666666666666629e+02 1.262466666666666697e+02 1.269800000000000040e+02
1.270666666666666629e+02 1.262466666666666697e+02 1.269800000000000040e+02
1.270666666666666629e+02 1.262466666666666697e+02 1.269800000000000040e+02
1.270666666666666629e+02 1.262466666666666697e+02 1.269800000000000040e+02
1.270666666666666629e+02 1.262466666666666697e+02 1.269800000000000040e+02
1.270666666666666629e+02 1.262466666666666697e+02 1.269800000000000040e+02
1.270666666666666629e+02 1.262466666666666697e+02 1.269800000000000040e+02
1.270666666666666629e+02 1.262466666666666697e+02 1.269800000000000040e+02
1.270666666666666629e+02 1.262466666666666697e+02 1.269800000000000040e+02
1.270666666666666629e+02 1.262466666666666697e+02 1.269800000000000040e+02
1.270666666666666629e+02 1.262466666666666697e+02 1.269800000000000040e+02
1.270666666666666629e+02 1.262466666666666697e+02 1.269800000000000040e+02
1.270666666666666629e+02 1.262466666666666697e+02 1.269800000000000040e+02
1.270666666666666629e+02 1.262466666666666697e+02 1.269800000000000040e+02
1.270666666666666629e+02 1.262466666666666697e+02 1.269800000000000040e+02
1.270666666666666629e+02 1.262466666666666697e+02 1.269800000000000040e+02
1.270666666666666629e+02 1.262466666666666697e+02 1.269800000000000040e+02
1.270666666666666629e+02 1.262466666666666697e+02 1.269800000000000040e+02
1.270666666666666629e+02 1.262466666666666697e+02 1.269800000000000040e+02
1.270666666666666629e+02 1.262466666666666697e+02 1.269800000000000040e+02
1.270666666666666629e+02 1.262466666666666697e+02 1.269800000000000040e+02
1.270666666666666629e+02 1.262466666666666697e+02 1.269800000000000040e+02
1.270666666666666629e+02 1.262466666666666697e+02 1.269800000000000040e+02
1.270666666666666629e+02 1.262466666666666697e+02 1.269800000000000040e+02
1.270666666666666629e+02 1.262466666666666697e+02 1.269800000000000040e+02
1.270666666666666629e+02 1.262466666666666697e+02 1.269800000000000040e+02
1.270666666666666629e+02 1.262466666666666697e+02 1.269800000000000040e+02
1.270666666666666629e+02 1.262466666666666697e+02 1.269800000000000040e+02
1.270666666666666629e+02 1.262466666666666697e+02 1.269800000000000040e+02
1.270666666666666629e+02 1.262466666666666697e+02 1.269800000000000040e+02
1.270666666666666629e+02 1.262466666666666697e+02 1.269800000000000040e+02
1.270666666666666629e+02 1.262466666666666697e+02 1.269800000000000040e+02
1.270666666666666629e+02 1.262466666666666697e+02 1.269800000000000040e+02
1.270666666666666629e+02 1.262466666666666697e+02 1.269800000000000040e+02
1.270666666666666629e+02 1.262466666666666697e+02 1.269800000000000040e+02
1.270666666666666629e+02 1.262466666666666697e+02 1.269800000000000040e+02
1.270666666666666629e+02 1.262466666666666697e+02 1.269800000000000040e+02
1.270666666666666629e+02 1.262466666666666697e+02 1.269800000000000040e+02
1.270666666666666629e+02 1.262466666666666697e+02 1.269800000000000040e+02
1.270666666666666629e+02 1.262466666666666697e+02 1.269800000000000040e+02
1.270666666666666629e+02 1.262466666666666697e+02 1.269800000000000040e+02
1.270666666666666629e+02 1.262466666666666697e+02 1.269800000000000040e+02
1.270666666666666629e+02 1.262466666666666697e+02 1.269800000000000040e+02
1.270666666666666629e+02 1.262466666666666697e+02 1.269800000000000040e+02
1.270666666666666629e+02 1.262466666666666697e+02 1.269800000000000040e+02
1.270666666666666629e+02 1.262466666666666697e+02 1.269800000000000040e+02
1.270666666666666629e+02 1.262466666666666697e+02 1.269800000000000040e+02
1.270666666666666629e+02 1.262466666666666697e+02 1.269800000000000040e+02
1.270666666666666629e+02 1.262466666666666697e+02 1.269800000000000040e+02
1.270666666666666629e+02 1.262466666666666697e+02 1.269800000000000040e+02
1.270666666666666629e+02 1.262466666666666697e+02 1.269800000000000040e+02
1.270666666666666629e+02 1.262466666666666697e+02 1.269800000000000040e+02
1.270666666666666629e+02 1.262466666666666697e+02 1.269800000000000040e+02
1.270666666666666629e+02 1.262466666666666697e+02 1.269800000000000040e+02
1.270666666666666629e+02 1.262466666666666697e+02 1.269800000000000040e+02
1.270666666666666629e+02 1.262466666666666697e+02 1.269800000000000040e+02
1.270666666666666629e+02 1.262466666666666697e+02 1.269800000000000040e+02
1.270666666666666629e+02 1.262466666666666697e+02 1.269800000000000040e+02
1.270666666666666629e+02 1.262466666666666697e+02 1.269800000000000040e+02
1.270666666666666629e+02 1.262466666666666697e+02 1.269800000000000040e+02
1.270666666666666629e+02 1.262466666666666697e+02 1.269800000000000040e+02
1.270666666666666629e+02 1.262466666666666697e+02 1.269800000000000040e+02
1.270666666666666629e+02 1.262466666666666697e+02 1.269800000000000040e+02
1.270666666666666629e+02 1.262466666666666697e+02 1.269800000000000040e+02
1.270666666666666629e+02 1.262466666666666697e+02 1.269800000000000040e+02
1.270666666666666629e+02 1.262466666666666697e+02 1.269800000000000040e+02
1.270666666666666629e+02 1.262466666666666697e+02 1.269800000000000040e+02
1.270666666666666629e+02 1.262466666666666697e+02 1.269800000000000040e+02
1.270666666666666629e+02 1.262466666666666697e+02 1.269800000000000040e+02
1.270666666666666629e+02 1.262466666666666697e+02 1.269800000000000040e+02
1.270666666666666629e+02 1.262466666666666697e+02 1.269800000000000040e+02
1.270666666666666629e+02 1.262466666666666697e+02 1.269800000000000040e+02
1.270666666666666629e+02 1.262466666666666697e+02 1.269800000000000040e+02
1.270666666666666629e+02 1.262466666666666697e+02 1.269800000000000040e+02
1.270666666666666629e+02 1.262466666666666697e+02 1.269800000000000040e+02
1.270666666666666629e+02 1.262466666666666697e+02 1.269800000000000040e+02
1.270666666666666629e+02 1.262466666666666697e+02 1.269800000000000040e+02
1.270666666666666629e+02 1.262466666666666697e+02 1.269800000000000040e+02
1.270666666666666629e+02 1.262466666666666697e+02 1.269800000000000040e+02
1.270666666666666629e+02 1.262466666666666697e+02 1.269800000000000040e+02
1.270666666666666629e+02 1.262466666666666697e+02 1.269800000000000040e+02
1.270666666666666629e+02 1.262466666666666697e+02 1.269800000000000040e+02
1.270666666666666629e+02 1.262466666666666697e+02 1.269800000000000040e+02
1.270666666666666629e+02 1.262466666666666697e+02 1.269800000000000040e+02
1.270666666666666629e+02 1.262466666666666697e+02 1.269800000000000040e+02
1.270666666666666629e+02 1.262466666666666697e+02 1.269800000000000040e+02
1.270666666666666629e+02 1.262466666666666697e+02 1.269800000000000040e+02
1.270666666666666629e+02 1.262466666666666697e+02 1.269800000000000040e+02
1.270666666666666629e+02 1.262466666666666697e+02 1.269800000000000040e+02
1.270666666666666629e+02 1.262466666666666697e+02 1.269800000000000040e+02
1.270666666666666629e+02 1.262466666666666697e+02 1.269800000000000040e+02
1.270666666666666629e+02 1.262466666666666697e+02 1.269800000000000040e+02
1.270666666666666629e+02 1.262466666666666697e+02 1.269800000000000040e+02
1.270666666666666629e+02 1.262466666666666697e+02 1.269800000000000040e+02
1.270666666666666629e+02 1.262466666666666697e+02 1.269800000000000040e+02
1.270666666666666629e+02 1.262466666666666697e+02 1.269800000000000040e+02
1.270666666666666629e+02 1.262466666666666697e+02 1.269800000000000040e+02
1.270666666666666629e+02 1.262466666666666697e+02 1.269800000000000040e+02
1.270666666666666629e+02 1.262466666666666697e+02 1.269800000000000040e+02
1.270666666666666629e+02 1.262466666666666697e+02 1.269800000000000040e+02
1.270666666666666629e+02 1.262466666666666697e+02 1.269800000000000040e+02
1.270666666666666629e+02 1.262466666666666697e+02 1.269800000000000040e+02
1.270666666666666629e+02 1.262466666666666697e+02 1.269800000000000040e+02
1.270666666666666629e+02 1.262466666666666697e+02 1.269800000000000040e+02
1.270666666666666629e+02 1.262466666666666697e+02 1.269800000000000040e+02
1.270666666666666629e+02 1.262466666666666697e+02 1.269800000000000040e+02
1.270666666666666629e+02 1.262466666666666697e+02 1.269800000000000040e+02
1.270666666666666629e+02 1.262466666666666697e+02 1.269800000000000040e+02
1.270666666666666629e+02 1.262466666666666697e+02 1.269800000000000040e+02
1.270666666666666629e+02 1.262466666666666697e+02 1.269800000000000040e+02
1.270666666666666629e+02 1.262466666666666697e+02 1.269800000000000040e+02
1.270666666666666629e+02 1.262466666666666697e+02 1.269800000000000040e+02
1.270666666666666629e+02 1.262466666666666697e+02 1.269800000000000040e+02
1.270666666666666629e+02 1.262466666666666697e+02 1.269800000000000040e+02
1.270666666666666629e+02 1.262466666666666697e+02 1.269800000000000040e+02
1.270666666666666629e+02 1.262466666666666697e+02 1.269800000000000040e+02
1.270666666666666629e+02 1.262466666666666697e+02 1.269800000000000040e+02
1.270666666666666629e+02 1.262466666666666697e+02 1.269800000000000040e+02
1.270666666666666629e+02 1.262466666666666697e+02 1.269800000000000040e+02
1.270666666666666629e+02 1.262466666666666697e+02 1.269800000000000040e+02
1.270666666666666629e+02 1.262466666666666697e+02 1.269800000000000040e+02
1.270666666666666629e+02 1.262466666666666697e+02 1.269800000000000040e+02
1.270666666666666629e+02 1.262466666666666697e+02 1.269800000000000040e+02
1.270666666666666629e+02 1.262466666666666697e+02 1.269800000000000040e+02
1.270666666666666629e+02 1.262466666666666697e+02 1.269800000000000040e+02
1.270666666666666629e+02 1.262466666666666697e+02 1.269800000000000040e+02
1.270666666666666629e+02 1.262466666666666697e+02 1.269800000000000040e+02
1.270666666666666629e+02 1.262466666666666697e+02 1.269800000000000040e+02
1.270666666666666629e+02 1.262466666666666697e+02 1.269800000000000040e+02
1.270666666666666629e+02 1.262466666666666697e+02 1.269800000000000040e+02
1.270666666666666629e+02 1.262466666666666697e+02 1.269800000000000040e+02
1.270666666666666629e+02 1.262466666666666697e+02 1.269800000000000040e+02
1.270666666666666629e+02 1.262466666666666697e+02 1.269800000000000040e+02
1.270666666666666629e+02 1.262466666666666697e+02 1.269800000000000040e+02
1.270666666666666629e+02 1.262466666666666697e+02 1.269800000000000040e+02
1.270666666666666629e+02 1.262466666666666697e+02 1.269800000000000040e+02
1.270666666666666629e+02 1.262466666666666697e+02 1.269800000000000040e+02
1.270666666666666629e+02 1.262466666666666697e+02 1.269800000000000040e+02
1.270666666666666629e+02 1.262466666666666697e+02 1.269800000000000040e+02
1.270666666666666629e+02 1.262466666666666697e+02 1.269800000000000040e+02
1.270666666666666629e+02 1.262466666666666697e+02 1.269800000000000040e+02
1.270666666666666629e+02 1.262466666666666697e+02 1.269800000000000040e+02
1.270666666666666629e+02 1.262466666666666697e+02 1.269800000000000040e+02
1.270666666666666629e+02 1.262466666666666697e+02 1.269800000000000040e+02
1.270666666666666629e+02 1.262466666666666697e+02 1.269800000000000040e+02
1.270666666666666629e+02 1.262466666666666697e+02 1.269800000000000040e+02
1.270666666666666629e+02 1.262466666666666697e+02 1.269800000000000040e+02
1.270666666666666629e+02 1.262466666666666697e+02 1.269800000000000040e+02
1.270666666666666629e+02 1.262466666666666697e+02 1.269800000000000040e+02
1.270666666666666629e+02 1.262466666666666697e+02 1.269800000000000040e+02
1.270666666666666629e+02 1.262466666666666697e+02 1.269800000000000040e+02
1.270666666666666629e+02 1.262466666666666697e+02 1.269800000000000040e+02
1.270666666666666629e+02 1.262466666666666697e+02 1.269800000000000040e+02
1.270666666666666629e+02 1.262466666666666697e+02 1.269800000000000040e+02
1.270666666666666629e+02 1.262466666666666697e+02 1.269800000000000040e+02
1.270666666666666629e+02 1.262466666666666697e+02 1.269800000000000040e+02
1.270666666666666629e+02 1.262466666666666697e+02 1.269800000000000040e+02
1.270666666666666629e+02 1.262466666666666697e+02 1.269800000000000040e+02
1.270666666666666629e+02 1.262466666666666697e+02 1.269800000000000040e+02
1.270666666666666629e+02 1.262466666666666697e+02 1.269800000000000040e+02
1.270666666666666629e+02 1.262466666666666697e+02 1.269800000000000040e+02
1.270666666666666629e+02 1.262466666666666697e+02 1.269800000000000040e+02
1.270666666666666629e+02 1.262466666666666697e+02 1.269800000000000040e+02
1.270666666666666629e+02 1.262466666666666697e+02 1.269800000000000040e+02
1.270666666666666629e+02 1.262466666666666697e+02 1.269800000000000040e+02
1.270666666666666629e+02 1.262466666666666697e+02 1.269800000000000040e+02
1.270666666666666629e+02 1.262466666666666697e+02 1.269800000000000040e+02
1.270666666666666629e+02 1.262466666666666697e+02 1.269800000000000040e+02
1.270666666666666629e+02 1.262466666666666697e+02 1.269800000000000040e+02
1.270666666666666629e+02 1.262466666666666697e+02 1.269800000000000040e+02
1.270666666666666629e+02 1.262466666666666697e+02 1.269800000000000040e+02
1.270666666666666629e+02 1.262466666666666697e+02 1.269800000000000040e+02
1.270666666666666629e+02 1.262466666666666697e+02 1.269800000000000040e+02
1.270666666666666629e+02 1.262466666666666697e+02 1.269800000000000040e+02
1.270666666666666629e+02 1.262466666666666697e+02 1.269800000000000040e+02
1.270666666666666629e+02 1.262466666666666697e+02 1.269800000000000040e+02
1.270666666666666629e+02 1.262466666666666697e+02 1.269800000000000040e+02
1.270666666666666629e+02 1.262466666666666697e+02 1.269800000000000040e+02
1.270666666666666629e+02 1.262466666666666697e+02 1.269800000000000040e+02
1.270666666666666629e+02 1.262466666666666697e+02 1.269800000000000040e+02
1.270666666666666629e+02 1.262466666666666697e+02 1.269800000000000040e+02
1.270666666666666629e+02 1.262466666666666697e+02 1.269800000000000040e+02
1.270666666666666629e+02 1.262466666666666697e+02 1.269800000000000040e+02
1.270666666666666629e+02 1.262466666666666697e+02 1.269800000000000040e+02
1.270666666666666629e+02 1.262466666666666697e+02 1.269800000000000040e+02
1.270666666666666629e+02 1.262466666666666697e+02 1.269800000000000040e+02
1.270666666666666629e+02 1.262466666666666697e+02 1.269800000000000040e+02
1.270666666666666629e+02 1.262466666666666697e+02 1.269800000000000040e+02
1.270666666666666629e+02 1.262466666666666697e+02 1.269800000000000040e+02
1.270666666666666629e+02 1.262466666666666697e+02 1.269800000000000040e+02
1.270666666666666629e+02 1.262466666666666697e+02 1.269800000000000040e+02
1.270666666666666629e+02 1.262466666666666697e+02 1.269800000000000040e+02
1.270666666666666629e+02 1.262466666666666697e+02 1.269800000000000040e+02
1.270666666666666629e+02 1.262466666666666697e+02 1.269800000000000040e+02
1.270666666666666629e+02 1.262466666666666697e+02 1.269800000000000040e+02
1.270666666666666629e+02 1.262466666666666697e+02 1.269800000000000040e+02
1.270666666666666629e+02 1.262466666666666697e+02 1.269800000000000040e+02
1.270666666666666629e+02 1.262466666666666697e+02 1.269800000000000040e+02
1.270666666666666629e+02 1.262466666666666697e+02 1.269800000000000040e+02
1.270666666666666629e+02 1.262466666666666697e+02 1.269800000000000040e+02
1.270666666666666629e+02 1.262466666666666697e+02 1.269800000000000040e+02
1.270666666666666629e+02 1.262466666666666697e+02 1.269800000000000040e+02
1.270666666666666629e+02 1.262466666666666697e+02 1.269800000000000040e+02
1.270666666666666629e+02 1.262466666666666697e+02 1.269800000000000040e+02
1.270666666666666629e+02 1.262466666666666697e+02 1.269800000000000040e+02
1.270666666666666629e+02 1.262466666666666697e+02 1.269800000000000040e+02
1.270666666666666629e+02 1.262466666666666697e+02 1.269800000000000040e+02
1.270666666666666629e+02 1.262466666666666697e+02 1.269800000000000040e+02
1.270666666666666629e+02 1.262466666666666697e+02 1.269800000000000040e+02
1.270666666666666629e+02 1.262466666666666697e+02 1.269800000000000040e+02
1.270666666666666629e+02 1.262466666666666697e+02 1.269800000000000040e+02
1.270666666666666629e+02 1.262466666666666697e+02 1.269800000000000040e+02
1.270666666666666629e+02 1.262466666666666697e+02 1.269800000000000040e+02
1.270666666666666629e+02 1.262466666666666697e+02 1.269800000000000040e+02
1.270666666666666629e+02 1.262466666666666697e+02 1.269800000000000040e+02
1.270666666666666629e+02 1.262466666666666697e+02 1.269800000000000040e+02
1.270666666666666629e+02 1.262466666666666697e+02 1.269800000000000040e+02
1.270666666666666629e+02 1.262466666666666697e+02 1.269800000000000040e+02
1.270666666666666629e+02 1.262466666666666697e+02 1.269800000000000040e+02
1.270666666666666629e+02 1.262466666666666697e+02 1.269800000000000040e+02
1.270666666666666629e+02 1.262466666666666697e+02 1.269800000000000040e+02
1.270666666666666629e+02 1.262466666666666697e+02 1.269800000000000040e+02
1.270666666666666629e+02 1.262466666666666697e+02 1.269800000000000040e+02
1.270666666666666629e+02 1.262466666666666697e+02 1.269800000000000040e+02
1.270666666666666629e+02 1.262466666666666697e+02 1.269800000000000040e+02
1.270666666666666629e+02 1.262466666666666697e+02 1.269800000000000040e+02
1.270666666666666629e+02 1.262466666666666697e+02 1.269800000000000040e+02
1.270666666666666629e+02 1.262466666666666697e+02 1.269800000000000040e+02
1.270666666666666629e+02 1.262466666666666697e+02 1.269800000000000040e+02
1.270666666666666629e+02 1.262466666666666697e+02 1.269800000000000040e+02
1.270666666666666629e+02 1.262466666666666697e+02 1.269800000000000040e+02
1.270666666666666629e+02 1.262466666666666697e+02 1.269800000000000040e+02
1.270666666666666629e+02 1.262466666666666697e+02 1.269800000000000040e+02
1.270666666666666629e+02 1.262466666666666697e+02 1.269800000000000040e+02
1.270666666666666629e+02 1.262466666666666697e+02 1.269800000000000040e+02
1.270666666666666629e+02 1.262466666666666697e+02 1.269800000000000040e+02
1.270666666666666629e+02 1.262466666666666697e+02 1.269800000000000040e+02
1.270666666666666629e+02 1.262466666666666697e+02 1.269800000000000040e+02
1.270666666666666629e+02 1.262466666666666697e+02 1.269800000000000040e+02
1.270666666666666629e+02 1.262466666666666697e+02 1.269800000000000040e+02
1.270666666666666629e+02 1.262466666666666697e+02 1.269800000000000040e+02
1.270666666666666629e+02 1.262466666666666697e+02 1.269800000000000040e+02
1.270666666666666629e+02 1.262466666666666697e+02 1.269800000000000040e+02
1.270666666666666629e+02 1.262466666666666697e+02 1.269800000000000040e+02
1.270666666666666629e+02 1.262466666666666697e+02 1.269800000000000040e+02
1.270666666666666629e+02 1.262466666666666697e+02 1.269800000000000040e+02
1.270666666666666629e+02 1.262466666666666697e+02 1.269800000000000040e+02
1.270666666666666629e+02 1.262466666666666697e+02 1.269800000000000040e+02
1.270666666666666629e+02 1.262466666666666697e+02 1.269800000000000040e+02
1.270666666666666629e+02 1.262466666666666697e+02 1.269800000000000040e+02
1.270666666666666629e+02 1.262466666666666697e+02 1.269800000000000040e+02
1.270666666666666629e+02 1.262466666666666697e+02 1.269800000000000040e+02
1.270666666666666629e+02 1.262466666666666697e+02 1.269800000000000040e+02
1.270666666666666629e+02 1.262466666666666697e+02 1.269800000000000040e+02
1.270666666666666629e+02 1.262466666666666697e+02 1.269800000000000040e+02
1.270666666666666629e+02 1.262466666666666697e+02 1.269800000000000040e+02
1.270666666666666629e+02 1.262466666666666697e+02 1.269800000000000040e+02
1.270666666666666629e+02 1.262466666666666697e+02 1.269800000000000040e+02
1.270666666666666629e+02 1.262466666666666697e+02 1.269800000000000040e+02
1.270666666666666629e+02 1.262466666666666697e+02 1.269800000000000040e+02
1.270666666666666629e+02 1.262466666666666697e+02 1.269800000000000040e+02
1.270666666666666629e+02 1.262466666666666697e+02 1.269800000000000040e+02
1.270666666666666629e+02 1.262466666666666697e+02 1.269800000000000040e+02
1.270666666666666629e+02 1.262466666666666697e+02 1.269800000000000040e+02
1.270666666666666629e+02 1.262466666666666697e+02 1.269800000000000040e+02
1.270666666666666629e+02 1.262466666666666697e+02 1.269800000000000040e+02
1.270666666666666629e+02 1.262466666666666697e+02 1.269800000000000040e+02
1.270666666666666629e+02 1.262466666666666697e+02 1.269800000000000040e+02
1.270666666666666629e+02 1.262466666666666697e+02 1.269800000000000040e+02
1.270666666666666629e+02 1.262466666666666697e+02 1.269800000000000040e+02
1.270666666666666629e+02 1.262466666666666697e+02 1.269800000000000040e+02
1.270666666666666629e+02 1.262466666666666697e+02 1.269800000000000040e+02
1.270666666666666629e+02 1.262466666666666697e+02 1.269800000000000040e+02
1.270666666666666629e+02 1.262466666666666697e+02 1.269800000000000040e+02
1.270666666666666629e+02 1.262466666666666697e+02 1.269800000000000040e+02
1.270666666666666629e+02 1.262466666666666697e+02 1.269800000000000040e+02
1.270666666666666629e+02 1.262466666666666697e+02 1.269800000000000040e+02
1.270666666666666629e+02 1.262466666666666697e+02 1.269800000000000040e+02
1.270666666666666629e+02 1.262466666666666697e+02 1.269800000000000040e+02
1.270666666666666629e+02 1.262466666666666697e+02 1.269800000000000040e+02
1.270666666666666629e+02 1.262466666666666697e+02 1.269800000000000040e+02
1.270666666666666629e+02 1.262466666666666697e+02 1.269800000000000040e+02
1.270666666666666629e+02 1.262466666666666697e+02 1.269800000000000040e+02
1.270666666666666629e+02 1.262466666666666697e+02 1.269800000000000040e+02
1.270666666666666629e+02 1.262466666666666697e+02 1.269800000000000040e+02
1.270666666666666629e+02 1.262466666666666697e+02 1.269800000000000040e+02
1.270666666666666629e+02 1.262466666666666697e+02 1.269800000000000040e+02
1.270666666666666629e+02 1.262466666666666697e+02 1.269800000000000040e+02
1.270666666666666629e+02 1.262466666666666697e+02 1.269800000000000040e+02
1.270666666666666629e+02 1.262466666666666697e+02 1.269800000000000040e+02
1.270666666666666629e+02 1.262466666666666697e+02 1.269800000000000040e+02
1.270666666666666629e+02 1.262466666666666697e+02 1.269800000000000040e+02
1.270666666666666629e+02 1.262466666666666697e+02 1.269800000000000040e+02
1.270666666666666629e+02 1.262466666666666697e+02 1.269800000000000040e+02
1.270666666666666629e+02 1.262466666666666697e+02 1.269800000000000040e+02
1.270666666666666629e+02 1.262466666666666697e+02 1.269800000000000040e+02
1.270666666666666629e+02 1.262466666666666697e+02 1.269800000000000040e+02
1.270666666666666629e+02 1.262466666666666697e+02 1.269800000000000040e+02
1.270666666666666629e+02 1.262466666666666697e+02 1.269800000000000040e+02
1.270666666666666629e+02 1.262466666666666697e+02 1.269800000000000040e+02
1.270666666666666629e+02 1.262466666666666697e+02 1.269800000000000040e+02
1.270666666666666629e+02 1.262466666666666697e+02 1.269800000000000040e+02
1.270666666666666629e+02 1.262466666666666697e+02 1.269800000000000040e+02
1.270666666666666629e+02 1.262466666666666697e+02 1.269800000000000040e+02
1.270666666666666629e+02 1.262466666666666697e+02 1.269800000000000040e+02
1.270666666666666629e+02 1.262466666666666697e+02 1.269800000000000040e+02
1.270666666666666629e+02 1.262466666666666697e+02 1.269800000000000040e+02
1.270666666666666629e+02 1.262466666666666697e+02 1.269800000000000040e+02
1.270666666666666629e+02 1.262466666666666697e+02 1.269800000000000040e+02
1.270666666666666629e+02 1.262466666666666697e+02 1.269800000000000040e+02
1.270666666666666629e+02 1.262466666666666697e+02 1.269800000000000040e+02
1.270666666666666629e+02 1.262466666666666697e+02 1.269800000000000040e+02
1.270666666666666629e+02 1.262466666666666697e+02 1.269800000000000040e+02
1.270666666666666629e+02 1.262466666666666697e+02 1.269800000000000040e+02
1.270666666666666629e+02 1.262466666666666697e+02 1.269800000000000040e+02
1.270666666666666629e+02 1.262466666666666697e+02 1.269800000000000040e+02
1.270666666666666629e+02 1.262466666666666697e+02 1.269800000000000040e+02
1.270666666666666629e+02 1.262466666666666697e+02 1.269800000000000040e+02
1.270666666666666629e+02 1.262466666666666697e+02 1.269800000000000040e+02
1.270666666666666629e+02 1.262466666666666697e+02 1.269800000000000040e+02
1.270666666666666629e+02 1.262466666666666697e+02 1.269800000000000040e+02
1.270666666666666629e+02 1.262466666666666697e+02 1.269800000000000040e+02
1.270666666666666629e+02 1.262466666666666697e+02 1.269800000000000040e+02
1.270666666666666629e+02 1.262466666666666697e+02 1.269800000000000040e+02
1.270666666666666629e+02 1.262466666666666697e+02 1.269800000000000040e+02
1.270666666666666629e+02 1.262466666666666697e+02 1.269800000000000040e+02
1.270666666666666629e+02 1.262466666666666697e+02 1.269800000000000040e+02
1.270666666666666629e+02 1.262466666666666697e+02 1.269800000000000040e+02
1.270666666666666629e+02 1.262466666666666697e+02 1.269800000000000040e+02
1.270666666666666629e+02 1.262466666666666697e+02 1.269800000000000040e+02
1.270666666666666629e+02 1.262466666666666697e+02 1.269800000000000040e+02
1.270666666666666629e+02 1.262466666666666697e+02 1.269800000000000040e+02
1.270666666666666629e+02 1.262466666666666697e+02 1.269800000000000040e+02
1.270666666666666629e+02 1.262466666666666697e+02 1.269800000000000040e+02
1.270666666666666629e+02 1.262466666666666697e+02 1.269800000000000040e+02
1.270666666666666629e+02 1.262466666666666697e+02 1.269800000000000040e+02
1.270666666666666629e+02 1.262466666666666697e+02 1.269800000000000040e+02
1.270666666666666629e+02 1.262466666666666697e+02 1.269800000000000040e+02
1.270666666666666629e+02 1.262466666666666697e+02 1.269800000000000040e+02
1.270666666666666629e+02 1.262466666666666697e+02 1.269800000000000040e+02
1.270666666666666629e+02 1.262466666666666697e+02 1.269800000000000040e+02
1.270666666666666629e+02 1.262466666666666697e+02 1.269800000000000040e+02
