1.276158940397350960e+02 1.271986754966887361e+02 1.270463576158940384e+02
1.276107382550335529e+02 1.271543624161073893e+02 1.269798657718120722e+02
1.275167785234899327e+02 1.271879194630872405e+02 1.269597315436241587e+02
1.274133333333333411e+02 1.272266666666666737e+02 1.269066666666666663e+02
1.274866666666666646e+02 1.272533333333333303e+02 1.268066666666666720e+02
1.274765100671140914e+02 1.272348993288590577e+02 1.268724832214765144e+02
1.275100671140939568e+02 1.272617449664429472e+02 1.268993288590604038e+02
1.275099337748344368e+02 1.273377483443708655e+02 1.268476821192053023e+02
1.275496688741721840e+02 1.274172185430463600e+02 1.269337748344370880e+02
1.275562913907284752e+02 1.273973509933774864e+02 1.269072847682119232e+02
1.276333333333333400e+02 1.273599999999999994e+02 1.267333333333333343e+02
1.277880794701986815e+02 1.272251655629139009e+02 1.268145695364238463e+02
1.278366013071895395e+02 1.272222222222222285e+02 1.268692810457516345e+02
1.278675496688741759e+02 1.271920529801324449e+02 1.268410596026490111e+02
1.278410596026490111e+02 1.271589403973509889e+02 1.268344370860927199e+02
1.278355263157894797e+02 1.270592105263157947e+02 1.268684210526315752e+02
1.279133333333333269e+02 1.270600000000000023e+02 1.267733333333333263e+02
1.279866666666666646e+02 1.272333333333333343e+02 1.266400000000000006e+02
1.280198675496688736e+02 1.272781456953642447e+02 1.266556291390728433e+02
1.280134228187919518e+02 1.272147651006711442e+02 1.267248322147651010e+02
1.279602649006622528e+02 1.273841059602649040e+02 1.265960264900662224e+02
1.279865771812080482e+02 1.273758389261744952e+02 1.265637583892617499e+02
1.281052631578947398e+02 1.274671052631578902e+02 1.265197368421052602e+02
1.280133333333333212e+02 1.274200000000000017e+02 1.264200000000000017e+02
1.279607843137254832e+02 1.275228758169934622e+02 1.264771241830065378e+02
1.280738255033556925e+02 1.275704697986577116e+02 1.265570469798657740e+02
1.280600000000000023e+02 1.276466666666666612e+02 1.266333333333333400e+02
1.280000000000000000e+02 1.276644736842105203e+02 1.266118421052631646e+02
1.278543046357615935e+02 1.276754966887417169e+02 1.266225165562913872e+02
1.278933333333333309e+02 1.276800000000000068e+02 1.267000000000000028e+02
1.278133333333333326e+02 1.275933333333333337e+02 1.266066666666666691e+02
1.279066666666666663e+02 1.275400000000000063e+02 1.266400000000000006e+02
1.278533333333333388e+02 1.275866666666666731e+02 1.264399999999999977e+02
1.279602649006622528e+02 1.275364238410596016e+02 1.263841059602649040e+02
1.280596026490066208e+02 1.275562913907284752e+02 1.262781456953642447e+02
1.280723684210526301e+02 1.275723684210526301e+02 1.263223684210526301e+02
1.281200000000000045e+02 1.275999999999999943e+02 1.263199999999999932e+02
1.280733333333333235e+02 1.274933333333333394e+02 1.262800000000000011e+02
1.280927152317880768e+02 1.274900662251655632e+02 1.262980132450331183e+02
1.280999999999999943e+02 1.276266666666666652e+02 1.262866666666666617e+02
1.281184210526315894e+02 1.275986842105263150e+02 1.263947368421052602e+02
1.280866666666666731e+02 1.275600000000000023e+02 1.264133333333333269e+02
1.281066666666666549e+02 1.276066666666666691e+02 1.264599999999999937e+02
1.279536423841059616e+02 1.274304635761589424e+02 1.264569536423841072e+02
1.280794701986754944e+02 1.275099337748344368e+02 1.264503311258278160e+02
1.280927152317880768e+02 1.275165562913907280e+02 1.264105960264900688e+02
1.281523178807946977e+02 1.276622516556291345e+02 1.263973509933774864e+02
1.280067114093959617e+02 1.275973154362416153e+02 1.262013422818791923e+02
1.280066225165562912e+02 1.276092715231788048e+02 1.261456953642384065e+02
1.280130718954248437e+02 1.275686274509803866e+02 1.261307189542483655e+02
1.279866666666666646e+02 1.276466666666666612e+02 1.261666666666666714e+02
1.281721854304635713e+02 1.277019867549668817e+02 1.260927152317880768e+02
1.282199999999999989e+02 1.277466666666666697e+02 1.262133333333333383e+02
1.282516556291390657e+02 1.278013245033112639e+02 1.262052980132450273e+02
1.281776315789473699e+02 1.277039473684210549e+02 1.261447368421052602e+02
1.282080536912751541e+02 1.277114093959731491e+02 1.261677852348993270e+02
1.281854304635761537e+02 1.277019867549668817e+02 1.261788079470198625e+02
1.281103896103896034e+02 1.276428571428571388e+02 1.260974025974025921e+02
1.280131578947368496e+02 1.277368421052631646e+02 1.261250000000000000e+02
1.281059602649006592e+02 1.277350993377483377e+02 1.260397350993377472e+02
1.281390728476821153e+02 1.277284768211920465e+02 1.260927152317880768e+02
1.281666666666666572e+02 1.278133333333333326e+02 1.261066666666666691e+02
1.281447368421052602e+02 1.277697368421052602e+02 1.261776315789473699e+02
1.281933333333333280e+02 1.277999999999999972e+02 1.261666666666666714e+02
1.283026315789473699e+02 1.278421052631578902e+02 1.261447368421052602e+02
1.282533333333333303e+02 1.277999999999999972e+02 1.260999999999999943e+02
1.283552631578947398e+02 1.277565789473684248e+02 1.261250000000000000e+02
1.283290322580645295e+02 1.277870967741935431e+02 1.261483870967741865e+02
1.281895424836601194e+02 1.278627450980392126e+02 1.261176470588235361e+02
1.281788079470198625e+02 1.279536423841059616e+02 1.259602649006622528e+02
1.281776315789473699e+02 1.279013157894736850e+02 1.259407894736842053e+02
1.281258278145695328e+02 1.278940397350993408e+02 1.259271523178807968e+02
1.281258278145695328e+02 1.279139072847682144e+02 1.259271523178807968e+02
1.281476510067114134e+02 1.279261744966442933e+02 1.258993288590604038e+02
1.280529801324503296e+02 1.279867549668874176e+02 1.260397350993377472e+02
1.281999999999999886e+02 1.279133333333333269e+02 1.259733333333333292e+02
1.281307189542483798e+02 1.278954248366013076e+02 1.259084967320261370e+02
1.282039473684210407e+02 1.277697368421052602e+02 1.258618421052631646e+02
1.280980392156862706e+02 1.276797385620915009e+02 1.257908496732026151e+02
1.282333333333333201e+02 1.277666666666666657e+02 1.257866666666666617e+02
1.282052980132450273e+02 1.277284768211920465e+02 1.257218543046357553e+02
1.282733333333333405e+02 1.276666666666666714e+02 1.257199999999999989e+02
1.281788079470198625e+02 1.277350993377483377e+02 1.257483443708609201e+02
1.282266666666666595e+02 1.277199999999999989e+02 1.258666666666666600e+02
1.282052980132450273e+02 1.277682119205298079e+02 1.258940397350993408e+02
1.281200000000000045e+02 1.277733333333333263e+02 1.259333333333333371e+02
1.280794701986754944e+02 1.276622516556291345e+02 1.258874172185430496e+02
1.280993377483443680e+02 1.275562913907284752e+02 1.258675496688741759e+02
1.282281879194630960e+02 1.275771812080536876e+02 1.259865771812080482e+02
1.283266666666666538e+02 1.275799999999999983e+02 1.259533333333333331e+02
1.283199999999999932e+02 1.275333333333333314e+02 1.259466666666666725e+02
1.283245033112582689e+02 1.275562913907284752e+02 1.261059602649006592e+02
1.282281879194630960e+02 1.275503355704697981e+02 1.261677852348993270e+02
1.282582781456953569e+02 1.275364238410596016e+02 1.261059602649006592e+02
1.280326797385620807e+02 1.275163398692810404e+02 1.261307189542483655e+02
1.280066225165562912e+02 1.274569536423841072e+02 1.262317880794701921e+02
1.281200000000000045e+02 1.275333333333333314e+02 1.262199999999999989e+02
1.281800000000000068e+02 1.275333333333333314e+02 1.260466666666666669e+02
1.281523178807946977e+02 1.275430463576158928e+02 1.261655629139072801e+02
1.281589403973509889e+02 1.276423841059602609e+02 1.260794701986754944e+02
1.280000000000000000e+02 1.275866666666666731e+02 1.261066666666666691e+02
1.280728476821192032e+02 1.275894039735099312e+02 1.261258278145695328e+02
1.280600000000000023e+02 1.276333333333333400e+02 1.260799999999999983e+02
1.281275167785234999e+02 1.276577181208053702e+02 1.261006711409395962e+02
1.281208053691275097e+02 1.277046979865771874e+02 1.260738255033557067e+02
1.282185430463576097e+02 1.276357615894039697e+02 1.260463576158940384e+02
1.283000000000000114e+02 1.276800000000000068e+02 1.260199999999999960e+02
1.284238410596026370e+02 1.276423841059602609e+02 1.259735099337748352e+02
1.284503311258278018e+02 1.275827814569536400e+02 1.261324503311258241e+02
1.284399999999999977e+02 1.275400000000000063e+02 1.260999999999999943e+02
1.284765100671141056e+02 1.276644295302013461e+02 1.261342281879194616e+02
1.282913907284768129e+02 1.277019867549668817e+02 1.262052980132450273e+02
1.283066666666666720e+02 1.276133333333333297e+02 1.261133333333333297e+02
1.283600000000000136e+02 1.275133333333333354e+02 1.262266666666666737e+02
1.283750000000000000e+02 1.276776315789473699e+02 1.262828947368421098e+02
1.284533333333333474e+02 1.276599999999999966e+02 1.263133333333333326e+02
1.285394736842105203e+02 1.278157894736842053e+02 1.263026315789473699e+02
1.285761589403973630e+02 1.277748344370860991e+02 1.262980132450331183e+02
1.285131578947368496e+02 1.278355263157894797e+02 1.264736842105263150e+02
1.285600000000000023e+02 1.278400000000000034e+02 1.264599999999999937e+02
1.286933333333333280e+02 1.279066666666666663e+02 1.265400000000000063e+02
1.286688741721854399e+02 1.278476821192053023e+02 1.265231788079470192e+02
1.285637583892617499e+02 1.279127516778523557e+02 1.265704697986577116e+02
1.286486486486486456e+02 1.279864864864864842e+02 1.267162162162162105e+02
1.285436241610738364e+02 1.280604026845637691e+02 1.268053691275167836e+02
1.286026490066225278e+02 1.280794701986754944e+02 1.267748344370860991e+02
1.286866666666666674e+02 1.280733333333333235e+02 1.267399999999999949e+02
1.286999999999999886e+02 1.281266666666666652e+02 1.267066666666666634e+02
1.287800000000000011e+02 1.280933333333333337e+02 1.267399999999999949e+02
1.288466666666666640e+02 1.280533333333333417e+02 1.266866666666666674e+02
1.289127516778523557e+02 1.280738255033556925e+02 1.267315436241610769e+02
1.286933333333333280e+02 1.280200000000000102e+02 1.266599999999999966e+02
1.286554054054054177e+02 1.281216216216216139e+02 1.266013513513513544e+02
1.286599999999999966e+02 1.281200000000000045e+02 1.266666666666666714e+02
1.285600000000000023e+02 1.280266666666666708e+02 1.266533333333333360e+02
1.285695364238410718e+02 1.279536423841059616e+02 1.266490066225165521e+02
1.285986842105263293e+02 1.278881578947368354e+02 1.266842105263157947e+02
1.284466666666666583e+02 1.278533333333333388e+02 1.266666666666666714e+02
1.283733333333333348e+02 1.278533333333333388e+02 1.266133333333333297e+02
1.284026845637583847e+02 1.280000000000000000e+02 1.265704697986577116e+02
1.285231788079470334e+02 1.279602649006622528e+02 1.266026490066225136e+02
1.284799999999999898e+02 1.278466666666666640e+02 1.266733333333333320e+02
1.284161073825503365e+02 1.278389261744966490e+02 1.268120805369127453e+02
1.283774834437085985e+02 1.279205298013245056e+02 1.267880794701986815e+02
1.282302631578947398e+02 1.277697368421052602e+02 1.266776315789473699e+02
1.283087248322147786e+02 1.277718120805369182e+02 1.267583892617449663e+02
1.283666666666666742e+02 1.277133333333333383e+02 1.267666666666666657e+02
1.284933333333333394e+02 1.276400000000000006e+02 1.267266666666666737e+02
1.286092715231788191e+02 1.276092715231788048e+02 1.266158940397350960e+02
1.285629139072847806e+02 1.276622516556291345e+02 1.267218543046357553e+02
1.285533333333333417e+02 1.276933333333333280e+02 1.267333333333333343e+02
1.285165562913907422e+02 1.275761589403973488e+02 1.266953642384105905e+02
1.285503355704697981e+02 1.275906040268456394e+02 1.265637583892617499e+02
1.285723684210526301e+02 1.275921052631578902e+02 1.266710526315789451e+02
1.286776315789473699e+02 1.277565789473684248e+02 1.266907894736842053e+02
1.286298701298701417e+02 1.277467532467532436e+02 1.266298701298701275e+02
1.286577181208053560e+02 1.277986577181208077e+02 1.266979865771812115e+02
1.286688741721854399e+02 1.277019867549668817e+02 1.266225165562913872e+02
1.287152317880794783e+02 1.278145695364238463e+02 1.265695364238410576e+02
1.288466666666666640e+02 1.277333333333333343e+02 1.266933333333333280e+02
1.288333333333333428e+02 1.277199999999999989e+02 1.266533333333333360e+02
1.289139072847682144e+02 1.277748344370860991e+02 1.267483443708609201e+02
1.289066666666666663e+02 1.277999999999999972e+02 1.267866666666666617e+02
1.289600000000000080e+02 1.278466666666666640e+02 1.267666666666666657e+02
1.289210526315789593e+02 1.278552631578947398e+02 1.268355263157894797e+02
1.289533333333333474e+02 1.277600000000000051e+02 1.268666666666666600e+02
1.289333333333333371e+02 1.277133333333333383e+02 1.269599999999999937e+02
1.289736842105263293e+02 1.276973684210526301e+02 1.270592105263157947e+02
1.288600000000000136e+02 1.276733333333333320e+02 1.270999999999999943e+02
1.289006622516556320e+02 1.277086092715231729e+02 1.271589403973509889e+02
1.288799999999999955e+02 1.276866666666666674e+02 1.272466666666666697e+02
1.286973684210526301e+02 1.276447368421052602e+02 1.271907894736842053e+02
1.287814569536423903e+02 1.274105960264900688e+02 1.272980132450331183e+02
1.288799999999999955e+02 1.274933333333333394e+02 1.273533333333333388e+02
1.289000000000000057e+02 1.274800000000000040e+02 1.273066666666666720e+02
1.289666666666666686e+02 1.275133333333333354e+02 1.273599999999999994e+02
1.289933333333333394e+02 1.274533333333333331e+02 1.274466666666666725e+02
1.289740259740259773e+02 1.275454545454545467e+02 1.273961038961038952e+02
1.290328947368421098e+02 1.275921052631578902e+02 1.273750000000000000e+02
1.291118421052631504e+02 1.275394736842105203e+02 1.273750000000000000e+02
1.290201342281879135e+02 1.275637583892617499e+02 1.273691275167785193e+02
1.290331125827814560e+02 1.274503311258278160e+02 1.272913907284768271e+02
1.290463576158940384e+02 1.272649006622516623e+02 1.272715231788079535e+02
1.289602649006622528e+02 1.272185430463576097e+02 1.273178807947019919e+02
1.289333333333333371e+02 1.272733333333333263e+02 1.274200000000000017e+02
1.289934640522875782e+02 1.272614379084967311e+02 1.274052287581699403e+02
1.289403973509933792e+02 1.271655629139072801e+02 1.274172185430463600e+02
1.290133333333333212e+02 1.272266666666666737e+02 1.272999999999999972e+02
1.290000000000000000e+02 1.273377483443708655e+02 1.274039735099337776e+02
1.289934640522875782e+02 1.272941176470588260e+02 1.275228758169934622e+02
1.289533333333333474e+02 1.272600000000000051e+02 1.274066666666666663e+02
1.289072847682119232e+02 1.272715231788079535e+02 1.273046357615894095e+02
1.289662162162162247e+02 1.272364864864864842e+02 1.273851351351351298e+02
1.289602649006622528e+02 1.273377483443708655e+02 1.273642384105960303e+02
1.289403973509933792e+02 1.273245033112582831e+02 1.273973509933774864e+02
1.289666666666666686e+02 1.273066666666666720e+02 1.274800000000000040e+02
1.289735099337748352e+02 1.272384105960264833e+02 1.273509933774834479e+02
1.289205298013245056e+02 1.271589403973509889e+02 1.274105960264900688e+02
1.288278145695364287e+02 1.270463576158940384e+02 1.273311258278145743e+02
1.286866666666666674e+02 1.271599999999999966e+02 1.273333333333333286e+02
1.287019867549668959e+02 1.271390728476821153e+02 1.272715231788079535e+02
1.288039215686274588e+02 1.270718954248365975e+02 1.272222222222222285e+02
1.287333333333333201e+02 1.271466666666666612e+02 1.272800000000000011e+02
1.286999999999999886e+02 1.270933333333333337e+02 1.272600000000000051e+02
1.286308724832214807e+02 1.269932885906040241e+02 1.273758389261744952e+02
1.286209150326797328e+02 1.270522875816993462e+02 1.273856209150326748e+02
1.286066666666666549e+02 1.270666666666666629e+02 1.273599999999999994e+02
1.285000000000000000e+02 1.272066666666666634e+02 1.271866666666666674e+02
1.285133333333333212e+02 1.272466666666666697e+02 1.272066666666666634e+02
1.286466666666666754e+02 1.272533333333333303e+02 1.272733333333333263e+02
1.286399999999999864e+02 1.272800000000000011e+02 1.271866666666666674e+02
1.286466666666666754e+02 1.273599999999999994e+02 1.271400000000000006e+02
1.285333333333333314e+02 1.274200000000000017e+02 1.270999999999999943e+02
1.285399999999999920e+02 1.274266666666666623e+02 1.270733333333333377e+02
1.286578947368421098e+02 1.274539473684210549e+02 1.270592105263157947e+02
1.286733333333333462e+02 1.274466666666666725e+02 1.270133333333333354e+02
1.285894039735099454e+02 1.275099337748344368e+02 1.270794701986754944e+02
1.285533333333333417e+02 1.274666666666666686e+02 1.270999999999999943e+02
1.286052631578947398e+02 1.275592105263157947e+02 1.271710526315789451e+02
1.285496688741721982e+02 1.274437086092715248e+02 1.271920529801324449e+02
1.285600000000000023e+02 1.274733333333333292e+02 1.272933333333333366e+02
1.285570469798657598e+02 1.275033557046979809e+02 1.272483221476510096e+02
1.284600000000000080e+02 1.275333333333333314e+02 1.272066666666666634e+02
1.286308724832214807e+02 1.275234899328859086e+02 1.273288590604026780e+02
1.287039473684210407e+02 1.276250000000000000e+02 1.272894736842105203e+02
1.285033112582781598e+02 1.275629139072847664e+02 1.273112582781457007e+02
1.284765100671141056e+02 1.274228187919463124e+02 1.273422818791946298e+02
1.284295302013422884e+02 1.274429530201342260e+02 1.274966442953020191e+02
1.284399999999999977e+02 1.274266666666666623e+02 1.274533333333333331e+02
1.284210526315789593e+02 1.272828947368421098e+02 1.274802631578947398e+02
1.284901960784313815e+02 1.271895424836601336e+02 1.274248366013071916e+02
1.284666666666666686e+02 1.270799999999999983e+02 1.275999999999999943e+02
1.283973509933774722e+02 1.270132450331125824e+02 1.274834437086092720e+02
1.283856209150326890e+02 1.269607843137254832e+02 1.275228758169934622e+02
1.283576158940397249e+02 1.270662251655629120e+02 1.275430463576158928e+02
1.283841059602648897e+02 1.270596026490066208e+02 1.275033112582781456e+02
1.282483221476510096e+02 1.270469798657718172e+02 1.275033557046979809e+02
1.282894736842105203e+02 1.268947368421052602e+02 1.275921052631578902e+02
1.282236842105263293e+02 1.269407894736842053e+02 1.275789473684210549e+02
1.282649006622516481e+02 1.269867549668874176e+02 1.276887417218542993e+02
1.281476510067114134e+02 1.268926174496644279e+02 1.277046979865771874e+02
1.281266666666666652e+02 1.267800000000000011e+02 1.276733333333333320e+02
1.282214765100671059e+02 1.267651006711409423e+02 1.276577181208053702e+02
1.282400000000000091e+02 1.266733333333333320e+02 1.276333333333333400e+02
1.282266666666666595e+02 1.267066666666666634e+02 1.275799999999999983e+02
1.281973684210526301e+02 1.266842105263157947e+02 1.275592105263157947e+02
1.281390728476821153e+02 1.266556291390728433e+02 1.276092715231788048e+02
1.281589403973509889e+02 1.267086092715231729e+02 1.275695364238410576e+02
1.281666666666666572e+02 1.266599999999999966e+02 1.275199999999999960e+02
1.281342281879194616e+02 1.266241610738255048e+02 1.275167785234899327e+02
1.281533333333333360e+02 1.267266666666666737e+02 1.274733333333333292e+02
1.282091503267973849e+02 1.265751633986928084e+02 1.274117647058823479e+02
1.281866666666666674e+02 1.265733333333333377e+02 1.273599999999999994e+02
1.281999999999999886e+02 1.266266666666666652e+02 1.274333333333333371e+02
1.282119205298013185e+02 1.266821192052980081e+02 1.274503311258278160e+02
1.282980132450331041e+02 1.266423841059602609e+02 1.274039735099337776e+02
1.284600000000000080e+02 1.265733333333333377e+02 1.274599999999999937e+02
1.285099337748344510e+02 1.266092715231788048e+02 1.273774834437086128e+02
1.285562913907284894e+02 1.265761589403973488e+02 1.273774834437086128e+02
1.285906040268456252e+02 1.265771812080536876e+02 1.274362416107382501e+02
1.286107382550335672e+02 1.266510067114093943e+02 1.275167785234899327e+02
1.286250000000000000e+02 1.267368421052631646e+02 1.275723684210526301e+02
1.287199999999999989e+02 1.266200000000000045e+02 1.275066666666666606e+02
1.287086092715231871e+02 1.266821192052980081e+02 1.276622516556291345e+02
1.287019867549668959e+02 1.265430463576158928e+02 1.277880794701986815e+02
1.288311688311688386e+02 1.264285714285714306e+02 1.277727272727272663e+02
1.289399999999999977e+02 1.264000000000000057e+02 1.277266666666666737e+02
1.289934210526315894e+02 1.263815789473684248e+02 1.277828947368421098e+02
1.289798657718120865e+02 1.264630872483221538e+02 1.278590604026845625e+02
1.289731543624160963e+02 1.264161073825503365e+02 1.277785234899328799e+02
1.290000000000000000e+02 1.263202614379084991e+02 1.278627450980392126e+02
1.289266666666666765e+02 1.263133333333333326e+02 1.278533333333333388e+02
1.289801324503311264e+02 1.263708609271523216e+02 1.278079470198675551e+02
1.291125827814569504e+02 1.263377483443708655e+02 1.278278145695364287e+02
1.291721854304635713e+02 1.264238410596026512e+02 1.278211920529801375e+02
1.292026143790849630e+02 1.263725490196078454e+02 1.278104575163398664e+02
1.292119205298013185e+02 1.263907284768211952e+02 1.277152317880794641e+02
1.291466666666666754e+02 1.264599999999999937e+02 1.278799999999999955e+02
1.292384105960264833e+02 1.265231788079470192e+02 1.279139072847682144e+02
1.292317880794701921e+02 1.265165562913907280e+02 1.279271523178807968e+02
1.294900662251655490e+02 1.264768211920529808e+02 1.278211920529801375e+02
1.294635761589403842e+02 1.264304635761589424e+02 1.277748344370860991e+02
1.293774834437085985e+02 1.264701986754966896e+02 1.278609271523178847e+02
1.294161073825503365e+02 1.264765100671140914e+02 1.277919463087248317e+02
1.294295302013422884e+02 1.265369127516778462e+02 1.277718120805369182e+02
1.294533333333333474e+02 1.264933333333333394e+02 1.276933333333333280e+02
1.294832214765100673e+02 1.264563758389261778e+02 1.277583892617449663e+02
1.295733333333333235e+02 1.264866666666666646e+02 1.277199999999999989e+02
1.295800000000000125e+02 1.265133333333333354e+02 1.276800000000000068e+02
1.294900662251655490e+02 1.264039735099337776e+02 1.277483443708609201e+02
1.294799999999999898e+02 1.263733333333333348e+02 1.276466666666666612e+02
1.294238410596026370e+02 1.263576158940397391e+02 1.276821192052980081e+02
1.294666666666666686e+02 1.263400000000000034e+02 1.277000000000000028e+02
1.294295302013422884e+02 1.262953020134228126e+02 1.277583892617449663e+02
1.294172185430463458e+02 1.263509933774834479e+02 1.278741721854304672e+02
1.293557046979865675e+02 1.263892617449664471e+02 1.278657718120805384e+02
1.293486842105263293e+02 1.263618421052631646e+02 1.277368421052631646e+02
1.293557046979865675e+02 1.262617449664429472e+02 1.277785234899328799e+02
1.292533333333333303e+02 1.261066666666666691e+02 1.277333333333333343e+02
1.291066666666666549e+02 1.261133333333333297e+02 1.276466666666666612e+02
1.292185430463576097e+02 1.261125827814569504e+02 1.275629139072847664e+02
1.293154362416107404e+02 1.262214765100671201e+02 1.275234899328859086e+02
1.292119205298013185e+02 1.261788079470198625e+02 1.275298013245033104e+02
1.291986754966887361e+02 1.262582781456953711e+02 1.275562913907284752e+02
1.292251655629139009e+02 1.263112582781457007e+02 1.275960264900662224e+02
1.292516556291390657e+02 1.263311258278145743e+02 1.275562913907284752e+02
1.291599999999999966e+02 1.262733333333333263e+02 1.275733333333333377e+02
1.291125827814569504e+02 1.264039735099337776e+02 1.275364238410596016e+02
1.290000000000000000e+02 1.264000000000000057e+02 1.276133333333333297e+02
1.290200000000000102e+02 1.264266666666666623e+02 1.275000000000000000e+02
1.289866666666666788e+02 1.264133333333333269e+02 1.275466666666666669e+02
1.288799999999999955e+02 1.262600000000000051e+02 1.275199999999999960e+02
1.287947019867549727e+02 1.261390728476821153e+02 1.276754966887417169e+02
1.288758169934640421e+02 1.260718954248365975e+02 1.276405228758169983e+02
1.289205298013245056e+02 1.261258278145695328e+02 1.275827814569536400e+02
1.289597315436241729e+02 1.261140939597315480e+02 1.276442953020134183e+02
1.289932885906040383e+02 1.261342281879194616e+02 1.276308724832214807e+02
1.289868421052631504e+02 1.261052631578947398e+02 1.275921052631578902e+02
1.290789473684210407e+02 1.259934210526315752e+02 1.275526315789473699e+02
1.290200000000000102e+02 1.258933333333333309e+02 1.275066666666666606e+02
1.289933333333333394e+02 1.258733333333333348e+02 1.275066666666666606e+02
1.291066666666666549e+02 1.258666666666666600e+02 1.275533333333333275e+02
1.292800000000000011e+02 1.257800000000000011e+02 1.276466666666666612e+02
1.292432432432432563e+02 1.256148648648648702e+02 1.276081081081081123e+02
1.291513157894736707e+02 1.254868421052631646e+02 1.276973684210526301e+02
1.291879194630872405e+02 1.254630872483221538e+02 1.276241610738255048e+02
1.291192052980132416e+02 1.255298013245033104e+02 1.275894039735099312e+02
1.291437908496731950e+02 1.255620915032679790e+02 1.276666666666666714e+02
1.291476510067114134e+02 1.255100671140939568e+02 1.277114093959731491e+02
1.290328947368421098e+02 1.255131578947368354e+02 1.274605263157894797e+02
1.289536423841059616e+02 1.253509933774834479e+02 1.274304635761589424e+02
1.289735099337748352e+02 1.254039735099337776e+02 1.273509933774834479e+02
1.290201342281879135e+02 1.254295302013422884e+02 1.273758389261744952e+02
1.291437908496731950e+02 1.255032679738562109e+02 1.274183006535947698e+02
1.291140939597315480e+02 1.254899328859060432e+02 1.274765100671140914e+02
1.291399999999999864e+02 1.255666666666666629e+02 1.273666666666666600e+02
1.290529801324503296e+02 1.256688741721854257e+02 1.273708609271523216e+02
1.290335570469798654e+02 1.256711409395973220e+02 1.274093959731543606e+02
1.290933333333333337e+02 1.257333333333333343e+02 1.273533333333333388e+02
1.289798657718120865e+02 1.257248322147651010e+02 1.273020134228187885e+02
1.290657894736842195e+02 1.257697368421052602e+02 1.273421052631578902e+02
1.290860927152317856e+02 1.258145695364238463e+02 1.272781456953642447e+02
1.291437908496731950e+02 1.257516339869280984e+02 1.272614379084967311e+02
1.289415584415584419e+02 1.257532467532467564e+02 1.272142857142857082e+02
1.293289473684210407e+02 1.258092105263157947e+02 1.270723684210526301e+02
1.293311688311688386e+02 1.256948051948051983e+02 1.269480519480519547e+02
1.292866666666666617e+02 1.256133333333333297e+02 1.269533333333333331e+02
1.292302631578947398e+02 1.256118421052631646e+02 1.270000000000000000e+02
1.292013422818791923e+02 1.256375838926174566e+02 1.269530201342281828e+02
1.292617449664429614e+02 1.256375838926174566e+02 1.268993288590604038e+02
1.293973509933774722e+02 1.257549668874172255e+02 1.267417218543046289e+02
1.294437086092715106e+02 1.257218543046357553e+02 1.267019867549668817e+02
1.293624161073825576e+02 1.256912751677852356e+02 1.267718120805369182e+02
1.294105960264900546e+02 1.255695364238410576e+02 1.267880794701986815e+02
1.294276315789473699e+02 1.255921052631578902e+02 1.268815789473684248e+02
1.293841059602648897e+02 1.256953642384105905e+02 1.269139072847682144e+02
1.292800000000000011e+02 1.257933333333333366e+02 1.269733333333333292e+02
1.291854304635761537e+02 1.256688741721854257e+02 1.270132450331125824e+02
1.291733333333333462e+02 1.255666666666666629e+02 1.270533333333333275e+02
1.292171052631578902e+02 1.255921052631578902e+02 1.271118421052631646e+02
1.291733333333333462e+02 1.255799999999999983e+02 1.270466666666666669e+02
1.292913907284768129e+02 1.256887417218542993e+02 1.269801324503311264e+02
1.293333333333333428e+02 1.255933333333333337e+02 1.269800000000000040e+02
1.292317880794701921e+02 1.254966887417218544e+02 1.270331125827814560e+02
1.291599999999999966e+02 1.254133333333333269e+02 1.269333333333333371e+02
1.291184210526315894e+02 1.254144736842105203e+02 1.268552631578947398e+02
1.290933333333333337e+02 1.253266666666666680e+02 1.267800000000000011e+02
1.291118421052631504e+02 1.253289473684210549e+02 1.267894736842105203e+02
1.291920529801324449e+02 1.253642384105960303e+02 1.268278145695364287e+02
1.292214765100671059e+02 1.253087248322147644e+02 1.267919463087248317e+02
1.291733333333333462e+02 1.252733333333333263e+02 1.267999999999999972e+02
1.290266666666666708e+02 1.251599999999999966e+02 1.268199999999999932e+02
1.290328947368421098e+02 1.251513157894736850e+02 1.268684210526315752e+02
1.290522875816993462e+02 1.252418300653594798e+02 1.268496732026143832e+02
1.290999999999999943e+02 1.252933333333333366e+02 1.269066666666666663e+02
1.291854304635761537e+02 1.253178807947019919e+02 1.268741721854304672e+02
1.293355263157894797e+02 1.253486842105263150e+02 1.268618421052631646e+02
1.292751677852349133e+02 1.253557046979865817e+02 1.269261744966442933e+02
1.292933333333333223e+02 1.254800000000000040e+02 1.268400000000000034e+02
1.293618421052631504e+02 1.254736842105263150e+02 1.268486842105263150e+02
1.294539473684210407e+02 1.254473684210526301e+02 1.269013157894736850e+02
1.293533333333333246e+02 1.253933333333333309e+02 1.268799999999999955e+02
1.293026315789473699e+02 1.253355263157894797e+02 1.268355263157894797e+02
1.293199999999999932e+02 1.252333333333333343e+02 1.268866666666666703e+02
1.292885906040268367e+02 1.253020134228187885e+02 1.269261744966442933e+02
1.292387096774193651e+02 1.253354838709677352e+02 1.268322580645161253e+02
1.292933333333333223e+02 1.254733333333333292e+02 1.269133333333333269e+02
1.293199999999999932e+02 1.254866666666666646e+02 1.268933333333333309e+02
1.293750000000000000e+02 1.254473684210526301e+02 1.268289473684210549e+02
1.293733333333333348e+02 1.254200000000000017e+02 1.267199999999999989e+02
1.293642384105960161e+02 1.254569536423841072e+02 1.267483443708609201e+02
1.294133333333333269e+02 1.253400000000000034e+02 1.266466666666666612e+02
1.294172185430463458e+02 1.254238410596026512e+02 1.265629139072847664e+02
1.293133333333333326e+02 1.254000000000000057e+02 1.266466666666666612e+02
1.293266666666666538e+02 1.254333333333333371e+02 1.266866666666666674e+02
1.293708609271523073e+02 1.255298013245033104e+02 1.266953642384105905e+02
1.294496644295302019e+02 1.255570469798657740e+02 1.266979865771812115e+02
1.294503311258278018e+02 1.255496688741721840e+02 1.266754966887417169e+02
1.295733333333333235e+02 1.255199999999999960e+02 1.266599999999999966e+02
1.295399999999999920e+02 1.255933333333333337e+02 1.266200000000000045e+02
1.294768211920529666e+02 1.256357615894039697e+02 1.266092715231788048e+02
1.294342105263157805e+02 1.256381578947368354e+02 1.266644736842105203e+02
1.294333333333333371e+02 1.256533333333333360e+02 1.265533333333333275e+02
1.294266666666666765e+02 1.258066666666666720e+02 1.264800000000000040e+02
1.295562913907284894e+02 1.257483443708609201e+02 1.264569536423841072e+02
1.295704697986577116e+02 1.257449664429530287e+02 1.263624161073825576e+02
1.295503355704697981e+02 1.256711409395973078e+02 1.264429530201342260e+02
1.294733333333333292e+02 1.257000000000000028e+02 1.264733333333333292e+02
1.295131578947368496e+02 1.258815789473684106e+02 1.264473684210526301e+02
1.295723684210526301e+02 1.259605263157894655e+02 1.264144736842105203e+02
1.296133333333333155e+02 1.259800000000000040e+02 1.263599999999999994e+02
1.296979865771812115e+02 1.258657718120805384e+02 1.264295302013422884e+02
1.296118421052631504e+02 1.258092105263157947e+02 1.263815789473684248e+02
1.295810810810810665e+02 1.257500000000000000e+02 1.263986486486486456e+02
1.295695364238410434e+02 1.257814569536423903e+02 1.263311258278145743e+02
1.296174496644295289e+02 1.257516778523489904e+02 1.263557046979865817e+02
1.296912751677852214e+02 1.257919463087248317e+02 1.262953020134228268e+02
1.296754966887417311e+02 1.257682119205297937e+02 1.262980132450331183e+02
1.297417218543046431e+02 1.257814569536423903e+02 1.262516556291390799e+02
1.297533333333333303e+02 1.257999999999999972e+02 1.263533333333333388e+02
1.298666666666666742e+02 1.257999999999999972e+02 1.264733333333333292e+02
1.296953642384106047e+02 1.258476821192053023e+02 1.264966887417218544e+02
1.297697368421052602e+02 1.257894736842105203e+02 1.265723684210526301e+02
1.296283783783783861e+02 1.259391891891891930e+02 1.264864864864864842e+02
1.296092715231788191e+02 1.259337748344370880e+02 1.265562913907284752e+02
1.297880794701986815e+02 1.258741721854304529e+02 1.263907284768211952e+02
1.297748344370860991e+02 1.258344370860927199e+02 1.263112582781456865e+02
1.298675496688741759e+02 1.259271523178807968e+02 1.262847682119205359e+02
1.296999999999999886e+02 1.258799999999999955e+02 1.262866666666666760e+02
1.297615894039735167e+02 1.258675496688741759e+02 1.262582781456953711e+02
1.297800000000000011e+02 1.257666666666666657e+02 1.262933333333333366e+02
1.297933333333333223e+02 1.257733333333333263e+02 1.263266666666666680e+02
1.298200000000000216e+02 1.257266666666666737e+02 1.263066666666666578e+02
1.297733333333333405e+02 1.257400000000000091e+02 1.263000000000000114e+02
1.297171052631578902e+02 1.257302631578947256e+02 1.263684210526315752e+02
1.295540540540540633e+02 1.255067567567567579e+02 1.262702702702702737e+02
1.294563758389261636e+02 1.256442953020134183e+02 1.262617449664429472e+02
1.293973509933774722e+02 1.256887417218543135e+02 1.262980132450331183e+02
1.293400000000000034e+02 1.258399999999999892e+02 1.263000000000000114e+02
1.293618421052631504e+02 1.257105263157894655e+02 1.262368421052631646e+02
1.293267973856208926e+02 1.257843137254902075e+02 1.260784313725490193e+02
1.292866666666666617e+02 1.257133333333333383e+02 1.260933333333333337e+02
1.293333333333333428e+02 1.257933333333333366e+02 1.261266666666666652e+02
1.293600000000000136e+02 1.257333333333333343e+02 1.262000000000000028e+02
1.293799999999999955e+02 1.256733333333333320e+02 1.261599999999999966e+02
1.293066666666666720e+02 1.257600000000000051e+02 1.262733333333333263e+02
1.293377483443708513e+02 1.257483443708609201e+02 1.264172185430463600e+02
1.293333333333333428e+02 1.257533333333333303e+02 1.264066666666666663e+02
1.293799999999999955e+02 1.257533333333333303e+02 1.264800000000000040e+02
1.294266666666666765e+02 1.257266666666666737e+02 1.267199999999999989e+02
1.293691275167785193e+02 1.257382550335570528e+02 1.266577181208053702e+02
1.294370860927152194e+02 1.258013245033112639e+02 1.266490066225165521e+02
1.294000000000000057e+02 1.257600000000000051e+02 1.265733333333333377e+02
1.293289473684210407e+02 1.257105263157894797e+02 1.266381578947368354e+02
1.293245033112582689e+02 1.257218543046357553e+02 1.265496688741721840e+02
1.292052980132450273e+02 1.257615894039735167e+02 1.264834437086092720e+02
1.291866666666666674e+02 1.258933333333333309e+02 1.264333333333333371e+02
1.291513157894736707e+02 1.259605263157894797e+02 1.263881578947368354e+02
1.291333333333333258e+02 1.260133333333333354e+02 1.262933333333333366e+02
1.291125827814569504e+02 1.260860927152317856e+02 1.262052980132450273e+02
1.290066666666666606e+02 1.261666666666666714e+02 1.262333333333333343e+02
1.291133333333333439e+02 1.262066666666666634e+02 1.262199999999999989e+02
1.291933333333333280e+02 1.262133333333333383e+02 1.262333333333333343e+02
1.291677852348993270e+02 1.262147651006711442e+02 1.261543624161073893e+02
1.290738255033556925e+02 1.260872483221476443e+02 1.261812080536912788e+02
1.290794701986754944e+02 1.260728476821192032e+02 1.261258278145695328e+02
1.291006711409395962e+02 1.261744966442953029e+02 1.262818791946308750e+02
1.290264900662251648e+02 1.261986754966887361e+02 1.262317880794701921e+02
1.290860927152317856e+02 1.261523178807946977e+02 1.261986754966887361e+02
1.291125827814569504e+02 1.261192052980132416e+02 1.263311258278145743e+02
1.291258278145695328e+02 1.260331125827814560e+02 1.263642384105960303e+02
1.289801324503311264e+02 1.260529801324503296e+02 1.263377483443708655e+02
1.290399999999999920e+02 1.261200000000000045e+02 1.263066666666666720e+02
1.290397350993377472e+02 1.261390728476821153e+02 1.262052980132450273e+02
1.289600000000000080e+02 1.260066666666666606e+02 1.262800000000000011e+02
1.289600000000000080e+02 1.259800000000000040e+02 1.262199999999999989e+02
1.289470198675496704e+02 1.259205298013245056e+02 1.261523178807946977e+02
1.289407894736842195e+02 1.259671052631578902e+02 1.261710526315789451e+02
1.290066225165562912e+02 1.259403973509933792e+02 1.262781456953642447e+02
1.288476821192053023e+02 1.258476821192053023e+02 1.262185430463576097e+02
1.288333333333333428e+02 1.258266666666666680e+02 1.263333333333333286e+02
1.288181818181818130e+02 1.259090909090909065e+02 1.263181818181818130e+02
1.288157894736842195e+02 1.258552631578947398e+02 1.262302631578947398e+02
1.289337748344370880e+02 1.257615894039735167e+02 1.262847682119205359e+02
1.289399999999999977e+02 1.257466666666666697e+02 1.263933333333333309e+02
1.289673202614379193e+02 1.256928104575163445e+02 1.264575163398692865e+02
1.289731543624160963e+02 1.257315436241610769e+02 1.264966442953020191e+02
1.289539473684210407e+02 1.256842105263157947e+02 1.265460526315789451e+02
1.289735099337748352e+02 1.256490066225165521e+02 1.266092715231788048e+02
1.291133333333333439e+02 1.257333333333333343e+02 1.266800000000000068e+02
1.289866666666666788e+02 1.255999999999999943e+02 1.266466666666666612e+02
1.290067114093959617e+02 1.256241610738255048e+02 1.266442953020134183e+02
1.290000000000000000e+02 1.256466666666666612e+02 1.268066666666666720e+02
1.289799999999999898e+02 1.256466666666666612e+02 1.267666666666666657e+02
1.290000000000000000e+02 1.256133333333333297e+02 1.268133333333333326e+02
1.290067114093959617e+02 1.255973154362416153e+02 1.267852348993288558e+02
1.290268456375839037e+02 1.255302013422818845e+02 1.267718120805369182e+02
1.290264900662251648e+02 1.257284768211920465e+02 1.269139072847682144e+02
1.290200000000000102e+02 1.257000000000000028e+02 1.268733333333333348e+02
1.290522875816993462e+02 1.257581699346405202e+02 1.269281045751634025e+02
