1.287333333333333201e+02 1.285666666666666629e+02 1.272999999999999972e+02
1.288355263157894797e+02 1.286052631578947398e+02 1.271973684210526301e+02
1.288322147651006730e+02 1.285503355704697981e+02 1.271409395973154375e+02
1.287880794701986815e+02 1.284437086092715106e+02 1.270463576158940384e+02
1.287666666666666799e+02 1.283799999999999955e+02 1.269866666666666646e+02
1.286510067114093943e+02 1.284026845637583847e+02 1.267449664429530145e+02
1.287449664429530287e+02 1.284899328859060290e+02 1.266644295302013461e+02
1.287718120805369040e+02 1.285302013422818845e+02 1.266644295302013461e+02
1.287218543046357695e+02 1.285099337748344510e+02 1.267152317880794641e+02
1.286158940397351103e+02 1.285033112582781598e+02 1.265695364238410576e+02
1.287066666666666777e+02 1.286399999999999864e+02 1.265000000000000000e+02
1.286842105263157805e+02 1.286381578947368496e+02 1.265986842105263150e+02
1.286466666666666754e+02 1.285999999999999943e+02 1.264599999999999937e+02
1.287549668874172255e+02 1.286158940397351103e+02 1.262582781456953711e+02
1.286710526315789593e+02 1.285855263157894797e+02 1.263486842105263150e+02
1.286953642384106047e+02 1.286688741721854399e+02 1.263245033112582831e+02
1.286375838926174424e+02 1.287181208053691250e+02 1.262953020134228126e+02
1.286907894736842195e+02 1.287828947368421098e+02 1.264144736842105203e+02
1.286107382550335672e+02 1.287919463087248459e+02 1.265973154362416153e+02
1.285686274509803866e+02 1.288235294117646959e+02 1.266732026143790790e+02
1.286442953020134325e+02 1.288590604026845767e+02 1.266577181208053702e+02
1.285167785234899327e+02 1.288657718120805384e+02 1.267315436241610769e+02
1.284733333333333292e+02 1.288866666666666561e+02 1.268400000000000034e+02
1.284210526315789593e+02 1.288750000000000000e+02 1.268552631578947398e+02
1.284144736842105203e+02 1.288750000000000000e+02 1.268421052631578902e+02
1.283421052631578902e+02 1.289605263157894797e+02 1.269144736842105203e+02
1.284399999999999977e+02 1.288199999999999932e+02 1.268866666666666703e+02
1.285065789473684106e+02 1.288355263157894797e+02 1.269144736842105203e+02
1.286821192052980223e+02 1.288476821192053023e+02 1.268741721854304672e+02
1.286143790849673110e+02 1.286209150326797328e+02 1.268627450980392126e+02
1.285364238410596158e+02 1.287218543046357695e+02 1.268675496688741759e+02
1.284733333333333292e+02 1.286866666666666674e+02 1.269266666666666623e+02
1.285620915032679648e+02 1.285816993464052302e+02 1.268627450980392126e+02
1.285827814569536542e+02 1.285761589403973630e+02 1.269602649006622528e+02
1.286733333333333462e+02 1.285933333333333337e+02 1.268466666666666640e+02
1.286845637583892596e+02 1.284697986577181155e+02 1.268657718120805384e+02
1.287152317880794783e+02 1.285165562913907422e+02 1.269205298013245056e+02
1.287712418300653496e+02 1.285555555555555429e+02 1.268562091503267908e+02
1.287549668874172255e+02 1.286622516556291487e+02 1.270000000000000000e+02
1.287218543046357695e+02 1.287019867549668959e+02 1.271192052980132416e+02
1.287284768211920607e+02 1.287748344370860991e+02 1.270397350993377472e+02
1.288600000000000136e+02 1.288066666666666720e+02 1.270133333333333354e+02
1.287615894039735167e+02 1.286490066225165663e+02 1.270066225165562912e+02
1.286933333333333280e+02 1.285800000000000125e+02 1.270533333333333275e+02
1.287814569536423903e+02 1.285165562913907422e+02 1.270993377483443680e+02
1.288675496688741759e+02 1.285099337748344510e+02 1.270596026490066208e+02
1.289072847682119232e+02 1.285894039735099454e+02 1.270198675496688736e+02
1.289733333333333292e+02 1.285533333333333417e+02 1.270466666666666669e+02
1.290999999999999943e+02 1.285999999999999943e+02 1.269866666666666646e+02
1.291788079470198625e+02 1.285298013245033246e+02 1.270463576158940384e+02
1.292105263157894797e+02 1.285789473684210407e+02 1.269144736842105203e+02
1.291721854304635713e+02 1.284635761589403842e+02 1.269337748344370880e+02
1.290855263157894797e+02 1.283618421052631504e+02 1.269605263157894797e+02
1.292105263157894797e+02 1.283486842105263293e+02 1.269407894736842053e+02
1.294000000000000057e+02 1.282933333333333223e+02 1.269800000000000040e+02
1.293973509933774722e+02 1.282913907284768129e+02 1.270662251655629120e+02
1.293766233766233711e+02 1.283051948051948159e+02 1.270000000000000000e+02
1.293856209150326890e+02 1.282941176470588118e+02 1.271045751633986924e+02
1.293288590604026922e+02 1.282214765100671059e+02 1.271879194630872547e+02
1.294266666666666765e+02 1.281933333333333280e+02 1.270466666666666669e+02
1.293489932885906057e+02 1.281879194630872405e+02 1.271073825503355721e+02
1.294093959731543748e+02 1.282147651006711442e+02 1.271812080536912788e+02
1.293642384105960161e+02 1.283973509933774722e+02 1.272649006622516623e+02
1.294437086092715106e+02 1.283642384105960161e+02 1.273311258278145743e+02
1.293933333333333451e+02 1.283600000000000136e+02 1.272999999999999972e+02
1.292697368421052602e+02 1.283486842105263293e+02 1.272697368421052602e+02
1.294066666666666663e+02 1.284066666666666663e+02 1.272733333333333263e+02
1.293529411764705799e+02 1.283790849673202672e+02 1.274052287581699403e+02
1.293666666666666742e+02 1.284866666666666788e+02 1.273199999999999932e+02
1.294026845637583847e+02 1.284496644295302019e+02 1.273221476510067163e+02
1.293000000000000114e+02 1.284533333333333474e+02 1.273599999999999994e+02
1.293311258278145601e+02 1.283973509933774722e+02 1.273774834437086128e+02
1.292635135135135158e+02 1.284527027027027088e+02 1.272905405405405475e+02
1.292684563758389231e+02 1.284228187919462982e+02 1.272214765100671201e+02
1.293221476510067021e+02 1.282953020134228268e+02 1.273691275167785193e+02
1.293289473684210407e+02 1.282631578947368496e+02 1.274605263157894797e+02
1.293973509933774722e+02 1.282516556291390657e+02 1.275430463576158928e+02
1.294093959731543748e+02 1.283355704697986539e+02 1.276644295302013461e+02
1.294000000000000057e+02 1.283666666666666742e+02 1.276266666666666652e+02
1.292533333333333303e+02 1.283600000000000136e+02 1.276933333333333280e+02
1.292953020134228268e+02 1.283489932885906057e+02 1.276040268456375770e+02
1.292715231788079393e+02 1.284635761589403842e+02 1.275430463576158928e+02
1.291644736842105203e+02 1.283157894736842195e+02 1.276513157894736850e+02
1.291456953642384065e+02 1.283509933774834337e+02 1.276291390728476784e+02
1.290529801324503296e+02 1.283046357615893953e+02 1.276158940397350960e+02
1.290662251655629120e+02 1.282715231788079393e+02 1.275562913907284752e+02
1.291324503311258241e+02 1.282582781456953569e+02 1.277019867549668817e+02
1.291266666666666652e+02 1.281466666666666754e+02 1.277933333333333366e+02
1.290331125827814560e+02 1.282715231788079393e+02 1.279139072847682144e+02
1.290993377483443680e+02 1.283642384105960161e+02 1.278874172185430496e+02
1.291854304635761537e+02 1.283576158940397249e+02 1.279205298013245056e+02
1.292199999999999989e+02 1.285999999999999943e+02 1.279000000000000057e+02
1.291315789473684106e+02 1.285986842105263293e+02 1.279407894736842053e+02
1.289536423841059616e+02 1.283509933774834337e+02 1.281390728476821153e+02
1.290718954248366117e+02 1.283594771241830017e+02 1.281241830065359579e+02
1.291258278145695328e+02 1.284503311258278018e+02 1.280066225165562912e+02
1.291133333333333439e+02 1.285533333333333417e+02 1.279866666666666646e+02
1.290738255033556925e+02 1.284966442953020191e+02 1.280469798657718172e+02
1.289933333333333394e+02 1.284866666666666788e+02 1.280333333333333314e+02
1.289205298013245056e+02 1.284304635761589282e+02 1.280198675496688736e+02
1.289013157894736707e+02 1.283881578947368496e+02 1.280394736842105203e+02
1.289199999999999875e+02 1.284533333333333474e+02 1.279466666666666725e+02
1.289470198675496704e+02 1.283112582781456865e+02 1.279139072847682144e+02
1.288355263157894797e+02 1.283157894736842195e+02 1.279736842105263150e+02
1.288169934640522740e+02 1.283398692810457646e+02 1.279411764705882320e+02
1.287549668874172255e+02 1.284172185430463458e+02 1.279205298013245056e+02
1.288053691275167694e+02 1.285570469798657598e+02 1.281073825503355579e+02
1.288199999999999932e+02 1.286066666666666549e+02 1.281333333333333258e+02
1.287866666666666617e+02 1.286466666666666754e+02 1.281666666666666572e+02
1.288199999999999932e+02 1.286933333333333280e+02 1.280933333333333337e+02
1.288211920529801375e+02 1.288013245033112639e+02 1.281125827814569504e+02
1.287583892617449806e+02 1.289261744966443075e+02 1.281342281879194616e+02
1.286999999999999886e+02 1.289399999999999977e+02 1.281599999999999966e+02
1.286623376623376487e+02 1.288441558441558357e+02 1.281038961038960906e+02
1.285533333333333417e+02 1.290066666666666606e+02 1.281666666666666572e+02
1.285436241610738364e+02 1.289597315436241729e+02 1.282013422818791923e+02
1.285496688741721982e+02 1.289205298013245056e+02 1.281721854304635713e+02
1.285800000000000125e+02 1.289199999999999875e+02 1.282199999999999989e+02
1.285496688741721982e+02 1.290198675496688736e+02 1.282251655629139009e+02
1.285562913907284894e+02 1.290264900662251648e+02 1.283178807947019777e+02
1.286357615894039839e+02 1.290132450331125824e+02 1.283178807947019777e+02
1.286470588235294201e+02 1.290000000000000000e+02 1.282679738562091529e+02
1.287549668874172255e+02 1.289536423841059616e+02 1.283576158940397249e+02
1.287718120805369040e+02 1.290000000000000000e+02 1.285234899328858944e+02
1.288066666666666720e+02 1.289933333333333394e+02 1.285133333333333212e+02
1.287152317880794783e+02 1.289205298013245056e+02 1.286556291390728575e+02
1.286200000000000045e+02 1.289466666666666583e+02 1.288000000000000114e+02
1.286066666666666549e+02 1.288799999999999955e+02 1.288733333333333348e+02
1.285838926174496635e+02 1.289060402684563655e+02 1.289261744966443075e+02
1.284933333333333394e+02 1.289399999999999977e+02 1.289466666666666583e+02
1.285298013245033246e+02 1.289735099337748352e+02 1.290198675496688736e+02
1.285600000000000023e+02 1.288866666666666561e+02 1.291200000000000045e+02
1.285200000000000102e+02 1.289066666666666663e+02 1.291599999999999966e+02
1.285827814569536542e+02 1.289536423841059616e+02 1.292450331125827745e+02
1.284966887417218402e+02 1.289668874172185440e+02 1.293576158940397249e+02
1.285000000000000000e+02 1.289933333333333394e+02 1.292666666666666799e+02
1.285270270270270316e+02 1.289459459459459367e+02 1.292837837837837753e+02
1.285666666666666629e+02 1.290066666666666606e+02 1.293866666666666561e+02
1.286688741721854399e+02 1.289668874172185440e+02 1.294701986754966754e+02
1.287631578947368496e+02 1.290131578947368496e+02 1.294868421052631504e+02
1.288079470198675551e+02 1.290397350993377472e+02 1.295364238410596158e+02
1.288278145695364287e+02 1.290860927152317856e+02 1.296688741721854399e+02
1.288187919463087212e+02 1.291610738255033652e+02 1.296375838926174424e+02
1.289066666666666663e+02 1.291399999999999864e+02 1.296800000000000068e+02
1.288926174496644421e+02 1.291610738255033652e+02 1.298590604026845767e+02
1.289000000000000057e+02 1.291933333333333280e+02 1.298066666666666720e+02
1.288815789473684106e+02 1.291250000000000000e+02 1.298486842105263293e+02
1.288145695364238463e+02 1.290596026490066208e+02 1.299403973509933792e+02
1.288255033557047113e+02 1.290536912751677789e+02 1.299798657718120865e+02
1.288543046357615935e+02 1.289072847682119232e+02 1.300198675496688736e+02
1.288874172185430496e+02 1.290529801324503296e+02 1.301059602649006592e+02
1.290526315789473699e+02 1.289802631578947398e+02 1.302763157894736707e+02
1.291744966442952887e+02 1.289463087248322211e+02 1.303355704697986539e+02
1.291266666666666652e+02 1.289399999999999977e+02 1.304199999999999875e+02
1.290993377483443680e+02 1.288609271523178847e+02 1.304635761589403842e+02
1.289801324503311264e+02 1.289072847682119232e+02 1.305562913907284894e+02
1.290800000000000125e+02 1.289199999999999875e+02 1.305933333333333337e+02
1.290810810810810949e+02 1.289391891891891930e+02 1.306216216216216139e+02
1.290469798657718172e+02 1.288859060402684520e+02 1.306845637583892596e+02
1.290466666666666526e+02 1.289666666666666686e+02 1.306800000000000068e+02
1.292483221476510096e+02 1.290402684563758271e+02 1.307785234899328941e+02
1.292866666666666617e+02 1.289733333333333292e+02 1.307133333333333383e+02
1.293708609271523073e+02 1.289205298013245056e+02 1.309271523178807968e+02
1.293157894736842195e+02 1.289407894736842195e+02 1.308618421052631504e+02
1.293443708609271425e+02 1.288344370860927199e+02 1.308609271523178847e+02
1.294000000000000057e+02 1.288066666666666720e+02 1.308066666666666720e+02
1.295000000000000000e+02 1.288933333333333451e+02 1.308799999999999955e+02
1.296711409395973078e+02 1.287718120805369040e+02 1.308926174496644421e+02
1.297852348993288558e+02 1.286375838926174424e+02 1.308791946308724903e+02
1.297666666666666799e+02 1.286933333333333280e+02 1.310333333333333314e+02
1.296845637583892596e+02 1.286174496644295289e+02 1.310671140939597308e+02
1.297066666666666777e+02 1.286466666666666754e+02 1.310933333333333337e+02
1.297199999999999989e+02 1.287866666666666617e+02 1.310733333333333235e+02
1.297852348993288558e+02 1.288456375838926249e+02 1.310402684563758271e+02
1.298400000000000034e+02 1.288733333333333348e+02 1.310533333333333417e+02
1.297350993377483519e+02 1.288410596026490111e+02 1.311854304635761537e+02
1.297449664429530287e+02 1.287718120805369040e+02 1.312483221476510096e+02
1.296891891891891930e+02 1.286959459459459651e+02 1.312837837837837753e+02
1.296040268456375770e+02 1.286979865771812115e+02 1.313758389261744810e+02
1.294932432432432563e+02 1.287635135135135158e+02 1.313040540540540349e+02
1.294266666666666765e+02 1.287466666666666697e+02 1.312666666666666799e+02
1.294437086092715106e+02 1.287417218543046431e+02 1.312052980132450273e+02
1.293422818791946440e+02 1.287046979865771732e+02 1.312147651006711442e+02
1.293092105263157805e+02 1.286710526315789593e+02 1.312500000000000000e+02
1.292466666666666697e+02 1.285600000000000023e+02 1.312733333333333405e+02
1.292080536912751541e+02 1.285436241610738364e+02 1.313624161073825576e+02
1.292364864864864842e+02 1.284864864864864842e+02 1.314054054054054177e+02
1.293046357615893953e+02 1.284370860927152194e+02 1.314834437086092578e+02
1.292567567567567437e+02 1.283851351351351298e+02 1.316081081081080981e+02
1.292885906040268367e+02 1.282684563758389231e+02 1.316107382550335672e+02
1.292400000000000091e+02 1.282199999999999989e+02 1.316200000000000045e+02
1.291258278145695328e+02 1.282450331125827745e+02 1.315761589403973630e+02
1.291275167785234999e+02 1.281879194630872405e+02 1.315973154362416153e+02
1.291390728476821153e+02 1.282317880794701921e+02 1.316887417218543135e+02
1.291655629139072801e+02 1.281258278145695328e+02 1.317284768211920607e+02
1.292400000000000091e+02 1.281533333333333360e+02 1.316466666666666754e+02
1.292733333333333405e+02 1.281066666666666549e+02 1.317733333333333405e+02
1.291744966442952887e+02 1.281140939597315480e+02 1.316510067114093943e+02
1.291733333333333462e+02 1.280200000000000102e+02 1.317466666666666697e+02
1.292751677852349133e+02 1.280469798657718172e+02 1.316845637583892596e+02
1.292317880794701921e+02 1.279933774834437088e+02 1.316688741721854399e+02
1.292666666666666799e+02 1.279333333333333371e+02 1.316666666666666572e+02
1.292960526315789593e+02 1.278618421052631646e+02 1.317236842105263293e+02
1.293199999999999932e+02 1.278266666666666680e+02 1.318066666666666720e+02
1.292094594594594525e+02 1.278716216216216282e+02 1.317837837837838038e+02
1.292108843537414771e+02 1.278571428571428612e+02 1.317755102040816269e+02
1.291554054054054177e+02 1.278851351351351298e+02 1.316891891891891930e+02
1.292517006802721085e+02 1.277755102040816411e+02 1.317006802721088263e+02
1.292080536912751541e+02 1.278724832214765144e+02 1.316979865771812115e+02
1.291599999999999966e+02 1.278133333333333326e+02 1.316733333333333462e+02
1.291390728476821153e+02 1.277748344370860991e+02 1.317218543046357695e+02
1.291052631578947398e+02 1.278881578947368354e+02 1.317631578947368496e+02
1.291920529801324449e+02 1.277417218543046289e+02 1.318145695364238463e+02
1.292052980132450273e+02 1.277814569536423903e+02 1.318079470198675551e+02
1.292781456953642305e+02 1.277814569536423903e+02 1.318609271523178847e+02
1.293199999999999932e+02 1.277800000000000011e+02 1.317199999999999989e+02
1.293112582781456865e+02 1.277483443708609201e+02 1.317748344370860991e+02
1.292913907284768129e+02 1.277284768211920465e+02 1.317350993377483519e+02
1.292875816993464184e+02 1.277450980392156907e+02 1.316797385620915009e+02
1.293066666666666720e+02 1.275866666666666731e+02 1.315800000000000125e+02
1.293288590604026922e+02 1.276979865771812115e+02 1.315704697986577116e+02
1.293790849673202672e+02 1.276470588235294059e+02 1.315816993464052302e+02
1.293000000000000114e+02 1.276200000000000045e+02 1.316666666666666572e+02
1.292733333333333405e+02 1.275133333333333354e+02 1.316399999999999864e+02
1.293907284768211809e+02 1.275629139072847664e+02 1.316291390728476927e+02
1.294630872483221538e+02 1.275302013422818845e+02 1.316845637583892596e+02
1.294733333333333292e+02 1.276333333333333400e+02 1.316666666666666572e+02
1.294437086092715106e+02 1.276357615894039697e+02 1.316026490066225278e+02
1.294768211920529666e+02 1.276688741721854257e+02 1.315430463576159070e+02
1.295098039215686185e+02 1.276405228758169983e+02 1.314836601307189596e+02
1.294093959731543748e+02 1.275973154362416153e+02 1.314295302013422884e+02
1.294671052631578902e+02 1.276513157894736850e+02 1.313881578947368496e+02
1.295000000000000000e+02 1.276333333333333400e+02 1.312933333333333223e+02
1.293907284768211809e+02 1.276490066225165521e+02 1.312715231788079393e+02
1.293892617449664328e+02 1.276442953020134183e+02 1.311879194630872405e+02
1.294210526315789593e+02 1.276381578947368354e+02 1.311776315789473699e+02
1.295866666666666731e+02 1.275600000000000023e+02 1.311800000000000068e+02
1.295369127516778462e+02 1.275637583892617499e+02 1.311140939597315480e+02
1.294866666666666788e+02 1.275000000000000000e+02 1.312066666666666777e+02
1.295298013245033246e+02 1.274304635761589424e+02 1.312251655629139009e+02
1.295333333333333314e+02 1.274133333333333269e+02 1.310466666666666526e+02
1.295629139072847806e+02 1.273178807947019919e+02 1.310331125827814560e+02
1.294304635761589282e+02 1.273245033112582831e+02 1.308278145695364287e+02
1.293333333333333428e+02 1.273733333333333348e+02 1.308066666666666720e+02
1.293288590604026922e+02 1.273288590604026780e+02 1.307449664429530287e+02
1.291842105263157805e+02 1.272960526315789451e+02 1.307894736842105203e+02
1.291999999999999886e+02 1.272866666666666617e+02 1.308000000000000114e+02
1.291733333333333462e+02 1.271866666666666674e+02 1.309133333333333269e+02
1.291599999999999966e+02 1.272266666666666737e+02 1.308666666666666742e+02
1.291533333333333360e+02 1.272666666666666657e+02 1.308600000000000136e+02
1.291554054054054177e+02 1.272905405405405475e+02 1.307905405405405475e+02
1.291447368421052602e+02 1.273026315789473699e+02 1.307368421052631504e+02
1.290394736842105203e+02 1.271447368421052602e+02 1.305592105263157805e+02
1.289866666666666788e+02 1.271466666666666612e+02 1.304933333333333394e+02
1.289337748344370880e+02 1.271655629139072801e+02 1.303509933774834337e+02
1.287712418300653496e+02 1.271699346405228823e+02 1.303006535947712337e+02
1.285827814569536542e+02 1.271788079470198625e+02 1.302649006622516481e+02
1.286026490066225278e+02 1.271788079470198625e+02 1.301721854304635713e+02
1.285503355704697981e+02 1.271140939597315480e+02 1.300805369127516826e+02
1.285695364238410718e+02 1.270132450331125824e+02 1.300264900662251648e+02
1.285228758169934622e+02 1.270392156862745168e+02 1.299346405228758101e+02
1.284630872483221538e+02 1.269731543624161105e+02 1.299060402684563655e+02
1.284333333333333371e+02 1.269200000000000017e+02 1.298799999999999955e+02
1.283666666666666742e+02 1.269133333333333269e+02 1.298066666666666720e+02
1.283533333333333246e+02 1.268866666666666703e+02 1.296666666666666572e+02
1.281456953642384065e+02 1.268675496688741759e+02 1.296556291390728575e+02
1.280333333333333314e+02 1.268066666666666720e+02 1.295466666666666526e+02
1.280000000000000000e+02 1.267086092715231729e+02 1.295298013245033246e+02
1.279337748344370880e+02 1.267947019867549727e+02 1.293774834437085985e+02
1.278799999999999955e+02 1.268199999999999932e+02 1.292933333333333223e+02
1.278496732026143832e+02 1.265751633986928084e+02 1.291895424836601194e+02
1.277777777777777715e+02 1.264379084967320210e+02 1.291503267973856168e+02
1.277302631578947398e+02 1.265197368421052602e+02 1.291776315789473699e+02
1.277919463087248317e+02 1.265973154362416153e+02 1.291879194630872405e+02
1.276733333333333320e+02 1.266200000000000045e+02 1.292733333333333405e+02
1.277266666666666737e+02 1.266800000000000068e+02 1.291733333333333462e+02
1.276510067114093943e+02 1.265234899328859086e+02 1.292147651006711442e+02
1.275533333333333275e+02 1.264599999999999937e+02 1.291399999999999864e+02
1.275629139072847664e+02 1.264569536423841072e+02 1.292384105960264833e+02
1.275400000000000063e+02 1.264200000000000017e+02 1.292133333333333383e+02
1.274594594594594525e+02 1.264594594594594525e+02 1.291959459459459367e+02
1.274635761589403984e+02 1.265430463576158928e+02 1.291920529801324449e+02
1.274599999999999937e+02 1.265999999999999943e+02 1.290000000000000000e+02
1.274000000000000057e+02 1.266933333333333280e+02 1.289133333333333269e+02
1.273866666666666703e+02 1.265733333333333377e+02 1.290800000000000125e+02
1.272866666666666617e+02 1.265266666666666708e+02 1.291666666666666572e+02
1.273509933774834479e+02 1.264966887417218544e+02 1.291523178807946977e+02
1.274133333333333269e+02 1.263466666666666640e+02 1.291599999999999966e+02
1.273750000000000000e+02 1.264407894736842053e+02 1.291118421052631504e+02
1.272631578947368354e+02 1.264144736842105203e+02 1.291184210526315894e+02
1.274635761589403984e+02 1.264172185430463600e+02 1.290198675496688736e+02
1.274768211920529808e+02 1.264437086092715248e+02 1.289801324503311264e+02
1.274635761589403984e+02 1.264635761589403984e+02 1.289271523178807968e+02
1.274105960264900688e+02 1.264370860927152336e+02 1.289337748344370880e+02
1.273533333333333388e+02 1.263866666666666703e+02 1.289066666666666663e+02
1.273288590604026780e+02 1.263355704697986539e+02 1.288724832214765001e+02
1.273799999999999955e+02 1.264000000000000057e+02 1.288066666666666720e+02
1.273046357615894095e+02 1.263907284768211952e+02 1.286887417218543135e+02
1.272781456953642447e+02 1.264900662251655632e+02 1.286291390728476927e+02
1.272550335570469855e+02 1.264429530201342260e+02 1.285167785234899327e+02
1.271437908496732092e+02 1.266078431372549034e+02 1.285228758169934622e+02
1.270799999999999983e+02 1.265333333333333314e+02 1.284933333333333394e+02
1.270000000000000000e+02 1.263825503355704711e+02 1.284362416107382501e+02
1.269133333333333269e+02 1.263866666666666703e+02 1.284799999999999898e+02
1.269324324324324351e+02 1.265135135135135158e+02 1.284391891891891930e+02
1.268859060402684520e+02 1.264765100671140914e+02 1.284295302013422884e+02
1.268344370860927199e+02 1.263642384105960303e+02 1.282317880794701921e+02
1.268333333333333286e+02 1.263266666666666680e+02 1.281733333333333462e+02
1.267666666666666657e+02 1.264333333333333371e+02 1.280866666666666731e+02
1.268066666666666720e+02 1.263866666666666703e+02 1.279599999999999937e+02
1.266845637583892596e+02 1.264630872483221538e+02 1.278590604026845625e+02
1.265882352941176521e+02 1.264836601307189596e+02 1.278039215686274446e+02
1.266933333333333280e+02 1.265600000000000023e+02 1.278799999999999955e+02
1.266092715231788048e+02 1.265298013245033104e+02 1.279735099337748352e+02
1.266092715231788048e+02 1.265761589403973488e+02 1.279602649006622528e+02
1.266158940397350960e+02 1.265231788079470192e+02 1.279470198675496704e+02
1.264900662251655632e+02 1.264304635761589424e+02 1.280264900662251648e+02
1.264333333333333371e+02 1.262266666666666737e+02 1.280866666666666731e+02
1.264362416107382501e+02 1.262080536912751683e+02 1.279865771812080482e+02
1.264228187919463124e+02 1.262684563758389231e+02 1.279463087248322211e+02
1.264599999999999937e+02 1.262199999999999989e+02 1.280399999999999920e+02
1.265324675324675354e+02 1.261558441558441501e+02 1.279805194805194759e+02
1.265999999999999943e+02 1.260666666666666629e+02 1.280466666666666526e+02
1.266530612244897895e+02 1.260476190476190510e+02 1.279115646258503460e+02
1.266158940397350960e+02 1.260264900662251648e+02 1.279801324503311264e+02
1.266797385620915009e+02 1.260326797385620949e+02 1.279346405228758101e+02
1.267600000000000051e+02 1.260600000000000023e+02 1.278400000000000034e+02
1.267866666666666617e+02 1.260133333333333354e+02 1.277466666666666697e+02
1.267248322147651010e+02 1.261409395973154375e+02 1.276845637583892596e+02
1.268322147651006730e+02 1.262013422818791923e+02 1.274630872483221538e+02
1.267908496732026151e+02 1.261437908496732092e+02 1.275163398692810404e+02
1.267483443708609201e+02 1.260331125827814560e+02 1.274834437086092720e+02
1.268133333333333326e+02 1.260533333333333275e+02 1.275400000000000063e+02
1.267651006711409423e+02 1.261140939597315480e+02 1.274966442953020191e+02
1.266423841059602609e+02 1.260596026490066208e+02 1.274039735099337776e+02
1.265960264900662224e+02 1.260860927152317856e+02 1.274503311258278160e+02
1.265000000000000000e+02 1.260263157894736850e+02 1.274276315789473699e+02
1.263825503355704711e+02 1.259932885906040241e+02 1.272617449664429472e+02
1.262745098039215748e+02 1.260261437908496731e+02 1.272418300653594798e+02
1.261006711409395962e+02 1.259798657718120865e+02 1.273624161073825434e+02
1.260680272108843525e+02 1.260272108843537353e+02 1.273877551020408134e+02
1.261842105263157947e+02 1.260000000000000000e+02 1.273750000000000000e+02
1.262550335570469855e+02 1.261476510067114134e+02 1.272953020134228126e+02
1.261447368421052602e+02 1.261250000000000000e+02 1.272763157894736850e+02
1.261788079470198625e+02 1.261258278145695328e+02 1.272185430463576097e+02
1.263245033112582831e+02 1.261258278145695328e+02 1.271456953642384065e+02
1.263178807947019919e+02 1.262317880794701921e+02 1.271059602649006592e+02
1.262066666666666634e+02 1.261733333333333320e+02 1.271466666666666612e+02
1.263355704697986539e+02 1.262281879194630818e+02 1.269798657718120865e+02
1.262119205298013185e+02 1.260596026490066208e+02 1.272119205298013185e+02
1.263464052287581723e+02 1.260196078431372513e+02 1.271633986928104605e+02
1.262800000000000011e+02 1.258866666666666703e+02 1.272600000000000051e+02
1.262147651006711442e+02 1.257986577181208077e+02 1.272281879194630818e+02
1.262066666666666634e+02 1.258400000000000034e+02 1.272199999999999989e+02
1.260065789473684248e+02 1.258289473684210549e+02 1.272302631578947398e+02
1.261523178807946977e+02 1.259205298013245056e+02 1.272119205298013185e+02
1.261192052980132416e+02 1.259006622516556320e+02 1.272185430463576097e+02
1.261176470588235361e+02 1.257973856209150370e+02 1.272810457516339824e+02
1.260662251655629120e+02 1.256688741721854257e+02 1.271258278145695328e+02
1.260066225165562912e+02 1.256158940397350960e+02 1.270728476821192032e+02
1.259533333333333331e+02 1.256533333333333360e+02 1.270933333333333337e+02
1.258881578947368354e+02 1.255460526315789451e+02 1.269802631578947398e+02
1.259000000000000057e+02 1.254333333333333371e+02 1.267866666666666617e+02
1.259602649006622528e+02 1.254569536423841072e+02 1.267549668874172255e+02
1.258807947019867584e+02 1.255231788079470192e+02 1.268211920529801375e+02
1.258933333333333309e+02 1.254266666666666623e+02 1.266466666666666612e+02
1.258533333333333388e+02 1.255133333333333354e+02 1.268066666666666720e+02
1.258807947019867584e+02 1.254966887417218544e+02 1.267682119205298079e+02
1.258013245033112639e+02 1.255364238410596016e+02 1.266953642384106047e+02
1.258199999999999932e+02 1.255266666666666708e+02 1.267066666666666634e+02
1.259200000000000017e+02 1.255466666666666669e+02 1.266400000000000006e+02
1.259139072847682144e+02 1.255033112582781456e+02 1.265496688741721840e+02
1.259337748344370880e+02 1.253642384105960303e+02 1.264768211920529808e+02
1.259866666666666646e+02 1.253466666666666640e+02 1.264666666666666686e+02
1.259934210526315752e+02 1.253289473684210549e+02 1.262828947368421098e+02
1.258684210526315752e+02 1.253157894736842053e+02 1.262500000000000000e+02
1.259200000000000017e+02 1.253799999999999955e+02 1.262533333333333303e+02
1.258724832214765144e+02 1.252617449664429472e+02 1.261409395973154375e+02
1.258533333333333388e+02 1.251866666666666674e+02 1.260666666666666629e+02
1.258866666666666703e+02 1.252399999999999949e+02 1.259866666666666646e+02
1.259078947368421098e+02 1.252960526315789451e+02 1.259276315789473699e+02
1.260666666666666629e+02 1.252866666666666617e+02 1.259133333333333269e+02
1.260000000000000000e+02 1.254391891891891930e+02 1.260202702702702737e+02
1.259933333333333394e+02 1.254933333333333394e+02 1.260466666666666669e+02
1.260789473684210549e+02 1.256250000000000000e+02 1.260657894736842053e+02
1.259867549668874176e+02 1.256225165562913872e+02 1.261721854304635713e+02
1.259399999999999977e+02 1.257533333333333303e+02 1.261466666666666612e+02
1.258741721854304672e+02 1.256556291390728433e+02 1.260860927152317856e+02
1.258741721854304672e+02 1.256092715231788048e+02 1.259735099337748352e+02
1.257922077922077904e+02 1.256428571428571388e+02 1.259935064935064872e+02
1.256666666666666714e+02 1.256466666666666612e+02 1.260400000000000063e+02
1.256666666666666714e+02 1.256933333333333280e+02 1.259266666666666623e+02
1.256133333333333297e+02 1.258466666666666640e+02 1.257399999999999949e+02
1.256357615894039697e+02 1.258741721854304672e+02 1.257682119205298079e+02
1.257284768211920465e+02 1.258675496688741759e+02 1.257284768211920465e+02
1.256209150326797328e+02 1.259542483660130756e+02 1.257254901960784252e+02
1.255999999999999943e+02 1.258733333333333348e+02 1.258666666666666600e+02
1.255533333333333275e+02 1.257999999999999972e+02 1.259399999999999977e+02
1.256599999999999966e+02 1.257999999999999972e+02 1.258066666666666720e+02
1.256442953020134183e+02 1.257718120805369182e+02 1.258255033557046971e+02
1.257000000000000028e+02 1.257999999999999972e+02 1.257199999999999989e+02
1.256052631578947398e+02 1.259276315789473699e+02 1.257039473684210549e+02
1.256907894736842053e+02 1.259276315789473699e+02 1.256644736842105203e+02
1.257933333333333366e+02 1.258599999999999994e+02 1.255866666666666731e+02
1.258940397350993408e+02 1.257483443708609201e+02 1.254966887417218544e+02
1.257600000000000051e+02 1.257399999999999949e+02 1.255466666666666669e+02
1.257785234899328799e+02 1.257516778523489904e+02 1.254093959731543606e+02
1.256733333333333320e+02 1.257666666666666657e+02 1.254666666666666686e+02
1.256066666666666691e+02 1.258733333333333348e+02 1.254733333333333292e+02
1.256092715231788048e+02 1.258675496688741759e+02 1.254701986754966896e+02
1.255620915032679790e+02 1.257581699346405202e+02 1.252745098039215748e+02
1.255799999999999983e+02 1.257733333333333263e+02 1.253333333333333286e+02
1.255199999999999960e+02 1.258733333333333348e+02 1.253799999999999955e+02
1.254630872483221538e+02 1.257718120805369182e+02 1.253825503355704711e+02
1.255496688741721840e+02 1.257880794701986815e+02 1.251788079470198625e+02
1.254899328859060432e+02 1.256711409395973220e+02 1.251006711409395962e+02
1.254238410596026512e+02 1.257814569536423903e+02 1.251788079470198625e+02
1.254039735099337776e+02 1.258211920529801375e+02 1.252582781456953711e+02
1.253533333333333388e+02 1.257999999999999972e+02 1.253266666666666680e+02
1.253825503355704711e+02 1.258120805369127453e+02 1.253557046979865817e+02
1.254078947368421098e+02 1.258223684210526301e+02 1.253552631578947398e+02
1.254026845637583847e+02 1.259463087248322211e+02 1.253422818791946298e+02
1.252933333333333366e+02 1.258666666666666600e+02 1.252999999999999972e+02
1.252119205298013185e+02 1.260000000000000000e+02 1.253311258278145743e+02
1.251568627450980387e+02 1.259215686274509807e+02 1.253137254901960773e+02
1.252133333333333383e+02 1.257866666666666617e+02 1.252600000000000051e+02
1.252866666666666617e+02 1.257866666666666617e+02 1.253400000000000034e+02
1.252999999999999972e+02 1.258799999999999955e+02 1.252933333333333366e+02
1.251879194630872547e+02 1.260134228187919518e+02 1.254496644295302019e+02
1.251933333333333280e+02 1.260400000000000063e+02 1.254399999999999977e+02
1.252281879194630818e+02 1.261208053691275097e+02 1.254966442953020191e+02
1.252533333333333303e+02 1.261333333333333400e+02 1.254599999999999937e+02
1.252333333333333343e+02 1.261599999999999966e+02 1.255533333333333275e+02
1.252133333333333383e+02 1.261866666666666674e+02 1.256133333333333297e+02
1.250933333333333337e+02 1.262333333333333343e+02 1.256400000000000006e+02
1.250666666666666629e+02 1.261266666666666652e+02 1.256266666666666652e+02
1.250402684563758413e+02 1.261006711409395962e+02 1.255906040268456394e+02
1.249933333333333394e+02 1.260466666666666669e+02 1.255866666666666731e+02
1.250065789473684248e+02 1.260065789473684248e+02 1.255460526315789451e+02
1.250066225165562912e+02 1.259139072847682144e+02 1.254105960264900688e+02
1.249399999999999977e+02 1.260000000000000000e+02 1.254133333333333269e+02
1.248344370860927199e+02 1.259536423841059616e+02 1.253774834437086128e+02
1.248129032258064512e+02 1.258838709677419416e+02 1.253741935483870975e+02
1.248609271523178847e+02 1.257814569536423903e+02 1.252251655629139009e+02
1.248599999999999994e+02 1.257199999999999989e+02 1.252733333333333263e+02
1.247248322147651010e+02 1.256107382550335529e+02 1.252348993288590577e+02
1.246866666666666674e+02 1.255999999999999943e+02 1.251466666666666612e+02
1.245945945945945965e+02 1.256891891891891930e+02 1.251891891891891930e+02
1.246266666666666652e+02 1.257133333333333383e+02 1.252133333333333383e+02
1.246133333333333297e+02 1.256400000000000006e+02 1.250799999999999983e+02
1.245199999999999960e+02 1.256800000000000068e+02 1.250266666666666708e+02
1.244183006535947698e+02 1.255490196078431353e+02 1.249477124183006538e+02
1.244473684210526301e+02 1.255460526315789451e+02 1.248223684210526301e+02
1.243020134228187885e+02 1.255637583892617499e+02 1.248255033557046971e+02
1.244599999999999937e+02 1.255933333333333337e+02 1.247600000000000051e+02
1.244333333333333371e+02 1.255000000000000000e+02 1.248066666666666720e+02
1.243377483443708655e+02 1.254701986754966896e+02 1.247019867549668817e+02
1.242600000000000051e+02 1.255199999999999960e+02 1.246400000000000006e+02
1.242266666666666737e+02 1.255066666666666606e+02 1.246466666666666612e+02
1.242333333333333343e+02 1.255066666666666606e+02 1.246333333333333400e+02
1.242199999999999989e+02 1.254599999999999937e+02 1.245199999999999960e+02
1.242199999999999989e+02 1.254933333333333394e+02 1.244466666666666725e+02
1.243020134228187885e+02 1.255838926174496635e+02 1.244228187919463124e+02
1.243486842105263150e+02 1.255921052631578902e+02 1.241842105263157947e+02
1.243933333333333309e+02 1.255199999999999960e+02 1.242800000000000011e+02
1.243288590604026780e+02 1.254228187919463124e+02 1.242281879194630818e+02
1.242953020134228126e+02 1.253355704697986539e+02 1.241879194630872547e+02
1.243421052631578902e+02 1.253947368421052602e+02 1.240921052631578902e+02
1.242781456953642447e+02 1.253841059602649040e+02 1.239933774834437088e+02
1.242781456953642447e+02 1.253642384105960303e+02 1.239271523178807968e+02
1.241933333333333280e+02 1.253733333333333348e+02 1.240199999999999960e+02
1.242000000000000028e+02 1.253400000000000034e+02 1.240999999999999943e+02
1.242052980132450273e+02 1.251920529801324449e+02 1.240728476821192032e+02
1.241437908496732092e+02 1.251503267973856168e+02 1.240718954248365975e+02
1.241476510067114134e+02 1.252080536912751683e+02 1.239731543624161105e+02
1.241756756756756772e+02 1.252432432432432421e+02 1.239256756756756772e+02
1.241409395973154375e+02 1.252281879194630818e+02 1.239798657718120865e+02
1.241533333333333360e+02 1.251800000000000068e+02 1.240333333333333314e+02
1.241866666666666674e+02 1.250666666666666629e+02 1.240133333333333354e+02
1.240000000000000000e+02 1.251059602649006592e+02 1.240529801324503296e+02
1.239798657718120865e+02 1.250469798657718172e+02 1.240469798657718172e+02
1.240198675496688736e+02 1.250132450331125824e+02 1.241390728476821153e+02
1.238410596026490111e+02 1.250000000000000000e+02 1.242384105960264833e+02
1.236933333333333280e+02 1.249733333333333292e+02 1.242999999999999972e+02
1.236821192052980081e+02 1.248807947019867584e+02 1.242649006622516623e+02
1.236225165562913872e+02 1.248675496688741759e+02 1.242119205298013185e+02
1.234800000000000040e+02 1.249066666666666663e+02 1.242466666666666697e+02
1.234000000000000057e+02 1.248866666666666703e+02 1.241666666666666714e+02
1.234000000000000057e+02 1.249800000000000040e+02 1.241333333333333400e+02
1.233866666666666703e+02 1.249800000000000040e+02 1.241733333333333320e+02
1.232302631578947398e+02 1.250328947368421098e+02 1.242105263157894797e+02
1.232333333333333343e+02 1.249866666666666646e+02 1.241599999999999966e+02
1.232913907284768271e+02 1.249470198675496704e+02 1.243178807947019919e+02
1.232500000000000000e+02 1.249473684210526301e+02 1.242697368421052602e+02
1.232999999999999972e+02 1.250000000000000000e+02 1.243466666666666640e+02
1.232733333333333263e+02 1.250400000000000063e+02 1.242133333333333383e+02
1.232781456953642447e+02 1.249271523178807968e+02 1.243245033112582831e+02
1.232999999999999972e+02 1.248533333333333388e+02 1.243400000000000034e+02
1.234466666666666725e+02 1.247866666666666617e+02 1.242666666666666657e+02
1.232434210526315752e+02 1.248092105263157947e+02 1.242828947368421098e+02
