1.280328947368421098e+02 1.274276315789473699e+02 1.272631578947368354e+02
1.280596026490066208e+02 1.274503311258278160e+02 1.272516556291390799e+02
1.279407894736842053e+02 1.274605263157894797e+02 1.274342105263157947e+02
1.279072847682119232e+02 1.274304635761589424e+02 1.275761589403973488e+02
1.279337748344370880e+02 1.274304635761589424e+02 1.276357615894039697e+02
1.279666666666666686e+02 1.273799999999999955e+02 1.275400000000000063e+02
1.280066225165562912e+02 1.273841059602649040e+02 1.275894039735099312e+02
1.280264900662251648e+02 1.272052980132450273e+02 1.275099337748344368e+02
1.280600000000000023e+02 1.272399999999999949e+02 1.274933333333333394e+02
1.280939597315436345e+02 1.272751677852348990e+02 1.274026845637583847e+02
1.281986754966887361e+02 1.272582781456953711e+02 1.274304635761589424e+02
1.283266666666666538e+02 1.272933333333333366e+02 1.274066666666666663e+02
1.284000000000000057e+02 1.272866666666666617e+02 1.275066666666666606e+02
1.282828947368421098e+02 1.273355263157894797e+02 1.275657894736842053e+02
1.283178807947019777e+02 1.273642384105960303e+02 1.274370860927152336e+02
1.283774834437085985e+02 1.275099337748344368e+02 1.275364238410596016e+02
1.282800000000000011e+02 1.275866666666666731e+02 1.275000000000000000e+02
1.281744966442952887e+02 1.276644295302013461e+02 1.275033557046979809e+02
1.282171052631578902e+02 1.277236842105263150e+02 1.276118421052631646e+02
1.282384105960264833e+02 1.277284768211920465e+02 1.276026490066225136e+02
1.281324503311258241e+02 1.279139072847682144e+02 1.275894039735099312e+02
1.281933333333333280e+02 1.279200000000000017e+02 1.275466666666666669e+02
1.281307189542483798e+02 1.278758169934640563e+02 1.275816993464052302e+02
1.282666666666666799e+02 1.278733333333333348e+02 1.275799999999999983e+02
1.281633986928104605e+02 1.279607843137254832e+02 1.277450980392156907e+02
1.280860927152317856e+02 1.279403973509933792e+02 1.276887417218542993e+02
1.279599999999999937e+02 1.280066666666666606e+02 1.277000000000000028e+02
1.279539473684210549e+02 1.279210526315789451e+02 1.275657894736842053e+02
1.279733333333333292e+02 1.279000000000000057e+02 1.275400000000000063e+02
1.280000000000000000e+02 1.279271523178807968e+02 1.274701986754966896e+02
1.279867549668874176e+02 1.278609271523178847e+02 1.273774834437086128e+02
1.280132450331125824e+02 1.277417218543046289e+02 1.273708609271523216e+02
1.280131578947368496e+02 1.275723684210526301e+02 1.273684210526315752e+02
1.280000000000000000e+02 1.275666666666666629e+02 1.273733333333333348e+02
1.279066666666666663e+02 1.276266666666666652e+02 1.273666666666666600e+02
1.279668874172185440e+02 1.277682119205298079e+02 1.273907284768211952e+02
1.280000000000000000e+02 1.277266666666666737e+02 1.274266666666666623e+02
1.279399999999999977e+02 1.277533333333333303e+02 1.274800000000000040e+02
1.279403973509933792e+02 1.277086092715231729e+02 1.274701986754966896e+02
1.279060402684563797e+02 1.276375838926174566e+02 1.275570469798657740e+02
1.278947368421052602e+02 1.275986842105263150e+02 1.275197368421052602e+02
1.279399999999999977e+02 1.275999999999999943e+02 1.275799999999999983e+02
1.280000000000000000e+02 1.275933333333333337e+02 1.275066666666666606e+02
1.280457516339869244e+02 1.277516339869280984e+02 1.275228758169934622e+02
1.279800000000000040e+02 1.277866666666666617e+02 1.276200000000000045e+02
1.280264900662251648e+02 1.277880794701986815e+02 1.276092715231788048e+02
1.279539473684210549e+02 1.278092105263157947e+02 1.277236842105263150e+02
1.279671052631578902e+02 1.277631578947368354e+02 1.278750000000000000e+02
1.277800000000000011e+02 1.277199999999999989e+02 1.278666666666666600e+02
1.277800000000000011e+02 1.277000000000000028e+02 1.278799999999999955e+02
1.278066666666666720e+02 1.277266666666666737e+02 1.279599999999999937e+02
1.278533333333333388e+02 1.278333333333333286e+02 1.280399999999999920e+02
1.278866666666666703e+02 1.278266666666666680e+02 1.280933333333333337e+02
1.279933333333333394e+02 1.277333333333333343e+02 1.281066666666666549e+02
1.279666666666666686e+02 1.277866666666666617e+02 1.281533333333333360e+02
1.279602649006622528e+02 1.277615894039735167e+02 1.281059602649006592e+02
1.278807947019867584e+02 1.276754966887417169e+02 1.281655629139072801e+02
1.279205298013245056e+02 1.277019867549668817e+02 1.280860927152317856e+02
1.279466666666666725e+02 1.277000000000000028e+02 1.281266666666666652e+02
1.279200000000000017e+02 1.277999999999999972e+02 1.282599999999999909e+02
1.279473684210526301e+02 1.278486842105263150e+02 1.281973684210526301e+02
1.280000000000000000e+02 1.278223684210526301e+02 1.280723684210526301e+02
1.279800000000000040e+02 1.278733333333333348e+02 1.280999999999999943e+02
1.280066666666666606e+02 1.277666666666666657e+02 1.280600000000000023e+02
1.280466666666666526e+02 1.277533333333333303e+02 1.280133333333333212e+02
1.279933774834437088e+02 1.276953642384105905e+02 1.280198675496688736e+02
1.279533333333333331e+02 1.276800000000000068e+02 1.280866666666666731e+02
1.278791946308724903e+02 1.277382550335570528e+02 1.280872483221476443e+02
1.279933774834437088e+02 1.277284768211920465e+02 1.281456953642384065e+02
1.279798657718120865e+02 1.277986577181208077e+02 1.281208053691275097e+02
1.279205298013245056e+02 1.278211920529801375e+02 1.281920529801324449e+02
1.280399999999999920e+02 1.277933333333333366e+02 1.282066666666666777e+02
1.281059602649006592e+02 1.278013245033112639e+02 1.281920529801324449e+02
1.280872483221476443e+02 1.278053691275167836e+02 1.281812080536912788e+02
1.281133333333333439e+02 1.277933333333333366e+02 1.281466666666666754e+02
1.281399999999999864e+02 1.278266666666666680e+02 1.281266666666666652e+02
1.281133333333333439e+02 1.278466666666666640e+02 1.280999999999999943e+02
1.280666666666666629e+02 1.279266666666666623e+02 1.280800000000000125e+02
1.280866666666666731e+02 1.279200000000000017e+02 1.280866666666666731e+02
1.281266666666666652e+02 1.279399999999999977e+02 1.281066666666666549e+02
1.281266666666666652e+02 1.279399999999999977e+02 1.281066666666666549e+02
1.281066666666666549e+02 1.279933333333333394e+02 1.281200000000000045e+02
1.281066666666666549e+02 1.280333333333333314e+02 1.281133333333333439e+02
1.281133333333333439e+02 1.280333333333333314e+02 1.281466666666666754e+02
1.281333333333333258e+02 1.280266666666666708e+02 1.281133333333333439e+02
1.281533333333333360e+02 1.280466666666666526e+02 1.281266666666666652e+02
1.281599999999999966e+02 1.280666666666666629e+02 1.281533333333333360e+02
1.281655629139072801e+02 1.280529801324503296e+02 1.281854304635761537e+02
1.281666666666666572e+02 1.280800000000000125e+02 1.281733333333333462e+02
1.281200000000000045e+02 1.280800000000000125e+02 1.281999999999999886e+02
1.281200000000000045e+02 1.280800000000000125e+02 1.281999999999999886e+02
1.281266666666666652e+02 1.280933333333333337e+02 1.281533333333333360e+02
1.281266666666666652e+02 1.280933333333333337e+02 1.281533333333333360e+02
1.281266666666666652e+02 1.280933333333333337e+02 1.281599999999999966e+02
1.281599999999999966e+02 1.280666666666666629e+02 1.281599999999999966e+02
1.281733333333333462e+02 1.280733333333333235e+02 1.281666666666666572e+02
1.281599999999999966e+02 1.280866666666666731e+02 1.281399999999999864e+02
1.280999999999999943e+02 1.280733333333333235e+02 1.281800000000000068e+02
1.280999999999999943e+02 1.280733333333333235e+02 1.281800000000000068e+02
1.280999999999999943e+02 1.280733333333333235e+02 1.281800000000000068e+02
1.280999999999999943e+02 1.280733333333333235e+02 1.281800000000000068e+02
1.280999999999999943e+02 1.280733333333333235e+02 1.281800000000000068e+02
1.280999999999999943e+02 1.280733333333333235e+02 1.281800000000000068e+02
1.280999999999999943e+02 1.280733333333333235e+02 1.281800000000000068e+02
1.280999999999999943e+02 1.280733333333333235e+02 1.281800000000000068e+02
1.280800000000000125e+02 1.280933333333333337e+02 1.281999999999999886e+02
1.280666666666666629e+02 1.280933333333333337e+02 1.282333333333333201e+02
1.280999999999999943e+02 1.280666666666666629e+02 1.282400000000000091e+02
1.280999999999999943e+02 1.280666666666666629e+02 1.282400000000000091e+02
1.280999999999999943e+02 1.280666666666666629e+02 1.282400000000000091e+02
1.280999999999999943e+02 1.280666666666666629e+02 1.282400000000000091e+02
1.280999999999999943e+02 1.280666666666666629e+02 1.282400000000000091e+02
1.280999999999999943e+02 1.280666666666666629e+02 1.282400000000000091e+02
1.280999999999999943e+02 1.280666666666666629e+02 1.282400000000000091e+02
1.280999999999999943e+02 1.280666666666666629e+02 1.282400000000000091e+02
1.280999999999999943e+02 1.280666666666666629e+02 1.282400000000000091e+02
1.280999999999999943e+02 1.280666666666666629e+02 1.282400000000000091e+02
1.280999999999999943e+02 1.280666666666666629e+02 1.282400000000000091e+02
1.280999999999999943e+02 1.280666666666666629e+02 1.282400000000000091e+02
1.280999999999999943e+02 1.280666666666666629e+02 1.282400000000000091e+02
1.280999999999999943e+02 1.280666666666666629e+02 1.282400000000000091e+02
1.280999999999999943e+02 1.280666666666666629e+02 1.282400000000000091e+02
1.280999999999999943e+02 1.280666666666666629e+02 1.282400000000000091e+02
1.280999999999999943e+02 1.280666666666666629e+02 1.282400000000000091e+02
1.280999999999999943e+02 1.280666666666666629e+02 1.282400000000000091e+02
1.280999999999999943e+02 1.280666666666666629e+02 1.282400000000000091e+02
1.280999999999999943e+02 1.280666666666666629e+02 1.282400000000000091e+02
1.280999999999999943e+02 1.280666666666666629e+02 1.282400000000000091e+02
1.280999999999999943e+02 1.280666666666666629e+02 1.282400000000000091e+02
1.280999999999999943e+02 1.280666666666666629e+02 1.282400000000000091e+02
1.280999999999999943e+02 1.280666666666666629e+02 1.282400000000000091e+02
1.280999999999999943e+02 1.280666666666666629e+02 1.282400000000000091e+02
1.280999999999999943e+02 1.280666666666666629e+02 1.282400000000000091e+02
1.280999999999999943e+02 1.280666666666666629e+02 1.282400000000000091e+02
1.280999999999999943e+02 1.280666666666666629e+02 1.282400000000000091e+02
1.280999999999999943e+02 1.280666666666666629e+02 1.282400000000000091e+02
1.280999999999999943e+02 1.280666666666666629e+02 1.282400000000000091e+02
1.280999999999999943e+02 1.280666666666666629e+02 1.282400000000000091e+02
1.280999999999999943e+02 1.280666666666666629e+02 1.282400000000000091e+02
1.280999999999999943e+02 1.280666666666666629e+02 1.282400000000000091e+02
1.280999999999999943e+02 1.280666666666666629e+02 1.282400000000000091e+02
1.280999999999999943e+02 1.280666666666666629e+02 1.282400000000000091e+02
1.280999999999999943e+02 1.280666666666666629e+02 1.282400000000000091e+02
1.280999999999999943e+02 1.280666666666666629e+02 1.282400000000000091e+02
1.280999999999999943e+02 1.280666666666666629e+02 1.282400000000000091e+02
1.280999999999999943e+02 1.280666666666666629e+02 1.282400000000000091e+02
1.280999999999999943e+02 1.280666666666666629e+02 1.282400000000000091e+02
1.280999999999999943e+02 1.280666666666666629e+02 1.282400000000000091e+02
1.280999999999999943e+02 1.280666666666666629e+02 1.282400000000000091e+02
1.280999999999999943e+02 1.280666666666666629e+02 1.282400000000000091e+02
1.280999999999999943e+02 1.280666666666666629e+02 1.282400000000000091e+02
1.280999999999999943e+02 1.280666666666666629e+02 1.282400000000000091e+02
1.280999999999999943e+02 1.280666666666666629e+02 1.282400000000000091e+02
1.280999999999999943e+02 1.280666666666666629e+02 1.282400000000000091e+02
1.280999999999999943e+02 1.280666666666666629e+02 1.282400000000000091e+02
1.280999999999999943e+02 1.280666666666666629e+02 1.282400000000000091e+02
1.280999999999999943e+02 1.280666666666666629e+02 1.282400000000000091e+02
1.280999999999999943e+02 1.280666666666666629e+02 1.282400000000000091e+02
1.280999999999999943e+02 1.280666666666666629e+02 1.282400000000000091e+02
1.280999999999999943e+02 1.280666666666666629e+02 1.282400000000000091e+02
1.280999999999999943e+02 1.280666666666666629e+02 1.282400000000000091e+02
1.280999999999999943e+02 1.280666666666666629e+02 1.282400000000000091e+02
1.280999999999999943e+02 1.280666666666666629e+02 1.282400000000000091e+02
1.280999999999999943e+02 1.280666666666666629e+02 1.282400000000000091e+02
1.280999999999999943e+02 1.280666666666666629e+02 1.282400000000000091e+02
1.280999999999999943e+02 1.280666666666666629e+02 1.282400000000000091e+02
1.280999999999999943e+02 1.280666666666666629e+02 1.282400000000000091e+02
1.280999999999999943e+02 1.280666666666666629e+02 1.282400000000000091e+02
1.280999999999999943e+02 1.280666666666666629e+02 1.282400000000000091e+02
1.280999999999999943e+02 1.280666666666666629e+02 1.282400000000000091e+02
1.280999999999999943e+02 1.280666666666666629e+02 1.282400000000000091e+02
1.280999999999999943e+02 1.280666666666666629e+02 1.282400000000000091e+02
1.280999999999999943e+02 1.280666666666666629e+02 1.282400000000000091e+02
1.280999999999999943e+02 1.280666666666666629e+02 1.282400000000000091e+02
1.280999999999999943e+02 1.280666666666666629e+02 1.282400000000000091e+02
1.280999999999999943e+02 1.280666666666666629e+02 1.282400000000000091e+02
1.280999999999999943e+02 1.280666666666666629e+02 1.282400000000000091e+02
1.280999999999999943e+02 1.280666666666666629e+02 1.282400000000000091e+02
1.280999999999999943e+02 1.280666666666666629e+02 1.282400000000000091e+02
1.280999999999999943e+02 1.280666666666666629e+02 1.282400000000000091e+02
1.280999999999999943e+02 1.280666666666666629e+02 1.282400000000000091e+02
1.280999999999999943e+02 1.280666666666666629e+02 1.282400000000000091e+02
1.280999999999999943e+02 1.280666666666666629e+02 1.282400000000000091e+02
1.280999999999999943e+02 1.280666666666666629e+02 1.282400000000000091e+02
1.280999999999999943e+02 1.280666666666666629e+02 1.282400000000000091e+02
1.280999999999999943e+02 1.280666666666666629e+02 1.282400000000000091e+02
1.280999999999999943e+02 1.280666666666666629e+02 1.282400000000000091e+02
1.280999999999999943e+02 1.280666666666666629e+02 1.282400000000000091e+02
1.280999999999999943e+02 1.280666666666666629e+02 1.282400000000000091e+02
1.280999999999999943e+02 1.280666666666666629e+02 1.282400000000000091e+02
1.280999999999999943e+02 1.280666666666666629e+02 1.282400000000000091e+02
1.280999999999999943e+02 1.280666666666666629e+02 1.282400000000000091e+02
1.280999999999999943e+02 1.280666666666666629e+02 1.282400000000000091e+02
1.280999999999999943e+02 1.280666666666666629e+02 1.282400000000000091e+02
1.280999999999999943e+02 1.280666666666666629e+02 1.282400000000000091e+02
1.280999999999999943e+02 1.280666666666666629e+02 1.282400000000000091e+02
1.280999999999999943e+02 1.280666666666666629e+02 1.282400000000000091e+02
1.280999999999999943e+02 1.280666666666666629e+02 1.282400000000000091e+02
1.280999999999999943e+02 1.280666666666666629e+02 1.282400000000000091e+02
1.280999999999999943e+02 1.280666666666666629e+02 1.282400000000000091e+02
1.280999999999999943e+02 1.280666666666666629e+02 1.282400000000000091e+02
1.280999999999999943e+02 1.280666666666666629e+02 1.282400000000000091e+02
1.280999999999999943e+02 1.280666666666666629e+02 1.282400000000000091e+02
1.280999999999999943e+02 1.280666666666666629e+02 1.282400000000000091e+02
1.280999999999999943e+02 1.280666666666666629e+02 1.282400000000000091e+02
1.280999999999999943e+02 1.280666666666666629e+02 1.282400000000000091e+02
1.280999999999999943e+02 1.280666666666666629e+02 1.282400000000000091e+02
1.280999999999999943e+02 1.280666666666666629e+02 1.282400000000000091e+02
1.280999999999999943e+02 1.280666666666666629e+02 1.282400000000000091e+02
1.280999999999999943e+02 1.280666666666666629e+02 1.282400000000000091e+02
1.280999999999999943e+02 1.280666666666666629e+02 1.282400000000000091e+02
1.280999999999999943e+02 1.280666666666666629e+02 1.282400000000000091e+02
1.280999999999999943e+02 1.280666666666666629e+02 1.282400000000000091e+02
1.280999999999999943e+02 1.280666666666666629e+02 1.282400000000000091e+02
1.280999999999999943e+02 1.280666666666666629e+02 1.282400000000000091e+02
1.280999999999999943e+02 1.280666666666666629e+02 1.282400000000000091e+02
1.280999999999999943e+02 1.280666666666666629e+02 1.282400000000000091e+02
1.280999999999999943e+02 1.280666666666666629e+02 1.282400000000000091e+02
1.280999999999999943e+02 1.280666666666666629e+02 1.282400000000000091e+02
1.280999999999999943e+02 1.280666666666666629e+02 1.282400000000000091e+02
1.280999999999999943e+02 1.280666666666666629e+02 1.282400000000000091e+02
1.280999999999999943e+02 1.280666666666666629e+02 1.282400000000000091e+02
1.280999999999999943e+02 1.280666666666666629e+02 1.282400000000000091e+02
1.280999999999999943e+02 1.280666666666666629e+02 1.282400000000000091e+02
1.280999999999999943e+02 1.280666666666666629e+02 1.282400000000000091e+02
1.280999999999999943e+02 1.280666666666666629e+02 1.282400000000000091e+02
1.280999999999999943e+02 1.280666666666666629e+02 1.282400000000000091e+02
1.280999999999999943e+02 1.280666666666666629e+02 1.282400000000000091e+02
1.280999999999999943e+02 1.280666666666666629e+02 1.282400000000000091e+02
1.280999999999999943e+02 1.280666666666666629e+02 1.282400000000000091e+02
1.280999999999999943e+02 1.280666666666666629e+02 1.282400000000000091e+02
1.280999999999999943e+02 1.280666666666666629e+02 1.282400000000000091e+02
1.280999999999999943e+02 1.280666666666666629e+02 1.282400000000000091e+02
1.280999999999999943e+02 1.280666666666666629e+02 1.282400000000000091e+02
1.280999999999999943e+02 1.280666666666666629e+02 1.282400000000000091e+02
1.280999999999999943e+02 1.280666666666666629e+02 1.282400000000000091e+02
1.280999999999999943e+02 1.280666666666666629e+02 1.282400000000000091e+02
1.280999999999999943e+02 1.280666666666666629e+02 1.282400000000000091e+02
1.280999999999999943e+02 1.280666666666666629e+02 1.282400000000000091e+02
1.280999999999999943e+02 1.280666666666666629e+02 1.282400000000000091e+02
1.280999999999999943e+02 1.280666666666666629e+02 1.282400000000000091e+02
1.280999999999999943e+02 1.280666666666666629e+02 1.282400000000000091e+02
1.280999999999999943e+02 1.280666666666666629e+02 1.282400000000000091e+02
1.280999999999999943e+02 1.280666666666666629e+02 1.282400000000000091e+02
1.280999999999999943e+02 1.280666666666666629e+02 1.282400000000000091e+02
1.280999999999999943e+02 1.280666666666666629e+02 1.282400000000000091e+02
1.280999999999999943e+02 1.280666666666666629e+02 1.282400000000000091e+02
1.280999999999999943e+02 1.280666666666666629e+02 1.282400000000000091e+02
1.280999999999999943e+02 1.280666666666666629e+02 1.282400000000000091e+02
1.280999999999999943e+02 1.280666666666666629e+02 1.282400000000000091e+02
1.280999999999999943e+02 1.280666666666666629e+02 1.282400000000000091e+02
1.280999999999999943e+02 1.280666666666666629e+02 1.282400000000000091e+02
1.280999999999999943e+02 1.280666666666666629e+02 1.282400000000000091e+02
1.280999999999999943e+02 1.280666666666666629e+02 1.282400000000000091e+02
1.280999999999999943e+02 1.280666666666666629e+02 1.282400000000000091e+02
1.280999999999999943e+02 1.280666666666666629e+02 1.282400000000000091e+02
1.280999999999999943e+02 1.280666666666666629e+02 1.282400000000000091e+02
1.280999999999999943e+02 1.280666666666666629e+02 1.282400000000000091e+02
1.280999999999999943e+02 1.280666666666666629e+02 1.282400000000000091e+02
1.280999999999999943e+02 1.280666666666666629e+02 1.282400000000000091e+02
1.280999999999999943e+02 1.280666666666666629e+02 1.282400000000000091e+02
1.280999999999999943e+02 1.280666666666666629e+02 1.282400000000000091e+02
1.280999999999999943e+02 1.280666666666666629e+02 1.282400000000000091e+02
1.280999999999999943e+02 1.280666666666666629e+02 1.282400000000000091e+02
1.280999999999999943e+02 1.280666666666666629e+02 1.282400000000000091e+02
1.280999999999999943e+02 1.280666666666666629e+02 1.282400000000000091e+02
1.280999999999999943e+02 1.280666666666666629e+02 1.282400000000000091e+02
1.280999999999999943e+02 1.280666666666666629e+02 1.282400000000000091e+02
1.280999999999999943e+02 1.280666666666666629e+02 1.282400000000000091e+02
1.280999999999999943e+02 1.280666666666666629e+02 1.282400000000000091e+02
1.280999999999999943e+02 1.280666666666666629e+02 1.282400000000000091e+02
1.280999999999999943e+02 1.280666666666666629e+02 1.282400000000000091e+02
1.280999999999999943e+02 1.280666666666666629e+02 1.282400000000000091e+02
1.280999999999999943e+02 1.280666666666666629e+02 1.282400000000000091e+02
1.280999999999999943e+02 1.280666666666666629e+02 1.282400000000000091e+02
1.280999999999999943e+02 1.280666666666666629e+02 1.282400000000000091e+02
1.280999999999999943e+02 1.280666666666666629e+02 1.282400000000000091e+02
1.280999999999999943e+02 1.280666666666666629e+02 1.282400000000000091e+02
1.280999999999999943e+02 1.280666666666666629e+02 1.282400000000000091e+02
1.280999999999999943e+02 1.280666666666666629e+02 1.282400000000000091e+02
1.280999999999999943e+02 1.280666666666666629e+02 1.282400000000000091e+02
1.280999999999999943e+02 1.280666666666666629e+02 1.282400000000000091e+02
1.280999999999999943e+02 1.280666666666666629e+02 1.282400000000000091e+02
1.280999999999999943e+02 1.280666666666666629e+02 1.282400000000000091e+02
1.280999999999999943e+02 1.280666666666666629e+02 1.282400000000000091e+02
1.280999999999999943e+02 1.280666666666666629e+02 1.282400000000000091e+02
1.280999999999999943e+02 1.280666666666666629e+02 1.282400000000000091e+02
1.280999999999999943e+02 1.280666666666666629e+02 1.282400000000000091e+02
1.280999999999999943e+02 1.280666666666666629e+02 1.282400000000000091e+02
1.280999999999999943e+02 1.280666666666666629e+02 1.282400000000000091e+02
1.280999999999999943e+02 1.280666666666666629e+02 1.282400000000000091e+02
1.280999999999999943e+02 1.280666666666666629e+02 1.282400000000000091e+02
1.280999999999999943e+02 1.280666666666666629e+02 1.282400000000000091e+02
1.280999999999999943e+02 1.280666666666666629e+02 1.282400000000000091e+02
1.280999999999999943e+02 1.280666666666666629e+02 1.282400000000000091e+02
1.280999999999999943e+02 1.280666666666666629e+02 1.282400000000000091e+02
1.280999999999999943e+02 1.280666666666666629e+02 1.282400000000000091e+02
1.280999999999999943e+02 1.280666666666666629e+02 1.282400000000000091e+02
1.280999999999999943e+02 1.280666666666666629e+02 1.282400000000000091e+02
1.280999999999999943e+02 1.280666666666666629e+02 1.282400000000000091e+02
1.280999999999999943e+02 1.280666666666666629e+02 1.282400000000000091e+02
1.280999999999999943e+02 1.280666666666666629e+02 1.282400000000000091e+02
1.280999999999999943e+02 1.280666666666666629e+02 1.282400000000000091e+02
1.280999999999999943e+02 1.280666666666666629e+02 1.282400000000000091e+02
1.280999999999999943e+02 1.280666666666666629e+02 1.282400000000000091e+02
1.280999999999999943e+02 1.280666666666666629e+02 1.282400000000000091e+02
1.280999999999999943e+02 1.280666666666666629e+02 1.282400000000000091e+02
1.280999999999999943e+02 1.280666666666666629e+02 1.282400000000000091e+02
1.280999999999999943e+02 1.280666666666666629e+02 1.282400000000000091e+02
1.280999999999999943e+02 1.280666666666666629e+02 1.282400000000000091e+02
1.280999999999999943e+02 1.280666666666666629e+02 1.282400000000000091e+02
1.280999999999999943e+02 1.280666666666666629e+02 1.282400000000000091e+02
1.280999999999999943e+02 1.280666666666666629e+02 1.282400000000000091e+02
1.280999999999999943e+02 1.280666666666666629e+02 1.282400000000000091e+02
1.280999999999999943e+02 1.280666666666666629e+02 1.282400000000000091e+02
1.280999999999999943e+02 1.280666666666666629e+02 1.282400000000000091e+02
1.280999999999999943e+02 1.280666666666666629e+02 1.282400000000000091e+02
1.280999999999999943e+02 1.280666666666666629e+02 1.282400000000000091e+02
1.280999999999999943e+02 1.280666666666666629e+02 1.282400000000000091e+02
1.280999999999999943e+02 1.280666666666666629e+02 1.282400000000000091e+02
1.280999999999999943e+02 1.280666666666666629e+02 1.282400000000000091e+02
1.280999999999999943e+02 1.280666666666666629e+02 1.282400000000000091e+02
1.280999999999999943e+02 1.280666666666666629e+02 1.282400000000000091e+02
1.280999999999999943e+02 1.280666666666666629e+02 1.282400000000000091e+02
1.280999999999999943e+02 1.280666666666666629e+02 1.282400000000000091e+02
1.280999999999999943e+02 1.280666666666666629e+02 1.282400000000000091e+02
1.280999999999999943e+02 1.280666666666666629e+02 1.282400000000000091e+02
1.280999999999999943e+02 1.280666666666666629e+02 1.282400000000000091e+02
1.280999999999999943e+02 1.280666666666666629e+02 1.282400000000000091e+02
1.280999999999999943e+02 1.280666666666666629e+02 1.282400000000000091e+02
1.280999999999999943e+02 1.280666666666666629e+02 1.282400000000000091e+02
1.280999999999999943e+02 1.280666666666666629e+02 1.282400000000000091e+02
1.280999999999999943e+02 1.280666666666666629e+02 1.282400000000000091e+02
1.280999999999999943e+02 1.280666666666666629e+02 1.282400000000000091e+02
1.280999999999999943e+02 1.280666666666666629e+02 1.282400000000000091e+02
1.280999999999999943e+02 1.280666666666666629e+02 1.282400000000000091e+02
1.280999999999999943e+02 1.280666666666666629e+02 1.282400000000000091e+02
1.280999999999999943e+02 1.280666666666666629e+02 1.282400000000000091e+02
1.280999999999999943e+02 1.280666666666666629e+02 1.282400000000000091e+02
1.280999999999999943e+02 1.280666666666666629e+02 1.282400000000000091e+02
1.280999999999999943e+02 1.280666666666666629e+02 1.282400000000000091e+02
1.280999999999999943e+02 1.280666666666666629e+02 1.282400000000000091e+02
1.280999999999999943e+02 1.280666666666666629e+02 1.282400000000000091e+02
1.280999999999999943e+02 1.280666666666666629e+02 1.282400000000000091e+02
1.280999999999999943e+02 1.280666666666666629e+02 1.282400000000000091e+02
1.280999999999999943e+02 1.280666666666666629e+02 1.282400000000000091e+02
1.280999999999999943e+02 1.280666666666666629e+02 1.282400000000000091e+02
1.280999999999999943e+02 1.280666666666666629e+02 1.282400000000000091e+02
1.280999999999999943e+02 1.280666666666666629e+02 1.282400000000000091e+02
1.280999999999999943e+02 1.280666666666666629e+02 1.282400000000000091e+02
1.280999999999999943e+02 1.280666666666666629e+02 1.282400000000000091e+02
1.280999999999999943e+02 1.280666666666666629e+02 1.282400000000000091e+02
1.280999999999999943e+02 1.280666666666666629e+02 1.282400000000000091e+02
1.280999999999999943e+02 1.280666666666666629e+02 1.282400000000000091e+02
1.280999999999999943e+02 1.280666666666666629e+02 1.282400000000000091e+02
1.280999999999999943e+02 1.280666666666666629e+02 1.282400000000000091e+02
1.280999999999999943e+02 1.280666666666666629e+02 1.282400000000000091e+02
1.280999999999999943e+02 1.280666666666666629e+02 1.282400000000000091e+02
1.280999999999999943e+02 1.280666666666666629e+02 1.282400000000000091e+02
1.280999999999999943e+02 1.280666666666666629e+02 1.282400000000000091e+02
1.280999999999999943e+02 1.280666666666666629e+02 1.282400000000000091e+02
1.280999999999999943e+02 1.280666666666666629e+02 1.282400000000000091e+02
1.280999999999999943e+02 1.280666666666666629e+02 1.282400000000000091e+02
1.280999999999999943e+02 1.280666666666666629e+02 1.282400000000000091e+02
1.280999999999999943e+02 1.280666666666666629e+02 1.282400000000000091e+02
1.280999999999999943e+02 1.280666666666666629e+02 1.282400000000000091e+02
1.280999999999999943e+02 1.280666666666666629e+02 1.282400000000000091e+02
1.280999999999999943e+02 1.280666666666666629e+02 1.282400000000000091e+02
1.280999999999999943e+02 1.280666666666666629e+02 1.282400000000000091e+02
1.280999999999999943e+02 1.280666666666666629e+02 1.282400000000000091e+02
1.280999999999999943e+02 1.280666666666666629e+02 1.282400000000000091e+02
1.280999999999999943e+02 1.280666666666666629e+02 1.282400000000000091e+02
1.280999999999999943e+02 1.280666666666666629e+02 1.282400000000000091e+02
1.280999999999999943e+02 1.280666666666666629e+02 1.282400000000000091e+02
1.280999999999999943e+02 1.280666666666666629e+02 1.282400000000000091e+02
1.280999999999999943e+02 1.280666666666666629e+02 1.282400000000000091e+02
1.280999999999999943e+02 1.280666666666666629e+02 1.282400000000000091e+02
1.280999999999999943e+02 1.280666666666666629e+02 1.282400000000000091e+02
1.280999999999999943e+02 1.280666666666666629e+02 1.282400000000000091e+02
1.280999999999999943e+02 1.280666666666666629e+02 1.282400000000000091e+02
1.280999999999999943e+02 1.280666666666666629e+02 1.282400000000000091e+02
1.280999999999999943e+02 1.280666666666666629e+02 1.282400000000000091e+02
1.280999999999999943e+02 1.280666666666666629e+02 1.282400000000000091e+02
1.280999999999999943e+02 1.280666666666666629e+02 1.282400000000000091e+02
1.280999999999999943e+02 1.280666666666666629e+02 1.282400000000000091e+02
1.280999999999999943e+02 1.280666666666666629e+02 1.282400000000000091e+02
1.280999999999999943e+02 1.280666666666666629e+02 1.282400000000000091e+02
1.280999999999999943e+02 1.280666666666666629e+02 1.282400000000000091e+02
1.280999999999999943e+02 1.280666666666666629e+02 1.282400000000000091e+02
1.280999999999999943e+02 1.280666666666666629e+02 1.282400000000000091e+02
1.280999999999999943e+02 1.280666666666666629e+02 1.282400000000000091e+02
1.280999999999999943e+02 1.280666666666666629e+02 1.282400000000000091e+02
1.280999999999999943e+02 1.280666666666666629e+02 1.282400000000000091e+02
1.280999999999999943e+02 1.280666666666666629e+02 1.282400000000000091e+02
1.280999999999999943e+02 1.280666666666666629e+02 1.282400000000000091e+02
1.280999999999999943e+02 1.280666666666666629e+02 1.282400000000000091e+02
1.280999999999999943e+02 1.280666666666666629e+02 1.282400000000000091e+02
1.280999999999999943e+02 1.280666666666666629e+02 1.282400000000000091e+02
1.280999999999999943e+02 1.280666666666666629e+02 1.282400000000000091e+02
1.280999999999999943e+02 1.280666666666666629e+02 1.282400000000000091e+02
1.280999999999999943e+02 1.280666666666666629e+02 1.282400000000000091e+02
1.280999999999999943e+02 1.280666666666666629e+02 1.282400000000000091e+02
1.280999999999999943e+02 1.280666666666666629e+02 1.282400000000000091e+02
1.280999999999999943e+02 1.280666666666666629e+02 1.282400000000000091e+02
1.280999999999999943e+02 1.280666666666666629e+02 1.282400000000000091e+02
1.280999999999999943e+02 1.280666666666666629e+02 1.282400000000000091e+02
1.280999999999999943e+02 1.280666666666666629e+02 1.282400000000000091e+02
1.280999999999999943e+02 1.280666666666666629e+02 1.282400000000000091e+02
1.280999999999999943e+02 1.280666666666666629e+02 1.282400000000000091e+02
1.280999999999999943e+02 1.280666666666666629e+02 1.282400000000000091e+02
1.280999999999999943e+02 1.280666666666666629e+02 1.282400000000000091e+02
1.280999999999999943e+02 1.280666666666666629e+02 1.282400000000000091e+02
1.280999999999999943e+02 1.280666666666666629e+02 1.282400000000000091e+02
1.280999999999999943e+02 1.280666666666666629e+02 1.282400000000000091e+02
1.280999999999999943e+02 1.280666666666666629e+02 1.282400000000000091e+02
1.280999999999999943e+02 1.280666666666666629e+02 1.282400000000000091e+02
1.280999999999999943e+02 1.280666666666666629e+02 1.282400000000000091e+02
1.280999999999999943e+02 1.280666666666666629e+02 1.282400000000000091e+02
1.280999999999999943e+02 1.280666666666666629e+02 1.282400000000000091e+02
1.280999999999999943e+02 1.280666666666666629e+02 1.282400000000000091e+02
1.280999999999999943e+02 1.280666666666666629e+02 1.282400000000000091e+02
1.280999999999999943e+02 1.280666666666666629e+02 1.282400000000000091e+02
1.280999999999999943e+02 1.280666666666666629e+02 1.282400000000000091e+02
1.280999999999999943e+02 1.280666666666666629e+02 1.282400000000000091e+02
1.280999999999999943e+02 1.280666666666666629e+02 1.282400000000000091e+02
1.280999999999999943e+02 1.280666666666666629e+02 1.282400000000000091e+02
1.280999999999999943e+02 1.280666666666666629e+02 1.282400000000000091e+02
1.280999999999999943e+02 1.280666666666666629e+02 1.282400000000000091e+02
1.280999999999999943e+02 1.280666666666666629e+02 1.282400000000000091e+02
1.280999999999999943e+02 1.280666666666666629e+02 1.282400000000000091e+02
1.280999999999999943e+02 1.280666666666666629e+02 1.282400000000000091e+02
1.280999999999999943e+02 1.280666666666666629e+02 1.282400000000000091e+02
1.280999999999999943e+02 1.280666666666666629e+02 1.282400000000000091e+02
1.280999999999999943e+02 1.280666666666666629e+02 1.282400000000000091e+02
1.280999999999999943e+02 1.280666666666666629e+02 1.282400000000000091e+02
1.280999999999999943e+02 1.280666666666666629e+02 1.282400000000000091e+02
1.280999999999999943e+02 1.280666666666666629e+02 1.282400000000000091e+02
1.280999999999999943e+02 1.280666666666666629e+02 1.282400000000000091e+02
1.280999999999999943e+02 1.280666666666666629e+02 1.282400000000000091e+02
1.280999999999999943e+02 1.280666666666666629e+02 1.282400000000000091e+02
1.280999999999999943e+02 1.280666666666666629e+02 1.282400000000000091e+02
1.280999999999999943e+02 1.280666666666666629e+02 1.282400000000000091e+02
1.280999999999999943e+02 1.280666666666666629e+02 1.282400000000000091e+02
1.280999999999999943e+02 1.280666666666666629e+02 1.282400000000000091e+02
1.280999999999999943e+02 1.280666666666666629e+02 1.282400000000000091e+02
1.280999999999999943e+02 1.280666666666666629e+02 1.282400000000000091e+02
1.280999999999999943e+02 1.280666666666666629e+02 1.282400000000000091e+02
1.280999999999999943e+02 1.280666666666666629e+02 1.282400000000000091e+02
1.280999999999999943e+02 1.280666666666666629e+02 1.282400000000000091e+02
1.280999999999999943e+02 1.280666666666666629e+02 1.282400000000000091e+02
1.280999999999999943e+02 1.280666666666666629e+02 1.282400000000000091e+02
1.280999999999999943e+02 1.280666666666666629e+02 1.282400000000000091e+02
1.280999999999999943e+02 1.280666666666666629e+02 1.282400000000000091e+02
1.280999999999999943e+02 1.280666666666666629e+02 1.282400000000000091e+02
1.280999999999999943e+02 1.280666666666666629e+02 1.282400000000000091e+02
1.280999999999999943e+02 1.280666666666666629e+02 1.282400000000000091e+02
1.280999999999999943e+02 1.280666666666666629e+02 1.282400000000000091e+02
1.280999999999999943e+02 1.280666666666666629e+02 1.282400000000000091e+02
1.280999999999999943e+02 1.280666666666666629e+02 1.282400000000000091e+02
1.280999999999999943e+02 1.280666666666666629e+02 1.282400000000000091e+02
1.280999999999999943e+02 1.280666666666666629e+02 1.282400000000000091e+02
1.280999999999999943e+02 1.280666666666666629e+02 1.282400000000000091e+02
1.280999999999999943e+02 1.280666666666666629e+02 1.282400000000000091e+02
1.280999999999999943e+02 1.280666666666666629e+02 1.282400000000000091e+02
1.280999999999999943e+02 1.280666666666666629e+02 1.282400000000000091e+02
1.280999999999999943e+02 1.280666666666666629e+02 1.282400000000000091e+02
1.280999999999999943e+02 1.280666666666666629e+02 1.282400000000000091e+02
1.280999999999999943e+02 1.280666666666666629e+02 1.282400000000000091e+02
1.280999999999999943e+02 1.280666666666666629e+02 1.282400000000000091e+02
1.280999999999999943e+02 1.280666666666666629e+02 1.282400000000000091e+02
1.280999999999999943e+02 1.280666666666666629e+02 1.282400000000000091e+02
1.280999999999999943e+02 1.280666666666666629e+02 1.282400000000000091e+02
1.280999999999999943e+02 1.280666666666666629e+02 1.282400000000000091e+02
1.280999999999999943e+02 1.280666666666666629e+02 1.282400000000000091e+02
1.280999999999999943e+02 1.280666666666666629e+02 1.282400000000000091e+02
1.280999999999999943e+02 1.280666666666666629e+02 1.282400000000000091e+02
1.280999999999999943e+02 1.280666666666666629e+02 1.282400000000000091e+02
1.280999999999999943e+02 1.280666666666666629e+02 1.282400000000000091e+02
1.280999999999999943e+02 1.280666666666666629e+02 1.282400000000000091e+02
1.280999999999999943e+02 1.280666666666666629e+02 1.282400000000000091e+02
1.280999999999999943e+02 1.280666666666666629e+02 1.282400000000000091e+02
1.280999999999999943e+02 1.280666666666666629e+02 1.282400000000000091e+02
1.280999999999999943e+02 1.280666666666666629e+02 1.282400000000000091e+02
1.280999999999999943e+02 1.280666666666666629e+02 1.282400000000000091e+02
1.280999999999999943e+02 1.280666666666666629e+02 1.282400000000000091e+02
1.280999999999999943e+02 1.280666666666666629e+02 1.282400000000000091e+02
1.280999999999999943e+02 1.280666666666666629e+02 1.282400000000000091e+02
1.280999999999999943e+02 1.280666666666666629e+02 1.282400000000000091e+02
1.280999999999999943e+02 1.280666666666666629e+02 1.282400000000000091e+02
1.280999999999999943e+02 1.280666666666666629e+02 1.282400000000000091e+02
1.280999999999999943e+02 1.280666666666666629e+02 1.282400000000000091e+02
1.280999999999999943e+02 1.280666666666666629e+02 1.282400000000000091e+02
1.280999999999999943e+02 1.280666666666666629e+02 1.282400000000000091e+02
1.280999999999999943e+02 1.280666666666666629e+02 1.282400000000000091e+02
1.280999999999999943e+02 1.280666666666666629e+02 1.282400000000000091e+02
1.280999999999999943e+02 1.280666666666666629e+02 1.282400000000000091e+02
1.280999999999999943e+02 1.280666666666666629e+02 1.282400000000000091e+02
1.280999999999999943e+02 1.280666666666666629e+02 1.282400000000000091e+02
1.280999999999999943e+02 1.280666666666666629e+02 1.282400000000000091e+02
1.280999999999999943e+02 1.280666666666666629e+02 1.282400000000000091e+02
