1.257315436241610769e+02 1.265369127516778462e+02 1.268590604026845625e+02
1.256800000000000068e+02 1.265133333333333354e+02 1.268733333333333348e+02
1.256778523489932837e+02 1.265100671140939568e+02 1.268791946308724903e+02
1.257333333333333343e+02 1.264333333333333371e+02 1.268599999999999994e+02
1.257600000000000051e+02 1.263933333333333309e+02 1.268466666666666640e+02
1.257718120805369182e+02 1.263758389261744952e+02 1.267919463087248317e+02
1.257333333333333343e+02 1.264066666666666663e+02 1.267933333333333366e+02
1.256866666666666674e+02 1.264266666666666623e+02 1.268133333333333326e+02
1.256291390728476784e+02 1.263443708609271567e+02 1.267615894039735167e+02
1.256733333333333320e+02 1.263266666666666680e+02 1.267733333333333263e+02
1.256973684210526301e+02 1.263552631578947398e+02 1.267631578947368354e+02
1.257549668874172255e+02 1.263907284768211952e+02 1.268211920529801375e+02
1.256866666666666674e+02 1.262999999999999972e+02 1.267933333333333366e+02
1.257199999999999989e+02 1.263466666666666640e+02 1.268133333333333326e+02
1.257999999999999972e+02 1.262999999999999972e+02 1.268666666666666600e+02
1.258322147651006730e+02 1.263557046979865817e+02 1.268590604026845625e+02
1.258278145695364287e+02 1.263509933774834479e+02 1.268344370860927199e+02
1.257814569536423903e+02 1.263907284768211952e+02 1.268278145695364287e+02
1.257449664429530145e+02 1.264026845637583847e+02 1.268187919463087212e+02
1.257785234899328799e+02 1.264161073825503365e+02 1.268187919463087212e+02
1.257333333333333343e+02 1.264200000000000017e+02 1.268799999999999955e+02
1.257218543046357553e+02 1.264768211920529808e+02 1.268940397350993408e+02
1.256933333333333280e+02 1.264000000000000057e+02 1.268733333333333348e+02
1.257000000000000028e+02 1.263933333333333309e+02 1.268599999999999994e+02
1.256291390728476784e+02 1.263774834437086128e+02 1.268543046357615935e+02
1.256266666666666652e+02 1.263266666666666680e+02 1.268933333333333309e+02
1.256266666666666652e+02 1.263599999999999994e+02 1.269866666666666646e+02
1.256200000000000045e+02 1.263866666666666703e+02 1.270466666666666669e+02
1.257333333333333343e+02 1.263133333333333326e+02 1.270000000000000000e+02
1.257315436241610769e+02 1.263355704697986539e+02 1.270134228187919518e+02
1.257466666666666697e+02 1.263533333333333388e+02 1.270933333333333337e+02
1.257600000000000051e+02 1.264200000000000017e+02 1.270533333333333275e+02
1.257382550335570528e+02 1.265033557046979809e+02 1.270469798657718172e+02
1.257800000000000011e+02 1.265266666666666708e+02 1.271266666666666652e+02
1.258187919463087212e+02 1.265033557046979809e+02 1.271946308724832164e+02
1.258599999999999994e+02 1.264666666666666686e+02 1.271666666666666714e+02
1.258466666666666640e+02 1.265000000000000000e+02 1.271866666666666674e+02
1.258266666666666680e+02 1.265266666666666708e+02 1.272000000000000028e+02
1.258466666666666640e+02 1.265466666666666669e+02 1.272533333333333303e+02
1.258866666666666703e+02 1.265533333333333275e+02 1.272466666666666697e+02
1.258741721854304672e+02 1.265695364238410576e+02 1.272649006622516623e+02
1.259066666666666663e+02 1.265266666666666708e+02 1.272199999999999989e+02
1.258733333333333348e+02 1.265533333333333275e+02 1.272333333333333343e+02
1.258466666666666640e+02 1.265666666666666629e+02 1.272466666666666697e+02
1.258400000000000034e+02 1.265066666666666606e+02 1.272199999999999989e+02
1.258255033557046971e+02 1.264697986577181155e+02 1.271610738255033510e+02
1.258199999999999932e+02 1.264399999999999977e+02 1.272133333333333383e+02
1.257999999999999972e+02 1.264399999999999977e+02 1.271733333333333320e+02
1.258187919463087212e+02 1.264295302013422884e+02 1.271140939597315480e+02
1.258066666666666720e+02 1.263733333333333348e+02 1.270933333333333337e+02
1.258266666666666680e+02 1.264066666666666663e+02 1.271066666666666691e+02
1.258333333333333286e+02 1.264733333333333292e+02 1.271599999999999966e+02
1.258066666666666720e+02 1.265199999999999960e+02 1.271200000000000045e+02
1.258013245033112639e+02 1.264768211920529808e+02 1.270000000000000000e+02
1.258733333333333348e+02 1.264466666666666725e+02 1.269599999999999937e+02
1.259006622516556320e+02 1.264701986754966896e+02 1.269072847682119232e+02
1.259533333333333331e+02 1.264133333333333269e+02 1.268599999999999994e+02
1.258333333333333286e+02 1.264800000000000040e+02 1.269266666666666623e+02
1.259266666666666623e+02 1.264866666666666646e+02 1.269266666666666623e+02
1.259666666666666686e+02 1.264866666666666646e+02 1.269066666666666663e+02
1.259261744966442933e+02 1.265503355704697981e+02 1.269194630872483174e+02
1.259933333333333394e+02 1.264800000000000040e+02 1.269066666666666663e+02
1.259866666666666646e+02 1.265199999999999960e+02 1.269666666666666686e+02
1.260266666666666708e+02 1.264800000000000040e+02 1.269733333333333292e+02
1.260331125827814560e+02 1.264238410596026512e+02 1.269337748344370880e+02
1.260533333333333275e+02 1.264933333333333394e+02 1.269800000000000040e+02
1.260604026845637549e+02 1.264496644295302019e+02 1.269463087248322211e+02
1.260533333333333275e+02 1.265133333333333354e+02 1.270266666666666708e+02
1.260933333333333337e+02 1.265866666666666731e+02 1.270466666666666669e+02
1.260397350993377472e+02 1.266423841059602609e+02 1.271324503311258241e+02
1.260199999999999960e+02 1.266599999999999966e+02 1.271599999999999966e+02
1.259403973509933792e+02 1.266026490066225136e+02 1.271788079470198625e+02
1.258866666666666703e+02 1.265199999999999960e+02 1.272000000000000028e+02
1.259271523178807968e+02 1.265298013245033104e+02 1.271788079470198625e+02
1.259399999999999977e+02 1.265866666666666731e+02 1.271466666666666612e+02
1.259533333333333331e+02 1.266466666666666612e+02 1.271066666666666691e+02
1.259800000000000040e+02 1.266733333333333320e+02 1.270533333333333275e+02
1.259733333333333292e+02 1.266933333333333280e+02 1.271133333333333297e+02
1.260066666666666606e+02 1.266533333333333360e+02 1.270866666666666731e+02
1.259800000000000040e+02 1.265799999999999983e+02 1.271800000000000068e+02
1.259466666666666725e+02 1.265466666666666669e+02 1.271666666666666714e+02
1.259533333333333331e+02 1.264866666666666646e+02 1.271200000000000045e+02
1.259735099337748352e+02 1.264569536423841072e+02 1.271192052980132416e+02
1.259466666666666725e+02 1.264533333333333331e+02 1.271133333333333297e+02
1.259533333333333331e+02 1.264666666666666686e+02 1.271066666666666691e+02
1.259533333333333331e+02 1.264733333333333434e+02 1.271533333333333360e+02
1.259867549668874176e+02 1.264569536423841072e+02 1.271324503311258241e+02
1.259933333333333394e+02 1.264266666666666623e+02 1.270799999999999983e+02
1.259735099337748352e+02 1.265298013245033104e+02 1.271059602649006592e+02
1.259600000000000080e+02 1.265533333333333417e+02 1.271066666666666691e+02
1.259866666666666788e+02 1.265733333333333235e+02 1.271133333333333439e+02
1.259668874172185440e+02 1.266490066225165663e+02 1.270662251655629120e+02
1.260067114093959759e+02 1.266442953020134183e+02 1.270872483221476443e+02
1.259865771812080482e+02 1.265973154362416153e+02 1.270872483221476443e+02
1.259597315436241587e+02 1.266711409395973220e+02 1.271006711409395962e+02
1.260199999999999960e+02 1.267466666666666555e+02 1.270799999999999983e+02
1.260860927152317856e+02 1.266821192052980223e+02 1.270529801324503296e+02
1.260866666666666589e+02 1.267266666666666737e+02 1.270466666666666669e+02
1.260933333333333337e+02 1.267733333333333263e+02 1.270533333333333275e+02
1.260999999999999943e+02 1.267266666666666737e+02 1.270066666666666606e+02
1.261324503311258241e+02 1.267682119205298079e+02 1.270066225165562912e+02
1.261275167785234856e+02 1.268187919463087212e+02 1.269932885906040241e+02
1.261006711409395962e+02 1.268456375838926107e+02 1.270402684563758413e+02
1.260198675496688736e+02 1.268145695364238463e+02 1.270596026490066208e+02
1.260860927152317856e+02 1.268145695364238463e+02 1.270264900662251648e+02
1.261466666666666612e+02 1.268666666666666600e+02 1.269733333333333292e+02
1.261400000000000006e+02 1.268400000000000034e+02 1.269066666666666663e+02
1.262450331125827745e+02 1.268807947019867584e+02 1.268278145695364287e+02
1.262199999999999989e+02 1.268466666666666640e+02 1.267999999999999972e+02
1.262199999999999989e+02 1.268599999999999994e+02 1.267933333333333366e+02
1.262199999999999989e+02 1.268599999999999994e+02 1.267933333333333366e+02
1.262450331125827745e+02 1.269072847682119232e+02 1.267814569536423903e+02
1.263200000000000074e+02 1.269200000000000017e+02 1.267533333333333303e+02
1.262649006622516623e+02 1.269403973509933792e+02 1.267880794701986673e+02
1.262266666666666737e+02 1.269800000000000040e+02 1.268999999999999915e+02
1.262450331125827745e+02 1.270132450331125824e+02 1.268476821192052881e+02
1.262913907284768271e+02 1.270132450331125824e+02 1.268476821192052881e+02
1.262866666666666617e+02 1.271400000000000006e+02 1.268400000000000034e+02
1.262384105960264975e+02 1.271523178807947119e+02 1.268675496688741759e+02
1.262000000000000028e+02 1.271599999999999966e+02 1.268733333333333348e+02
1.261920529801324449e+02 1.271655629139072801e+02 1.268278145695364287e+02
1.261854304635761537e+02 1.271059602649006592e+02 1.267549668874172113e+02
1.261258278145695328e+02 1.270927152317880910e+02 1.267814569536423761e+02
1.261200000000000045e+02 1.271133333333333297e+02 1.267999999999999972e+02
1.262666666666666657e+02 1.269933333333333252e+02 1.267199999999999989e+02
1.262550335570469855e+02 1.270872483221476443e+02 1.267114093959731491e+02
1.262666666666666657e+02 1.271466666666666612e+02 1.267666666666666657e+02
1.262999999999999972e+02 1.271333333333333400e+02 1.267733333333333405e+02
1.263466666666666640e+02 1.270933333333333337e+02 1.267333333333333343e+02
1.263557046979865817e+02 1.270805369127516684e+02 1.267852348993288700e+02
1.264000000000000057e+02 1.271200000000000045e+02 1.267733333333333405e+02
1.263733333333333348e+02 1.271133333333333297e+02 1.268466666666666640e+02
1.263933333333333451e+02 1.270866666666666589e+02 1.267866666666666760e+02
1.263087248322147644e+02 1.270939597315436345e+02 1.267382550335570528e+02
1.263892617449664471e+02 1.270469798657718172e+02 1.267583892617449663e+02
1.264039735099337776e+02 1.270927152317880910e+02 1.267682119205298079e+02
1.263959731543624088e+02 1.270738255033557067e+02 1.267181208053691250e+02
1.263599999999999994e+02 1.271533333333333218e+02 1.267133333333333240e+02
1.264039735099337776e+02 1.272052980132450273e+02 1.267284768211920465e+02
1.264276315789473699e+02 1.273026315789473557e+02 1.267302631578947398e+02
1.264304635761589424e+02 1.272980132450331041e+02 1.267417218543046431e+02
1.263466666666666640e+02 1.271666666666666572e+02 1.267000000000000028e+02
1.263841059602648897e+02 1.271523178807947119e+02 1.267218543046357553e+02
1.263708609271523216e+02 1.271456953642384065e+02 1.267152317880794641e+02
1.264533333333333331e+02 1.271933333333333280e+02 1.266866666666666674e+02
1.264600000000000080e+02 1.272066666666666634e+02 1.267266666666666595e+02
1.264733333333333434e+02 1.271933333333333280e+02 1.266800000000000068e+02
1.265266666666666708e+02 1.272066666666666634e+02 1.266599999999999966e+02
1.265503355704697981e+02 1.272214765100671201e+02 1.266644295302013461e+02
1.264105960264900688e+02 1.271721854304635713e+02 1.266423841059602751e+02
1.264472795163584635e+02 1.272030998103366528e+02 1.266972451398767276e+02
1.263999173145748500e+02 1.272191262495372115e+02 1.267198691842527438e+02
1.263132666913488862e+02 1.272524534123164273e+02 1.267065383191410461e+02
1.262799395285696704e+02 1.273457694680982399e+02 1.267598617795878084e+02
1.263332629890164185e+02 1.272791151425398084e+02 1.267798580772553407e+02
1.263532592866839366e+02 1.272724497099839596e+02 1.268265161051462400e+02
1.264199136122423681e+02 1.272257916820930603e+02 1.267465309144761392e+02
1.265098321830176644e+02 1.272375452514442742e+02 1.267415888174017198e+02
1.265032108758877598e+02 1.272309239443143838e+02 1.267879379673110094e+02
1.264568617259784418e+02 1.272375452514442742e+02 1.267879379673110094e+02
1.264332444773540658e+02 1.272191262495372115e+02 1.267531963470319596e+02
1.264865679378008139e+02 1.272457879797605926e+02 1.267531963470319596e+02
1.265332259656917131e+02 1.272391225472047438e+02 1.266998728865852115e+02
1.265865494261384612e+02 1.272057953844255280e+02 1.266398839935826146e+02
1.266241610738255048e+02 1.271409395973154375e+02 1.265704697986577116e+02
1.265973154362416011e+02 1.271476510067113992e+02 1.265838926174496635e+02
1.265960264900662224e+02 1.271258278145695471e+02 1.266026490066225278e+02
1.265695364238410576e+02 1.271721854304635713e+02 1.265761589403973488e+02
1.265233828777981984e+02 1.271870397221605629e+02 1.265569449626645451e+02
1.265637583892617499e+02 1.271275167785234856e+02 1.266577181208053560e+02
1.265400000000000063e+02 1.271400000000000006e+02 1.266599999999999966e+02
1.265165562913907280e+02 1.271854304635761679e+02 1.266754966887417311e+02
1.264666666666666686e+02 1.271733333333333320e+02 1.267199999999999989e+02
1.265298013245033104e+02 1.271589403973510031e+02 1.267350993377483519e+02
1.265133333333333354e+02 1.272066666666666634e+02 1.267600000000000051e+02
1.264266666666666623e+02 1.272600000000000051e+02 1.268266666666666680e+02
1.263933333333333451e+02 1.271866666666666674e+02 1.268733333333333348e+02
1.264370860927152336e+02 1.272052980132450273e+02 1.269271523178807968e+02
1.264172185430463458e+02 1.271655629139072801e+02 1.269337748344370880e+02
1.263599247192397854e+02 1.271724682216463123e+02 1.269464938911514338e+02
1.263509208119000391e+02 1.271911961015349704e+02 1.269468493384286347e+02
1.263932518820190154e+02 1.271991299518696792e+02 1.268998358632605203e+02
1.264160204790085373e+02 1.272138803218579710e+02 1.268521915593360632e+02
1.263732555843514831e+02 1.271924645193138304e+02 1.268798395655930022e+02
1.263972699618093429e+02 1.271316043373658573e+02 1.269336067241688397e+02
1.263958900292354883e+02 1.271803295722362037e+02 1.270266554573692446e+02
1.263906486546794383e+02 1.271779534872751753e+02 1.270130624097276524e+02
1.262932703936813539e+02 1.270858175984203342e+02 1.270464753794890669e+02
1.263442995047701203e+02 1.270057995018977408e+02 1.270726541738967512e+02
1.262599432309021523e+02 1.270191632728619027e+02 1.270798025422682969e+02
1.262979503548608164e+02 1.269793142733781366e+02 1.270660328667668608e+02
1.263932518820190154e+02 1.269725052449709892e+02 1.270398099469332323e+02
1.264065827471306989e+02 1.269991669751943704e+02 1.269464938911514338e+02
1.264065827471306989e+02 1.269858361100826727e+02 1.269331630260397361e+02
1.263442995047701203e+02 1.269528290448585182e+02 1.269534706455585393e+02
1.263599247192397854e+02 1.269458435147476223e+02 1.268598432679254699e+02
1.264436191117186468e+02 1.269660716591183274e+02 1.268607723457399317e+02
1.264466666666666725e+02 1.269399999999999977e+02 1.268733333333333348e+02
1.263892617449664471e+02 1.269194630872483316e+02 1.268926174496644279e+02
1.263933333333333451e+02 1.268800000000000097e+02 1.268933333333333309e+02
1.264333333333333371e+02 1.268599999999999994e+02 1.269133333333333269e+02
1.264666666666666686e+02 1.268666666666666742e+02 1.269066666666666663e+02
1.264039735099337776e+02 1.268145695364238463e+02 1.268807947019867584e+02
1.263533333333333246e+02 1.268800000000000097e+02 1.268733333333333348e+02
1.264539473684210407e+02 1.268289473684210549e+02 1.268552631578947398e+02
1.263933333333333451e+02 1.268599999999999994e+02 1.268400000000000034e+02
1.264800000000000040e+02 1.268466666666666640e+02 1.268866666666666561e+02
1.264161073825503365e+02 1.268657718120805384e+02 1.269395973154362451e+02
1.263933333333333451e+02 1.268599999999999994e+02 1.269133333333333269e+02
1.263841059602648897e+02 1.268079470198675551e+02 1.269668874172185440e+02
1.263733333333333348e+02 1.267933333333333366e+02 1.269466666666666725e+02
1.264000000000000057e+02 1.267999999999999972e+02 1.269799999999999898e+02
1.263973509933774864e+02 1.267748344370860991e+02 1.269470198675496704e+02
1.264093959731543606e+02 1.267852348993288558e+02 1.269798657718120865e+02
1.264000000000000057e+02 1.268133333333333468e+02 1.269533333333333331e+02
1.263733333333333348e+02 1.268266666666666680e+02 1.269333333333333371e+02
1.263973509933774864e+02 1.268609271523178705e+02 1.269139072847682144e+02
1.264066666666666663e+02 1.268333333333333286e+02 1.269399999999999977e+02
1.264238410596026512e+02 1.267417218543046431e+02 1.269735099337748352e+02
1.263841059602648897e+02 1.266754966887417311e+02 1.270000000000000000e+02
1.263733333333333348e+02 1.266466666666666754e+02 1.270600000000000023e+02
1.263533333333333246e+02 1.265866666666666589e+02 1.270466666666666669e+02
1.263866666666666703e+02 1.265999999999999943e+02 1.270533333333333275e+02
1.263933333333333451e+02 1.266400000000000006e+02 1.271133333333333439e+02
1.263624161073825576e+02 1.266711409395973220e+02 1.270469798657718172e+02
1.264362416107382643e+02 1.266308724832214807e+02 1.270000000000000000e+02
1.264066666666666663e+02 1.266333333333333400e+02 1.270333333333333456e+02
1.264133333333333269e+02 1.265733333333333235e+02 1.270866666666666731e+02
1.263733333333333348e+02 1.266066666666666691e+02 1.271266666666666652e+02
1.264304635761589424e+02 1.265894039735099312e+02 1.271059602649006592e+02
1.264666666666666686e+02 1.266200000000000045e+02 1.270799999999999983e+02
1.265099337748344368e+02 1.266887417218542993e+02 1.270662251655629120e+02
1.264866666666666788e+02 1.267133333333333383e+02 1.270266666666666708e+02
1.265033557046979809e+02 1.266778523489932979e+02 1.270268456375838895e+02
1.264900662251655632e+02 1.266026490066225136e+02 1.270529801324503296e+02
1.264866666666666788e+02 1.266066666666666691e+02 1.271066666666666691e+02
1.264802631578947398e+02 1.265855263157894797e+02 1.270921052631578902e+02
1.265099337748344368e+02 1.266291390728476784e+02 1.271059602649006592e+02
1.265629139072847664e+02 1.266821192052980223e+02 1.271125827814569647e+02
1.265866666666666589e+02 1.267199999999999989e+02 1.270533333333333275e+02
1.265400000000000063e+02 1.267533333333333303e+02 1.270266666666666708e+02
1.265298013245033104e+02 1.267218543046357553e+02 1.270331125827814560e+02
1.264933333333333252e+02 1.268333333333333286e+02 1.271066666666666691e+02
1.265199999999999960e+02 1.268733333333333348e+02 1.270133333333333354e+02
1.265266666666666708e+02 1.268533333333333388e+02 1.270066666666666748e+02
1.265167785234899327e+02 1.268791946308724761e+02 1.270402684563758413e+02
1.265000000000000000e+02 1.268599999999999994e+02 1.270600000000000023e+02
1.265666666666666771e+02 1.268933333333333451e+02 1.269866666666666646e+02
1.265866666666666589e+02 1.268333333333333286e+02 1.269866666666666646e+02
1.266291390728476784e+02 1.267483443708609343e+02 1.269867549668874176e+02
1.266622516556291345e+02 1.267682119205297937e+02 1.269735099337748352e+02
1.266066666666666691e+02 1.268199999999999932e+02 1.268666666666666742e+02
1.266754966887417311e+02 1.268476821192053023e+02 1.268741721854304672e+02
1.266622516556291345e+02 1.268543046357615935e+02 1.269536423841059616e+02
1.266158940397351103e+02 1.268476821192053023e+02 1.269470198675496704e+02
1.266912751677852356e+02 1.268255033557046971e+02 1.269261744966442933e+02
1.267266666666666737e+02 1.267933333333333366e+02 1.268733333333333348e+02
1.267086092715231871e+02 1.268145695364238463e+02 1.269072847682119232e+02
1.266799999999999926e+02 1.268266666666666680e+02 1.268999999999999915e+02
1.266866666666666674e+02 1.268199999999999932e+02 1.268533333333333388e+02
1.267399999999999949e+02 1.267999999999999972e+02 1.268599999999999994e+02
1.267046979865771732e+02 1.267852348993288558e+02 1.267852348993288700e+02
1.267199999999999989e+02 1.267466666666666555e+02 1.267600000000000051e+02
1.267133333333333383e+02 1.267599999999999909e+02 1.268333333333333286e+02
1.267350993377483377e+02 1.267615894039735025e+02 1.268410596026490111e+02
1.267266666666666737e+02 1.267466666666666555e+02 1.268333333333333286e+02
1.267785234899328799e+02 1.267382550335570528e+02 1.268187919463087212e+02
1.267399999999999949e+02 1.267666666666666657e+02 1.268199999999999932e+02
1.267466666666666555e+02 1.266933333333333280e+02 1.268066666666666578e+02
1.267466666666666555e+02 1.267333333333333343e+02 1.267600000000000051e+02
1.267266666666666737e+02 1.267933333333333366e+02 1.267333333333333343e+02
1.267382550335570528e+02 1.267516778523489904e+02 1.267516778523489904e+02
1.267019867549668817e+02 1.267814569536423903e+02 1.268079470198675551e+02
1.266666666666666572e+02 1.267533333333333303e+02 1.268199999999999932e+02
1.266866666666666674e+02 1.267066666666666634e+02 1.268733333333333348e+02
1.266733333333333320e+02 1.266866666666666674e+02 1.268999999999999915e+02
1.266158940397351103e+02 1.266688741721854257e+02 1.268940397350993408e+02
1.266200000000000045e+02 1.266933333333333280e+02 1.268866666666666561e+02
1.265761589403973488e+02 1.266490066225165663e+02 1.269006622516556320e+02
1.265666666666666771e+02 1.265933333333333337e+02 1.268866666666666561e+02
1.265933333333333337e+02 1.266400000000000006e+02 1.268599999999999994e+02
1.266599999999999966e+02 1.265600000000000023e+02 1.268933333333333309e+02
1.266266666666666652e+02 1.264733333333333434e+02 1.268999999999999915e+02
1.265999999999999943e+02 1.264466666666666725e+02 1.268799999999999955e+02
1.265629139072847664e+02 1.264569536423841072e+02 1.268874172185430353e+02
1.265999999999999943e+02 1.264200000000000017e+02 1.268866666666666561e+02
1.265333333333333314e+02 1.264266666666666623e+02 1.269599999999999937e+02
1.265999999999999943e+02 1.264266666666666623e+02 1.269533333333333331e+02
1.266400000000000006e+02 1.264266666666666623e+02 1.269533333333333331e+02
1.265199999999999960e+02 1.264533333333333331e+02 1.269599999999999937e+02
1.264333333333333371e+02 1.265066666666666606e+02 1.269466666666666725e+02
1.264600000000000080e+02 1.265933333333333337e+02 1.269599999999999937e+02
1.264093959731543606e+02 1.265838926174496635e+02 1.269194630872483316e+02
1.263800000000000097e+02 1.266200000000000045e+02 1.269200000000000017e+02
1.264066666666666663e+02 1.266400000000000006e+02 1.269399999999999977e+02
1.264333333333333371e+02 1.265799999999999983e+02 1.270200000000000102e+02
1.264600000000000080e+02 1.265866666666666589e+02 1.270000000000000000e+02
1.264333333333333371e+02 1.266133333333333297e+02 1.269733333333333292e+02
1.264933333333333252e+02 1.265533333333333417e+02 1.269333333333333371e+02
1.265000000000000000e+02 1.265000000000000000e+02 1.269066666666666663e+02
1.265133333333333354e+02 1.265133333333333354e+02 1.268933333333333309e+02
1.264933333333333252e+02 1.265199999999999960e+02 1.268866666666666561e+02
1.264200000000000017e+02 1.265600000000000023e+02 1.268666666666666742e+02
1.263355704697986539e+02 1.266241610738255048e+02 1.268791946308724761e+02
1.262715231788079535e+02 1.266092715231788048e+02 1.269006622516556320e+02
1.262400000000000091e+02 1.265999999999999943e+02 1.268733333333333348e+02
1.262533333333333303e+02 1.266266666666666652e+02 1.268999999999999915e+02
1.262684563758389231e+02 1.265838926174496635e+02 1.268724832214765144e+02
1.262715231788079535e+02 1.265364238410596016e+02 1.268807947019867584e+02
1.262733333333333263e+02 1.265400000000000063e+02 1.268599999999999994e+02
1.262781456953642447e+02 1.265496688741721840e+02 1.268741721854304672e+02
1.262980132450331183e+02 1.265099337748344368e+02 1.269006622516556320e+02
1.263866666666666703e+02 1.265333333333333314e+02 1.269200000000000017e+02
1.263933333333333309e+02 1.265400000000000063e+02 1.269466666666666725e+02
1.264133333333333269e+02 1.265266666666666708e+02 1.269933333333333394e+02
1.263933333333333309e+02 1.265266666666666708e+02 1.270266666666666708e+02
1.263557046979865817e+02 1.265302013422818845e+02 1.270469798657718172e+02
1.263733333333333348e+02 1.265400000000000063e+02 1.270266666666666708e+02
1.264370860927152336e+02 1.265695364238410576e+02 1.270066225165562912e+02
1.264496644295302019e+02 1.265436241610738222e+02 1.269664429530201346e+02
1.264105960264900688e+02 1.265496688741721840e+02 1.269536423841059616e+02
1.263092105263157947e+02 1.265921052631578902e+02 1.269605263157894797e+02
1.263576158940397391e+02 1.265695364238410576e+02 1.269668874172185440e+02
1.264066666666666663e+02 1.266200000000000045e+02 1.270000000000000000e+02
1.263959731543624088e+02 1.265637583892617499e+02 1.270671140939597308e+02
1.263666666666666600e+02 1.265666666666666771e+02 1.270666666666666629e+02
1.263599999999999994e+02 1.265666666666666771e+02 1.270799999999999983e+02
1.263774834437086128e+02 1.265033112582781456e+02 1.270198675496688736e+02
1.263576158940397391e+02 1.265099337748344368e+02 1.270860927152317856e+02
1.264133333333333269e+02 1.265533333333333417e+02 1.270600000000000023e+02
1.263599999999999994e+02 1.265666666666666771e+02 1.271400000000000006e+02
1.263841059602648897e+02 1.265165562913907280e+02 1.271655629139072801e+02
1.263266666666666538e+02 1.265000000000000000e+02 1.271400000000000006e+02
1.263533333333333246e+02 1.265000000000000000e+02 1.271333333333333258e+02
1.263892617449664471e+02 1.265436241610738364e+02 1.270939597315436345e+02
1.263933333333333451e+02 1.265866666666666589e+02 1.270666666666666629e+02
1.264133333333333269e+02 1.265666666666666771e+02 1.270600000000000023e+02
1.263933333333333451e+02 1.264866666666666788e+02 1.269799999999999898e+02
1.264026845637583847e+02 1.264563758389261778e+02 1.269194630872483316e+02
1.264533333333333331e+02 1.264333333333333371e+02 1.269133333333333269e+02
1.265099337748344368e+02 1.264105960264900688e+02 1.269337748344370880e+02
1.265231788079470192e+02 1.264105960264900688e+02 1.269072847682119232e+02
1.264966442953020191e+02 1.264161073825503365e+02 1.268724832214765144e+02
1.265298013245033104e+02 1.265033112582781456e+02 1.268940397350993408e+02
1.264733333333333434e+02 1.264666666666666686e+02 1.268999999999999915e+02
1.264733333333333434e+02 1.264466666666666725e+02 1.269066666666666663e+02
1.264333333333333371e+02 1.265199999999999960e+02 1.269333333333333371e+02
1.264569536423841072e+02 1.265430463576158928e+02 1.268609271523178847e+02
1.264466666666666725e+02 1.265666666666666771e+02 1.268733333333333348e+02
1.265234899328859086e+02 1.264295302013422884e+02 1.268322147651006730e+02
1.264733333333333434e+02 1.264000000000000057e+02 1.268733333333333348e+02
1.265466666666666669e+02 1.263866666666666703e+02 1.268533333333333388e+02
1.265400000000000063e+02 1.264800000000000040e+02 1.268666666666666742e+02
1.264697986577181155e+02 1.264161073825503365e+02 1.268724832214765144e+02
1.265000000000000000e+02 1.264000000000000057e+02 1.269200000000000017e+02
1.265503355704697981e+02 1.264161073825503365e+02 1.269530201342281828e+02
1.265600000000000023e+02 1.264066666666666663e+02 1.269066666666666663e+02
1.265999999999999943e+02 1.263666666666666600e+02 1.268400000000000034e+02
1.265799999999999983e+02 1.263533333333333246e+02 1.268199999999999932e+02
1.265466666666666669e+02 1.263933333333333451e+02 1.267999999999999972e+02
1.265666666666666771e+02 1.263666666666666600e+02 1.268733333333333348e+02
1.265666666666666771e+02 1.263733333333333348e+02 1.268999999999999915e+02
1.265827814569536542e+02 1.263509933774834337e+02 1.268609271523178847e+02
1.266291390728476784e+02 1.263576158940397391e+02 1.267682119205298079e+02
1.265799999999999983e+02 1.263200000000000074e+02 1.267000000000000028e+02
1.265733333333333235e+02 1.262599999999999909e+02 1.266333333333333258e+02
1.265266666666666708e+02 1.261933333333333280e+02 1.266200000000000045e+02
1.265400000000000063e+02 1.262199999999999989e+02 1.266066666666666691e+02
1.265364238410596016e+02 1.261456953642384065e+02 1.266423841059602751e+02
1.265333333333333314e+02 1.261400000000000006e+02 1.266466666666666612e+02
1.265533333333333417e+02 1.260666666666666771e+02 1.265866666666666731e+02
1.265066666666666606e+02 1.260999999999999943e+02 1.266000000000000085e+02
1.265496688741721840e+02 1.260860927152317856e+02 1.266423841059602751e+02
1.265906040268456394e+02 1.260402684563758271e+02 1.266040268456375912e+02
1.265999999999999943e+02 1.260199999999999960e+02 1.265866666666666731e+02
1.266133333333333297e+02 1.260266666666666708e+02 1.266266666666666794e+02
1.265466666666666669e+02 1.260799999999999983e+02 1.266466666666666612e+02
1.265600000000000023e+02 1.260866666666666589e+02 1.266933333333333422e+02
1.265933333333333337e+02 1.261933333333333280e+02 1.266533333333333360e+02
1.266133333333333297e+02 1.262066666666666634e+02 1.267066666666666777e+02
1.266333333333333400e+02 1.261733333333333320e+02 1.266599999999999966e+02
1.266733333333333320e+02 1.261133333333333297e+02 1.265866666666666731e+02
1.266933333333333280e+02 1.261133333333333297e+02 1.266066666666666691e+02
1.267350993377483377e+02 1.261059602649006735e+02 1.265629139072847664e+02
1.267350993377483377e+02 1.261059602649006735e+02 1.265827814569536400e+02
1.267651006711409423e+02 1.261208053691275239e+02 1.265906040268456394e+02
1.267733333333333263e+02 1.261599999999999966e+02 1.266800000000000068e+02
1.267785234899328799e+02 1.261342281879194616e+02 1.266644295302013461e+02
1.267066666666666634e+02 1.261066666666666691e+02 1.266733333333333320e+02
1.266799999999999926e+02 1.260999999999999943e+02 1.266933333333333422e+02
1.266912751677852356e+02 1.260335570469798654e+02 1.267449664429530287e+02
1.266887417218542993e+02 1.260066225165562912e+02 1.267682119205298079e+02
1.266688741721854257e+02 1.259602649006622528e+02 1.267086092715231871e+02
1.267199999999999989e+02 1.259733333333333434e+02 1.266599999999999966e+02
1.267333333333333343e+02 1.259933333333333394e+02 1.266733333333333320e+02
1.268013245033112639e+02 1.259867549668874176e+02 1.266953642384105905e+02
1.268133333333333468e+02 1.260600000000000023e+02 1.267066666666666777e+02
1.268741721854304672e+02 1.260794701986754944e+02 1.267417218543046431e+02
1.268733333333333348e+02 1.260799999999999983e+02 1.267533333333333303e+02
1.268199999999999932e+02 1.261266666666666652e+02 1.267733333333333405e+02
1.268145695364238463e+02 1.260463576158940384e+02 1.267682119205298079e+02
1.267785234899328799e+02 1.260536912751677932e+02 1.268120805369127453e+02
1.267615894039735025e+02 1.260529801324503296e+02 1.268211920529801233e+02
1.268266666666666680e+02 1.259866666666666788e+02 1.267466666666666697e+02
1.267666666666666657e+02 1.259933333333333394e+02 1.267600000000000051e+02
1.267880794701986673e+02 1.259668874172185440e+02 1.267417218543046431e+02
1.268400000000000034e+02 1.260799999999999983e+02 1.267266666666666595e+02
1.268733333333333348e+02 1.260733333333333377e+02 1.267066666666666777e+02
1.268599999999999994e+02 1.260333333333333314e+02 1.267133333333333240e+02
1.268145695364238463e+02 1.260397350993377472e+02 1.267417218543046431e+02
1.268199999999999932e+02 1.260600000000000023e+02 1.267733333333333405e+02
1.268133333333333468e+02 1.260666666666666771e+02 1.267133333333333240e+02
1.267399999999999949e+02 1.260466666666666669e+02 1.267600000000000051e+02
1.267733333333333263e+02 1.260133333333333354e+02 1.266800000000000068e+02
1.267986577181208077e+02 1.259664429530201346e+02 1.267315436241610769e+02
1.268066666666666720e+02 1.259000000000000057e+02 1.267000000000000028e+02
1.267368421052631646e+02 1.259407894736842053e+02 1.266842105263157947e+02
1.267266666666666737e+02 1.259133333333333269e+02 1.267333333333333343e+02
1.267866666666666617e+02 1.259000000000000057e+02 1.267333333333333343e+02
1.267199999999999989e+02 1.258866666666666703e+02 1.266599999999999966e+02
1.266887417218542993e+02 1.258741721854304672e+02 1.266291390728476784e+02
1.267266666666666737e+02 1.258266666666666680e+02 1.266066666666666691e+02
1.267000000000000028e+02 1.258133333333333326e+02 1.266133333333333297e+02
1.266688741721854257e+02 1.258410596026490111e+02 1.265894039735099312e+02
1.266442953020134183e+02 1.258456375838926107e+02 1.265973154362416153e+02
1.266622516556291345e+02 1.258609271523178847e+02 1.266092715231788048e+02
1.267266666666666737e+02 1.258333333333333286e+02 1.266333333333333400e+02
1.268199999999999932e+02 1.258333333333333286e+02 1.267133333333333383e+02
1.267814569536423903e+02 1.258543046357615935e+02 1.267284768211920465e+02
1.267399999999999949e+02 1.259133333333333269e+02 1.266866666666666674e+02
1.266291390728476784e+02 1.258807947019867584e+02 1.267086092715231729e+02
1.266423841059602609e+02 1.258543046357615935e+02 1.267417218543046289e+02
1.265799999999999983e+02 1.258333333333333286e+02 1.267600000000000051e+02
1.265333333333333314e+02 1.258266666666666680e+02 1.267933333333333366e+02
1.265637583892617499e+02 1.258926174496644279e+02 1.266912751677852356e+02
1.264503311258278160e+02 1.258807947019867584e+02 1.267350993377483377e+02
1.264866666666666646e+02 1.259733333333333292e+02 1.267399999999999949e+02
1.264466666666666725e+02 1.259399999999999977e+02 1.268333333333333286e+02
1.264733333333333292e+02 1.259666666666666686e+02 1.268400000000000034e+02
1.264533333333333331e+02 1.259733333333333292e+02 1.268133333333333326e+02
1.264599999999999937e+02 1.259800000000000040e+02 1.268933333333333309e+02
1.265167785234899327e+02 1.259261744966442933e+02 1.268456375838926107e+02
1.264399999999999977e+02 1.259266666666666623e+02 1.268799999999999955e+02
1.264066666666666663e+02 1.259533333333333331e+02 1.268933333333333309e+02
1.264172185430463600e+02 1.259337748344370880e+02 1.268874172185430496e+02
1.263933333333333309e+02 1.259466666666666725e+02 1.268799999999999955e+02
1.263666666666666600e+02 1.259399999999999977e+02 1.268866666666666703e+02
1.263333333333333286e+02 1.259266666666666623e+02 1.268866666666666703e+02
1.263133333333333326e+02 1.259266666666666623e+02 1.269200000000000017e+02
1.263112582781457007e+02 1.258675496688741759e+02 1.269072847682119232e+02
1.262466666666666697e+02 1.257666666666666657e+02 1.268599999999999994e+02
1.261666666666666572e+02 1.257399999999999949e+02 1.268199999999999932e+02
1.261733333333333320e+02 1.257466666666666697e+02 1.268799999999999955e+02
1.261578947368421098e+02 1.257697368421052602e+02 1.269276315789473699e+02
1.261933333333333280e+02 1.257466666666666697e+02 1.268933333333333309e+02
1.262649006622516623e+02 1.257417218543046289e+02 1.269205298013245056e+02
1.262800000000000011e+02 1.257466666666666697e+02 1.269066666666666663e+02
1.262200000000000131e+02 1.257199999999999989e+02 1.268666666666666742e+02
1.262200000000000131e+02 1.257399999999999949e+02 1.269133333333333269e+02
1.262399999999999949e+02 1.257133333333333240e+02 1.268866666666666561e+02
1.262483221476510096e+02 1.257315436241610769e+02 1.269261744966442933e+02
1.262199999999999989e+02 1.257600000000000051e+02 1.269066666666666663e+02
1.261733333333333320e+02 1.257800000000000011e+02 1.270199999999999960e+02
1.261854304635761537e+02 1.258410596026490111e+02 1.270264900662251648e+02
1.261788079470198625e+02 1.257814569536423903e+02 1.270066225165562912e+02
1.261456953642384065e+02 1.257814569536423903e+02 1.270331125827814560e+02
1.261342281879194616e+02 1.257516778523489904e+02 1.269731543624161105e+02
1.262333333333333343e+02 1.257666666666666657e+02 1.269200000000000017e+02
1.261986754966887361e+02 1.257483443708609201e+02 1.269867549668874176e+02
1.261986754966887361e+02 1.256754966887417169e+02 1.269536423841059616e+02
1.262533333333333303e+02 1.257399999999999949e+02 1.269266666666666623e+02
1.261986754966887503e+02 1.257814569536423761e+02 1.269403973509933792e+02
1.262013422818791923e+02 1.257986577181208077e+02 1.269530201342281828e+02
1.262066666666666634e+02 1.258333333333333428e+02 1.269733333333333292e+02
1.261599999999999966e+02 1.258333333333333428e+02 1.269800000000000040e+02
1.262384105960264975e+02 1.258476821192052881e+02 1.270066225165562912e+02
1.262533333333333303e+02 1.258466666666666782e+02 1.270333333333333456e+02
1.262200000000000131e+02 1.258200000000000074e+02 1.270066666666666748e+02
1.262013422818791923e+02 1.258523489932886008e+02 1.270335570469798654e+02
1.261788079470198625e+02 1.258145695364238321e+02 1.269801324503311264e+02
1.261466666666666612e+02 1.257866666666666617e+02 1.269400000000000119e+02
1.261400000000000006e+02 1.258133333333333326e+02 1.269333333333333371e+02
1.261533333333333218e+02 1.258333333333333428e+02 1.269599999999999937e+02
1.260866666666666589e+02 1.258266666666666680e+02 1.269866666666666646e+02
1.260866666666666589e+02 1.258400000000000034e+02 1.270000000000000000e+02
1.260666666666666629e+02 1.258933333333333309e+02 1.270266666666666708e+02
1.261133333333333297e+02 1.258666666666666600e+02 1.270399999999999920e+02
1.261733333333333320e+02 1.257933333333333366e+02 1.270333333333333456e+02
1.261599999999999966e+02 1.257800000000000011e+02 1.269733333333333292e+02
1.261920529801324449e+02 1.257947019867549727e+02 1.269536423841059616e+02
1.261342281879194616e+02 1.258120805369127453e+02 1.270268456375839037e+02
1.260927152317880768e+02 1.257880794701986815e+02 1.270132450331125824e+02
1.260400000000000063e+02 1.257800000000000011e+02 1.270866666666666731e+02
1.260866666666666589e+02 1.257933333333333366e+02 1.270200000000000102e+02
1.260860927152317856e+02 1.257682119205298079e+02 1.270132450331125824e+02
1.261266666666666652e+02 1.257933333333333366e+02 1.269933333333333394e+02
1.261208053691275239e+02 1.258053691275167836e+02 1.270469798657718172e+02
1.261466666666666612e+02 1.258133333333333326e+02 1.271599999999999966e+02
1.261933333333333280e+02 1.257800000000000011e+02 1.271400000000000006e+02
1.261879194630872547e+02 1.257919463087248317e+02 1.271208053691275097e+02
