1.260264900662251648e+02 1.276291390728476784e+02 1.275761589403973488e+02
1.260000000000000000e+02 1.275827814569536400e+02 1.275165562913907280e+02
1.259000000000000057e+02 1.274733333333333292e+02 1.274866666666666646e+02
1.259072847682119232e+02 1.275099337748344368e+02 1.275165562913907280e+02
1.259133333333333269e+02 1.275133333333333354e+02 1.275199999999999960e+02
1.258666666666666600e+02 1.275266666666666708e+02 1.275933333333333337e+02
1.259006622516556320e+02 1.274635761589403984e+02 1.276821192052980081e+02
1.259668874172185440e+02 1.274834437086092720e+02 1.277086092715231729e+02
1.259342105263157947e+02 1.275723684210526301e+02 1.278092105263157947e+02
1.258053691275167836e+02 1.277382550335570528e+02 1.278657718120805384e+02
1.257919463087248317e+02 1.277785234899328799e+02 1.279261744966442933e+02
1.257933333333333366e+02 1.278066666666666720e+02 1.278733333333333348e+02
1.258322147651006730e+02 1.278053691275167836e+02 1.278993288590604038e+02
1.257333333333333343e+02 1.278400000000000034e+02 1.278133333333333326e+02
1.257533333333333303e+02 1.278199999999999932e+02 1.278133333333333326e+02
1.258133333333333326e+02 1.278599999999999994e+02 1.277933333333333366e+02
1.259066666666666663e+02 1.278533333333333388e+02 1.278666666666666600e+02
1.259800000000000040e+02 1.277666666666666657e+02 1.278199999999999932e+02
1.259342105263157947e+02 1.277236842105263150e+02 1.278421052631578902e+02
1.259066666666666663e+02 1.277333333333333343e+02 1.277333333333333343e+02
1.258333333333333286e+02 1.277733333333333263e+02 1.277666666666666657e+02
1.258933333333333309e+02 1.277266666666666737e+02 1.277600000000000051e+02
1.259139072847682144e+02 1.276953642384105905e+02 1.277483443708609201e+02
1.258799999999999955e+02 1.276666666666666714e+02 1.277533333333333303e+02
1.258933333333333309e+02 1.276133333333333297e+02 1.277066666666666634e+02
1.259666666666666686e+02 1.275600000000000023e+02 1.276733333333333320e+02
1.260266666666666708e+02 1.274599999999999937e+02 1.275866666666666731e+02
1.260799999999999983e+02 1.275333333333333314e+02 1.276200000000000045e+02
1.261466666666666612e+02 1.275333333333333314e+02 1.276599999999999966e+02
1.261400000000000006e+02 1.275533333333333275e+02 1.276066666666666691e+02
1.261589403973509889e+02 1.275033112582781456e+02 1.275695364238410576e+02
1.262199999999999989e+02 1.275866666666666731e+02 1.275999999999999943e+02
1.262317880794701921e+02 1.275496688741721840e+02 1.275827814569536400e+02
1.262582781456953711e+02 1.276092715231788048e+02 1.275894039735099312e+02
1.262933333333333366e+02 1.276066666666666691e+02 1.276866666666666674e+02
1.261733333333333320e+02 1.276800000000000068e+02 1.276800000000000068e+02
1.261854304635761537e+02 1.277549668874172255e+02 1.275562913907284752e+02
1.261744966442953029e+02 1.276644295302013461e+02 1.276107382550335529e+02
1.261866666666666674e+02 1.277266666666666737e+02 1.276933333333333280e+02
1.261907894736842053e+02 1.277171052631578902e+02 1.277171052631578902e+02
1.261866666666666674e+02 1.277666666666666657e+02 1.277199999999999989e+02
1.261176470588235361e+02 1.277124183006535958e+02 1.276993464052287521e+02
1.260927152317880768e+02 1.276490066225165521e+02 1.276490066225165521e+02
1.260933333333333337e+02 1.276466666666666612e+02 1.276133333333333297e+02
1.260657894736842053e+02 1.275723684210526301e+02 1.275460526315789451e+02
1.260000000000000000e+02 1.276092715231788048e+02 1.274304635761589424e+02
1.259470198675496704e+02 1.276953642384105905e+02 1.274768211920529808e+02
1.259403973509933792e+02 1.276158940397350960e+02 1.274503311258278160e+02
1.259666666666666686e+02 1.276466666666666612e+02 1.273866666666666703e+02
1.259666666666666686e+02 1.276133333333333297e+02 1.273866666666666703e+02
1.260400000000000063e+02 1.275733333333333377e+02 1.274133333333333269e+02
1.261118421052631646e+02 1.276118421052631646e+02 1.274671052631578902e+02
1.261333333333333400e+02 1.275199999999999960e+02 1.274599999999999937e+02
1.261533333333333360e+02 1.275400000000000063e+02 1.275266666666666708e+02
1.261466666666666612e+02 1.275933333333333337e+02 1.276133333333333297e+02
1.261324503311258241e+02 1.276357615894039697e+02 1.276092715231788048e+02
1.261599999999999966e+02 1.277066666666666634e+02 1.275600000000000023e+02
1.261744966442953029e+02 1.277651006711409423e+02 1.275637583892617499e+02
1.262000000000000028e+02 1.277999999999999972e+02 1.275600000000000023e+02
1.261533333333333360e+02 1.277800000000000011e+02 1.275600000000000023e+02
1.261578947368421098e+02 1.277302631578947398e+02 1.275460526315789451e+02
1.261342281879194616e+02 1.277046979865771874e+02 1.275436241610738222e+02
1.260733333333333377e+02 1.277000000000000028e+02 1.275600000000000023e+02
1.260866666666666731e+02 1.276733333333333320e+02 1.275466666666666669e+02
1.261184210526315752e+02 1.275592105263157947e+02 1.275789473684210549e+02
1.261052631578947398e+02 1.276513157894736850e+02 1.276184210526315752e+02
1.259933333333333394e+02 1.277399999999999949e+02 1.275666666666666629e+02
1.261066666666666691e+02 1.276800000000000068e+02 1.276200000000000045e+02
1.260400000000000063e+02 1.276266666666666652e+02 1.276400000000000006e+02
1.260733333333333377e+02 1.275666666666666629e+02 1.276933333333333280e+02
1.261333333333333400e+02 1.276133333333333297e+02 1.276133333333333297e+02
1.261933333333333280e+02 1.275400000000000063e+02 1.276666666666666714e+02
1.261456953642384065e+02 1.274900662251655632e+02 1.276092715231788048e+02
1.261258278145695328e+02 1.274105960264900688e+02 1.276556291390728433e+02
1.262119205298013185e+02 1.274105960264900688e+02 1.276754966887417169e+02
1.262466666666666697e+02 1.274200000000000017e+02 1.276266666666666652e+02
1.262666666666666657e+02 1.274333333333333371e+02 1.277199999999999989e+02
1.262866666666666617e+02 1.274000000000000057e+02 1.277133333333333383e+02
1.263066666666666720e+02 1.274399999999999977e+02 1.277399999999999949e+02
1.262960526315789451e+02 1.273552631578947398e+02 1.278223684210526301e+02
1.262666666666666657e+02 1.272266666666666737e+02 1.277600000000000051e+02
1.262466666666666697e+02 1.272733333333333263e+02 1.276599999999999966e+02
1.262933333333333366e+02 1.272999999999999972e+02 1.276266666666666652e+02
1.263066666666666720e+02 1.272800000000000011e+02 1.276533333333333360e+02
1.263020134228187885e+02 1.272953020134228126e+02 1.276711409395973220e+02
1.261866666666666674e+02 1.272733333333333263e+02 1.276533333333333360e+02
1.261788079470198625e+02 1.272913907284768271e+02 1.277284768211920465e+02
1.262516556291390799e+02 1.272185430463576097e+02 1.276490066225165521e+02
1.262302631578947398e+02 1.270855263157894797e+02 1.276447368421052602e+02
1.261812080536912788e+02 1.271476510067114134e+02 1.277046979865771874e+02
1.261733333333333320e+02 1.271200000000000045e+02 1.276599999999999966e+02
1.261513157894736850e+02 1.270723684210526301e+02 1.276842105263157947e+02
1.260999999999999943e+02 1.270466666666666669e+02 1.276599999999999966e+02
1.260466666666666669e+02 1.269733333333333292e+02 1.276066666666666691e+02
1.260000000000000000e+02 1.271533333333333360e+02 1.276200000000000045e+02
1.259733333333333292e+02 1.271200000000000045e+02 1.276866666666666674e+02
1.259933774834437088e+02 1.270529801324503296e+02 1.276821192052980081e+02
1.260000000000000000e+02 1.270733333333333377e+02 1.276266666666666652e+02
1.260400000000000063e+02 1.270466666666666669e+02 1.276466666666666612e+02
1.260733333333333377e+02 1.270600000000000023e+02 1.276133333333333297e+02
1.260933333333333337e+02 1.270000000000000000e+02 1.275733333333333377e+02
1.261266666666666652e+02 1.269466666666666725e+02 1.275333333333333314e+02
1.261456953642384065e+02 1.269933774834437088e+02 1.275298013245033104e+02
1.261599999999999966e+02 1.270000000000000000e+02 1.275866666666666731e+02
1.261533333333333360e+02 1.271266666666666652e+02 1.275199999999999960e+02
1.261200000000000045e+02 1.270666666666666629e+02 1.274800000000000040e+02
1.260860927152317856e+02 1.270993377483443680e+02 1.275298013245033104e+02
1.260927152317880768e+02 1.270993377483443680e+02 1.274834437086092720e+02
1.260993377483443680e+02 1.271059602649006592e+02 1.275099337748344368e+02
1.260596026490066208e+02 1.270860927152317856e+02 1.275099337748344368e+02
1.260799999999999983e+02 1.271933333333333280e+02 1.275199999999999960e+02
1.260999999999999943e+02 1.273133333333333326e+02 1.275199999999999960e+02
1.261466666666666612e+02 1.274000000000000057e+02 1.275066666666666606e+02
1.261208053691275097e+02 1.274093959731543606e+02 1.275234899328859086e+02
1.261447368421052602e+02 1.273947368421052602e+02 1.275263157894736850e+02
1.261721854304635713e+02 1.274701986754966896e+02 1.275099337748344368e+02
1.262565789473684248e+02 1.273289473684210549e+02 1.275065789473684248e+02
1.263333333333333286e+02 1.274066666666666663e+02 1.275066666666666606e+02
1.263799999999999955e+02 1.273799999999999955e+02 1.275400000000000063e+02
1.263799999999999955e+02 1.274133333333333269e+02 1.275799999999999983e+02
1.264133333333333269e+02 1.274066666666666663e+02 1.275466666666666669e+02
1.263666666666666600e+02 1.274066666666666663e+02 1.276200000000000045e+02
1.263750000000000000e+02 1.274605263157894797e+02 1.276118421052631646e+02
1.264133333333333269e+02 1.275266666666666708e+02 1.276599999999999966e+02
1.264466666666666725e+02 1.274933333333333394e+02 1.276599999999999966e+02
1.264333333333333371e+02 1.274800000000000040e+02 1.276800000000000068e+02
1.263933333333333309e+02 1.274200000000000017e+02 1.275933333333333337e+02
1.263799999999999955e+02 1.274599999999999937e+02 1.276933333333333280e+02
1.264200000000000017e+02 1.274333333333333371e+02 1.276866666666666674e+02
1.264701986754966896e+02 1.274569536423841072e+02 1.278079470198675551e+02
1.264733333333333292e+02 1.275199999999999960e+02 1.278533333333333388e+02
1.264238410596026512e+02 1.275099337748344368e+02 1.278940397350993408e+02
1.263959731543624230e+02 1.274161073825503365e+02 1.279463087248322211e+02
1.264000000000000057e+02 1.275133333333333354e+02 1.279000000000000057e+02
1.264200000000000017e+02 1.275933333333333337e+02 1.279599999999999937e+02
1.264832214765100673e+02 1.275436241610738222e+02 1.280000000000000000e+02
1.264768211920529808e+02 1.275364238410596016e+02 1.279668874172185440e+02
1.264834437086092720e+02 1.275231788079470192e+02 1.279735099337748352e+02
1.265298013245033104e+02 1.275033112582781456e+02 1.280596026490066208e+02
1.264399999999999977e+02 1.276266666666666652e+02 1.280999999999999943e+02
1.264800000000000040e+02 1.276666666666666714e+02 1.280200000000000102e+02
1.264666666666666686e+02 1.275933333333333337e+02 1.280200000000000102e+02
1.264266666666666623e+02 1.275866666666666731e+02 1.279733333333333292e+02
1.264161073825503365e+02 1.275369127516778462e+02 1.279731543624161105e+02
1.263599999999999994e+02 1.275266666666666708e+02 1.279533333333333331e+02
1.263377483443708655e+02 1.275099337748344368e+02 1.279801324503311264e+02
1.262483221476510096e+02 1.274899328859060432e+02 1.279328859060402692e+02
1.261733333333333320e+02 1.274599999999999937e+02 1.279266666666666623e+02
1.262733333333333263e+02 1.274399999999999977e+02 1.278466666666666640e+02
1.262733333333333263e+02 1.273799999999999955e+02 1.278799999999999955e+02
1.262715231788079535e+02 1.272980132450331183e+02 1.278675496688741759e+02
1.263266666666666680e+02 1.273066666666666720e+02 1.279066666666666663e+02
1.263642384105960303e+02 1.272251655629139009e+02 1.279006622516556320e+02
1.264026845637583847e+02 1.272483221476510096e+02 1.278791946308724903e+02
1.263092105263157947e+02 1.273092105263157947e+02 1.278881578947368354e+02
1.262847682119205359e+02 1.272649006622516623e+02 1.278807947019867584e+02
1.262147651006711442e+02 1.272281879194630818e+02 1.278724832214765144e+02
1.261879194630872547e+02 1.272751677852348990e+02 1.278053691275167836e+02
1.261466666666666612e+02 1.273266666666666680e+02 1.277866666666666617e+02
1.260999999999999943e+02 1.272800000000000011e+02 1.278066666666666720e+02
1.261466666666666612e+02 1.273333333333333286e+02 1.277399999999999949e+02
1.261568627450980387e+02 1.273333333333333286e+02 1.278235294117647101e+02
1.261066666666666691e+02 1.272933333333333366e+02 1.278199999999999932e+02
1.261052631578947398e+02 1.273421052631578902e+02 1.277368421052631646e+02
1.261192052980132416e+02 1.272847682119205359e+02 1.277748344370860991e+02
1.261456953642384065e+02 1.273708609271523216e+02 1.277682119205298079e+02
1.261333333333333400e+02 1.274133333333333269e+02 1.277466666666666697e+02
1.260529801324503296e+02 1.272913907284768271e+02 1.277086092715231729e+02
1.260866666666666731e+02 1.273266666666666680e+02 1.277999999999999972e+02
1.261342281879194616e+02 1.273691275167785193e+02 1.277919463087248317e+02
1.260266666666666708e+02 1.274133333333333269e+02 1.278466666666666640e+02
1.259337748344370880e+02 1.274039735099337776e+02 1.278013245033112639e+02
1.259333333333333371e+02 1.274133333333333269e+02 1.278133333333333326e+02
1.258866666666666703e+02 1.273933333333333309e+02 1.277466666666666697e+02
1.259139072847682144e+02 1.272913907284768271e+02 1.276688741721854257e+02
1.258599999999999994e+02 1.272266666666666737e+02 1.275266666666666708e+02
1.258278145695364287e+02 1.272781456953642447e+02 1.275165562913907280e+02
1.259733333333333292e+02 1.272733333333333263e+02 1.275999999999999943e+02
1.260794701986754944e+02 1.272582781456953711e+02 1.275827814569536400e+02
1.259800000000000040e+02 1.272066666666666634e+02 1.276266666666666652e+02
1.259733333333333292e+02 1.272000000000000028e+02 1.276400000000000006e+02
1.259000000000000057e+02 1.271933333333333280e+02 1.275999999999999943e+02
1.259066666666666663e+02 1.272466666666666697e+02 1.276866666666666674e+02
1.258590604026845625e+02 1.272281879194630818e+02 1.275973154362416153e+02
1.257933333333333366e+02 1.273400000000000034e+02 1.275866666666666731e+02
1.258866666666666703e+02 1.273533333333333388e+02 1.275799999999999983e+02
1.259866666666666646e+02 1.273266666666666680e+02 1.276333333333333400e+02
1.260131578947368354e+02 1.274144736842105203e+02 1.275986842105263150e+02
1.260132450331125824e+02 1.273907284768211952e+02 1.275960264900662224e+02
1.259545454545454533e+02 1.273636363636363598e+02 1.275519480519480453e+02
1.258741721854304672e+02 1.273443708609271567e+02 1.275827814569536400e+02
1.259006622516556320e+02 1.273245033112582831e+02 1.275298013245033104e+02
1.259536423841059616e+02 1.273245033112582831e+02 1.275695364238410576e+02
1.259333333333333371e+02 1.273266666666666680e+02 1.276466666666666612e+02
1.258552631578947398e+02 1.273552631578947398e+02 1.277434210526315752e+02
1.259000000000000057e+02 1.274066666666666663e+02 1.275600000000000023e+02
1.258741721854304672e+02 1.275430463576158928e+02 1.274635761589403984e+02
1.257880794701986815e+02 1.274900662251655632e+02 1.274900662251655632e+02
1.258079470198675551e+02 1.274503311258278160e+02 1.274569536423841072e+02
1.258066666666666720e+02 1.274266666666666623e+02 1.274866666666666646e+02
1.257999999999999972e+02 1.273933333333333309e+02 1.274466666666666725e+02
1.258724832214765144e+02 1.273221476510067163e+02 1.274899328859060432e+02
1.259271523178807968e+02 1.272847682119205359e+02 1.274900662251655632e+02
1.260335570469798654e+02 1.273020134228187885e+02 1.275100671140939568e+02
1.260133333333333354e+02 1.272266666666666737e+02 1.275066666666666606e+02
1.260733333333333377e+02 1.273533333333333388e+02 1.274933333333333394e+02
1.260263157894736850e+02 1.273355263157894797e+02 1.275986842105263150e+02
1.260733333333333377e+02 1.273599999999999994e+02 1.276333333333333400e+02
1.260927152317880768e+02 1.274304635761589424e+02 1.276953642384105905e+02
1.260933333333333337e+02 1.275333333333333314e+02 1.277600000000000051e+02
1.260733333333333377e+02 1.275400000000000063e+02 1.276933333333333280e+02
1.260202702702702737e+02 1.274864864864864842e+02 1.277027027027027088e+02
1.260331125827814560e+02 1.274966887417218544e+02 1.276357615894039697e+02
1.260533333333333275e+02 1.274533333333333331e+02 1.276333333333333400e+02
1.260199999999999960e+02 1.275066666666666606e+02 1.276933333333333280e+02
1.260066666666666606e+02 1.274666666666666686e+02 1.276466666666666612e+02
1.260536912751677789e+02 1.275100671140939568e+02 1.278322147651006730e+02
1.261258278145695328e+02 1.274768211920529808e+02 1.278079470198675551e+02
1.261466666666666612e+02 1.274533333333333331e+02 1.278199999999999932e+02
1.261733333333333320e+02 1.275000000000000000e+02 1.278400000000000034e+02
1.261533333333333360e+02 1.275266666666666708e+02 1.278066666666666720e+02
1.261788079470198625e+02 1.275298013245033104e+02 1.277483443708609201e+02
1.261666666666666714e+02 1.275666666666666629e+02 1.277333333333333343e+02
1.261721854304635713e+02 1.275695364238410576e+02 1.277350993377483377e+02
1.261266666666666652e+02 1.276333333333333400e+02 1.278400000000000034e+02
1.261721854304635713e+02 1.276754966887417169e+02 1.278543046357615935e+02
1.261258278145695328e+02 1.276887417218542993e+02 1.278543046357615935e+02
1.261476510067114134e+02 1.276510067114093943e+02 1.279194630872483174e+02
1.261192052980132416e+02 1.276225165562913872e+02 1.279205298013245056e+02
1.260794701986754944e+02 1.275496688741721840e+02 1.279933774834437088e+02
1.260993377483443680e+02 1.275894039735099312e+02 1.280728476821192032e+02
1.261125827814569504e+02 1.275231788079470192e+02 1.280728476821192032e+02
1.261066666666666691e+02 1.275266666666666708e+02 1.280466666666666526e+02
1.261800000000000068e+02 1.276333333333333400e+02 1.280200000000000102e+02
1.261400000000000006e+02 1.277000000000000028e+02 1.279866666666666646e+02
1.260466666666666669e+02 1.276599999999999966e+02 1.279666666666666686e+02
1.259733333333333292e+02 1.276866666666666674e+02 1.279466666666666725e+02
1.259276315789473699e+02 1.277171052631578902e+02 1.280263157894736707e+02
1.259470198675496704e+02 1.277947019867549727e+02 1.280794701986754944e+02
1.259735099337748352e+02 1.276490066225165521e+02 1.280662251655629120e+02
1.260133333333333354e+02 1.276400000000000006e+02 1.280666666666666629e+02
1.260133333333333354e+02 1.277066666666666634e+02 1.279800000000000040e+02
1.260132450331125824e+02 1.276887417218542993e+02 1.280000000000000000e+02
1.259666666666666686e+02 1.276133333333333297e+02 1.279599999999999937e+02
1.259932885906040241e+02 1.276308724832214807e+02 1.279865771812080482e+02
1.260000000000000000e+02 1.275960264900662224e+02 1.279337748344370880e+02
1.260133333333333354e+02 1.275799999999999983e+02 1.279533333333333331e+02
1.260666666666666629e+02 1.275733333333333377e+02 1.278666666666666600e+02
1.260738255033557067e+02 1.275771812080536876e+02 1.278255033557046971e+02
1.261390728476821153e+02 1.276225165562913872e+02 1.277417218543046289e+02
1.261066666666666691e+02 1.276400000000000006e+02 1.278333333333333286e+02
1.260789473684210549e+02 1.276118421052631646e+02 1.278486842105263150e+02
1.261125827814569504e+02 1.275629139072847664e+02 1.278874172185430496e+02
1.260400000000000063e+02 1.275533333333333275e+02 1.280466666666666526e+02
1.261066666666666691e+02 1.275400000000000063e+02 1.280600000000000023e+02
1.260666666666666629e+02 1.275199999999999960e+02 1.280066666666666606e+02
1.260529801324503296e+02 1.275761589403973488e+02 1.280132450331125824e+02
1.259866666666666646e+02 1.276599999999999966e+02 1.279933333333333394e+02
1.260805369127516826e+02 1.276778523489932837e+02 1.280738255033556925e+02
1.261409395973154375e+02 1.277315436241610769e+02 1.281140939597315480e+02
1.262185430463576097e+02 1.276953642384105905e+02 1.282052980132450273e+02
1.262533333333333303e+02 1.276933333333333280e+02 1.281800000000000068e+02
1.262533333333333303e+02 1.276933333333333280e+02 1.281466666666666754e+02
1.262866666666666617e+02 1.276733333333333320e+02 1.281466666666666754e+02
1.262866666666666617e+02 1.277199999999999989e+02 1.281933333333333280e+02
1.262317880794701921e+02 1.277019867549668817e+02 1.281192052980132416e+02
1.262818791946308750e+02 1.276510067114093943e+02 1.280872483221476443e+02
1.262516556291390799e+02 1.277284768211920465e+02 1.280596026490066208e+02
1.262281879194630818e+02 1.277651006711409423e+02 1.281208053691275097e+02
1.262236842105263150e+02 1.278223684210526301e+02 1.281513157894736707e+02
1.262302631578947398e+02 1.277697368421052602e+02 1.281776315789473699e+02
1.262000000000000028e+02 1.278066666666666720e+02 1.281066666666666549e+02
1.261466666666666612e+02 1.277266666666666737e+02 1.281533333333333360e+02
1.261390728476821153e+02 1.277350993377483377e+02 1.281721854304635713e+02
1.260860927152317856e+02 1.278013245033112639e+02 1.280728476821192032e+02
1.261133333333333297e+02 1.278066666666666720e+02 1.280533333333333417e+02
1.261258278145695328e+02 1.277682119205298079e+02 1.280132450331125824e+02
1.261324503311258241e+02 1.277814569536423903e+02 1.278940397350993408e+02
1.261666666666666714e+02 1.277733333333333263e+02 1.278599999999999994e+02
1.261390728476821153e+02 1.277947019867549727e+02 1.277947019867549727e+02
1.260927152317880768e+02 1.277417218543046289e+02 1.277549668874172255e+02
1.261655629139072801e+02 1.277880794701986815e+02 1.278807947019867584e+02
1.261258278145695328e+02 1.276953642384105905e+02 1.278410596026490111e+02
1.261006711409395962e+02 1.276912751677852356e+02 1.277516778523489904e+02
1.261200000000000045e+02 1.277199999999999989e+02 1.277266666666666737e+02
1.260596026490066208e+02 1.277350993377483377e+02 1.277284768211920465e+02
1.261200000000000045e+02 1.278199999999999932e+02 1.277066666666666634e+02
1.261466666666666612e+02 1.277800000000000011e+02 1.277333333333333343e+02
1.261133333333333297e+02 1.277466666666666697e+02 1.277666666666666657e+02
1.261866666666666674e+02 1.276666666666666714e+02 1.277066666666666634e+02
1.261599999999999966e+02 1.276200000000000045e+02 1.276466666666666612e+02
1.261920529801324449e+02 1.275827814569536400e+02 1.277682119205298079e+02
1.260866666666666731e+02 1.276466666666666612e+02 1.276599999999999966e+02
1.259933774834437088e+02 1.276622516556291345e+02 1.277417218543046289e+02
1.260860927152317856e+02 1.275960264900662224e+02 1.276556291390728433e+02
1.261466666666666612e+02 1.276200000000000045e+02 1.276533333333333360e+02
1.260133333333333354e+02 1.275333333333333314e+02 1.275733333333333377e+02
1.260666666666666629e+02 1.275466666666666669e+02 1.275466666666666669e+02
1.260596026490066208e+02 1.275496688741721840e+02 1.275033112582781456e+02
1.261666666666666714e+02 1.276133333333333297e+02 1.276533333333333360e+02
1.261476510067114134e+02 1.276040268456375770e+02 1.276308724832214807e+02
1.262171052631578902e+02 1.275394736842105203e+02 1.276907894736842053e+02
1.261342281879194616e+02 1.275369127516778462e+02 1.277785234899328799e+02
1.261059602649006592e+02 1.275562913907284752e+02 1.277086092715231729e+02
1.261523178807946977e+02 1.275099337748344368e+02 1.276092715231788048e+02
1.262533333333333303e+02 1.275933333333333337e+02 1.275266666666666708e+02
1.261933333333333280e+02 1.276200000000000045e+02 1.275666666666666629e+02
1.261533333333333360e+02 1.276266666666666652e+02 1.276133333333333297e+02
1.260872483221476443e+02 1.275704697986577116e+02 1.278255033557046971e+02
1.260860927152317856e+02 1.275827814569536400e+02 1.277483443708609201e+02
1.261721854304635713e+02 1.275430463576158928e+02 1.278013245033112639e+02
1.261447368421052602e+02 1.275394736842105203e+02 1.278552631578947398e+02
1.261476510067114134e+02 1.275906040268456394e+02 1.278322147651006730e+02
1.261006711409395962e+02 1.276107382550335529e+02 1.277382550335570528e+02
1.260999999999999943e+02 1.276666666666666714e+02 1.276733333333333320e+02
1.261066666666666691e+02 1.276533333333333360e+02 1.277000000000000028e+02
1.261125827814569504e+02 1.275827814569536400e+02 1.276423841059602609e+02
1.260999999999999943e+02 1.275933333333333337e+02 1.276800000000000068e+02
1.261140939597315480e+02 1.275906040268456394e+02 1.276577181208053702e+02
1.261266666666666652e+02 1.276333333333333400e+02 1.276666666666666714e+02
1.261250000000000000e+02 1.276644736842105203e+02 1.276315789473684248e+02
1.261400000000000006e+02 1.276200000000000045e+02 1.275266666666666708e+02
1.261578947368421098e+02 1.276184210526315752e+02 1.275723684210526301e+02
1.261258278145695328e+02 1.275496688741721840e+02 1.275695364238410576e+02
1.261066666666666691e+02 1.275199999999999960e+02 1.275933333333333337e+02
1.261275167785234856e+02 1.275033557046979809e+02 1.275637583892617499e+02
1.260718954248365975e+02 1.274444444444444429e+02 1.276143790849673252e+02
1.260999999999999943e+02 1.274599999999999937e+02 1.275600000000000023e+02
1.261666666666666714e+02 1.274000000000000057e+02 1.276333333333333400e+02
1.262236842105263150e+02 1.273947368421052602e+02 1.276907894736842053e+02
1.262582781456953711e+02 1.273774834437086128e+02 1.276291390728476784e+02
1.262466666666666697e+02 1.273933333333333309e+02 1.275266666666666708e+02
1.262133333333333383e+02 1.273599999999999994e+02 1.275199999999999960e+02
1.262533333333333303e+02 1.274000000000000057e+02 1.275066666666666606e+02
1.262450331125827745e+02 1.273841059602649040e+02 1.274503311258278160e+02
1.262199999999999989e+02 1.273866666666666703e+02 1.274399999999999977e+02
1.262516556291390799e+02 1.274105960264900688e+02 1.274569536423841072e+02
1.263133333333333326e+02 1.273199999999999932e+02 1.274133333333333269e+02
1.263400000000000034e+02 1.273266666666666680e+02 1.274599999999999937e+02
1.263245033112582831e+02 1.273708609271523216e+02 1.274635761589403984e+02
1.263758389261744952e+02 1.273557046979865817e+02 1.274093959731543606e+02
1.263377483443708655e+02 1.274039735099337776e+02 1.274304635761589424e+02
1.262800000000000011e+02 1.273799999999999955e+02 1.274800000000000040e+02
1.262933333333333366e+02 1.274133333333333269e+02 1.275333333333333314e+02
1.264503311258278160e+02 1.274238410596026512e+02 1.276158940397350960e+02
1.263933333333333309e+02 1.274066666666666663e+02 1.276200000000000045e+02
1.264666666666666686e+02 1.274333333333333371e+02 1.276066666666666691e+02
1.264370860927152336e+02 1.274105960264900688e+02 1.276490066225165521e+02
1.264768211920529808e+02 1.274105960264900688e+02 1.276490066225165521e+02
1.265033112582781456e+02 1.275033112582781456e+02 1.276225165562913872e+02
1.264800000000000040e+02 1.275066666666666606e+02 1.276466666666666612e+02
1.264733333333333292e+02 1.274733333333333292e+02 1.275866666666666731e+02
1.264866666666666646e+02 1.275266666666666708e+02 1.275199999999999960e+02
1.264768211920529808e+02 1.275562913907284752e+02 1.275496688741721840e+02
1.265000000000000000e+02 1.275600000000000023e+02 1.275799999999999983e+02
1.265298013245033104e+02 1.275231788079470192e+02 1.275629139072847664e+02
1.265165562913907280e+02 1.274768211920529808e+02 1.275562913907284752e+02
1.265266666666666708e+02 1.274800000000000040e+02 1.275333333333333314e+02
1.264933333333333394e+02 1.274666666666666686e+02 1.274933333333333394e+02
1.264666666666666686e+02 1.274333333333333371e+02 1.275400000000000063e+02
1.264304635761589424e+02 1.273841059602649040e+02 1.275960264900662224e+02
1.264105960264900688e+02 1.273907284768211952e+02 1.276291390728476784e+02
1.264333333333333371e+02 1.273799999999999955e+02 1.276533333333333360e+02
1.264000000000000057e+02 1.274333333333333371e+02 1.275733333333333377e+02
1.264161073825503365e+02 1.274765100671140914e+02 1.275771812080536876e+02
1.263466666666666640e+02 1.274333333333333371e+02 1.276866666666666674e+02
1.263087248322147644e+02 1.274362416107382501e+02 1.276442953020134183e+02
1.262333333333333343e+02 1.274933333333333394e+02 1.276800000000000068e+02
1.263799999999999955e+02 1.274866666666666646e+02 1.276866666666666674e+02
1.264133333333333269e+02 1.275133333333333354e+02 1.277066666666666634e+02
1.264066666666666663e+02 1.275000000000000000e+02 1.277133333333333383e+02
1.264000000000000057e+02 1.274666666666666686e+02 1.277399999999999949e+02
1.263959731543624230e+02 1.274966442953020191e+02 1.277382550335570528e+02
1.263599999999999994e+02 1.274000000000000057e+02 1.277533333333333303e+02
1.263245033112582831e+02 1.273576158940397391e+02 1.277086092715231729e+02
1.263266666666666680e+02 1.273799999999999955e+02 1.276400000000000006e+02
1.262666666666666657e+02 1.274200000000000017e+02 1.276333333333333400e+02
1.262666666666666657e+02 1.274733333333333292e+02 1.276266666666666652e+02
1.263046357615894095e+02 1.274503311258278160e+02 1.275960264900662224e+02
1.262781456953642447e+02 1.274304635761589424e+02 1.275629139072847664e+02
1.262266666666666737e+02 1.274133333333333269e+02 1.275999999999999943e+02
1.262733333333333263e+02 1.275199999999999960e+02 1.276133333333333297e+02
1.263133333333333326e+02 1.275466666666666669e+02 1.275266666666666708e+02
1.263311258278145743e+02 1.275761589403973488e+02 1.275099337748344368e+02
1.263443708609271567e+02 1.275960264900662224e+02 1.275099337748344368e+02
1.264093959731543606e+02 1.276107382550335529e+02 1.275369127516778462e+02
1.265065789473684248e+02 1.275921052631578902e+02 1.275657894736842053e+02
1.265466666666666669e+02 1.276200000000000045e+02 1.275866666666666731e+02
1.265165562913907280e+02 1.276754966887417169e+02 1.275165562913907280e+02
1.265695364238410576e+02 1.277284768211920465e+02 1.275894039735099312e+02
1.265838926174496635e+02 1.277315436241610769e+02 1.275167785234899327e+02
1.266622516556291345e+02 1.276953642384105905e+02 1.275562913907284752e+02
1.267152317880794641e+02 1.276423841059602609e+02 1.276291390728476784e+02
1.267399999999999949e+02 1.276800000000000068e+02 1.275666666666666629e+02
1.267284768211920465e+02 1.277483443708609201e+02 1.274701986754966896e+02
1.267266666666666737e+02 1.277000000000000028e+02 1.274466666666666725e+02
1.267682119205298079e+02 1.276556291390728433e+02 1.274370860927152336e+02
1.267718120805369182e+02 1.276912751677852356e+02 1.273959731543624230e+02
1.267770270270270316e+02 1.276756756756756772e+02 1.274459459459459509e+02
1.267800000000000011e+02 1.276133333333333297e+02 1.274533333333333331e+02
1.267866666666666617e+02 1.276400000000000006e+02 1.274399999999999977e+02
1.268533333333333388e+02 1.276466666666666612e+02 1.273599999999999994e+02
1.268666666666666600e+02 1.276466666666666612e+02 1.273866666666666703e+02
1.268741721854304672e+02 1.275827814569536400e+02 1.274039735099337776e+02
1.268750000000000000e+02 1.275526315789473699e+02 1.274078947368421098e+02
1.268400000000000034e+02 1.276133333333333297e+02 1.273533333333333388e+02
1.268866666666666703e+02 1.276599999999999966e+02 1.273866666666666703e+02
1.269399999999999977e+02 1.277266666666666737e+02 1.272999999999999972e+02
1.269139072847682144e+02 1.277086092715231729e+02 1.273443708609271567e+02
1.268533333333333388e+02 1.277800000000000011e+02 1.273333333333333286e+02
1.268599999999999994e+02 1.277266666666666737e+02 1.272666666666666657e+02
1.267999999999999972e+02 1.277666666666666657e+02 1.272333333333333343e+02
1.268266666666666680e+02 1.277600000000000051e+02 1.272399999999999949e+02
1.268866666666666703e+02 1.277333333333333343e+02 1.272133333333333383e+02
1.269066666666666663e+02 1.276933333333333280e+02 1.271866666666666674e+02
1.269200000000000017e+02 1.277000000000000028e+02 1.271666666666666714e+02
1.269933333333333394e+02 1.277399999999999949e+02 1.271599999999999966e+02
1.269666666666666686e+02 1.277199999999999989e+02 1.271333333333333400e+02
1.270198675496688736e+02 1.277019867549668817e+02 1.271456953642384065e+02
1.270132450331125824e+02 1.277417218543046289e+02 1.272119205298013185e+02
1.270600000000000023e+02 1.277266666666666737e+02 1.272133333333333383e+02
1.270132450331125824e+02 1.277350993377483377e+02 1.272317880794701921e+02
1.269800000000000040e+02 1.276400000000000006e+02 1.271266666666666652e+02
1.270132450331125824e+02 1.276225165562913872e+02 1.272251655629139009e+02
1.269664429530201346e+02 1.276442953020134183e+02 1.271409395973154375e+02
1.270066666666666606e+02 1.276533333333333360e+02 1.271599999999999966e+02
1.269533333333333331e+02 1.276800000000000068e+02 1.270866666666666731e+02
1.270199999999999960e+02 1.277399999999999949e+02 1.270333333333333314e+02
1.270738255033557067e+02 1.276711409395973220e+02 1.270134228187919518e+02
1.271986754966887361e+02 1.276490066225165521e+02 1.270993377483443680e+02
1.272199999999999989e+02 1.276266666666666652e+02 1.271133333333333297e+02
1.272333333333333343e+02 1.276066666666666691e+02 1.271266666666666652e+02
1.271543624161073893e+02 1.275637583892617499e+02 1.272348993288590577e+02
1.271342281879194616e+02 1.275570469798657740e+02 1.272281879194630818e+02
1.271390728476821153e+02 1.274834437086092720e+02 1.272384105960264833e+02
1.271986754966887361e+02 1.274701986754966896e+02 1.271986754966887361e+02
1.271066666666666691e+02 1.274599999999999937e+02 1.271200000000000045e+02
1.270600000000000023e+02 1.275533333333333275e+02 1.270266666666666708e+02
1.270132450331125824e+02 1.275430463576158928e+02 1.270529801324503296e+02
1.270000000000000000e+02 1.275526315789473699e+02 1.270592105263157947e+02
1.269735099337748352e+02 1.275496688741721840e+02 1.271258278145695328e+02
1.269800000000000040e+02 1.275000000000000000e+02 1.271333333333333400e+02
1.270933333333333337e+02 1.274733333333333292e+02 1.271466666666666612e+02
1.271342281879194616e+02 1.274093959731543606e+02 1.270469798657718172e+02
1.271456953642384065e+02 1.273509933774834479e+02 1.270529801324503296e+02
1.271800000000000068e+02 1.273666666666666600e+02 1.271133333333333297e+02
1.271733333333333320e+02 1.273133333333333326e+02 1.270933333333333337e+02
1.271666666666666714e+02 1.272800000000000011e+02 1.270000000000000000e+02
1.271059602649006592e+02 1.271721854304635713e+02 1.269006622516556320e+02
1.270999999999999943e+02 1.271400000000000006e+02 1.269133333333333269e+02
1.270986842105263150e+02 1.272434210526315752e+02 1.269210526315789451e+02
1.271066666666666691e+02 1.272466666666666697e+02 1.269000000000000057e+02
1.271333333333333400e+02 1.273333333333333286e+02 1.270000000000000000e+02
1.271059602649006592e+02 1.273046357615894095e+02 1.269602649006622528e+02
1.271466666666666612e+02 1.273133333333333326e+02 1.269466666666666725e+02
1.272266666666666737e+02 1.273533333333333388e+02 1.269733333333333292e+02
1.272649006622516623e+02 1.273642384105960303e+02 1.270066225165562912e+02
1.272847682119205359e+02 1.273774834437086128e+02 1.269337748344370880e+02
1.272266666666666737e+02 1.273199999999999932e+02 1.268733333333333348e+02
1.272450331125827745e+02 1.272847682119205359e+02 1.269139072847682144e+02
1.272666666666666657e+02 1.272866666666666617e+02 1.269533333333333331e+02
1.272281879194630818e+02 1.273020134228187885e+02 1.269597315436241587e+02
1.272199999999999989e+02 1.272999999999999972e+02 1.268400000000000034e+02
1.272251655629139009e+02 1.272317880794701921e+02 1.268410596026490111e+02
1.272368421052631646e+02 1.271973684210526301e+02 1.268289473684210549e+02
1.271400000000000006e+02 1.272600000000000051e+02 1.268199999999999932e+02
1.271599999999999966e+02 1.272533333333333303e+02 1.269000000000000057e+02
1.271133333333333297e+02 1.273533333333333388e+02 1.269200000000000017e+02
1.270529801324503296e+02 1.272317880794701921e+02 1.269536423841059616e+02
1.271655629139072801e+02 1.272185430463576097e+02 1.269801324503311264e+02
1.271066666666666691e+02 1.272600000000000051e+02 1.269533333333333331e+02
1.271666666666666714e+02 1.273066666666666720e+02 1.269800000000000040e+02
1.271677852348993270e+02 1.273557046979865817e+02 1.268926174496644279e+02
1.272105263157894797e+02 1.273552631578947398e+02 1.269144736842105203e+02
1.272500000000000000e+02 1.273355263157894797e+02 1.268881578947368354e+02
1.272066666666666634e+02 1.273599999999999994e+02 1.269333333333333371e+02
1.271466666666666612e+02 1.273533333333333388e+02 1.269333333333333371e+02
1.271866666666666674e+02 1.274200000000000017e+02 1.269866666666666646e+02
1.271666666666666714e+02 1.274599999999999937e+02 1.270266666666666708e+02
1.271800000000000068e+02 1.274466666666666725e+02 1.270866666666666731e+02
1.271523178807946977e+02 1.274238410596026512e+02 1.270529801324503296e+02
1.271866666666666674e+02 1.274000000000000057e+02 1.270066666666666606e+02
1.272214765100671201e+02 1.273691275167785193e+02 1.270536912751677789e+02
1.272533333333333303e+02 1.273266666666666680e+02 1.270933333333333337e+02
1.271599999999999966e+02 1.273933333333333309e+02 1.270333333333333314e+02
1.271533333333333360e+02 1.273799999999999955e+02 1.269399999999999977e+02
1.271866666666666674e+02 1.273199999999999932e+02 1.269933333333333394e+02
1.271533333333333360e+02 1.273266666666666680e+02 1.269000000000000057e+02
1.271466666666666612e+02 1.273799999999999955e+02 1.268733333333333348e+02
1.271666666666666714e+02 1.273733333333333348e+02 1.268400000000000034e+02
1.272133333333333383e+02 1.273599999999999994e+02 1.268799999999999955e+02
1.272466666666666697e+02 1.273799999999999955e+02 1.269066666666666663e+02
1.273046357615894095e+02 1.273841059602649040e+02 1.269271523178807968e+02
1.274200000000000017e+02 1.273400000000000034e+02 1.269399999999999977e+02
1.274238410596026512e+02 1.273178807947019919e+02 1.269536423841059616e+02
1.274768211920529808e+02 1.273509933774834479e+02 1.269205298013245056e+02
1.274800000000000040e+02 1.273599999999999994e+02 1.269466666666666725e+02
1.275466666666666669e+02 1.273599999999999994e+02 1.268866666666666703e+02
1.274569536423841072e+02 1.274039735099337776e+02 1.268807947019867584e+02
1.275131578947368354e+02 1.274407894736842053e+02 1.268486842105263150e+02
