1.267516778523489904e+02 1.274765100671140914e+02 1.270201342281879135e+02
1.268026315789473699e+02 1.274802631578947398e+02 1.269934210526315752e+02
1.267880794701986815e+02 1.275033112582781456e+02 1.270331125827814560e+02
1.267466666666666697e+02 1.274599999999999937e+02 1.270066666666666606e+02
1.266866666666666674e+02 1.274599999999999937e+02 1.270400000000000063e+02
1.267600000000000051e+02 1.274533333333333331e+02 1.270799999999999983e+02
1.268013245033112639e+02 1.273774834437086128e+02 1.270728476821192032e+02
1.267800000000000011e+02 1.273666666666666600e+02 1.270866666666666731e+02
1.266821192052980081e+02 1.274039735099337776e+02 1.271258278145695328e+02
1.267000000000000028e+02 1.273866666666666703e+02 1.270799999999999983e+02
1.267248322147651010e+02 1.273624161073825434e+02 1.270469798657718172e+02
1.267483443708609343e+02 1.273311258278145601e+02 1.270331125827814560e+02
1.266711409395973220e+02 1.273355704697986539e+02 1.269798657718120722e+02
1.267466666666666697e+02 1.272933333333333366e+02 1.269533333333333331e+02
1.267399999999999949e+02 1.272000000000000028e+02 1.269533333333333331e+02
1.268199999999999932e+02 1.272133333333333383e+02 1.269800000000000040e+02
1.268333333333333286e+02 1.270999999999999943e+02 1.269866666666666646e+02
1.267615894039735167e+02 1.271390728476821153e+02 1.269139072847682144e+02
1.266666666666666714e+02 1.272866666666666617e+02 1.268666666666666742e+02
1.266953642384106047e+02 1.271986754966887361e+02 1.269337748344370880e+02
1.267266666666666737e+02 1.272066666666666634e+02 1.269333333333333371e+02
1.267199999999999989e+02 1.272466666666666555e+02 1.269066666666666663e+02
1.267682119205297937e+02 1.272052980132450273e+02 1.269271523178807968e+02
1.267516778523489904e+02 1.271275167785234999e+02 1.269261744966442933e+02
1.267400000000000091e+02 1.271533333333333360e+02 1.269733333333333434e+02
1.267000000000000028e+02 1.270933333333333337e+02 1.269533333333333331e+02
1.266754966887417169e+02 1.271125827814569647e+02 1.269470198675496704e+02
1.266644295302013461e+02 1.271073825503355721e+02 1.269597315436241587e+02
1.266442953020134183e+02 1.270268456375838895e+02 1.269463087248322211e+02
1.266026490066225136e+02 1.270794701986755086e+02 1.269602649006622528e+02
1.266199999999999903e+02 1.271133333333333297e+02 1.270000000000000000e+02
1.265466666666666669e+02 1.271466666666666754e+02 1.269666666666666686e+02
1.265733333333333377e+02 1.270999999999999943e+02 1.269066666666666663e+02
1.265799999999999983e+02 1.271200000000000045e+02 1.269200000000000017e+02
1.265399999999999920e+02 1.271066666666666691e+02 1.268599999999999994e+02
1.266133333333333297e+02 1.270799999999999983e+02 1.267933333333333366e+02
1.266199999999999903e+02 1.270533333333333417e+02 1.267800000000000011e+02
1.266000000000000085e+02 1.270866666666666589e+02 1.267599999999999909e+02
1.265533333333333275e+02 1.270933333333333337e+02 1.267266666666666737e+02
1.265704697986577116e+02 1.271342281879194616e+02 1.267046979865771874e+02
1.265430463576158928e+02 1.270860927152317856e+02 1.267682119205298079e+02
1.264800000000000040e+02 1.270666666666666771e+02 1.267133333333333383e+02
1.265436241610738364e+02 1.270805369127516826e+02 1.267248322147651010e+02
1.265199999999999960e+02 1.270199999999999960e+02 1.267066666666666634e+02
1.265496688741721840e+02 1.270331125827814560e+02 1.266821192052980081e+02
1.264066666666666663e+02 1.270666666666666771e+02 1.266866666666666674e+02
1.264200000000000017e+02 1.270199999999999960e+02 1.266400000000000006e+02
1.263866666666666703e+02 1.270733333333333377e+02 1.266599999999999966e+02
1.264172185430463600e+02 1.270596026490066208e+02 1.265827814569536400e+02
1.264304635761589424e+02 1.271192052980132416e+02 1.266556291390728433e+02
1.264503311258278160e+02 1.270794701986755086e+02 1.265695364238410576e+02
1.265799999999999983e+02 1.270799999999999983e+02 1.265466666666666669e+02
1.265333333333333314e+02 1.270733333333333377e+02 1.265666666666666771e+02
1.264866666666666646e+02 1.270799999999999983e+02 1.265999999999999943e+02
1.264599999999999937e+02 1.270866666666666589e+02 1.265133333333333354e+02
1.264666666666666686e+02 1.270466666666666669e+02 1.265333333333333314e+02
1.264800000000000040e+02 1.270799999999999983e+02 1.265199999999999960e+02
1.264342105263157947e+02 1.270592105263157947e+02 1.266052631578947398e+02
1.263799999999999955e+02 1.271466666666666754e+02 1.266066666666666691e+02
1.263576158940397249e+02 1.271920529801324449e+02 1.266490066225165521e+02
1.264266666666666765e+02 1.271533333333333360e+02 1.266133333333333297e+02
1.264900662251655632e+02 1.271854304635761679e+02 1.266556291390728433e+02
1.264866666666666646e+02 1.271733333333333320e+02 1.266733333333333320e+02
1.264966887417218544e+02 1.271986754966887361e+02 1.267086092715231729e+02
1.265167785234899327e+02 1.272013422818791923e+02 1.267315436241610769e+02
1.264966887417218544e+02 1.272119205298013327e+02 1.267814569536423761e+02
1.265866666666666731e+02 1.270733333333333377e+02 1.267666666666666657e+02
1.265695364238410576e+02 1.270198675496688736e+02 1.268145695364238321e+02
1.265761589403973488e+02 1.269536423841059616e+02 1.267880794701986815e+02
1.265333333333333314e+02 1.268799999999999955e+02 1.267599999999999909e+02
1.264733333333333292e+02 1.269800000000000040e+02 1.267733333333333263e+02
1.264733333333333292e+02 1.269533333333333331e+02 1.267800000000000011e+02
1.264228187919463124e+02 1.269731543624161105e+02 1.267382550335570386e+02
1.265000000000000000e+02 1.270133333333333354e+02 1.267066666666666634e+02
1.265000000000000000e+02 1.269666666666666686e+02 1.267199999999999989e+02
1.264466666666666583e+02 1.270933333333333337e+02 1.267199999999999989e+02
1.264362416107382501e+02 1.270872483221476585e+02 1.267114093959731491e+02
1.265135135135135158e+02 1.271013513513513544e+02 1.266689189189189193e+02
1.264630872483221395e+02 1.270671140939597450e+02 1.266375838926174566e+02
1.264189189189189193e+02 1.271351351351351298e+02 1.266959459459459367e+02
1.263557046979865817e+02 1.271208053691275097e+02 1.267248322147651010e+02
1.263599999999999994e+02 1.271733333333333320e+02 1.267066666666666634e+02
1.263087248322147644e+02 1.271610738255033510e+02 1.267248322147651010e+02
1.263020134228187885e+02 1.271543624161073893e+02 1.267181208053691250e+02
1.262666666666666657e+02 1.271533333333333360e+02 1.267199999999999989e+02
1.262684563758389231e+02 1.272013422818791923e+02 1.266711409395973078e+02
1.262281879194630960e+02 1.271946308724832306e+02 1.266912751677852356e+02
1.262199999999999989e+02 1.271466666666666754e+02 1.266799999999999926e+02
1.262133333333333240e+02 1.271666666666666572e+02 1.266066666666666691e+02
1.262416107382550337e+02 1.272080536912751683e+02 1.265973154362416153e+02
1.262533333333333303e+02 1.271933333333333280e+02 1.266066666666666691e+02
1.262108843537415055e+02 1.274013605442176811e+02 1.265646258503401498e+02
1.261476510067113992e+02 1.273959731543624230e+02 1.265503355704697981e+02
1.261216216216216139e+02 1.275202702702702737e+02 1.265405405405405475e+02
1.260816326530612344e+02 1.275102040816326507e+02 1.265714285714285694e+02
1.260337837837837895e+02 1.275270270270270316e+02 1.265743243243243228e+02
1.260675675675675649e+02 1.275472972972972912e+02 1.264864864864864842e+02
1.260675675675675649e+02 1.275472972972972912e+02 1.264864864864864842e+02
1.260945945945945965e+02 1.274797297297297263e+02 1.264662162162162247e+02
1.260675675675675649e+02 1.274459459459459509e+02 1.264662162162162247e+02
1.260945945945945965e+02 1.273986486486486456e+02 1.264729729729729684e+02
1.261891891891891788e+02 1.273513513513513544e+02 1.264729729729729684e+02
1.262094594594594525e+02 1.273175675675675791e+02 1.264797297297297263e+02
1.261006711409396104e+02 1.273087248322147644e+02 1.264429530201342402e+02
1.261891891891891788e+02 1.273040540540540633e+02 1.264121621621621614e+02
1.261283783783783718e+02 1.274189189189189193e+02 1.263986486486486456e+02
1.261351351351351298e+02 1.274256756756756772e+02 1.263716216216216282e+02
1.261275167785234856e+02 1.274228187919462982e+02 1.263624161073825434e+02
1.260945945945945965e+02 1.274054054054054035e+02 1.263310810810810807e+02
1.261677852348993270e+02 1.274161073825503365e+02 1.263355704697986539e+02
1.261891891891891788e+02 1.273783783783783861e+02 1.263918918918919019e+02
1.262229729729729684e+02 1.273581081081081123e+02 1.264189189189189193e+02
1.261812080536912788e+02 1.273288590604026922e+02 1.264429530201342402e+02
1.261891891891891788e+02 1.272702702702702595e+02 1.264729729729729684e+02
1.261800000000000068e+02 1.273266666666666538e+02 1.264800000000000040e+02
1.261999999999999886e+02 1.273200000000000074e+02 1.264399999999999977e+02
1.262013422818791923e+02 1.273355704697986539e+02 1.264362416107382501e+02
1.262080536912751683e+02 1.272953020134228126e+02 1.264228187919463124e+02
1.261677852348993270e+02 1.272751677852348990e+02 1.263691275167785193e+02
1.262013422818791923e+02 1.271946308724832306e+02 1.263624161073825434e+02
1.262666666666666657e+02 1.272599999999999909e+02 1.263599999999999994e+02
1.262550335570469855e+02 1.272751677852348990e+02 1.263422818791946298e+02
1.262600000000000051e+02 1.272866666666666617e+02 1.263733333333333348e+02
1.263221476510067163e+02 1.273422818791946298e+02 1.264429530201342402e+02
1.262999999999999972e+02 1.273333333333333286e+02 1.264666666666666686e+02
1.262684563758389231e+02 1.272214765100671201e+02 1.263557046979865817e+02
1.262818791946308608e+02 1.272348993288590577e+02 1.263892617449664471e+02
1.262185430463576239e+02 1.271788079470198767e+02 1.263774834437086128e+02
1.262885906040268509e+02 1.271677852348993270e+02 1.263355704697986539e+02
1.263691275167785193e+02 1.271677852348993270e+02 1.263758389261744952e+02
1.263959731543624088e+02 1.272013422818791923e+02 1.264093959731543606e+02
1.263933333333333309e+02 1.271466666666666754e+02 1.264266666666666623e+02
1.263691275167785193e+02 1.271677852348993270e+02 1.264362416107382501e+02
1.263933333333333309e+02 1.272000000000000028e+02 1.264866666666666788e+02
1.263959731543624088e+02 1.272416107382550337e+02 1.264362416107382501e+02
1.264324324324324351e+02 1.272162162162162105e+02 1.264797297297297263e+02
1.264370860927152336e+02 1.271655629139072801e+02 1.264966887417218544e+02
1.264662162162162247e+02 1.272094594594594525e+02 1.265135135135135158e+02
1.265333333333333314e+02 1.272533333333333303e+02 1.265199999999999960e+02
1.265472972972972912e+02 1.272364864864864842e+02 1.265202702702702737e+02
1.266599999999999966e+02 1.272533333333333303e+02 1.265333333333333314e+02
1.266622516556291345e+02 1.272781456953642447e+02 1.265298013245033104e+02
1.266666666666666714e+02 1.272066666666666634e+02 1.265400000000000063e+02
1.267866666666666617e+02 1.272666666666666657e+02 1.265066666666666606e+02
1.267019867549668817e+02 1.272847682119205359e+02 1.265629139072847664e+02
1.267733333333333263e+02 1.272800000000000011e+02 1.265999999999999943e+02
1.267615894039735167e+02 1.272516556291390799e+02 1.266357615894039697e+02
1.267350993377483377e+02 1.272781456953642447e+02 1.266688741721854399e+02
1.267400000000000091e+02 1.272933333333333366e+02 1.267000000000000028e+02
1.266733333333333320e+02 1.273066666666666720e+02 1.268066666666666720e+02
1.266357615894039697e+02 1.273708609271523216e+02 1.267814569536423761e+02
1.266357615894039697e+02 1.273509933774834479e+02 1.267947019867549727e+02
1.266400000000000006e+02 1.273733333333333348e+02 1.267333333333333343e+02
1.266308724832214807e+02 1.273422818791946298e+02 1.267315436241610769e+02
1.266577181208053702e+02 1.273758389261745094e+02 1.267583892617449663e+02
1.266533333333333360e+02 1.273866666666666703e+02 1.267466666666666555e+02
1.266533333333333360e+02 1.273800000000000097e+02 1.267466666666666555e+02
1.266711409395973220e+02 1.273758389261745094e+02 1.266912751677852356e+02
1.266266666666666652e+02 1.273200000000000074e+02 1.266799999999999926e+02
1.266199999999999903e+02 1.273399999999999892e+02 1.267199999999999989e+02
1.266533333333333360e+02 1.272999999999999972e+02 1.267000000000000028e+02
1.267466666666666697e+02 1.273733333333333348e+02 1.266933333333333280e+02
1.267533333333333445e+02 1.274000000000000057e+02 1.267466666666666555e+02
1.268266666666666680e+02 1.272933333333333366e+02 1.267933333333333366e+02
1.267631578947368354e+02 1.273092105263157947e+02 1.268881578947368354e+02
1.267682119205297937e+02 1.272980132450331041e+02 1.268344370860927199e+02
1.268322147651006588e+02 1.273355704697986539e+02 1.268187919463087354e+02
1.268456375838926249e+02 1.273221476510067163e+02 1.268322147651006730e+02
1.268866666666666703e+02 1.273066666666666720e+02 1.268333333333333286e+02
1.269200000000000017e+02 1.272800000000000011e+02 1.268733333333333348e+02
1.268733333333333348e+02 1.272133333333333383e+02 1.268866666666666703e+02
1.267666666666666657e+02 1.272600000000000051e+02 1.267733333333333263e+02
1.267615894039735167e+02 1.271655629139072801e+02 1.268476821192053023e+02
1.267133333333333383e+02 1.272133333333333383e+02 1.268799999999999955e+02
1.267368421052631646e+02 1.272236842105263150e+02 1.268355263157894797e+02
1.267333333333333343e+02 1.272533333333333303e+02 1.268266666666666680e+02
1.267666666666666657e+02 1.272066666666666634e+02 1.268066666666666720e+02
1.267866666666666617e+02 1.271466666666666612e+02 1.268799999999999955e+02
1.267733333333333263e+02 1.271266666666666652e+02 1.268666666666666600e+02
1.267133333333333383e+02 1.271066666666666691e+02 1.268199999999999932e+02
1.267266666666666737e+02 1.271266666666666652e+02 1.267800000000000011e+02
1.267600000000000051e+02 1.270600000000000023e+02 1.267733333333333263e+02
1.267333333333333343e+02 1.270600000000000023e+02 1.267933333333333366e+02
1.266887417218542993e+02 1.270927152317880768e+02 1.267019867549668817e+02
1.267019867549668817e+02 1.270993377483443680e+02 1.267218543046357553e+02
1.267066666666666634e+02 1.270999999999999943e+02 1.266866666666666674e+02
1.267000000000000028e+02 1.270533333333333275e+02 1.266666666666666714e+02
1.267199999999999989e+02 1.270400000000000063e+02 1.267000000000000028e+02
1.267086092715231729e+02 1.270198675496688736e+02 1.267019867549668817e+02
1.267919463087248317e+02 1.269395973154362451e+02 1.267181208053691250e+02
1.267666666666666657e+02 1.269666666666666686e+02 1.268266666666666538e+02
1.267748344370860849e+02 1.269470198675496704e+02 1.267417218543046289e+02
1.267763157894736850e+02 1.269276315789473699e+02 1.267302631578947398e+02
1.268223684210526301e+02 1.269605263157894797e+02 1.267368421052631646e+02
1.267284768211920465e+02 1.269470198675496704e+02 1.267152317880794641e+02
1.267199999999999989e+02 1.269333333333333371e+02 1.267666666666666657e+02
1.267350993377483377e+02 1.269205298013245056e+02 1.267615894039735167e+02
1.266933333333333280e+02 1.268666666666666600e+02 1.268266666666666680e+02
1.267133333333333383e+02 1.268866666666666703e+02 1.267533333333333303e+02
1.267866666666666617e+02 1.268733333333333348e+02 1.268333333333333286e+02
1.267986577181208077e+02 1.270067114093959759e+02 1.267382550335570528e+02
1.268266666666666680e+02 1.270066666666666606e+02 1.267399999999999949e+02
1.269333333333333371e+02 1.270466666666666669e+02 1.267999999999999972e+02
1.269200000000000017e+02 1.269866666666666646e+02 1.268533333333333388e+02
1.269666666666666686e+02 1.270066666666666606e+02 1.268799999999999955e+02
1.269261744966442933e+02 1.269664429530201346e+02 1.268255033557046971e+02
1.269333333333333229e+02 1.269666666666666686e+02 1.268866666666666703e+02
1.269266666666666765e+02 1.269800000000000040e+02 1.269333333333333371e+02
1.269333333333333229e+02 1.269733333333333434e+02 1.269200000000000017e+02
1.269533333333333331e+02 1.269866666666666788e+02 1.269333333333333371e+02
1.270197368421052602e+02 1.269671052631579045e+02 1.269671052631578902e+02
1.268523489932885866e+02 1.270805369127516826e+02 1.269530201342281828e+02
1.268599999999999994e+02 1.270799999999999983e+02 1.269000000000000057e+02
1.268666666666666600e+02 1.270400000000000063e+02 1.269800000000000040e+02
1.268874172185430496e+02 1.270529801324503296e+02 1.269271523178807968e+02
1.269133333333333269e+02 1.270600000000000023e+02 1.269399999999999977e+02
1.269328859060402692e+02 1.271006711409395962e+02 1.269395973154362451e+02
1.269333333333333229e+02 1.271400000000000006e+02 1.268533333333333388e+02
1.269599999999999937e+02 1.272666666666666657e+02 1.268666666666666742e+02
1.269733333333333292e+02 1.272933333333333366e+02 1.268666666666666600e+02
1.269403973509933792e+02 1.273311258278145743e+02 1.269470198675496704e+02
1.269127516778523557e+02 1.273154362416107404e+02 1.269530201342281828e+02
1.268926174496644279e+02 1.272818791946308750e+02 1.269664429530201346e+02
1.269466666666666725e+02 1.273199999999999932e+02 1.269933333333333394e+02
1.269536423841059616e+02 1.273642384105960303e+02 1.269403973509933792e+02
1.269266666666666623e+02 1.273466666666666640e+02 1.269133333333333269e+02
1.270066666666666606e+02 1.272733333333333263e+02 1.268799999999999955e+02
1.269934210526315752e+02 1.273223684210526301e+02 1.268947368421052602e+02
1.269536423841059616e+02 1.272913907284768271e+02 1.269072847682119232e+02
1.269536423841059616e+02 1.272450331125827745e+02 1.269072847682119232e+02
1.268533333333333388e+02 1.272199999999999989e+02 1.269066666666666663e+02
1.268590604026845625e+02 1.272550335570469855e+02 1.268657718120805384e+02
1.268940397350993408e+02 1.272582781456953711e+02 1.268874172185430496e+02
1.269333333333333371e+02 1.272800000000000011e+02 1.268466666666666640e+02
1.269133333333333269e+02 1.272800000000000011e+02 1.268400000000000034e+02
1.269403973509933792e+02 1.272052980132450273e+02 1.268609271523178847e+02
1.269271523178807968e+02 1.271523178807946977e+02 1.268940397350993408e+02
1.268675496688741759e+02 1.271125827814569504e+02 1.268940397350993408e+02
1.269533333333333331e+02 1.270600000000000023e+02 1.269266666666666623e+02
1.270000000000000000e+02 1.270134228187919518e+02 1.269127516778523557e+02
1.269599999999999937e+02 1.270600000000000023e+02 1.268733333333333348e+02
1.270000000000000000e+02 1.270133333333333354e+02 1.268199999999999932e+02
1.270000000000000000e+02 1.269399999999999977e+02 1.268066666666666720e+02
1.270066666666666606e+02 1.270000000000000000e+02 1.268133333333333326e+02
1.270402684563758413e+02 1.270000000000000000e+02 1.268389261744966490e+02
1.270986842105263150e+02 1.270986842105263150e+02 1.268289473684210549e+02
1.270933333333333337e+02 1.271599999999999966e+02 1.267399999999999949e+02
1.270733333333333377e+02 1.271533333333333360e+02 1.267266666666666737e+02
1.270728476821192032e+02 1.271390728476821153e+02 1.267350993377483377e+02
1.270536912751677789e+02 1.271208053691275097e+02 1.267382550335570528e+02
1.270533333333333275e+02 1.271733333333333320e+02 1.267333333333333343e+02
1.270866666666666731e+02 1.271466666666666612e+02 1.267533333333333303e+02
1.270131578947368354e+02 1.271184210526315752e+02 1.267500000000000000e+02
1.269800000000000040e+02 1.272333333333333343e+02 1.267800000000000011e+02
1.269867549668874176e+02 1.271655629139072801e+02 1.268211920529801375e+02
1.269933333333333394e+02 1.271133333333333297e+02 1.268400000000000034e+02
1.270000000000000000e+02 1.271400000000000006e+02 1.268333333333333286e+02
1.269867549668874176e+02 1.271390728476821153e+02 1.267814569536423903e+02
1.269060402684563797e+02 1.270872483221476443e+02 1.268187919463087212e+02
1.269865771812080482e+02 1.271006711409395962e+02 1.267986577181208077e+02
1.270728476821192032e+02 1.270927152317880768e+02 1.268410596026490111e+02
1.270600000000000023e+02 1.270799999999999983e+02 1.268199999999999932e+02
1.270533333333333275e+02 1.270333333333333314e+02 1.268333333333333286e+02
1.270927152317880768e+02 1.270132450331125824e+02 1.268410596026490111e+02
1.270266666666666708e+02 1.270333333333333314e+02 1.267999999999999972e+02
1.270333333333333314e+02 1.270533333333333275e+02 1.267999999999999972e+02
1.269866666666666646e+02 1.269800000000000040e+02 1.268666666666666600e+02
1.270402684563758413e+02 1.269731543624161105e+02 1.268590604026845625e+02
1.270466666666666669e+02 1.269933333333333394e+02 1.267999999999999972e+02
1.269731543624161105e+02 1.269865771812080482e+02 1.268456375838926107e+02
1.269333333333333371e+02 1.270199999999999960e+02 1.268733333333333348e+02
1.270066666666666606e+02 1.269866666666666646e+02 1.268266666666666680e+02
1.270600000000000023e+02 1.269866666666666646e+02 1.267933333333333366e+02
1.271400000000000006e+02 1.270066666666666606e+02 1.267733333333333263e+02
1.272399999999999949e+02 1.270733333333333377e+02 1.267666666666666657e+02
1.272000000000000028e+02 1.270400000000000063e+02 1.267999999999999972e+02
1.271733333333333320e+02 1.270666666666666629e+02 1.267933333333333366e+02
1.272052980132450273e+02 1.271258278145695328e+02 1.267880794701986815e+02
1.271920529801324449e+02 1.271324503311258241e+02 1.268344370860927199e+02
1.271466666666666612e+02 1.271866666666666674e+02 1.268400000000000034e+02
1.271400000000000006e+02 1.271933333333333280e+02 1.268333333333333286e+02
1.271333333333333400e+02 1.271400000000000006e+02 1.268333333333333286e+02
1.271466666666666612e+02 1.271533333333333360e+02 1.267933333333333366e+02
1.271333333333333400e+02 1.271933333333333280e+02 1.267733333333333263e+02
1.271800000000000068e+02 1.272199999999999989e+02 1.268199999999999932e+02
1.272450331125827745e+02 1.272052980132450273e+02 1.268211920529801375e+02
1.272266666666666737e+02 1.272466666666666697e+02 1.268266666666666680e+02
1.272866666666666617e+02 1.273533333333333388e+02 1.268533333333333388e+02
1.272999999999999972e+02 1.273400000000000034e+02 1.268466666666666640e+02
1.273221476510067163e+02 1.273489932885906057e+02 1.268590604026845625e+02
1.273133333333333326e+02 1.273599999999999994e+02 1.268799999999999955e+02
1.273066666666666720e+02 1.273333333333333286e+02 1.268333333333333286e+02
1.273642384105960303e+02 1.273443708609271567e+02 1.268609271523178847e+02
1.273666666666666600e+02 1.272666666666666657e+02 1.268799999999999955e+02
1.274304635761589424e+02 1.271324503311258241e+02 1.269139072847682144e+02
1.274266666666666623e+02 1.270999999999999943e+02 1.269133333333333269e+02
1.275333333333333314e+02 1.270866666666666731e+02 1.269000000000000057e+02
1.275933333333333337e+02 1.270266666666666708e+02 1.269133333333333269e+02
1.275400000000000063e+02 1.270533333333333275e+02 1.269666666666666686e+02
1.275266666666666708e+02 1.270799999999999983e+02 1.270266666666666708e+02
1.275333333333333314e+02 1.270733333333333377e+02 1.269800000000000040e+02
1.275533333333333275e+02 1.270466666666666669e+02 1.269599999999999937e+02
1.275400000000000063e+02 1.270933333333333337e+02 1.269333333333333371e+02
1.276200000000000045e+02 1.271066666666666691e+02 1.268866666666666703e+02
1.275629139072847664e+02 1.271125827814569504e+02 1.268675496688741759e+02
1.275400000000000063e+02 1.271133333333333297e+02 1.268466666666666640e+02
1.275133333333333354e+02 1.271533333333333360e+02 1.268599999999999994e+02
1.274733333333333292e+02 1.271599999999999966e+02 1.268799999999999955e+02
1.274466666666666725e+02 1.271800000000000068e+02 1.268333333333333286e+02
1.275099337748344368e+02 1.271456953642384065e+02 1.268609271523178847e+02
1.275266666666666708e+02 1.271266666666666652e+02 1.268199999999999932e+02
1.275430463576158928e+02 1.271059602649006592e+02 1.268278145695364287e+02
1.274563758389261778e+02 1.271409395973154375e+02 1.268724832214765144e+02
1.274200000000000017e+02 1.271733333333333320e+02 1.268733333333333348e+02
1.273642384105960303e+02 1.273046357615894095e+02 1.268476821192053023e+02
1.274105960264900688e+02 1.272847682119205359e+02 1.268410596026490111e+02
1.274533333333333331e+02 1.273400000000000034e+02 1.268066666666666720e+02
1.274466666666666725e+02 1.273666666666666600e+02 1.268066666666666720e+02
1.274503311258278160e+02 1.273973509933774864e+02 1.268410596026490111e+02
1.274599999999999937e+02 1.274133333333333269e+02 1.267266666666666737e+02
1.274599999999999937e+02 1.274333333333333371e+02 1.267600000000000051e+02
1.274000000000000057e+02 1.274266666666666623e+02 1.267800000000000011e+02
1.275099337748344368e+02 1.274039735099337776e+02 1.267218543046357553e+02
1.275266666666666708e+02 1.274133333333333269e+02 1.267066666666666634e+02
1.275562913907284752e+02 1.273774834437086128e+02 1.267284768211920465e+02
1.275100671140939568e+02 1.273959731543624230e+02 1.267718120805369182e+02
1.275133333333333354e+02 1.273066666666666720e+02 1.267199999999999989e+02
1.274569536423841072e+02 1.272781456953642447e+02 1.267748344370860991e+02
1.274599999999999937e+02 1.273066666666666720e+02 1.267133333333333383e+02
1.275133333333333354e+02 1.272800000000000011e+02 1.266866666666666674e+02
1.275165562913907280e+02 1.272781456953642447e+02 1.267483443708609201e+02
1.274900662251655632e+02 1.273245033112582831e+02 1.267549668874172255e+02
1.274866666666666646e+02 1.273333333333333286e+02 1.267800000000000011e+02
1.273774834437086128e+02 1.274039735099337776e+02 1.267947019867549727e+02
1.274569536423841072e+02 1.273907284768211952e+02 1.268145695364238463e+02
1.274066666666666663e+02 1.273799999999999955e+02 1.267999999999999972e+02
1.274800000000000040e+02 1.274066666666666663e+02 1.267800000000000011e+02
1.273841059602649040e+02 1.275231788079470192e+02 1.267947019867549727e+02
1.273400000000000034e+02 1.275199999999999960e+02 1.267800000000000011e+02
1.273066666666666720e+02 1.275133333333333354e+02 1.267800000000000011e+02
1.273133333333333326e+02 1.274733333333333292e+02 1.267466666666666697e+02
1.273066666666666720e+02 1.274133333333333269e+02 1.267466666666666697e+02
1.272733333333333263e+02 1.274800000000000040e+02 1.267800000000000011e+02
1.272980132450331183e+02 1.274304635761589424e+02 1.267549668874172255e+02
1.272933333333333366e+02 1.274133333333333269e+02 1.267399999999999949e+02
1.272894736842105203e+02 1.273486842105263150e+02 1.267631578947368354e+02
1.272533333333333303e+02 1.273333333333333286e+02 1.267133333333333383e+02
1.273311258278145743e+02 1.273642384105960303e+02 1.267152317880794641e+02
1.273533333333333388e+02 1.273466666666666640e+02 1.267399999999999949e+02
1.272866666666666617e+02 1.273466666666666640e+02 1.267533333333333303e+02
1.272697368421052602e+02 1.273289473684210549e+02 1.267828947368421098e+02
1.272466666666666697e+02 1.272866666666666617e+02 1.268133333333333326e+02
1.272450331125827745e+02 1.272913907284768129e+02 1.268278145695364287e+02
1.271342281879194616e+02 1.273020134228187885e+02 1.268389261744966490e+02
1.270999999999999943e+02 1.273200000000000074e+02 1.268266666666666538e+02
1.271589403973509889e+02 1.273311258278145743e+02 1.268145695364238463e+02
1.271333333333333400e+02 1.273866666666666703e+02 1.268133333333333326e+02
1.272185430463576097e+02 1.273245033112582831e+02 1.267748344370860991e+02
1.272333333333333343e+02 1.273400000000000034e+02 1.268133333333333326e+02
1.272666666666666657e+02 1.272800000000000011e+02 1.267800000000000011e+02
1.272600000000000051e+02 1.272666666666666657e+02 1.267800000000000011e+02
1.273266666666666680e+02 1.272266666666666737e+02 1.268266666666666680e+02
1.273199999999999932e+02 1.271866666666666674e+02 1.268866666666666703e+02
1.273133333333333326e+02 1.271800000000000068e+02 1.268866666666666703e+02
1.273066666666666720e+02 1.271866666666666674e+02 1.268599999999999994e+02
1.273799999999999955e+02 1.272333333333333343e+02 1.268799999999999955e+02
1.274200000000000017e+02 1.272133333333333383e+02 1.268666666666666600e+02
1.274200000000000017e+02 1.271666666666666714e+02 1.268799999999999955e+02
1.274200000000000017e+02 1.271666666666666714e+02 1.268799999999999955e+02
1.274066666666666663e+02 1.271933333333333280e+02 1.268199999999999932e+02
1.273907284768211952e+02 1.271854304635761537e+02 1.267682119205298079e+02
1.273825503355704711e+02 1.272147651006711442e+02 1.267718120805369182e+02
1.273799999999999955e+02 1.271800000000000068e+02 1.267533333333333303e+02
1.273841059602649040e+02 1.271589403973509889e+02 1.267284768211920465e+02
1.273599999999999994e+02 1.271133333333333297e+02 1.266666666666666714e+02
1.273422818791946298e+02 1.271543624161073893e+02 1.266644295302013461e+02
1.273133333333333326e+02 1.271599999999999966e+02 1.266733333333333320e+02
1.273933333333333309e+02 1.272533333333333303e+02 1.266800000000000068e+02
1.273466666666666640e+02 1.272066666666666634e+02 1.265933333333333337e+02
1.273599999999999994e+02 1.271800000000000068e+02 1.265933333333333337e+02
1.273533333333333388e+02 1.271400000000000006e+02 1.265799999999999983e+02
1.273223684210526301e+02 1.271315789473684248e+02 1.265592105263157947e+02
1.273199999999999932e+02 1.271400000000000006e+02 1.265333333333333314e+02
1.272617449664429472e+02 1.271946308724832164e+02 1.265369127516778462e+02
1.272483221476510096e+02 1.272751677852348990e+02 1.265570469798657740e+02
1.272147651006711442e+02 1.272147651006711442e+02 1.265771812080536876e+02
1.272399999999999949e+02 1.272533333333333303e+02 1.265066666666666606e+02
1.272533333333333303e+02 1.272466666666666697e+02 1.265199999999999960e+02
1.272185430463576097e+02 1.271854304635761537e+02 1.265298013245033104e+02
1.272733333333333263e+02 1.271400000000000006e+02 1.265666666666666629e+02
1.272781456953642447e+02 1.271258278145695328e+02 1.265562913907284752e+02
1.272800000000000011e+02 1.271733333333333320e+02 1.265999999999999943e+02
1.272266666666666737e+02 1.271133333333333297e+02 1.266266666666666652e+02
1.272266666666666737e+02 1.271800000000000068e+02 1.266333333333333400e+02
1.272119205298013185e+02 1.272384105960264833e+02 1.265364238410596016e+02
1.272399999999999949e+02 1.272533333333333303e+02 1.265533333333333275e+02
1.272582781456953711e+02 1.272317880794701921e+02 1.266225165562913872e+02
1.272913907284768271e+02 1.271920529801324449e+02 1.265695364238410576e+02
1.272800000000000011e+02 1.272199999999999989e+02 1.265533333333333275e+02
1.273311258278145743e+02 1.272582781456953711e+02 1.265629139072847664e+02
1.272733333333333263e+02 1.271933333333333280e+02 1.265866666666666731e+02
1.273400000000000034e+02 1.272666666666666657e+02 1.265866666666666731e+02
1.273333333333333286e+02 1.272933333333333366e+02 1.265999999999999943e+02
1.273400000000000034e+02 1.273199999999999932e+02 1.265866666666666731e+02
1.273466666666666640e+02 1.273400000000000034e+02 1.266599999999999966e+02
1.273377483443708655e+02 1.272980132450331183e+02 1.266556291390728433e+02
1.273933333333333309e+02 1.272399999999999949e+02 1.266466666666666612e+02
1.274635761589403984e+02 1.274039735099337776e+02 1.266556291390728433e+02
1.274800000000000040e+02 1.274466666666666725e+02 1.267600000000000051e+02
1.275133333333333354e+02 1.274133333333333269e+02 1.266866666666666674e+02
1.275033112582781456e+02 1.273509933774834479e+02 1.266158940397350960e+02
1.275231788079470192e+02 1.273377483443708655e+02 1.265960264900662224e+02
1.275466666666666669e+02 1.273599999999999994e+02 1.266666666666666714e+02
1.275704697986577116e+02 1.273959731543624230e+02 1.265838926174496635e+02
1.275600000000000023e+02 1.273933333333333309e+02 1.265533333333333275e+02
1.276066666666666691e+02 1.273533333333333388e+02 1.265199999999999960e+02
1.276200000000000045e+02 1.273599999999999994e+02 1.265333333333333314e+02
1.276266666666666652e+02 1.273533333333333388e+02 1.265199999999999960e+02
1.275799999999999983e+02 1.273733333333333348e+02 1.265933333333333337e+02
1.275600000000000023e+02 1.273866666666666703e+02 1.266133333333333297e+02
1.275400000000000063e+02 1.273599999999999994e+02 1.265733333333333377e+02
1.275266666666666708e+02 1.273599999999999994e+02 1.265866666666666731e+02
1.275600000000000023e+02 1.273199999999999932e+02 1.266066666666666691e+02
1.275771812080536876e+02 1.274295302013422884e+02 1.266107382550335529e+02
1.275827814569536400e+02 1.273576158940397391e+02 1.266092715231788048e+02
1.275666666666666629e+02 1.274133333333333269e+02 1.266466666666666612e+02
1.275400000000000063e+02 1.273599999999999994e+02 1.266466666666666612e+02
1.275496688741721840e+02 1.274105960264900688e+02 1.266092715231788048e+02
1.275933333333333337e+02 1.274333333333333371e+02 1.265933333333333337e+02
1.276266666666666652e+02 1.274466666666666725e+02 1.265600000000000023e+02
1.275666666666666629e+02 1.274333333333333371e+02 1.265733333333333377e+02
1.275771812080536876e+02 1.273825503355704711e+02 1.265570469798657740e+02
1.275799999999999983e+02 1.274399999999999977e+02 1.266200000000000045e+02
1.276066666666666691e+02 1.274466666666666725e+02 1.266533333333333360e+02
1.276200000000000045e+02 1.275133333333333354e+02 1.266400000000000006e+02
1.275999999999999943e+02 1.275066666666666606e+02 1.266533333333333360e+02
1.275906040268456394e+02 1.275100671140939568e+02 1.267046979865771874e+02
1.275960264900662224e+02 1.274635761589403984e+02 1.267019867549668817e+02
1.275999999999999943e+02 1.274800000000000040e+02 1.266733333333333320e+02
1.275933333333333337e+02 1.275000000000000000e+02 1.266599999999999966e+02
1.275533333333333275e+02 1.275466666666666669e+02 1.266400000000000006e+02
1.276778523489932837e+02 1.275973154362416153e+02 1.266174496644295289e+02
1.276887417218542993e+02 1.276821192052980081e+02 1.266887417218542993e+02
1.277615894039735167e+02 1.276887417218542993e+02 1.266953642384105905e+02
1.278199999999999932e+02 1.277133333333333383e+02 1.266800000000000068e+02
1.278400000000000034e+02 1.277133333333333383e+02 1.266066666666666691e+02
1.278400000000000034e+02 1.276666666666666714e+02 1.266200000000000045e+02
1.277999999999999972e+02 1.277333333333333343e+02 1.266666666666666714e+02
1.277800000000000011e+02 1.277466666666666697e+02 1.266133333333333297e+02
1.278199999999999932e+02 1.277399999999999949e+02 1.266200000000000045e+02
1.277866666666666617e+02 1.276866666666666674e+02 1.266800000000000068e+02
1.278066666666666720e+02 1.276599999999999966e+02 1.267333333333333343e+02
1.278199999999999932e+02 1.277000000000000028e+02 1.267533333333333303e+02
1.278724832214765144e+02 1.276510067114093943e+02 1.267315436241610769e+02
1.278866666666666703e+02 1.277266666666666737e+02 1.267800000000000011e+02
1.278133333333333326e+02 1.277199999999999989e+02 1.267199999999999989e+02
1.278675496688741759e+02 1.277284768211920465e+02 1.267218543046357553e+02
1.279000000000000057e+02 1.277199999999999989e+02 1.267600000000000051e+02
1.279133333333333269e+02 1.277733333333333263e+02 1.267866666666666617e+02
1.278609271523178847e+02 1.278079470198675551e+02 1.267880794701986815e+02
1.278933333333333309e+02 1.277933333333333366e+02 1.267133333333333383e+02
1.278733333333333348e+02 1.278333333333333286e+02 1.267199999999999989e+02
1.279666666666666686e+02 1.278866666666666703e+02 1.267600000000000051e+02
1.279466666666666725e+02 1.278533333333333388e+02 1.267399999999999949e+02
1.279399999999999977e+02 1.277733333333333263e+02 1.267600000000000051e+02
1.279801324503311264e+02 1.278079470198675551e+02 1.267350993377483377e+02
1.279533333333333331e+02 1.278799999999999955e+02 1.266666666666666714e+02
1.279668874172185440e+02 1.278609271523178847e+02 1.266887417218542993e+02
1.279539473684210549e+02 1.278881578947368354e+02 1.266973684210526301e+02
1.279337748344370880e+02 1.278609271523178847e+02 1.266754966887417169e+02
1.279733333333333292e+02 1.278199999999999932e+02 1.266933333333333280e+02
1.278799999999999955e+02 1.278466666666666640e+02 1.266266666666666652e+02
1.278599999999999994e+02 1.278266666666666680e+02 1.266266666666666652e+02
1.278666666666666600e+02 1.277800000000000011e+02 1.265933333333333337e+02
1.278874172185430496e+02 1.278013245033112639e+02 1.266357615894039697e+02
1.278933333333333309e+02 1.278666666666666600e+02 1.266333333333333400e+02
1.278733333333333348e+02 1.278466666666666640e+02 1.266466666666666612e+02
1.278120805369127453e+02 1.279060402684563797e+02 1.266174496644295289e+02
1.278733333333333348e+02 1.278799999999999955e+02 1.266266666666666652e+02
1.278333333333333286e+02 1.278533333333333388e+02 1.266400000000000006e+02
1.277748344370860991e+02 1.277880794701986815e+02 1.266821192052980081e+02
1.278199999999999932e+02 1.277866666666666617e+02 1.266533333333333360e+02
1.278666666666666600e+02 1.277866666666666617e+02 1.267199999999999989e+02
1.278799999999999955e+02 1.277199999999999989e+02 1.267399999999999949e+02
1.278533333333333388e+02 1.277466666666666697e+02 1.267399999999999949e+02
1.278013245033112639e+02 1.276754966887417311e+02 1.266622516556291345e+02
1.278000000000000114e+02 1.276733333333333320e+02 1.266999999999999886e+02
1.277785234899328799e+02 1.277046979865771874e+02 1.267449664429530145e+02
1.277399999999999949e+02 1.277333333333333343e+02 1.267866666666666617e+02
1.277533333333333303e+02 1.278199999999999932e+02 1.268266666666666680e+02
1.277999999999999972e+02 1.278199999999999932e+02 1.268133333333333326e+02
1.277880794701986815e+02 1.278410596026490111e+02 1.268278145695364287e+02
1.278066666666666720e+02 1.278599999999999994e+02 1.268266666666666680e+02
1.278400000000000034e+02 1.278533333333333388e+02 1.268400000000000034e+02
1.278333333333333286e+02 1.277800000000000011e+02 1.268266666666666680e+02
1.278466666666666640e+02 1.277866666666666617e+02 1.268400000000000034e+02
1.278133333333333326e+02 1.278199999999999932e+02 1.269733333333333292e+02
1.278400000000000034e+02 1.277866666666666617e+02 1.270199999999999960e+02
1.278266666666666680e+02 1.278000000000000114e+02 1.269866666666666646e+02
1.277800000000000011e+02 1.278000000000000114e+02 1.269000000000000057e+02
