1.260264900662251648e+02 1.282052980132450273e+02 1.268013245033112639e+02
1.260266666666666708e+02 1.282133333333333383e+02 1.269733333333333292e+02
1.260457516339869244e+02 1.281045751633986924e+02 1.269346405228758101e+02
1.261103896103896034e+02 1.280974025974026063e+02 1.269415584415584419e+02
1.260526315789473699e+02 1.280197368421052602e+02 1.268815789473684248e+02
1.260331125827814560e+02 1.280066225165562912e+02 1.268675496688741759e+02
1.260671140939597308e+02 1.279395973154362451e+02 1.267785234899328799e+02
1.260866666666666731e+02 1.279866666666666646e+02 1.266800000000000068e+02
1.262236842105263150e+02 1.281118421052631504e+02 1.267368421052631646e+02
1.262387096774193509e+02 1.282967741935483730e+02 1.266838709677419388e+02
1.263841059602649040e+02 1.282715231788079393e+02 1.267814569536423903e+02
1.262763157894736850e+02 1.283289473684210407e+02 1.267697368421052602e+02
1.264635761589403984e+02 1.283443708609271425e+02 1.267814569536423903e+02
1.262516129032258050e+02 1.284322580645161338e+02 1.267806451612903231e+02
1.262751677852348990e+02 1.282818791946308750e+02 1.267181208053691250e+02
1.262333333333333343e+02 1.282800000000000011e+02 1.266400000000000006e+02
1.263133333333333326e+02 1.282933333333333223e+02 1.265999999999999943e+02
1.263443708609271567e+02 1.283311258278145601e+02 1.267284768211920465e+02
1.263856209150326748e+02 1.283921568627451109e+02 1.266535947712418277e+02
1.263708609271523216e+02 1.284304635761589282e+02 1.264768211920529808e+02
1.263422818791946298e+02 1.283020134228187885e+02 1.265234899328859086e+02
1.261721854304635713e+02 1.280927152317880768e+02 1.264569536423841072e+02
1.260999999999999943e+02 1.281866666666666674e+02 1.264066666666666663e+02
1.261258278145695328e+02 1.281390728476821153e+02 1.265099337748344368e+02
1.261523178807946977e+02 1.281655629139072801e+02 1.264238410596026512e+02
1.262287581699346362e+02 1.282026143790849630e+02 1.263398692810457504e+02
1.262185430463576097e+02 1.283046357615893953e+02 1.262516556291390799e+02
1.262810457516339824e+02 1.283529411764705799e+02 1.263660130718954235e+02
1.263245033112582831e+02 1.283245033112582689e+02 1.264834437086092720e+02
1.262953020134228126e+02 1.284429530201342402e+02 1.264161073825503365e+02
1.263354838709677352e+02 1.284580645161290420e+02 1.263935483870967715e+02
1.261372549019607874e+02 1.284444444444444571e+02 1.262483660130719016e+02
1.261419354838709666e+02 1.284451612903225737e+02 1.263225806451612954e+02
1.259933774834437088e+02 1.284437086092715106e+02 1.263973509933774864e+02
1.260132450331125824e+02 1.284039735099337634e+02 1.264105960264900688e+02
1.260779220779220822e+02 1.284935064935064872e+02 1.264610389610389660e+02
1.259868421052631646e+02 1.284934210526315894e+02 1.263552631578947398e+02
1.259866666666666646e+02 1.284333333333333371e+02 1.263266666666666680e+02
1.257947019867549727e+02 1.285165562913907422e+02 1.262119205298013185e+02
1.257133333333333383e+02 1.283000000000000114e+02 1.261666666666666714e+02
1.256216216216216282e+02 1.284527027027027088e+02 1.262297297297297263e+02
1.256558441558441501e+02 1.284155844155844193e+02 1.262987012987013031e+02
1.256845637583892596e+02 1.284496644295302019e+02 1.263020134228187885e+02
1.257000000000000028e+02 1.285466666666666526e+02 1.263666666666666600e+02
1.257666666666666657e+02 1.285333333333333314e+02 1.264666666666666686e+02
1.257046979865771874e+02 1.285906040268456252e+02 1.265033557046979809e+02
1.257133333333333383e+02 1.286466666666666754e+02 1.265266666666666708e+02
1.256577181208053702e+02 1.287516778523489904e+02 1.264563758389261778e+02
1.256092715231788048e+02 1.286622516556291487e+02 1.264437086092715248e+02
1.256688741721854257e+02 1.288013245033112639e+02 1.265827814569536400e+02
1.257058823529411740e+02 1.288039215686274588e+02 1.267189542483660176e+02
1.256907894736842053e+02 1.288157894736842195e+02 1.267763157894736850e+02
1.257350993377483377e+02 1.288013245033112639e+02 1.267152317880794641e+02
1.258013245033112639e+02 1.288940397350993408e+02 1.266622516556291345e+02
1.260400000000000063e+02 1.287599999999999909e+02 1.264599999999999937e+02
1.260132450331125824e+02 1.288079470198675551e+02 1.265496688741721840e+02
1.259869281045751563e+02 1.286862745098039227e+02 1.265163398692810404e+02
1.260065359477124218e+02 1.286274509803921546e+02 1.264313725490196134e+02
1.259605263157894797e+02 1.285065789473684106e+02 1.263684210526315752e+02
1.259933774834437088e+02 1.284503311258278018e+02 1.263377483443708655e+02
1.258866666666666703e+02 1.286399999999999864e+02 1.264733333333333292e+02
1.260132450331125824e+02 1.285430463576159070e+02 1.264304635761589424e+02
1.261456953642384065e+02 1.284172185430463458e+02 1.264039735099337776e+02
1.261118421052631646e+02 1.285986842105263293e+02 1.264736842105263150e+02
1.262416107382550337e+02 1.284429530201342402e+02 1.266375838926174566e+02
1.263311258278145743e+02 1.284238410596026370e+02 1.266291390728476784e+02
1.263799999999999955e+02 1.281866666666666674e+02 1.265933333333333337e+02
1.263758389261744952e+02 1.281476510067114134e+02 1.265973154362416153e+02
1.264701986754966896e+02 1.281523178807946977e+02 1.267947019867549727e+02
1.265430463576158928e+02 1.280794701986754944e+02 1.268344370860927199e+02
1.264496644295302019e+02 1.279865771812080482e+02 1.269395973154362451e+02
1.263199999999999932e+02 1.280333333333333314e+02 1.268599999999999994e+02
1.264333333333333371e+02 1.280600000000000023e+02 1.268266666666666680e+02
1.263973509933774864e+02 1.280264900662251648e+02 1.268940397350993408e+02
1.263466666666666640e+02 1.279800000000000040e+02 1.270266666666666708e+02
1.265197368421052602e+02 1.279407894736842053e+02 1.270263157894736850e+02
1.265033557046979809e+02 1.280536912751677789e+02 1.271812080536912788e+02
1.266107382550335529e+02 1.280268456375839037e+02 1.270402684563758413e+02
1.266184210526315752e+02 1.278750000000000000e+02 1.269605263157894797e+02
1.264333333333333371e+02 1.278866666666666703e+02 1.269733333333333292e+02
1.264333333333333371e+02 1.280999999999999943e+02 1.269933333333333394e+02
1.264039735099337776e+02 1.281854304635761537e+02 1.270463576158940384e+02
1.264866666666666646e+02 1.281666666666666572e+02 1.271066666666666691e+02
1.264966887417218544e+02 1.283774834437085985e+02 1.273377483443708655e+02
1.265228758169934622e+02 1.284705882352941160e+02 1.273660130718954235e+02
1.265231788079470192e+02 1.284569536423840930e+02 1.274834437086092720e+02
1.263959731543624230e+02 1.285704697986577116e+02 1.275906040268456394e+02
1.264399999999999977e+02 1.284466666666666583e+02 1.276466666666666612e+02
1.264078947368421098e+02 1.285460526315789593e+02 1.277500000000000000e+02
1.263221476510067163e+02 1.284697986577181155e+02 1.277449664429530145e+02
1.263311258278145743e+02 1.283642384105960161e+02 1.276953642384105905e+02
1.263199999999999932e+02 1.282866666666666617e+02 1.275999999999999943e+02
1.261400000000000006e+02 1.282466666666666697e+02 1.275133333333333354e+02
1.260915032679738630e+02 1.282418300653594656e+02 1.275294117647058840e+02
1.260927152317880768e+02 1.280794701986754944e+02 1.276754966887417169e+02
1.259801324503311264e+02 1.283311258278145601e+02 1.276092715231788048e+02
1.259934640522875782e+02 1.283398692810457646e+02 1.275294117647058840e+02
1.260000000000000000e+02 1.283892617449664328e+02 1.276107382550335529e+02
1.258940397350993408e+02 1.283046357615893953e+02 1.276754966887417169e+02
1.259736842105263150e+02 1.282236842105263293e+02 1.276052631578947398e+02
1.260132450331125824e+02 1.280662251655629120e+02 1.275695364238410576e+02
1.260466666666666669e+02 1.280133333333333212e+02 1.275466666666666669e+02
1.259194630872483174e+02 1.281073825503355579e+02 1.275973154362416153e+02
1.259395973154362451e+02 1.279127516778523557e+02 1.276174496644295289e+02
1.258859060402684520e+02 1.277919463087248317e+02 1.275906040268456394e+02
1.258199999999999932e+02 1.277199999999999989e+02 1.276466666666666612e+02
1.257960526315789451e+02 1.277105263157894797e+02 1.277171052631578902e+02
1.257516778523489904e+02 1.276711409395973220e+02 1.277181208053691250e+02
1.258013245033112639e+02 1.276092715231788048e+02 1.276622516556291345e+02
1.257567567567567579e+02 1.275202702702702737e+02 1.277027027027027088e+02
1.257947019867549727e+02 1.274635761589403984e+02 1.277019867549668817e+02
1.257284768211920465e+02 1.274437086092715248e+02 1.278609271523178847e+02
1.258066666666666720e+02 1.274266666666666623e+02 1.281133333333333439e+02
1.256013071895424815e+02 1.274183006535947698e+02 1.281699346405228823e+02
1.255562913907284752e+02 1.274238410596026512e+02 1.281125827814569504e+02
1.254866666666666646e+02 1.272933333333333366e+02 1.279800000000000040e+02
1.255810810810810807e+02 1.272229729729729684e+02 1.280472972972972912e+02
1.255751633986928084e+02 1.271960784313725554e+02 1.280522875816993462e+02
1.254324324324324351e+02 1.272837837837837895e+02 1.280743243243243228e+02
1.255855263157894797e+02 1.272697368421052602e+02 1.280197368421052602e+02
1.256973684210526301e+02 1.272236842105263150e+02 1.279736842105263150e+02
1.255799999999999983e+02 1.270666666666666629e+02 1.280933333333333337e+02
1.255400000000000063e+02 1.269599999999999937e+02 1.282733333333333405e+02
1.256283783783783718e+02 1.269729729729729684e+02 1.283040540540540633e+02
1.256778523489932837e+02 1.269395973154362451e+02 1.282147651006711442e+02
1.258079470198675551e+02 1.269735099337748352e+02 1.283708609271523073e+02
1.258039215686274446e+02 1.269869281045751563e+02 1.283398692810457646e+02
1.256490066225165521e+02 1.269337748344370880e+02 1.283509933774834337e+02
1.255000000000000000e+02 1.268506493506493484e+02 1.283311688311688386e+02
1.256184210526315752e+02 1.267565789473684248e+02 1.281973684210526301e+02
1.255033112582781456e+02 1.267086092715231729e+02 1.281920529801324449e+02
1.255555555555555571e+02 1.265882352941176521e+02 1.281895424836601194e+02
1.255000000000000000e+02 1.265649350649350708e+02 1.282987012987013031e+02
1.254966442953020191e+02 1.265234899328859086e+02 1.284563758389261636e+02
1.255369127516778462e+02 1.264966442953020191e+02 1.283691275167785193e+02
1.255629139072847664e+02 1.263576158940397391e+02 1.283973509933774722e+02
1.256118421052631646e+02 1.263421052631578902e+02 1.284605263157894797e+02
1.256400000000000006e+02 1.264399999999999977e+02 1.285533333333333417e+02
1.255460526315789451e+02 1.263157894736842053e+02 1.285197368421052602e+02
1.253947368421052602e+02 1.263355263157894797e+02 1.286052631578947398e+02
1.255960264900662224e+02 1.262582781456953711e+02 1.286688741721854399e+02
1.255799999999999983e+02 1.260799999999999983e+02 1.286800000000000068e+02
1.255866666666666731e+02 1.259599999999999937e+02 1.288266666666666538e+02
1.256510067114093943e+02 1.260872483221476443e+02 1.288590604026845767e+02
1.257533333333333303e+02 1.260533333333333275e+02 1.288066666666666720e+02
1.256241610738255048e+02 1.260335570469798654e+02 1.287986577181208077e+02
1.256776315789473699e+02 1.259868421052631646e+02 1.287500000000000000e+02
1.257266666666666737e+02 1.259533333333333331e+02 1.286866666666666674e+02
1.255657894736842053e+02 1.259802631578947398e+02 1.286842105263157805e+02
1.256556291390728433e+02 1.258476821192053023e+02 1.287218543046357695e+02
1.256838709677419388e+02 1.258387096774193594e+02 1.286516129032258107e+02
1.254052287581699403e+02 1.258496732026143832e+02 1.286601307189542354e+02
1.252649006622516623e+02 1.258013245033112639e+02 1.286291390728476927e+02
1.253020134228187885e+02 1.257919463087248317e+02 1.286979865771812115e+02
1.251200000000000045e+02 1.259000000000000057e+02 1.286800000000000068e+02
1.251073825503355721e+02 1.257449664429530145e+02 1.287449664429530287e+02
1.250866666666666731e+02 1.256800000000000068e+02 1.287800000000000011e+02
1.250066225165562912e+02 1.257417218543046289e+02 1.287748344370860991e+02
1.251381578947368354e+02 1.256447368421052602e+02 1.287434210526315894e+02
1.251059602649006592e+02 1.255960264900662224e+02 1.287019867549668959e+02
1.252631578947368354e+02 1.256381578947368354e+02 1.288157894736842195e+02
1.252715231788079535e+02 1.255695364238410576e+02 1.286556291390728575e+02
1.253096774193548413e+02 1.257806451612903231e+02 1.288322580645161395e+02
1.253013698630137043e+02 1.257397260273972535e+02 1.287534246575342536e+02
1.253642384105960303e+02 1.257483443708609201e+02 1.287814569536423903e+02
1.253774834437086128e+02 1.258410596026490111e+02 1.288211920529801375e+02
1.253790849673202672e+02 1.257450980392156907e+02 1.288039215686274588e+02
1.253666666666666600e+02 1.257133333333333383e+02 1.287800000000000011e+02
1.255231788079470192e+02 1.256754966887417169e+02 1.289006622516556320e+02
1.254868421052631646e+02 1.255921052631578902e+02 1.290131578947368496e+02
1.253489932885906057e+02 1.254966442953020191e+02 1.289194630872483174e+02
1.254342105263157947e+02 1.254407894736842053e+02 1.290197368421052602e+02
1.252733333333333263e+02 1.255466666666666669e+02 1.290600000000000023e+02
1.253178807947019919e+02 1.254768211920529808e+02 1.291192052980132416e+02
1.253841059602649040e+02 1.254768211920529808e+02 1.291854304635761537e+02
1.253774834437086128e+02 1.254304635761589424e+02 1.291986754966887361e+02
1.253774834437086128e+02 1.254701986754966896e+02 1.293377483443708513e+02
1.253799999999999955e+02 1.254133333333333269e+02 1.293799999999999955e+02
1.252236842105263150e+02 1.254342105263157947e+02 1.293486842105263293e+02
1.251879194630872547e+02 1.254093959731543606e+02 1.294563758389261636e+02
1.251466666666666612e+02 1.255333333333333314e+02 1.295733333333333235e+02
1.250324675324675354e+02 1.254805194805194759e+02 1.295909090909090935e+02
1.250794701986754944e+02 1.255562913907284752e+02 1.295298013245033246e+02
1.252450331125827745e+02 1.255496688741721840e+02 1.295231788079470334e+02
1.252105263157894797e+02 1.255592105263157947e+02 1.296381578947368496e+02
1.252631578947368354e+02 1.256052631578947398e+02 1.297500000000000000e+02
1.252617449664429472e+02 1.255704697986577116e+02 1.298053691275167694e+02
1.254013157894736850e+02 1.254342105263157947e+02 1.297368421052631504e+02
1.254200000000000017e+02 1.253666666666666600e+02 1.296800000000000068e+02
1.253892617449664471e+02 1.253422818791946298e+02 1.296375838926174424e+02
1.254800000000000040e+02 1.253599999999999994e+02 1.295066666666666606e+02
1.254533333333333331e+02 1.254866666666666646e+02 1.296133333333333439e+02
1.254200000000000017e+02 1.254866666666666646e+02 1.296999999999999886e+02
1.254768211920529808e+02 1.254701986754966896e+02 1.296225165562914015e+02
1.254039735099337776e+02 1.256291390728476784e+02 1.297350993377483519e+02
1.254295302013422884e+02 1.255973154362416153e+02 1.298523489932885866e+02
1.255460526315789451e+02 1.254736842105263150e+02 1.298289473684210407e+02
1.254802631578947398e+02 1.253947368421052602e+02 1.297828947368421098e+02
1.254599999999999937e+02 1.254800000000000040e+02 1.298333333333333428e+02
1.253154362416107404e+02 1.255570469798657740e+02 1.299664429530201346e+02
1.254144736842105203e+02 1.255526315789473699e+02 1.300000000000000000e+02
1.254900662251655632e+02 1.255695364238410576e+02 1.300066225165562912e+02
1.255234899328859086e+02 1.255838926174496635e+02 1.300536912751677789e+02
1.255400000000000063e+02 1.255733333333333377e+02 1.300733333333333235e+02
1.253825503355704711e+02 1.254697986577181155e+02 1.300402684563758271e+02
1.254444444444444429e+02 1.255032679738562109e+02 1.300588235294117680e+02
1.254733333333333292e+02 1.255733333333333377e+02 1.301066666666666549e+02
1.253708609271523216e+02 1.255099337748344368e+02 1.301192052980132416e+02
1.252847682119205359e+02 1.256423841059602609e+02 1.301258278145695328e+02
1.253333333333333286e+02 1.256400000000000006e+02 1.302199999999999989e+02
1.253774834437086128e+02 1.256357615894039697e+02 1.301986754966887361e+02
1.254774193548387160e+02 1.255935483870967744e+02 1.303032258064516213e+02
1.254563758389261778e+02 1.256979865771812115e+02 1.304362416107382501e+02
1.254635761589403984e+02 1.257947019867549727e+02 1.304304635761589282e+02
1.255866666666666731e+02 1.257733333333333263e+02 1.305066666666666606e+02
1.253774834437086128e+02 1.257615894039735167e+02 1.304701986754966754e+02
1.252941176470588260e+02 1.258496732026143832e+02 1.305359477124183059e+02
1.252105263157894797e+02 1.258552631578947398e+02 1.306842105263157805e+02
1.252679738562091529e+02 1.258627450980392126e+02 1.309150326797385731e+02
1.252199999999999989e+02 1.258799999999999955e+02 1.310666666666666629e+02
1.250197368421052602e+02 1.258947368421052602e+02 1.310197368421052602e+02
1.248562091503267908e+02 1.260653594771241899e+02 1.310457516339869244e+02
1.247549668874172255e+02 1.258476821192053023e+02 1.311059602649006592e+02
1.246143790849673252e+02 1.258692810457516345e+02 1.311045751633986924e+02
1.245576923076923066e+02 1.258525641025641022e+02 1.311987179487179560e+02
1.246174496644295289e+02 1.258523489932885866e+02 1.311409395973154233e+02
1.246133333333333297e+02 1.258799999999999955e+02 1.312266666666666595e+02
1.246133333333333297e+02 1.257466666666666697e+02 1.311866666666666674e+02
1.245666666666666629e+02 1.255933333333333337e+02 1.311666666666666572e+02
1.246066666666666691e+02 1.256133333333333297e+02 1.311533333333333360e+02
1.245324675324675354e+02 1.256168831168831161e+02 1.312012987012986969e+02
1.245364238410596016e+02 1.256887417218542993e+02 1.313708609271523073e+02
1.245266666666666708e+02 1.257000000000000028e+02 1.314066666666666663e+02
1.244630872483221538e+02 1.255838926174496635e+02 1.313691275167785193e+02
1.244295302013422884e+02 1.254765100671140914e+02 1.313422818791946440e+02
1.243443708609271567e+02 1.255827814569536400e+02 1.312715231788079393e+02
1.244630872483221538e+02 1.255637583892617499e+02 1.314697986577181155e+02
1.245098039215686327e+02 1.256535947712418277e+02 1.315424836601307277e+02
1.245394736842105203e+02 1.256973684210526301e+02 1.313684210526315894e+02
1.244802631578947398e+02 1.258684210526315752e+02 1.313947368421052602e+02
1.244800000000000040e+02 1.258400000000000034e+02 1.314399999999999977e+02
1.244569536423841072e+02 1.259006622516556320e+02 1.314172185430463458e+02
1.243289473684210549e+02 1.259473684210526301e+02 1.314276315789473699e+02
1.244026845637583847e+02 1.258389261744966490e+02 1.313758389261745094e+02
1.242913907284768271e+02 1.259668874172185440e+02 1.313509933774834337e+02
1.243642384105960303e+02 1.261986754966887361e+02 1.312913907284768129e+02
1.243799999999999955e+02 1.262199999999999989e+02 1.312800000000000011e+02
1.244899328859060432e+02 1.261879194630872547e+02 1.314765100671141056e+02
1.243881578947368354e+02 1.261447368421052602e+02 1.316578947368421098e+02
1.244370860927152336e+02 1.262582781456953711e+02 1.315894039735099454e+02
1.244539473684210549e+02 1.263092105263157947e+02 1.317171052631578902e+02
1.245266666666666708e+02 1.262333333333333343e+02 1.316266666666666652e+02
1.245165562913907280e+02 1.262384105960264833e+02 1.315298013245033246e+02
1.244370860927152336e+02 1.264039735099337776e+02 1.315496688741721982e+02
1.243666666666666600e+02 1.265133333333333354e+02 1.315733333333333235e+02
1.242980132450331183e+02 1.266688741721854257e+02 1.316556291390728575e+02
1.243486842105263150e+02 1.267697368421052602e+02 1.315789473684210407e+02
1.243557046979865817e+02 1.268523489932885866e+02 1.317046979865771732e+02
1.242980132450331183e+02 1.269271523178807968e+02 1.317814569536423903e+02
1.243154362416107404e+02 1.270201342281879135e+02 1.319865771812080482e+02
1.243708609271523216e+02 1.269668874172185440e+02 1.319006622516556320e+02
1.243866666666666703e+02 1.269933333333333394e+02 1.319133333333333269e+02
1.243552631578947398e+02 1.269539473684210549e+02 1.318947368421052602e+02
1.243533333333333388e+02 1.268466666666666640e+02 1.319466666666666583e+02
1.243618421052631646e+02 1.267434210526315752e+02 1.320789473684210407e+02
1.243026315789473699e+02 1.268618421052631646e+02 1.320723684210526301e+02
1.244533333333333331e+02 1.267999999999999972e+02 1.319666666666666686e+02
1.243223684210526301e+02 1.268092105263157947e+02 1.319210526315789593e+02
1.245562913907284752e+02 1.267218543046357553e+02 1.319735099337748352e+02
1.245986842105263150e+02 1.267565789473684248e+02 1.320592105263157805e+02
1.246333333333333400e+02 1.268466666666666640e+02 1.321599999999999966e+02
1.247000000000000028e+02 1.266066666666666691e+02 1.322933333333333223e+02
1.247350993377483377e+02 1.266026490066225136e+02 1.322582781456953569e+02
1.244768211920529808e+02 1.266953642384105905e+02 1.322847682119205217e+02
1.244599999999999937e+02 1.267666666666666657e+02 1.323466666666666640e+02
1.244539473684210549e+02 1.266776315789473699e+02 1.323421052631578902e+02
1.243464052287581723e+02 1.267712418300653638e+02 1.324444444444444571e+02
1.242980132450331183e+02 1.266821192052980081e+02 1.325430463576159070e+02
1.242516556291390799e+02 1.267814569536423903e+02 1.325165562913907422e+02
1.243933333333333309e+02 1.268066666666666720e+02 1.326066666666666549e+02
1.244370860927152336e+02 1.269006622516556320e+02 1.326887417218543135e+02
1.243684210526315752e+02 1.268947368421052602e+02 1.326776315789473699e+02
1.242810457516339824e+02 1.267647058823529420e+02 1.326405228758169983e+02
1.243178807947019919e+02 1.269602649006622528e+02 1.327549668874172255e+02
1.241208053691275097e+02 1.271208053691275097e+02 1.327046979865771732e+02
1.240533333333333275e+02 1.272666666666666657e+02 1.328000000000000114e+02
1.240199999999999960e+02 1.271666666666666714e+02 1.326733333333333462e+02
1.239266666666666623e+02 1.271933333333333280e+02 1.327733333333333405e+02
1.239802631578947398e+02 1.270986842105263150e+02 1.330394736842105203e+02
1.240592105263157947e+02 1.271513157894736850e+02 1.330855263157894797e+02
1.240921052631578902e+02 1.272697368421052602e+02 1.330328947368421098e+02
1.240799999999999983e+02 1.272399999999999949e+02 1.331733333333333462e+02
1.240199999999999960e+02 1.271066666666666691e+02 1.332066666666666777e+02
1.239006622516556320e+02 1.271523178807946977e+02 1.334172185430463458e+02
1.238456375838926107e+02 1.270335570469798654e+02 1.334093959731543748e+02
1.237516778523489904e+02 1.269731543624161105e+02 1.334496644295302019e+02
1.236013071895424815e+02 1.267581699346405202e+02 1.336143790849673110e+02
1.234836601307189596e+02 1.267516339869280984e+02 1.335032679738561967e+02
1.234640522875816941e+02 1.267712418300653638e+02 1.335032679738561967e+02
1.233896103896103966e+02 1.267987012987013031e+02 1.334935064935064872e+02
1.233766233766233711e+02 1.267792207792207790e+02 1.334610389610389518e+02
1.235167785234899327e+02 1.267181208053691250e+02 1.333154362416107404e+02
1.234210526315789451e+02 1.266842105263157947e+02 1.332105263157894797e+02
1.233851351351351298e+02 1.267702702702702737e+02 1.330945945945945823e+02
1.232533333333333303e+02 1.267000000000000028e+02 1.330800000000000125e+02
1.232348993288590577e+02 1.266577181208053702e+02 1.330939597315436345e+02
1.232550335570469855e+02 1.267718120805369182e+02 1.330201342281879135e+02
1.232666666666666657e+02 1.268933333333333309e+02 1.331399999999999864e+02
1.232828947368421098e+02 1.269539473684210549e+02 1.330460526315789593e+02
1.232666666666666657e+02 1.270866666666666731e+02 1.331333333333333258e+02
1.234200000000000017e+02 1.271933333333333280e+02 1.331133333333333439e+02
1.233333333333333286e+02 1.272176870748299251e+02 1.330816326530612344e+02
1.234161073825503365e+02 1.270939597315436203e+02 1.331543624161073751e+02
1.234503311258278160e+02 1.271059602649006592e+02 1.331655629139072801e+02
1.235199999999999960e+02 1.271466666666666612e+02 1.331266666666666652e+02
1.234039735099337776e+02 1.273112582781457007e+02 1.332516556291390657e+02
1.233020134228187885e+02 1.273154362416107404e+02 1.333422818791946440e+02
1.232763157894736850e+02 1.274342105263157947e+02 1.333355263157894797e+02
1.233178807947019919e+02 1.275894039735099312e+02 1.334768211920529666e+02
1.233443708609271567e+02 1.275298013245033104e+02 1.334834437086092578e+02
1.234900662251655632e+02 1.275033112582781456e+02 1.335165562913907422e+02
1.234248366013071916e+02 1.275228758169934622e+02 1.335947712418300739e+02
1.234832214765100673e+02 1.274697986577181155e+02 1.334697986577181155e+02
1.233642384105960303e+02 1.274370860927152336e+02 1.335496688741721982e+02
1.233866666666666703e+02 1.274399999999999977e+02 1.337133333333333383e+02
1.234437086092715248e+02 1.275562913907284752e+02 1.338278145695364287e+02
1.233618421052631646e+02 1.275657894736842053e+02 1.337894736842105203e+02
1.233708609271523216e+02 1.275960264900662224e+02 1.337748344370860991e+02
1.232875816993464042e+02 1.276078431372549034e+02 1.338692810457516202e+02
1.233221476510067163e+02 1.277248322147651010e+02 1.339463087248322211e+02
1.233422818791946298e+02 1.277315436241610769e+02 1.341744966442952887e+02
1.233112582781457007e+02 1.277549668874172255e+02 1.341788079470198625e+02
1.233154362416107404e+02 1.278456375838926107e+02 1.343020134228187885e+02
1.232745098039215748e+02 1.277712418300653638e+02 1.343006535947712337e+02
1.233161290322580612e+02 1.278064516129032313e+02 1.343741935483870975e+02
1.232080536912751683e+02 1.278859060402684520e+02 1.344832214765100673e+02
1.231476510067114134e+02 1.279395973154362451e+02 1.345100671140939710e+02
1.230662251655629120e+02 1.280000000000000000e+02 1.345430463576159070e+02
1.230261437908496731e+02 1.278104575163398664e+02 1.344705882352941160e+02
1.231307189542483655e+02 1.277712418300653638e+02 1.343856209150326890e+02
1.230066666666666606e+02 1.277933333333333366e+02 1.343133333333333326e+02
1.229337748344370880e+02 1.276622516556291345e+02 1.343178807947019777e+02
1.230805369127516826e+02 1.275771812080536876e+02 1.342617449664429614e+02
1.231409395973154375e+02 1.274630872483221538e+02 1.341812080536912788e+02
1.230588235294117680e+02 1.274117647058823479e+02 1.341633986928104605e+02
1.230993377483443680e+02 1.274370860927152336e+02 1.340993377483443680e+02
1.231578947368421098e+02 1.272302631578947398e+02 1.340592105263157805e+02
1.230933333333333337e+02 1.269866666666666646e+02 1.339666666666666686e+02
1.231733333333333320e+02 1.270400000000000063e+02 1.341466666666666754e+02
1.230903225806451644e+02 1.270322580645161281e+02 1.341806451612903288e+02
1.231140939597315480e+02 1.270335570469798654e+02 1.340738255033556925e+02
1.230328947368421098e+02 1.270592105263157947e+02 1.341381578947368496e+02
1.229866666666666646e+02 1.270933333333333337e+02 1.341800000000000068e+02
1.230933333333333337e+02 1.270333333333333314e+02 1.341999999999999886e+02
1.230921052631578902e+02 1.270921052631578902e+02 1.342631578947368496e+02
1.231830065359477118e+02 1.271372549019607874e+02 1.342614379084967311e+02
1.231381578947368354e+02 1.270855263157894797e+02 1.342960526315789593e+02
1.232999999999999972e+02 1.271666666666666714e+02 1.343000000000000114e+02
1.234736842105263150e+02 1.272697368421052602e+02 1.342960526315789593e+02
1.235337837837837895e+02 1.271418918918918877e+02 1.343243243243243228e+02
1.236711409395973220e+02 1.271073825503355721e+02 1.343355704697986539e+02
1.236400000000000006e+02 1.269599999999999937e+02 1.343133333333333326e+02
1.234866666666666646e+02 1.269399999999999977e+02 1.342466666666666697e+02
1.234248366013071916e+02 1.269281045751634025e+02 1.343529411764705799e+02
1.233841059602649040e+02 1.269072847682119232e+02 1.343576158940397249e+02
1.234868421052631646e+02 1.267171052631578902e+02 1.344210526315789593e+02
1.234934210526315752e+02 1.267500000000000000e+02 1.344144736842105203e+02
1.234399999999999977e+02 1.266933333333333280e+02 1.343199999999999932e+02
1.233947368421052602e+02 1.267500000000000000e+02 1.343815789473684106e+02
1.234437086092715248e+02 1.268079470198675551e+02 1.344503311258278018e+02
1.233666666666666600e+02 1.268933333333333309e+02 1.345466666666666526e+02
1.232781456953642447e+02 1.269271523178807968e+02 1.347152317880794783e+02
1.233533333333333388e+02 1.270066666666666606e+02 1.348266666666666538e+02
1.233841059602649040e+02 1.269139072847682144e+02 1.348344370860927199e+02
1.233529411764705941e+02 1.268888888888888857e+02 1.349869281045751563e+02
1.234200000000000017e+02 1.268799999999999955e+02 1.348866666666666561e+02
1.233311258278145743e+02 1.269602649006622528e+02 1.350728476821192032e+02
1.233443708609271567e+02 1.270000000000000000e+02 1.351655629139072801e+02
1.232866666666666617e+02 1.270400000000000063e+02 1.352800000000000011e+02
1.232617449664429472e+02 1.269865771812080482e+02 1.354765100671141056e+02
1.232617449664429472e+02 1.270536912751677789e+02 1.354228187919462982e+02
1.232818791946308750e+02 1.270335570469798654e+02 1.354832214765100673e+02
1.233199999999999932e+02 1.270600000000000023e+02 1.355399999999999920e+02
1.233355704697986539e+02 1.269127516778523557e+02 1.354765100671141056e+02
1.233400000000000034e+02 1.271266666666666652e+02 1.356399999999999864e+02
1.232733333333333263e+02 1.271466666666666612e+02 1.358133333333333326e+02
1.232434210526315752e+02 1.271513157894736850e+02 1.358486842105263293e+02
1.232399999999999949e+02 1.272000000000000028e+02 1.359333333333333371e+02
1.232416107382550337e+02 1.271879194630872547e+02 1.361006711409395962e+02
1.234133333333333269e+02 1.269666666666666686e+02 1.361533333333333360e+02
1.235000000000000000e+02 1.271038961038961048e+02 1.362207792207792068e+02
1.234533333333333331e+02 1.271733333333333320e+02 1.362933333333333223e+02
1.234200000000000017e+02 1.270999999999999943e+02 1.363666666666666742e+02
1.233708609271523216e+02 1.271258278145695328e+02 1.363774834437085985e+02
1.232913907284768271e+02 1.272119205298013185e+02 1.363841059602648897e+02
1.232894736842105203e+02 1.274210526315789451e+02 1.364342105263157805e+02
1.234797297297297263e+02 1.274594594594594525e+02 1.364594594594594525e+02
1.234333333333333371e+02 1.272600000000000051e+02 1.364733333333333292e+02
1.234038461538461604e+02 1.271602564102564088e+02 1.364102564102564088e+02
1.232960526315789451e+02 1.271776315789473699e+02 1.365328947368421098e+02
1.233947368421052602e+02 1.271250000000000000e+02 1.365592105263157805e+02
1.232953020134228126e+02 1.271744966442953029e+02 1.365100671140939710e+02
1.231513157894736850e+02 1.271710526315789451e+02 1.366118421052631504e+02
1.230469798657718172e+02 1.272684563758389231e+02 1.366040268456375770e+02
1.229932885906040241e+02 1.273154362416107404e+02 1.366442953020134325e+02
1.229666666666666686e+02 1.272999999999999972e+02 1.365399999999999920e+02
1.230326797385620949e+02 1.275424836601307135e+02 1.365555555555555429e+02
1.230000000000000000e+02 1.276733333333333320e+02 1.366266666666666652e+02
1.228367346938775455e+02 1.275170068027210846e+02 1.365714285714285836e+02
1.227236842105263150e+02 1.275526315789473699e+02 1.365592105263157805e+02
1.226623376623376629e+02 1.276233766233766289e+02 1.365974025974026063e+02
1.227236842105263150e+02 1.277434210526315752e+02 1.366513157894736707e+02
1.229133333333333269e+02 1.277199999999999989e+02 1.367199999999999989e+02
1.227814569536423903e+02 1.278013245033112639e+02 1.366754966887417311e+02
1.228476821192053023e+02 1.278211920529801375e+02 1.366556291390728575e+02
1.228199999999999932e+02 1.277399999999999949e+02 1.366200000000000045e+02
1.227933333333333366e+02 1.277733333333333263e+02 1.366599999999999966e+02
1.227368421052631646e+02 1.277302631578947398e+02 1.365263157894736707e+02
1.227763157894736850e+02 1.277236842105263150e+02 1.365328947368421098e+02
1.227199999999999989e+02 1.274866666666666646e+02 1.363866666666666561e+02
1.228157894736842053e+02 1.276907894736842053e+02 1.365065789473684106e+02
1.227417218543046289e+02 1.276225165562913872e+02 1.364768211920529666e+02
1.227218543046357553e+02 1.275629139072847664e+02 1.366225165562914015e+02
1.227800000000000011e+02 1.273933333333333309e+02 1.367066666666666777e+02
1.228157894736842053e+02 1.274473684210526301e+02 1.367697368421052602e+02
1.228120805369127453e+02 1.274496644295302019e+02 1.369664429530201346e+02
1.227718120805369182e+02 1.275570469798657740e+02 1.369463087248322211e+02
1.227382550335570528e+02 1.276442953020134183e+02 1.370402684563758271e+02
1.226933333333333280e+02 1.276866666666666674e+02 1.369666666666666686e+02
1.227666666666666657e+02 1.278666666666666600e+02 1.369199999999999875e+02
1.226644736842105203e+02 1.279473684210526301e+02 1.370263157894736707e+02
1.228278145695364287e+02 1.279072847682119232e+02 1.370066225165562912e+02
1.229411764705882320e+02 1.279803921568627487e+02 1.370065359477124218e+02
1.229470198675496704e+02 1.280927152317880768e+02 1.371523178807946977e+02
1.230132450331125824e+02 1.283642384105960161e+02 1.369801324503311264e+02
1.228266666666666680e+02 1.283333333333333428e+02 1.369600000000000080e+02
1.226776315789473699e+02 1.285723684210526301e+02 1.367894736842105203e+02
1.227333333333333343e+02 1.285399999999999920e+02 1.367066666666666777e+02
1.226470588235294059e+02 1.285686274509803866e+02 1.367712418300653496e+02
1.226866666666666674e+02 1.284733333333333292e+02 1.368533333333333246e+02
1.226535947712418277e+02 1.284640522875816941e+02 1.368300653594771177e+02
1.226158940397350960e+02 1.287152317880794783e+02 1.367748344370860991e+02
1.225733333333333377e+02 1.286666666666666572e+02 1.368066666666666720e+02
1.225838926174496635e+02 1.285838926174496635e+02 1.366644295302013461e+02
1.227266666666666737e+02 1.286399999999999864e+02 1.366266666666666652e+02
1.225741935483871003e+02 1.287741935483871032e+02 1.366967741935483787e+02
1.226040268456375770e+02 1.288724832214765001e+02 1.366711409395973078e+02
1.224635761589403984e+02 1.288211920529801375e+02 1.367152317880794783e+02
1.224437086092715248e+02 1.288543046357615935e+02 1.366887417218543135e+02
1.223799999999999955e+02 1.288333333333333428e+02 1.366533333333333360e+02
1.224797297297297263e+02 1.290608108108108070e+02 1.367635135135135158e+02
1.225000000000000000e+02 1.290933333333333337e+02 1.367066666666666777e+02
1.226066666666666691e+02 1.291266666666666652e+02 1.368600000000000136e+02
1.225906040268456394e+02 1.290604026845637691e+02 1.367852348993288558e+02
1.226066666666666691e+02 1.289533333333333474e+02 1.368799999999999955e+02
1.224671052631578902e+02 1.289342105263157805e+02 1.368289473684210407e+02
1.225866666666666731e+02 1.289600000000000080e+02 1.369933333333333394e+02
1.226578947368421098e+02 1.289934210526315894e+02 1.369802631578947398e+02
1.226092715231788048e+02 1.288940397350993408e+02 1.371059602649006592e+02
1.226862745098039227e+02 1.288758169934640421e+02 1.371699346405228823e+02
1.227199999999999989e+02 1.289199999999999875e+02 1.373133333333333326e+02
1.226887417218542993e+02 1.289933774834437088e+02 1.373774834437085985e+02
1.228066666666666720e+02 1.290533333333333417e+02 1.373666666666666742e+02
1.229266666666666623e+02 1.292400000000000091e+02 1.373400000000000034e+02
1.228733333333333348e+02 1.293199999999999932e+02 1.374666666666666686e+02
1.229542483660130756e+02 1.294117647058823479e+02 1.373137254901960773e+02
1.229205298013245056e+02 1.295099337748344510e+02 1.372450331125827745e+02
1.228993288590604038e+02 1.296174496644295289e+02 1.373489932885906057e+02
1.229144736842105203e+02 1.295986842105263293e+02 1.372763157894736707e+02
1.228666666666666600e+02 1.295999999999999943e+02 1.373733333333333348e+02
1.228947368421052602e+02 1.297236842105263293e+02 1.374078947368421098e+02
1.230065789473684248e+02 1.298881578947368496e+02 1.374671052631578902e+02
1.231589403973509889e+02 1.300463576158940384e+02 1.375099337748344510e+02
1.231192052980132416e+02 1.300066225165562912e+02 1.376556291390728575e+02
1.230933333333333337e+02 1.298266666666666538e+02 1.377333333333333201e+02
1.231543624161073893e+02 1.297919463087248459e+02 1.378120805369127595e+02
1.230986842105263150e+02 1.297763157894736707e+02 1.377368421052631504e+02
1.232013422818791923e+02 1.297382550335570386e+02 1.375771812080537018e+02
1.232119205298013185e+02 1.297947019867549727e+02 1.377086092715231871e+02
1.233020134228187885e+02 1.297651006711409423e+02 1.378657718120805384e+02
1.231920529801324449e+02 1.296622516556291487e+02 1.378807947019867584e+02
1.230608108108108070e+02 1.296351351351351298e+02 1.379864864864864842e+02
1.230000000000000000e+02 1.296666666666666572e+02 1.379466666666666583e+02
1.228866666666666703e+02 1.298799999999999955e+02 1.378199999999999932e+02
1.229459459459459509e+02 1.298918918918919019e+02 1.377297297297297405e+02
1.229127516778523557e+02 1.298590604026845767e+02 1.378456375838926249e+02
1.228692810457516345e+02 1.298692810457516202e+02 1.378954248366013076e+02
1.228120805369127453e+02 1.298053691275167694e+02 1.381140939597315480e+02
1.229664429530201346e+02 1.297516778523489904e+02 1.379664429530201346e+02
1.229060402684563797e+02 1.298926174496644421e+02 1.379597315436241729e+02
1.228400000000000034e+02 1.298066666666666720e+02 1.379933333333333394e+02
1.227960526315789451e+02 1.299342105263157805e+02 1.380986842105263293e+02
1.227947019867549727e+02 1.300000000000000000e+02 1.382450331125827745e+02
1.226291390728476784e+02 1.301456953642384065e+02 1.382980132450331041e+02
1.225933333333333337e+02 1.303199999999999932e+02 1.382800000000000011e+02
1.225771812080536876e+02 1.303959731543624230e+02 1.382483221476510096e+02
1.226470588235294059e+02 1.304705882352941160e+02 1.381503267973856168e+02
1.225695364238410576e+02 1.303642384105960161e+02 1.381589403973509889e+02
1.226078431372549034e+02 1.302745098039215748e+02 1.380065359477124218e+02
1.225947712418300597e+02 1.302483660130718874e+02 1.378235294117646959e+02
