1.275533333333333275e+02 1.277666666666666657e+02 1.282066666666666777e+02
1.275263157894736850e+02 1.279736842105263150e+02 1.281644736842105203e+02
1.276241610738255048e+02 1.281275167785234999e+02 1.283825503355704711e+02
1.275751633986928084e+02 1.281764705882353041e+02 1.283202614379084991e+02
1.277600000000000051e+02 1.281999999999999886e+02 1.285666666666666629e+02
1.276533333333333360e+02 1.282266666666666595e+02 1.285333333333333314e+02
1.276405228758169983e+02 1.282026143790849630e+02 1.285882352941176521e+02
1.275741935483871003e+02 1.283677419354838776e+02 1.284322580645161338e+02
1.275400000000000063e+02 1.284066666666666663e+02 1.283533333333333246e+02
1.274967320261437891e+02 1.283725490196078454e+02 1.281503267973856168e+02
1.275066666666666606e+02 1.283533333333333246e+02 1.279733333333333292e+02
1.274736842105263150e+02 1.284013157894736707e+02 1.278092105263157947e+02
1.274285714285714306e+02 1.282922077922077904e+02 1.277727272727272663e+02
1.271578947368421098e+02 1.282565789473684106e+02 1.277697368421052602e+02
1.271118421052631646e+02 1.282894736842105203e+02 1.276578947368421098e+02
1.269607843137254832e+02 1.282091503267973849e+02 1.276470588235294059e+02
1.269324324324324351e+02 1.281148648648648702e+02 1.276081081081081123e+02
1.269337748344370880e+02 1.279933774834437088e+02 1.274569536423841072e+02
1.269013157894736850e+02 1.280657894736842195e+02 1.275131578947368354e+02
1.268278145695364287e+02 1.280132450331125824e+02 1.275629139072847664e+02
1.267677419354838690e+02 1.280580645161290363e+02 1.278774193548387075e+02
1.268366013071895395e+02 1.280392156862745026e+02 1.279738562091503269e+02
1.268344370860927199e+02 1.279867549668874176e+02 1.282715231788079393e+02
1.268104575163398664e+02 1.280130718954248437e+02 1.283006535947712337e+02
1.268199999999999932e+02 1.279733333333333292e+02 1.281733333333333462e+02
1.267399999999999949e+02 1.279933333333333394e+02 1.282466666666666697e+02
1.265033112582781456e+02 1.280066225165562912e+02 1.285165562913907422e+02
1.265460526315789451e+02 1.280789473684210407e+02 1.283486842105263293e+02
1.265947712418300597e+02 1.281045751633986924e+02 1.283202614379084991e+02
1.267218543046357553e+02 1.280264900662251648e+02 1.282185430463576097e+02
1.266711409395973220e+02 1.279932885906040241e+02 1.282550335570469713e+02
1.267266666666666737e+02 1.279466666666666725e+02 1.283733333333333348e+02
1.266577181208053702e+02 1.278657718120805384e+02 1.283892617449664328e+02
1.266040268456375770e+02 1.279798657718120865e+02 1.285167785234899327e+02
1.264765100671140914e+02 1.278657718120805384e+02 1.285838926174496635e+02
1.265620915032679790e+02 1.276143790849673252e+02 1.286928104575163445e+02
1.266533333333333360e+02 1.276400000000000006e+02 1.288799999999999955e+02
1.266887417218542993e+02 1.276622516556291345e+02 1.289602649006622528e+02
1.268211920529801375e+02 1.277284768211920465e+02 1.289801324503311264e+02
1.267922077922077904e+02 1.275909090909090935e+02 1.290909090909090935e+02
1.269144736842105203e+02 1.274736842105263150e+02 1.291644736842105203e+02
1.270133333333333354e+02 1.273733333333333348e+02 1.293266666666666538e+02
1.270000000000000000e+02 1.273825503355704711e+02 1.293020134228187885e+02
1.268609271523178847e+02 1.272715231788079535e+02 1.294635761589403842e+02
1.268431372549019613e+02 1.271568627450980387e+02 1.295555555555555429e+02
1.268657718120805384e+02 1.270067114093959759e+02 1.295771812080537018e+02
1.267748344370860991e+02 1.270198675496688736e+02 1.295099337748344510e+02
1.268881578947368354e+02 1.271052631578947398e+02 1.295131578947368496e+02
1.269266666666666623e+02 1.269133333333333269e+02 1.295933333333333337e+02
1.271333333333333400e+02 1.268866666666666703e+02 1.295600000000000023e+02
1.271200000000000045e+02 1.268799999999999955e+02 1.296399999999999864e+02
1.271266666666666652e+02 1.268933333333333309e+02 1.295999999999999943e+02
1.271363636363636402e+02 1.268246753246753258e+02 1.297012987012986969e+02
1.273112582781457007e+02 1.266622516556291345e+02 1.297152317880794783e+02
1.271920529801324449e+02 1.266556291390728433e+02 1.297218543046357695e+02
1.270065359477124218e+02 1.266993464052287521e+02 1.297450980392156907e+02
1.270993377483443680e+02 1.264437086092715248e+02 1.297218543046357695e+02
1.270000000000000000e+02 1.263825503355704711e+02 1.297382550335570386e+02
1.269867549668874176e+02 1.263112582781457007e+02 1.297549668874172255e+02
1.269800000000000040e+02 1.262066666666666634e+02 1.296666666666666572e+02
1.271118421052631646e+02 1.260592105263157947e+02 1.297828947368421098e+02
1.270333333333333314e+02 1.260733333333333377e+02 1.298266666666666538e+02
1.271315789473684248e+02 1.260921052631578902e+02 1.298355263157894797e+02
1.272147651006711442e+02 1.261342281879194616e+02 1.297382550335570386e+02
1.271589403973509889e+02 1.261324503311258241e+02 1.298344370860927199e+02
1.271933333333333280e+02 1.259800000000000040e+02 1.298666666666666742e+02
1.271208053691275097e+02 1.258590604026845625e+02 1.298389261744966348e+02
1.271258278145695328e+02 1.257019867549668817e+02 1.298609271523178847e+02
1.270463576158940384e+02 1.257284768211920465e+02 1.298211920529801375e+02
1.269800000000000040e+02 1.256533333333333360e+02 1.298466666666666640e+02
1.268859060402684520e+02 1.256979865771812115e+02 1.298993288590604038e+02
1.268333333333333286e+02 1.256533333333333360e+02 1.298266666666666538e+02
1.267565789473684248e+02 1.256381578947368354e+02 1.299407894736842195e+02
1.267000000000000028e+02 1.254666666666666686e+02 1.301066666666666549e+02
1.267019867549668817e+02 1.254503311258278160e+02 1.301920529801324449e+02
1.266405228758169983e+02 1.253071895424836555e+02 1.302614379084967311e+02
1.265960264900662224e+02 1.252781456953642447e+02 1.302913907284768129e+02
1.265704697986577116e+02 1.252684563758389231e+02 1.303624161073825576e+02
1.264149659863945629e+02 1.253877551020408134e+02 1.304557823129251801e+02
1.263533333333333388e+02 1.253799999999999955e+02 1.306466666666666754e+02
1.262666666666666657e+02 1.252000000000000028e+02 1.305933333333333337e+02
1.261333333333333400e+02 1.250999999999999943e+02 1.305600000000000023e+02
1.260197368421052602e+02 1.250000000000000000e+02 1.305263157894736707e+02
1.260463576158940384e+02 1.248675496688741759e+02 1.304635761589403842e+02
1.257999999999999972e+02 1.248193548387096712e+02 1.304774193548387018e+02
1.257399999999999949e+02 1.246400000000000006e+02 1.304066666666666663e+02
1.257785234899328799e+02 1.246778523489932837e+02 1.307181208053691250e+02
1.256903225806451587e+02 1.246516129032258107e+02 1.307290322580645068e+02
1.256291390728476784e+02 1.245165562913907280e+02 1.306953642384106047e+02
1.256026490066225136e+02 1.243245033112582831e+02 1.307019867549668959e+02
1.255620915032679790e+02 1.242810457516339824e+02 1.308235294117646959e+02
1.255933333333333337e+02 1.241599999999999966e+02 1.308933333333333451e+02
1.255234899328859086e+02 1.241610738255033510e+02 1.308120805369127595e+02
1.255369127516778462e+02 1.241812080536912788e+02 1.307986577181208077e+02
1.255234899328859086e+02 1.241677852348993270e+02 1.308657718120805384e+02
1.256133333333333297e+02 1.241733333333333320e+02 1.308733333333333348e+02
1.255799999999999983e+02 1.240666666666666629e+02 1.307266666666666595e+02
1.254864864864864842e+02 1.241013513513513544e+02 1.308040540540540633e+02
1.254933333333333394e+02 1.240866666666666731e+02 1.309466666666666583e+02
1.255894039735099312e+02 1.241324503311258241e+02 1.309602649006622528e+02
1.255033112582781456e+02 1.240662251655629120e+02 1.308476821192053023e+02
1.255364238410596016e+02 1.240463576158940384e+02 1.307019867549668959e+02
1.254429530201342260e+02 1.240604026845637549e+02 1.308120805369127595e+02
1.254379084967320210e+02 1.240196078431372513e+02 1.307581699346405344e+02
1.254066666666666663e+02 1.239599999999999937e+02 1.309533333333333474e+02
1.252466666666666697e+02 1.239066666666666663e+02 1.311800000000000068e+02
1.251776315789473699e+02 1.238618421052631646e+02 1.311250000000000000e+02
1.252052980132450273e+02 1.239205298013245056e+02 1.312516556291390657e+02
1.248666666666666600e+02 1.239133333333333269e+02 1.312733333333333405e+02
1.247302631578947398e+02 1.240328947368421098e+02 1.313750000000000000e+02
1.247333333333333343e+02 1.241666666666666714e+02 1.314533333333333474e+02
1.248199999999999932e+02 1.242133333333333383e+02 1.316399999999999864e+02
1.245328947368421098e+02 1.243026315789473699e+02 1.316513157894736707e+02
1.244379084967320210e+02 1.242875816993464042e+02 1.315816993464052302e+02
1.244200000000000017e+02 1.241800000000000068e+02 1.316133333333333439e+02
1.243046357615894095e+02 1.241059602649006592e+02 1.317086092715231871e+02
1.243133333333333326e+02 1.241733333333333320e+02 1.316466666666666754e+02
1.243489932885906057e+02 1.243355704697986539e+02 1.317114093959731633e+02
1.244635761589403984e+02 1.243576158940397391e+02 1.316754966887417311e+02
1.243766233766233711e+02 1.241883116883116855e+02 1.315909090909090935e+02
1.242333333333333343e+02 1.242800000000000011e+02 1.316399999999999864e+02
1.240784313725490193e+02 1.244575163398692865e+02 1.316666666666666572e+02
1.241733333333333320e+02 1.243666666666666600e+02 1.316599999999999966e+02
1.241753246753246742e+02 1.244610389610389660e+02 1.316558441558441643e+02
1.241879194630872547e+02 1.245234899328859086e+02 1.316778523489932979e+02
1.242416107382550337e+02 1.244026845637583847e+02 1.316845637583892596e+02
1.241589403973509889e+02 1.244503311258278160e+02 1.316291390728476927e+02
1.240794701986754944e+02 1.243443708609271567e+02 1.317417218543046431e+02
1.241400000000000006e+02 1.241466666666666612e+02 1.319399999999999977e+02
1.242266666666666737e+02 1.242533333333333303e+02 1.320200000000000102e+02
1.242751677852348990e+02 1.241543624161073893e+02 1.320469798657718172e+02
1.242483660130719016e+02 1.241241830065359437e+02 1.322483660130718874e+02
1.241333333333333400e+02 1.242466666666666697e+02 1.322533333333333303e+02
1.238940397350993408e+02 1.241523178807946977e+02 1.322980132450331041e+02
1.238169934640522882e+02 1.241307189542483655e+02 1.323986928104575043e+02
1.238300653594771177e+02 1.241372549019607874e+02 1.326339869281045765e+02
1.237019867549668817e+02 1.242715231788079535e+02 1.326821192052980223e+02
1.237947019867549727e+02 1.242317880794701921e+02 1.327615894039735167e+02
1.236933333333333280e+02 1.243333333333333286e+02 1.326733333333333462e+02
1.238133333333333326e+02 1.244000000000000057e+02 1.327466666666666697e+02
1.238092105263157947e+02 1.244539473684210549e+02 1.328618421052631504e+02
1.237284768211920465e+02 1.245165562913907280e+02 1.327152317880794783e+02
1.238590604026845625e+02 1.244429530201342260e+02 1.327852348993288558e+02
1.239072847682119232e+02 1.244238410596026512e+02 1.328807947019867584e+02
1.238543046357615935e+02 1.242119205298013185e+02 1.327748344370860991e+02
1.238523489932885866e+02 1.242348993288590577e+02 1.326845637583892596e+02
1.236184210526315752e+02 1.242434210526315752e+02 1.327039473684210407e+02
1.235799999999999983e+02 1.243466666666666640e+02 1.326533333333333360e+02
1.235197368421052602e+02 1.243355263157894797e+02 1.326381578947368496e+02
1.234052287581699403e+02 1.242941176470588260e+02 1.326405228758169983e+02
1.233421052631578902e+02 1.242171052631578902e+02 1.327697368421052602e+02
1.232697368421052602e+02 1.241250000000000000e+02 1.326578947368421098e+02
1.231677852348993270e+02 1.239127516778523557e+02 1.325570469798657598e+02
1.230866666666666731e+02 1.239200000000000017e+02 1.326866666666666674e+02
1.231578947368421098e+02 1.237697368421052602e+02 1.326381578947368496e+02
1.229865771812080482e+02 1.237718120805369182e+02 1.327315436241610769e+02
1.228079470198675551e+02 1.236225165562913872e+02 1.328675496688741759e+02
1.226622516556291345e+02 1.234701986754966896e+02 1.328145695364238463e+02
1.226107382550335529e+02 1.235704697986577116e+02 1.328724832214765001e+02
1.225933333333333337e+02 1.236333333333333400e+02 1.330533333333333417e+02
1.226026490066225136e+02 1.236490066225165521e+02 1.331920529801324449e+02
1.224013157894736850e+02 1.235526315789473699e+02 1.332565789473684106e+02
1.223733333333333348e+02 1.235199999999999960e+02 1.333733333333333348e+02
1.224000000000000057e+02 1.236266666666666652e+02 1.334466666666666583e+02
1.222649006622516623e+02 1.236556291390728433e+02 1.334966887417218402e+02
1.220860927152317856e+02 1.236556291390728433e+02 1.336357615894039839e+02
1.221523178807946977e+02 1.236556291390728433e+02 1.337549668874172255e+02
1.221409395973154375e+02 1.236308724832214807e+02 1.337986577181208077e+02
1.221250000000000000e+02 1.237039473684210549e+02 1.338750000000000000e+02
1.221275167785234856e+02 1.237583892617449663e+02 1.339328859060402692e+02
1.220197368421052602e+02 1.238486842105263150e+02 1.339144736842105203e+02
1.220000000000000000e+02 1.237248322147651010e+02 1.339597315436241729e+02
1.219800000000000040e+02 1.237466666666666697e+02 1.339799999999999898e+02
1.219466666666666725e+02 1.238733333333333348e+02 1.339199999999999875e+02
1.218476821192053023e+02 1.239403973509933792e+02 1.338675496688741759e+02
1.217399999999999949e+02 1.239466666666666725e+02 1.338133333333333326e+02
1.217046979865771874e+02 1.238322147651006730e+02 1.337449664429530287e+02
1.217399999999999949e+02 1.238266666666666680e+02 1.337266666666666595e+02
1.217382550335570528e+02 1.237516778523489904e+02 1.338389261744966348e+02
1.217152317880794641e+02 1.238940397350993408e+02 1.337549668874172255e+02
1.216933333333333280e+02 1.240066666666666606e+02 1.337733333333333405e+02
1.216622516556291345e+02 1.237284768211920465e+02 1.338344370860927199e+02
1.216400000000000006e+02 1.237000000000000028e+02 1.338400000000000034e+02
1.215065789473684248e+02 1.238289473684210549e+02 1.336513157894736707e+02
1.213866666666666703e+02 1.239266666666666623e+02 1.335466666666666526e+02
1.212533333333333303e+02 1.239466666666666725e+02 1.335399999999999920e+02
1.212266666666666737e+02 1.239933333333333394e+02 1.335399999999999920e+02
1.212913907284768271e+02 1.240728476821192032e+02 1.335960264900662366e+02
1.212781456953642447e+02 1.240860927152317856e+02 1.336423841059602751e+02
1.212000000000000028e+02 1.242133333333333383e+02 1.336466666666666754e+02
1.210596026490066208e+02 1.241456953642384065e+02 1.336821192052980223e+02
1.209599999999999937e+02 1.242399999999999949e+02 1.338333333333333428e+02
1.208133333333333326e+02 1.243400000000000034e+02 1.338799999999999955e+02
1.207533333333333303e+02 1.243266666666666680e+02 1.338733333333333348e+02
1.208400000000000034e+02 1.243733333333333348e+02 1.339000000000000057e+02
1.207973856209150370e+02 1.243790849673202672e+02 1.339281045751633883e+02
1.208199999999999932e+02 1.242933333333333366e+02 1.339466666666666583e+02
1.208013245033112639e+02 1.242317880794701921e+02 1.339801324503311264e+02
1.206733333333333320e+02 1.242466666666666697e+02 1.340133333333333212e+02
1.206818181818181870e+02 1.242792207792207790e+02 1.340389610389610482e+02
1.205298013245033104e+02 1.242450331125827745e+02 1.341192052980132416e+02
1.203825503355704711e+02 1.241879194630872547e+02 1.341006711409395962e+02
1.203986928104575185e+02 1.241633986928104605e+02 1.341372549019607732e+02
1.203973509933774864e+02 1.242715231788079535e+02 1.341456953642384065e+02
1.203266666666666680e+02 1.244133333333333269e+02 1.341733333333333462e+02
1.202600000000000051e+02 1.246599999999999966e+02 1.341066666666666549e+02
1.202550335570469855e+02 1.245771812080536876e+02 1.342483221476510096e+02
1.203533333333333388e+02 1.247466666666666697e+02 1.342933333333333223e+02
1.202818791946308750e+02 1.247382550335570528e+02 1.343825503355704711e+02
1.203466666666666640e+02 1.247266666666666737e+02 1.344600000000000080e+02
1.203571428571428612e+02 1.246298701298701275e+02 1.344545454545454675e+02
1.202666666666666657e+02 1.246599999999999966e+02 1.344666666666666686e+02
1.202684563758389231e+02 1.247046979865771874e+02 1.345637583892617499e+02
1.202733333333333263e+02 1.248066666666666720e+02 1.345399999999999920e+02
1.203509933774834479e+02 1.249205298013245056e+02 1.346026490066225278e+02
1.202066666666666634e+02 1.249399999999999977e+02 1.347199999999999989e+02
1.202185430463576097e+02 1.248543046357615935e+02 1.348145695364238463e+02
1.201184210526315752e+02 1.247434210526315752e+02 1.348486842105263293e+02
1.201118421052631646e+02 1.247105263157894797e+02 1.349802631578947398e+02
1.200794701986754944e+02 1.248741721854304672e+02 1.349271523178807968e+02
1.200197368421052602e+02 1.249802631578947398e+02 1.349605263157894797e+02
1.201208053691275097e+02 1.249261744966442933e+02 1.349530201342281828e+02
1.200466666666666669e+02 1.250266666666666708e+02 1.350333333333333314e+02
1.200268456375838895e+02 1.251879194630872547e+02 1.351140939597315480e+02
1.199666666666666686e+02 1.251733333333333320e+02 1.352933333333333223e+02
1.200469798657718172e+02 1.252550335570469855e+02 1.352080536912751541e+02
1.200784313725490193e+02 1.252091503267973849e+02 1.353333333333333428e+02
1.199539473684210549e+02 1.252894736842105203e+02 1.354342105263157805e+02
1.200872483221476443e+02 1.253691275167785193e+02 1.354630872483221538e+02
1.200666666666666629e+02 1.252999999999999972e+02 1.355800000000000125e+02
1.201866666666666674e+02 1.253599999999999994e+02 1.356733333333333462e+02
1.201644736842105203e+02 1.253618421052631646e+02 1.357631578947368496e+02
1.200463576158940384e+02 1.253443708609271567e+02 1.358278145695364287e+02
1.200463576158940384e+02 1.254238410596026512e+02 1.359205298013245056e+02
1.200198675496688736e+02 1.255430463576158928e+02 1.360728476821192032e+02
1.199019607843137294e+02 1.255555555555555571e+02 1.362941176470588118e+02
1.197651006711409423e+02 1.254496644295302019e+02 1.362214765100671059e+02
1.195364238410596016e+02 1.254503311258278160e+02 1.360794701986754944e+02
1.195266666666666708e+02 1.254933333333333394e+02 1.360933333333333337e+02
1.195364238410596016e+02 1.253774834437086128e+02 1.359801324503311264e+02
1.194933333333333394e+02 1.254466666666666725e+02 1.358933333333333451e+02
1.195866666666666731e+02 1.255999999999999943e+02 1.358400000000000034e+02
1.194733333333333292e+02 1.255733333333333377e+02 1.358066666666666720e+02
1.195562913907284752e+02 1.255761589403973488e+02 1.358543046357615935e+02
1.195894039735099312e+02 1.255827814569536400e+02 1.359403973509933792e+02
1.194509803921568647e+02 1.255228758169934622e+02 1.360065359477124218e+02
1.193774834437086128e+02 1.255099337748344368e+02 1.360132450331125824e+02
1.193815789473684248e+02 1.256118421052631646e+02 1.360328947368421098e+02
1.192567567567567579e+02 1.256824324324324351e+02 1.360743243243243228e+02
1.191599999999999966e+02 1.255666666666666629e+02 1.361266666666666652e+02
1.190333333333333314e+02 1.257000000000000028e+02 1.360733333333333235e+02
1.189865771812080482e+02 1.255033557046979809e+02 1.360805369127516826e+02
1.189597315436241587e+02 1.254429530201342260e+02 1.359597315436241729e+02
1.188289473684210549e+02 1.254605263157894797e+02 1.358815789473684106e+02
1.189066666666666663e+02 1.253333333333333286e+02 1.360200000000000102e+02
1.188344370860927199e+02 1.253973509933774864e+02 1.360132450331125824e+02
1.187748344370860991e+02 1.252913907284768271e+02 1.360993377483443680e+02
1.186953642384105905e+02 1.253178807947019919e+02 1.361324503311258241e+02
1.185333333333333314e+02 1.253333333333333286e+02 1.361066666666666549e+02
1.183576158940397391e+02 1.255827814569536400e+02 1.361258278145695328e+02
1.181800000000000068e+02 1.255866666666666731e+02 1.360866666666666731e+02
1.181333333333333400e+02 1.256133333333333297e+02 1.362666666666666799e+02
1.178445945945945965e+02 1.256959459459459509e+02 1.362162162162162247e+02
1.178133333333333326e+02 1.258199999999999932e+02 1.361933333333333280e+02
1.178486842105263150e+02 1.258223684210526301e+02 1.362500000000000000e+02
1.178322147651006730e+02 1.258590604026845625e+02 1.362348993288590577e+02
1.178410596026490111e+02 1.258278145695364287e+02 1.362384105960264833e+02
1.178533333333333388e+02 1.259066666666666663e+02 1.363799999999999955e+02
1.178815789473684248e+02 1.259868421052631646e+02 1.363289473684210407e+02
1.179463087248322211e+02 1.260604026845637549e+02 1.363959731543624230e+02
1.180131578947368354e+02 1.260657894736842053e+02 1.362828947368421098e+02
1.181133333333333297e+02 1.261533333333333360e+02 1.362800000000000011e+02
1.180533333333333275e+02 1.261533333333333360e+02 1.362599999999999909e+02
1.179144736842105203e+02 1.260789473684210549e+02 1.362631578947368496e+02
1.179666666666666686e+02 1.260733333333333377e+02 1.363199999999999932e+02
1.180331125827814560e+02 1.260264900662251648e+02 1.364105960264900546e+02
1.181266666666666652e+02 1.260466666666666669e+02 1.364866666666666788e+02
1.180662251655629120e+02 1.260264900662251648e+02 1.364768211920529666e+02
1.180466666666666669e+02 1.260266666666666708e+02 1.364933333333333394e+02
1.180000000000000000e+02 1.261666666666666714e+02 1.365466666666666526e+02
1.179539473684210549e+02 1.260789473684210549e+02 1.366513157894736707e+02
1.179597315436241587e+02 1.260335570469798654e+02 1.366912751677852214e+02
1.179066666666666663e+02 1.260666666666666629e+02 1.367400000000000091e+02
1.179800000000000040e+02 1.261200000000000045e+02 1.367533333333333303e+02
1.179933333333333394e+02 1.261266666666666652e+02 1.367733333333333405e+02
1.178881578947368354e+02 1.260263157894736850e+02 1.367697368421052602e+02
1.179266666666666623e+02 1.261933333333333280e+02 1.367199999999999989e+02
1.178133333333333326e+02 1.262266666666666737e+02 1.368466666666666640e+02
1.176184210526315752e+02 1.262368421052631646e+02 1.368750000000000000e+02
1.175600000000000023e+02 1.262666666666666657e+02 1.369866666666666788e+02
1.174864864864864842e+02 1.263175675675675649e+02 1.371418918918919019e+02
1.173509933774834479e+02 1.264304635761589424e+02 1.372052980132450273e+02
1.171812080536912788e+02 1.264026845637583847e+02 1.372416107382550194e+02
1.171390728476821153e+02 1.264172185430463600e+02 1.374437086092715106e+02
1.170945945945945965e+02 1.263918918918918877e+02 1.374662162162162247e+02
1.169867549668874176e+02 1.264105960264900688e+02 1.374503311258278018e+02
1.168543046357615935e+02 1.264966887417218544e+02 1.374503311258278018e+02
1.168733333333333348e+02 1.264466666666666725e+02 1.373266666666666538e+02
1.168120805369127453e+02 1.265637583892617499e+02 1.373892617449664328e+02
1.167086092715231729e+02 1.265099337748344368e+02 1.374172185430463458e+02
1.166933333333333280e+02 1.264800000000000040e+02 1.374933333333333394e+02
1.166533333333333360e+02 1.265600000000000023e+02 1.373600000000000136e+02
1.165600000000000023e+02 1.266666666666666714e+02 1.373066666666666720e+02
1.165503355704697981e+02 1.266308724832214807e+02 1.373959731543624230e+02
1.165496688741721840e+02 1.267682119205298079e+02 1.374304635761589282e+02
1.164161073825503365e+02 1.268255033557046971e+02 1.376107382550335672e+02
1.162402597402597451e+02 1.267532467532467564e+02 1.376233766233766289e+02
1.161052631578947398e+02 1.266381578947368354e+02 1.377236842105263293e+02
1.159798657718120865e+02 1.267181208053691250e+02 1.378322147651006730e+02
1.157785234899328799e+02 1.266711409395973220e+02 1.375704697986577116e+02
1.156756756756756772e+02 1.266486486486486456e+02 1.376148648648648702e+02
1.157199999999999989e+02 1.267333333333333343e+02 1.376599999999999966e+02
1.157399999999999949e+02 1.267999999999999972e+02 1.377133333333333383e+02
1.157320261437908471e+02 1.269411764705882320e+02 1.376928104575163445e+02
1.155466666666666669e+02 1.268866666666666703e+02 1.376066666666666549e+02
1.155608108108108070e+02 1.269391891891891930e+02 1.376756756756756772e+02
1.154868421052631646e+02 1.268684210526315752e+02 1.374539473684210407e+02
1.153489932885906057e+02 1.270469798657718172e+02 1.374429530201342402e+02
1.155666666666666629e+02 1.270600000000000023e+02 1.374266666666666765e+02
1.154630872483221538e+02 1.270469798657718172e+02 1.373892617449664328e+02
1.155771812080536876e+02 1.270335570469798654e+02 1.374093959731543748e+02
1.155364238410596016e+02 1.272119205298013185e+02 1.373178807947019777e+02
1.156133333333333297e+02 1.272733333333333263e+02 1.372333333333333201e+02
1.154933333333333394e+02 1.273333333333333286e+02 1.372666666666666799e+02
1.156233766233766289e+02 1.274870129870129887e+02 1.372727272727272805e+02
1.156912751677852356e+02 1.275033557046979809e+02 1.373288590604026922e+02
1.157124183006535958e+02 1.275686274509803866e+02 1.373398692810457646e+02
1.157894736842105203e+02 1.276578947368421098e+02 1.372302631578947398e+02
1.156912751677852356e+02 1.278120805369127453e+02 1.371275167785234999e+02
1.156778523489932837e+02 1.276778523489932837e+02 1.371140939597315480e+02
1.156381578947368354e+02 1.275789473684210549e+02 1.373026315789473699e+02
1.153866666666666703e+02 1.275999999999999943e+02 1.373533333333333246e+02
1.153157894736842053e+02 1.277302631578947398e+02 1.372631578947368496e+02
1.152582781456953711e+02 1.277152317880794641e+02 1.371721854304635713e+02
1.151466666666666612e+02 1.277133333333333383e+02 1.370866666666666731e+02
1.151973684210526301e+02 1.277302631578947398e+02 1.371184210526315894e+02
1.151266666666666652e+02 1.276133333333333297e+02 1.371933333333333280e+02
1.150335570469798654e+02 1.276308724832214807e+02 1.371812080536912788e+02
1.150000000000000000e+02 1.276333333333333400e+02 1.372333333333333201e+02
1.148333333333333286e+02 1.278133333333333326e+02 1.372133333333333383e+02
1.148410596026490111e+02 1.279470198675496704e+02 1.372384105960264833e+02
1.148874172185430496e+02 1.280198675496688736e+02 1.371854304635761537e+02
1.149530201342281828e+02 1.280872483221476443e+02 1.371812080536912788e+02
1.147947019867549727e+02 1.281258278145695328e+02 1.372052980132450273e+02
1.147666666666666657e+02 1.284733333333333292e+02 1.371999999999999886e+02
1.147105263157894797e+02 1.287565789473684106e+02 1.372631578947368496e+02
1.146556291390728433e+02 1.288410596026490111e+02 1.372052980132450273e+02
1.146556291390728433e+02 1.288609271523178847e+02 1.372119205298013185e+02
1.145999999999999943e+02 1.289733333333333292e+02 1.372400000000000091e+02
1.145496688741721840e+02 1.291059602649006592e+02 1.371589403973509889e+02
1.145973154362416153e+02 1.292818791946308750e+02 1.370201342281879135e+02
1.146026490066225136e+02 1.293443708609271425e+02 1.368145695364238463e+02
1.146733333333333320e+02 1.294199999999999875e+02 1.366999999999999886e+02
1.147066666666666634e+02 1.294466666666666583e+02 1.367466666666666697e+02
1.146556291390728433e+02 1.295761589403973630e+02 1.368211920529801375e+02
1.144899328859060432e+02 1.296577181208053560e+02 1.369127516778523557e+02
1.144635761589403984e+02 1.296556291390728575e+02 1.369271523178807968e+02
1.144736842105263150e+02 1.297894736842105203e+02 1.369868421052631504e+02
1.143576158940397391e+02 1.297350993377483519e+02 1.370463576158940384e+02
1.143774834437086128e+02 1.299271523178807968e+02 1.370794701986754944e+02
1.142800000000000011e+02 1.299066666666666663e+02 1.370933333333333337e+02
1.141812080536912788e+02 1.300134228187919518e+02 1.370671140939597308e+02
1.141866666666666674e+02 1.300066666666666606e+02 1.370800000000000125e+02
1.141133333333333297e+02 1.301333333333333258e+02 1.370800000000000125e+02
1.141118421052631646e+02 1.302763157894736707e+02 1.372171052631578902e+02
1.142533333333333303e+02 1.304000000000000057e+02 1.372666666666666799e+02
1.142800000000000011e+02 1.305266666666666708e+02 1.371599999999999966e+02
1.144429530201342260e+02 1.306107382550335672e+02 1.370335570469798654e+02
1.140536912751677789e+02 1.305100671140939710e+02 1.370469798657718172e+02
1.140723684210526301e+02 1.305657894736842195e+02 1.369276315789473699e+02
1.140993377483443680e+02 1.305298013245033246e+02 1.370000000000000000e+02
1.141363636363636402e+02 1.306428571428571388e+02 1.370519480519480453e+02
1.140799999999999983e+02 1.308133333333333326e+02 1.368600000000000136e+02
1.141216216216216282e+02 1.309324324324324209e+02 1.370067567567567437e+02
1.140733333333333377e+02 1.310333333333333314e+02 1.370000000000000000e+02
1.139411764705882320e+02 1.309934640522875782e+02 1.369477124183006538e+02
1.139466666666666725e+02 1.308600000000000136e+02 1.370200000000000102e+02
1.139735099337748352e+02 1.309470198675496704e+02 1.368807947019867584e+02
1.138750000000000000e+02 1.309539473684210407e+02 1.368684210526315894e+02
1.138278145695364287e+02 1.309072847682119232e+02 1.367218543046357695e+02
1.137922077922077904e+02 1.308766233766233711e+02 1.366948051948051841e+02
1.137516339869280984e+02 1.310196078431372655e+02 1.365620915032679648e+02
1.136688741721854257e+02 1.310397350993377472e+02 1.365629139072847806e+02
1.134429530201342260e+02 1.310738255033556925e+02 1.364697986577181155e+02
1.135133333333333354e+02 1.310000000000000000e+02 1.364600000000000080e+02
1.134569536423841072e+02 1.311059602649006592e+02 1.364569536423840930e+02
1.133552631578947398e+02 1.310789473684210407e+02 1.361842105263157805e+02
1.132450331125827745e+02 1.312185430463576097e+02 1.362516556291390657e+02
1.131372549019607874e+02 1.313464052287581580e+02 1.361830065359477260e+02
1.131776315789473699e+02 1.313947368421052602e+02 1.361118421052631504e+02
1.131118421052631646e+02 1.315986842105263293e+02 1.360394736842105203e+02
1.129054054054054035e+02 1.315540540540540633e+02 1.360270270270270316e+02
1.128476821192053023e+02 1.316423841059602751e+02 1.361125827814569504e+02
1.128807947019867584e+02 1.317152317880794783e+02 1.359668874172185440e+02
1.126599999999999966e+02 1.318266666666666538e+02 1.360533333333333417e+02
1.126533333333333360e+02 1.318400000000000034e+02 1.360733333333333235e+02
1.126405228758169983e+02 1.321372549019607732e+02 1.360915032679738488e+02
1.126200000000000045e+02 1.321866666666666674e+02 1.360066666666666606e+02
1.125234899328859086e+02 1.322281879194630960e+02 1.359328859060402692e+02
1.124966442953020191e+02 1.324161073825503365e+02 1.358389261744966348e+02
1.123288590604026780e+02 1.325100671140939710e+02 1.357919463087248459e+02
1.124172185430463600e+02 1.326688741721854399e+02 1.357814569536423903e+02
1.126266666666666652e+02 1.326666666666666572e+02 1.357800000000000011e+02
1.125466666666666669e+02 1.326599999999999966e+02 1.356466666666666754e+02
1.124897959183673493e+02 1.326870748299319587e+02 1.356598639455782234e+02
1.124399999999999977e+02 1.328400000000000034e+02 1.355933333333333337e+02
1.124671052631578902e+02 1.329671052631578902e+02 1.356447368421052602e+02
1.124333333333333371e+02 1.330399999999999920e+02 1.355800000000000125e+02
1.125496688741721840e+02 1.330529801324503296e+02 1.355430463576159070e+02
1.124697986577181155e+02 1.330738255033556925e+02 1.355234899328858944e+02
1.124802631578947398e+02 1.332171052631578902e+02 1.354539473684210407e+02
1.125933333333333337e+02 1.331266666666666652e+02 1.352866666666666617e+02
1.127631578947368354e+02 1.331710526315789593e+02 1.353552631578947398e+02
1.127039473684210549e+02 1.331118421052631504e+02 1.352236842105263293e+02
1.127450980392156907e+02 1.332418300653594656e+02 1.351830065359477260e+02
1.129144736842105203e+02 1.334407894736842195e+02 1.351842105263157805e+02
1.128133333333333326e+02 1.335200000000000102e+02 1.353000000000000114e+02
1.129342105263157947e+02 1.335986842105263293e+02 1.354407894736842195e+02
1.129671052631578902e+02 1.336315789473684106e+02 1.355460526315789593e+02
1.128421052631578902e+02 1.335855263157894797e+02 1.355592105263157805e+02
1.128193548387096712e+02 1.335419354838709580e+02 1.356129032258064626e+02
1.129013157894736850e+02 1.336250000000000000e+02 1.355921052631578902e+02
1.127181208053691250e+02 1.335973154362416153e+02 1.355503355704697981e+02
1.125960264900662224e+02 1.336754966887417311e+02 1.356357615894039839e+02
1.125666666666666629e+02 1.337466666666666697e+02 1.355466666666666526e+02
1.126862745098039227e+02 1.339738562091503127e+02 1.355620915032679648e+02
1.126423841059602609e+02 1.340198675496688736e+02 1.355496688741721982e+02
1.124473684210526301e+02 1.340131578947368496e+02 1.355921052631578902e+02
1.124000000000000057e+02 1.339733333333333292e+02 1.355733333333333235e+02
1.123986486486486456e+02 1.341351351351351298e+02 1.355743243243243228e+02
1.122483660130719016e+02 1.340784313725490335e+02 1.356274509803921546e+02
1.122913907284768271e+02 1.341192052980132416e+02 1.356622516556291487e+02
1.122500000000000000e+02 1.342171052631578902e+02 1.355131578947368496e+02
1.120066666666666606e+02 1.341599999999999966e+02 1.356200000000000045e+02
1.119183673469387799e+02 1.339251700680271995e+02 1.356394557823129219e+02
1.117697368421052602e+02 1.338289473684210407e+02 1.354868421052631504e+02
1.117662337662337677e+02 1.338441558441558357e+02 1.354740259740259773e+02
1.116599999999999966e+02 1.339399999999999977e+02 1.355866666666666731e+02
1.114768211920529808e+02 1.339735099337748352e+02 1.355894039735099454e+02
1.114868421052631646e+02 1.338684210526315894e+02 1.355394736842105203e+02
1.115333333333333314e+02 1.339799999999999898e+02 1.354866666666666788e+02
1.115263157894736850e+02 1.337960526315789593e+02 1.353486842105263293e+02
1.112679738562091529e+02 1.337777777777777715e+02 1.351960784313725412e+02
1.113266666666666680e+02 1.337933333333333223e+02 1.352199999999999989e+02
1.110933333333333337e+02 1.337199999999999989e+02 1.353199999999999932e+02
1.111275167785234856e+02 1.337046979865771732e+02 1.352617449664429614e+02
1.110466666666666669e+02 1.336999999999999886e+02 1.352133333333333383e+02
1.110261437908496731e+02 1.337647058823529278e+02 1.354313725490196134e+02
1.108940397350993408e+02 1.339403973509933792e+02 1.354966887417218402e+02
1.108367346938775455e+02 1.338503401360544274e+02 1.353673469387755119e+02
1.107770270270270316e+02 1.339459459459459367e+02 1.353040540540540633e+02
1.108066666666666720e+02 1.339066666666666663e+02 1.352466666666666697e+02
1.106802721088435391e+02 1.338027210884353622e+02 1.352721088435374099e+02
1.106800000000000068e+02 1.338600000000000136e+02 1.353666666666666742e+02
1.108145695364238463e+02 1.339668874172185440e+02 1.353245033112582689e+02
1.108026315789473699e+02 1.340592105263157805e+02 1.353092105263157805e+02
1.108013245033112639e+02 1.340993377483443680e+02 1.353178807947019777e+02
1.107399999999999949e+02 1.339266666666666765e+02 1.353866666666666561e+02
1.105657894736842053e+02 1.339736842105263293e+02 1.354407894736842195e+02
1.104771241830065378e+02 1.339738562091503127e+02 1.353398692810457646e+02
1.104304635761589424e+02 1.339006622516556320e+02 1.353046357615893953e+02
1.103223684210526301e+02 1.338684210526315894e+02 1.354342105263157805e+02
1.102333333333333343e+02 1.339466666666666583e+02 1.354000000000000057e+02
1.101400000000000006e+02 1.339799999999999898e+02 1.354199999999999875e+02
1.101599999999999966e+02 1.339133333333333269e+02 1.353400000000000034e+02
1.101756756756756772e+02 1.340067567567567437e+02 1.353445945945945823e+02
1.101333333333333400e+02 1.340200000000000102e+02 1.353133333333333326e+02
1.101788079470198625e+02 1.341589403973509889e+02 1.352119205298013185e+02
1.099200000000000017e+02 1.341866666666666674e+02 1.352866666666666617e+02
1.098496732026143832e+02 1.342352941176470722e+02 1.353202614379084991e+02
1.097399999999999949e+02 1.343199999999999932e+02 1.353866666666666561e+02
1.096533333333333360e+02 1.342599999999999909e+02 1.353199999999999932e+02
1.095570469798657740e+02 1.343489932885906057e+02 1.353557046979865675e+02
1.094666666666666686e+02 1.345200000000000102e+02 1.352866666666666617e+02
1.093178807947019919e+02 1.345695364238410718e+02 1.353973509933774722e+02
1.091907894736842053e+02 1.345657894736842195e+02 1.353355263157894797e+02
1.090666666666666629e+02 1.345533333333333417e+02 1.353199999999999932e+02
1.089599999999999937e+02 1.346133333333333439e+02 1.352466666666666697e+02
1.088874172185430496e+02 1.346688741721854399e+02 1.352516556291390657e+02
1.088445945945945965e+02 1.346689189189189051e+02 1.351959459459459367e+02
1.087733333333333263e+02 1.346333333333333258e+02 1.351666666666666572e+02
1.086800000000000068e+02 1.346733333333333462e+02 1.351666666666666572e+02
1.085906040268456394e+02 1.346174496644295289e+02 1.352013422818791923e+02
1.086026490066225136e+02 1.347615894039735167e+02 1.352649006622516481e+02
1.085592105263157947e+02 1.349539473684210407e+02 1.354473684210526301e+02
1.084295302013422884e+02 1.348523489932885866e+02 1.354295302013422884e+02
1.083866666666666703e+02 1.349933333333333394e+02 1.355666666666666629e+02
1.082105263157894797e+02 1.349605263157894797e+02 1.354473684210526301e+02
1.080999999999999943e+02 1.349733333333333292e+02 1.353466666666666640e+02
1.080860927152317856e+02 1.351258278145695328e+02 1.352847682119205217e+02
1.079869281045751563e+02 1.353202614379084991e+02 1.353660130718954235e+02
1.080199999999999960e+02 1.353133333333333326e+02 1.355000000000000000e+02
1.079666666666666686e+02 1.351733333333333462e+02 1.355866666666666731e+02
1.078692810457516345e+02 1.351503267973856168e+02 1.355359477124183059e+02
1.077006802721088405e+02 1.351768707482993079e+02 1.355986394557823189e+02
1.076184210526315752e+02 1.351447368421052602e+02 1.356578947368421098e+02
1.075986842105263150e+02 1.351315789473684106e+02 1.354736842105263293e+02
1.074666666666666686e+02 1.351533333333333360e+02 1.352066666666666777e+02
1.073599999999999994e+02 1.350200000000000102e+02 1.352866666666666617e+02
1.072999999999999972e+02 1.351599999999999966e+02 1.355999999999999943e+02
