1.286907894736842195e+02 1.271644736842105203e+02 1.271907894736842053e+02
1.286556291390728575e+02 1.271390728476821153e+02 1.271125827814569504e+02
1.286466666666666754e+02 1.271933333333333280e+02 1.270400000000000063e+02
1.287152317880794783e+02 1.272715231788079535e+02 1.270662251655629120e+02
1.286999999999999886e+02 1.272333333333333343e+02 1.270533333333333275e+02
1.286933333333333280e+02 1.272600000000000051e+02 1.271400000000000006e+02
1.287483443708609343e+02 1.272119205298013185e+02 1.271523178807946977e+02
1.287066666666666777e+02 1.271733333333333320e+02 1.271266666666666652e+02
1.286107382550335672e+02 1.272281879194630818e+02 1.271073825503355721e+02
1.284933333333333394e+02 1.272533333333333303e+02 1.271133333333333297e+02
1.284000000000000057e+02 1.272866666666666617e+02 1.271866666666666674e+02
1.283959731543624230e+02 1.273557046979865817e+02 1.272147651006711442e+02
1.284635761589403842e+02 1.273774834437086128e+02 1.272913907284768271e+02
1.284000000000000057e+02 1.274066666666666663e+02 1.272666666666666657e+02
1.283600000000000136e+02 1.273466666666666640e+02 1.272666666666666657e+02
1.282781456953642305e+02 1.272980132450331183e+02 1.273245033112582831e+02
1.283733333333333348e+02 1.273066666666666720e+02 1.273400000000000034e+02
1.284399999999999977e+02 1.272466666666666697e+02 1.273133333333333326e+02
1.284333333333333371e+02 1.272266666666666737e+02 1.274000000000000057e+02
1.283947368421052602e+02 1.272434210526315752e+02 1.273750000000000000e+02
1.283642384105960161e+02 1.272781456953642447e+02 1.272582781456953711e+02
1.283133333333333326e+02 1.273133333333333326e+02 1.272733333333333263e+02
1.282933333333333223e+02 1.273133333333333326e+02 1.272600000000000051e+02
1.283046357615893953e+02 1.272582781456953711e+02 1.271788079470198625e+02
1.282251655629139009e+02 1.272185430463576097e+02 1.271390728476821153e+02
1.282781456953642305e+02 1.272715231788079535e+02 1.271258278145695328e+02
1.281854304635761537e+02 1.272980132450331183e+02 1.271125827814569504e+02
1.282199999999999989e+02 1.272999999999999972e+02 1.271800000000000068e+02
1.282582781456953569e+02 1.272847682119205359e+02 1.271854304635761537e+02
1.282400000000000091e+02 1.273199999999999932e+02 1.272933333333333366e+02
1.282133333333333383e+02 1.273533333333333388e+02 1.272466666666666697e+02
1.283066666666666720e+02 1.273333333333333286e+02 1.272000000000000028e+02
1.283466666666666640e+02 1.273533333333333388e+02 1.272199999999999989e+02
1.283443708609271425e+02 1.273245033112582831e+02 1.272384105960264833e+02
1.284039735099337634e+02 1.273178807947019919e+02 1.271456953642384065e+02
1.284429530201342402e+02 1.272885906040268509e+02 1.271208053691275097e+02
1.284000000000000057e+02 1.272466666666666697e+02 1.271066666666666691e+02
1.284078947368421098e+02 1.271644736842105203e+02 1.271118421052631646e+02
1.284466666666666583e+02 1.271466666666666612e+02 1.271533333333333360e+02
1.284000000000000057e+02 1.272466666666666697e+02 1.271599999999999966e+02
1.284466666666666583e+02 1.272933333333333366e+02 1.272000000000000028e+02
1.285133333333333212e+02 1.272133333333333383e+02 1.271599999999999966e+02
1.284866666666666788e+02 1.271266666666666652e+02 1.271933333333333280e+02
1.285165562913907422e+02 1.271655629139072801e+02 1.272251655629139009e+02
1.284966887417218402e+02 1.270927152317880768e+02 1.271655629139072801e+02
1.284199999999999875e+02 1.271066666666666691e+02 1.271666666666666714e+02
1.284026845637583847e+02 1.271006711409395962e+02 1.271073825503355721e+02
1.283642384105960161e+02 1.270794701986754944e+02 1.270331125827814560e+02
1.284105960264900546e+02 1.270860927152317856e+02 1.270993377483443680e+02
1.284933333333333394e+02 1.270666666666666629e+02 1.270133333333333354e+02
1.284701986754966754e+02 1.270264900662251648e+02 1.271258278145695328e+02
1.283774834437085985e+02 1.270331125827814560e+02 1.271324503311258241e+02
1.284437086092715106e+02 1.269801324503311264e+02 1.270662251655629120e+02
1.284569536423840930e+02 1.270000000000000000e+02 1.271324503311258241e+02
1.283691275167785193e+02 1.270805369127516826e+02 1.270335570469798654e+02
1.283355263157894797e+02 1.271118421052631646e+02 1.270657894736842053e+02
1.283311258278145601e+02 1.271655629139072801e+02 1.271523178807946977e+02
1.283066666666666720e+02 1.271466666666666612e+02 1.270600000000000023e+02
1.283642384105960161e+02 1.270794701986754944e+02 1.271523178807946977e+02
1.283933333333333451e+02 1.271400000000000006e+02 1.272933333333333366e+02
1.284967320261438033e+02 1.271437908496732092e+02 1.273267973856209210e+02
1.285133333333333212e+02 1.270933333333333337e+02 1.273066666666666720e+02
1.284333333333333371e+02 1.271133333333333297e+02 1.273266666666666680e+02
1.284105960264900546e+02 1.271589403973509889e+02 1.274238410596026512e+02
1.283289473684210407e+02 1.270986842105263150e+02 1.274078947368421098e+02
1.284238410596026370e+02 1.270463576158940384e+02 1.273576158940397391e+02
1.284533333333333474e+02 1.270799999999999983e+02 1.273133333333333326e+02
1.283799999999999955e+02 1.270333333333333314e+02 1.273133333333333326e+02
1.283333333333333428e+02 1.269399999999999977e+02 1.274266666666666623e+02
1.282199999999999989e+02 1.270000000000000000e+02 1.273599999999999994e+02
1.282119205298013185e+02 1.270397350993377472e+02 1.273377483443708655e+02
1.281523178807946977e+02 1.270463576158940384e+02 1.272715231788079535e+02
1.281266666666666652e+02 1.270466666666666669e+02 1.272933333333333366e+02
1.280927152317880768e+02 1.270596026490066208e+02 1.272980132450331183e+02
1.280067114093959617e+02 1.270939597315436203e+02 1.272751677852348990e+02
1.280533333333333417e+02 1.270933333333333337e+02 1.272199999999999989e+02
1.280198675496688736e+02 1.271854304635761537e+02 1.272317880794701921e+02
1.280268456375839037e+02 1.271744966442953029e+02 1.271879194630872547e+02
1.281140939597315480e+02 1.271275167785234856e+02 1.272818791946308750e+02
1.281192052980132416e+02 1.270662251655629120e+02 1.272913907284768271e+02
1.281476510067114134e+02 1.271140939597315480e+02 1.273825503355704711e+02
1.281266666666666652e+02 1.270866666666666731e+02 1.274533333333333331e+02
1.281466666666666754e+02 1.271599999999999966e+02 1.274733333333333292e+02
1.281543624161073751e+02 1.271208053691275097e+02 1.275302013422818845e+02
1.281324503311258241e+02 1.270860927152317856e+02 1.275033112582781456e+02
1.282147651006711442e+02 1.270469798657718172e+02 1.275637583892617499e+02
1.281125827814569504e+02 1.270860927152317856e+02 1.275562913907284752e+02
1.280860927152317856e+02 1.271390728476821153e+02 1.275562913907284752e+02
1.280600000000000023e+02 1.271933333333333280e+02 1.275333333333333314e+02
1.280066666666666606e+02 1.272600000000000051e+02 1.274666666666666686e+02
1.280529801324503296e+02 1.272185430463576097e+02 1.274437086092715248e+02
1.280529801324503296e+02 1.272582781456953711e+02 1.274635761589403984e+02
1.280399999999999920e+02 1.273199999999999932e+02 1.274000000000000057e+02
1.280198675496688736e+02 1.272980132450331183e+02 1.273443708609271567e+02
1.279666666666666686e+02 1.272866666666666617e+02 1.273733333333333348e+02
1.279801324503311264e+02 1.272781456953642447e+02 1.274172185430463600e+02
1.279470198675496704e+02 1.272251655629139009e+02 1.274635761589403984e+02
1.278933333333333309e+02 1.272399999999999949e+02 1.274733333333333292e+02
1.279072847682119232e+02 1.272980132450331183e+02 1.274304635761589424e+02
1.279261744966442933e+02 1.273557046979865817e+02 1.274228187919463124e+02
1.279664429530201346e+02 1.273758389261744952e+02 1.274429530201342260e+02
1.279333333333333371e+02 1.272800000000000011e+02 1.274666666666666686e+02
1.279466666666666725e+02 1.272933333333333366e+02 1.274800000000000040e+02
1.278741721854304672e+02 1.272119205298013185e+02 1.274503311258278160e+02
1.278866666666666703e+02 1.272266666666666737e+02 1.274200000000000017e+02
1.279139072847682144e+02 1.272052980132450273e+02 1.274370860927152336e+02
1.280399999999999920e+02 1.271666666666666714e+02 1.274599999999999937e+02
1.279736842105263150e+02 1.271644736842105203e+02 1.274342105263157947e+02
1.279867549668874176e+02 1.271258278145695328e+02 1.274834437086092720e+02
1.280268456375839037e+02 1.271073825503355721e+02 1.274765100671140914e+02
1.279801324503311264e+02 1.270728476821192032e+02 1.274304635761589424e+02
1.280131578947368496e+02 1.271710526315789451e+02 1.274934210526315752e+02
1.281266666666666652e+02 1.271933333333333280e+02 1.274733333333333292e+02
1.280855263157894797e+02 1.272105263157894797e+02 1.275526315789473699e+02
1.280469798657718172e+02 1.271812080536912788e+02 1.276174496644295289e+02
1.280592105263157805e+02 1.272434210526315752e+02 1.276644736842105203e+02
1.281666666666666572e+02 1.272199999999999989e+02 1.276066666666666691e+02
1.281800000000000068e+02 1.272600000000000051e+02 1.275666666666666629e+02
1.281655629139072801e+02 1.272649006622516623e+02 1.275562913907284752e+02
1.280466666666666526e+02 1.272999999999999972e+02 1.275066666666666606e+02
1.280849673202614269e+02 1.273071895424836555e+02 1.275163398692810404e+02
1.280132450331125824e+02 1.272450331125827745e+02 1.274569536423841072e+02
1.279533333333333331e+02 1.272266666666666737e+02 1.274866666666666646e+02
1.279933774834437088e+02 1.271324503311258241e+02 1.274503311258278160e+02
1.279866666666666646e+02 1.271333333333333400e+02 1.274333333333333371e+02
1.280264900662251648e+02 1.271589403973509889e+02 1.274900662251655632e+02
1.280067114093959617e+02 1.271208053691275097e+02 1.273825503355704711e+02
1.280000000000000000e+02 1.272399999999999949e+02 1.273066666666666720e+02
1.280264900662251648e+02 1.272913907284768271e+02 1.272450331125827745e+02
1.280529801324503296e+02 1.272516556291390799e+02 1.273245033112582831e+02
1.280993377483443680e+02 1.272450331125827745e+02 1.273178807947019919e+02
1.281399999999999864e+02 1.272333333333333343e+02 1.273066666666666720e+02
1.282400000000000091e+02 1.272733333333333263e+02 1.272133333333333383e+02
1.281721854304635713e+02 1.272516556291390799e+02 1.272450331125827745e+02
1.281052631578947398e+02 1.273157894736842053e+02 1.271052631578947398e+02
1.280866666666666731e+02 1.271533333333333360e+02 1.271666666666666714e+02
1.280933333333333337e+02 1.271666666666666714e+02 1.271066666666666691e+02
1.281118421052631504e+02 1.271578947368421098e+02 1.270723684210526301e+02
1.280855263157894797e+02 1.270657894736842053e+02 1.270723684210526301e+02
1.280131578947368496e+02 1.270986842105263150e+02 1.270000000000000000e+02
1.280201342281879135e+02 1.270872483221476443e+02 1.270000000000000000e+02
1.280728476821192032e+02 1.270463576158940384e+02 1.270331125827814560e+02
1.280860927152317856e+02 1.270728476821192032e+02 1.270596026490066208e+02
1.280927152317880768e+02 1.271324503311258241e+02 1.270463576158940384e+02
1.281045751633986924e+02 1.271699346405228823e+02 1.270392156862745168e+02
1.281776315789473699e+02 1.270394736842105203e+02 1.270526315789473699e+02
1.281523178807946977e+02 1.271059602649006592e+02 1.271059602649006592e+02
1.281933333333333280e+02 1.270400000000000063e+02 1.271800000000000068e+02
1.281800000000000068e+02 1.269800000000000040e+02 1.272399999999999949e+02
1.282147651006711442e+02 1.268859060402684520e+02 1.272013422818791923e+02
1.282066666666666777e+02 1.269066666666666663e+02 1.271666666666666714e+02
1.281476510067114134e+02 1.268993288590604038e+02 1.271610738255033510e+02
1.280533333333333417e+02 1.269333333333333371e+02 1.271466666666666612e+02
1.280529801324503296e+02 1.270662251655629120e+02 1.271258278145695328e+02
1.280463576158940384e+02 1.270264900662251648e+02 1.270860927152317856e+02
1.280604026845637691e+02 1.270000000000000000e+02 1.270335570469798654e+02
1.280463576158940384e+02 1.270066225165562912e+02 1.269602649006622528e+02
1.280399999999999920e+02 1.270799999999999983e+02 1.269399999999999977e+02
1.280266666666666708e+02 1.270799999999999983e+02 1.269733333333333292e+02
1.280333333333333314e+02 1.271533333333333360e+02 1.270066666666666606e+02
1.280133333333333212e+02 1.271866666666666674e+02 1.269733333333333292e+02
1.281266666666666652e+02 1.271800000000000068e+02 1.270000000000000000e+02
1.281125827814569504e+02 1.271456953642384065e+02 1.270000000000000000e+02
1.280000000000000000e+02 1.270794701986754944e+02 1.270463576158940384e+02
1.280536912751677789e+02 1.271879194630872547e+02 1.271006711409395962e+02
1.280666666666666629e+02 1.271666666666666714e+02 1.271933333333333280e+02
1.280399999999999920e+02 1.271666666666666714e+02 1.272066666666666634e+02
1.280533333333333417e+02 1.271666666666666714e+02 1.271466666666666612e+02
1.279599999999999937e+02 1.271599999999999966e+02 1.271866666666666674e+02
1.280331125827814560e+02 1.270529801324503296e+02 1.272384105960264833e+02
1.279333333333333371e+02 1.270266666666666708e+02 1.272600000000000051e+02
1.279133333333333269e+02 1.270533333333333275e+02 1.272933333333333366e+02
1.279261744966442933e+02 1.270469798657718172e+02 1.271812080536912788e+02
1.278400000000000034e+02 1.270933333333333337e+02 1.271466666666666612e+02
1.278476821192053023e+02 1.270993377483443680e+02 1.270927152317880768e+02
1.278120805369127453e+02 1.270536912751677789e+02 1.270939597315436203e+02
1.277516778523489904e+02 1.269731543624161105e+02 1.270201342281879135e+02
1.277284768211920465e+02 1.269536423841059616e+02 1.270529801324503296e+02
1.276666666666666714e+02 1.270066666666666606e+02 1.269399999999999977e+02
1.277333333333333343e+02 1.269800000000000040e+02 1.269599999999999937e+02
1.277516778523489904e+02 1.268724832214765144e+02 1.269328859060402692e+02
1.277814569536423761e+02 1.268013245033112639e+02 1.269139072847682144e+02
1.278533333333333388e+02 1.267600000000000051e+02 1.269733333333333292e+02
1.277533333333333303e+02 1.267533333333333303e+02 1.269466666666666725e+02
1.277615894039735167e+02 1.268079470198675551e+02 1.269668874172185440e+02
1.277933333333333366e+02 1.268133333333333326e+02 1.269800000000000040e+02
1.276953642384105905e+02 1.268145695364238463e+02 1.270529801324503296e+02
1.277483443708609201e+02 1.268278145695364287e+02 1.269735099337748352e+02
1.277814569536423903e+02 1.268013245033112639e+02 1.269867549668874176e+02
1.278466666666666640e+02 1.268400000000000034e+02 1.270199999999999960e+02
1.277800000000000011e+02 1.268333333333333286e+02 1.269133333333333269e+02
1.277814569536423903e+02 1.267748344370860991e+02 1.268874172185430496e+02
1.277814569536423903e+02 1.268211920529801375e+02 1.269403973509933792e+02
1.276442953020134183e+02 1.269597315436241587e+02 1.270469798657718172e+02
1.276381578947368354e+02 1.270328947368421098e+02 1.270197368421052602e+02
1.276578947368421098e+02 1.269868421052631646e+02 1.269736842105263150e+02
1.276466666666666612e+02 1.269733333333333292e+02 1.270133333333333354e+02
1.275466666666666669e+02 1.269333333333333371e+02 1.270999999999999943e+02
1.275827814569536400e+02 1.269536423841059616e+02 1.270397350993377472e+02
1.275799999999999983e+02 1.269666666666666686e+02 1.270999999999999943e+02
1.276533333333333360e+02 1.269666666666666686e+02 1.271933333333333280e+02
1.276533333333333360e+02 1.270266666666666708e+02 1.272199999999999989e+02
1.277666666666666657e+02 1.271133333333333297e+02 1.272533333333333303e+02
1.276933333333333280e+02 1.271533333333333360e+02 1.272733333333333263e+02
1.277382550335570528e+02 1.271073825503355721e+02 1.273087248322147644e+02
1.276953642384105905e+02 1.270794701986754944e+02 1.272450331125827745e+02
1.276973684210526301e+02 1.271184210526315752e+02 1.273289473684210549e+02
1.276400000000000006e+02 1.271466666666666612e+02 1.273066666666666720e+02
1.276466666666666612e+02 1.271400000000000006e+02 1.272666666666666657e+02
1.276333333333333400e+02 1.270533333333333275e+02 1.272933333333333366e+02
1.276291390728476784e+02 1.270993377483443680e+02 1.272715231788079535e+02
1.275099337748344368e+02 1.271059602649006592e+02 1.273112582781457007e+02
1.274503311258278160e+02 1.271655629139072801e+02 1.272781456953642447e+02
1.274333333333333371e+02 1.271133333333333297e+02 1.271599999999999966e+02
1.274238410596026512e+02 1.271390728476821153e+02 1.272052980132450273e+02
1.274802631578947398e+02 1.270000000000000000e+02 1.273223684210526301e+02
1.274437086092715248e+02 1.270993377483443680e+02 1.273377483443708655e+02
1.274161073825503365e+02 1.271073825503355721e+02 1.273557046979865817e+02
1.273815789473684248e+02 1.272500000000000000e+02 1.273750000000000000e+02
1.274000000000000057e+02 1.272666666666666657e+02 1.274266666666666623e+02
1.274026845637583847e+02 1.272684563758389231e+02 1.274362416107382501e+02
1.274671052631578902e+02 1.273355263157894797e+02 1.274539473684210549e+02
1.274533333333333331e+02 1.273933333333333309e+02 1.274933333333333394e+02
1.274399999999999977e+02 1.274000000000000057e+02 1.274800000000000040e+02
1.274238410596026512e+02 1.275430463576158928e+02 1.274900662251655632e+02
1.274200000000000017e+02 1.275600000000000023e+02 1.274666666666666686e+02
1.274832214765100673e+02 1.276308724832214807e+02 1.274697986577181155e+02
1.274473684210526301e+02 1.276315789473684248e+02 1.275657894736842053e+02
1.274900662251655632e+02 1.275629139072847664e+02 1.274701986754966896e+02
1.274304635761589424e+02 1.274701986754966896e+02 1.274966887417218544e+02
1.274133333333333269e+02 1.274200000000000017e+02 1.275266666666666708e+02
1.275364238410596016e+02 1.274437086092715248e+02 1.274238410596026512e+02
1.274503311258278160e+02 1.275231788079470192e+02 1.274768211920529808e+02
1.274093959731543606e+02 1.274429530201342260e+02 1.274362416107382501e+02
1.274503311258278160e+02 1.274701986754966896e+02 1.274635761589403984e+02
1.274161073825503365e+02 1.275234899328859086e+02 1.273892617449664471e+02
1.273266666666666680e+02 1.275266666666666708e+02 1.274333333333333371e+02
1.273509933774834479e+02 1.275033112582781456e+02 1.274172185430463600e+02
1.273199999999999932e+02 1.275133333333333354e+02 1.273799999999999955e+02
1.273466666666666640e+02 1.274866666666666646e+02 1.274000000000000057e+02
1.274399999999999977e+02 1.275000000000000000e+02 1.274133333333333269e+02
1.274210526315789451e+02 1.276052631578947398e+02 1.274276315789473699e+02
1.274333333333333371e+02 1.276400000000000006e+02 1.274866666666666646e+02
1.274599999999999937e+02 1.275333333333333314e+02 1.274466666666666725e+02
1.274563758389261778e+02 1.275100671140939568e+02 1.274899328859060432e+02
1.275000000000000000e+02 1.274533333333333331e+02 1.275199999999999960e+02
1.274866666666666646e+02 1.274666666666666686e+02 1.275199999999999960e+02
1.274768211920529808e+02 1.274437086092715248e+02 1.274768211920529808e+02
1.274866666666666646e+02 1.274933333333333394e+02 1.274866666666666646e+02
1.274370860927152336e+02 1.275033112582781456e+02 1.275629139072847664e+02
1.275263157894736850e+02 1.275131578947368354e+02 1.275263157894736850e+02
1.275533333333333275e+02 1.276200000000000045e+02 1.275733333333333377e+02
1.275906040268456394e+02 1.276308724832214807e+02 1.275838926174496635e+02
1.277600000000000051e+02 1.277266666666666737e+02 1.276266666666666652e+02
1.277600000000000051e+02 1.276800000000000068e+02 1.275999999999999943e+02
1.277500000000000000e+02 1.277697368421052602e+02 1.275526315789473699e+02
1.277697368421052602e+02 1.277828947368421098e+02 1.276250000000000000e+02
1.277733333333333263e+02 1.277133333333333383e+02 1.276400000000000006e+02
1.276800000000000068e+02 1.277733333333333263e+02 1.276133333333333297e+02
1.277199999999999989e+02 1.276933333333333280e+02 1.275000000000000000e+02
1.278013245033112639e+02 1.276953642384105905e+02 1.275165562913907280e+02
1.277483443708609201e+02 1.277218543046357553e+02 1.275165562913907280e+02
1.278599999999999994e+02 1.276200000000000045e+02 1.275199999999999960e+02
1.278523489932885866e+02 1.276644295302013461e+02 1.275436241610738222e+02
1.278145695364238463e+02 1.276887417218542993e+02 1.275231788079470192e+02
1.278013245033112639e+02 1.276754966887417169e+02 1.275430463576158928e+02
1.279139072847682144e+02 1.277086092715231729e+02 1.275298013245033104e+02
1.278333333333333286e+02 1.277333333333333343e+02 1.274399999999999977e+02
1.277483443708609201e+02 1.277483443708609201e+02 1.274768211920529808e+02
1.277417218543046289e+02 1.277947019867549727e+02 1.274900662251655632e+02
1.277748344370860991e+02 1.277748344370860991e+02 1.275761589403973488e+02
1.277866666666666617e+02 1.277999999999999972e+02 1.275199999999999960e+02
1.277999999999999972e+02 1.278666666666666600e+02 1.275199999999999960e+02
1.277434210526315752e+02 1.279144736842105203e+02 1.275197368421052602e+02
1.277133333333333383e+02 1.278933333333333309e+02 1.274666666666666686e+02
1.277266666666666737e+02 1.278733333333333348e+02 1.274866666666666646e+02
1.277266666666666737e+02 1.278400000000000034e+02 1.274399999999999977e+02
1.277218543046357553e+02 1.278476821192053023e+02 1.273576158940397391e+02
1.277718120805369182e+02 1.277919463087248317e+02 1.274899328859060432e+02
1.278799999999999955e+02 1.278066666666666720e+02 1.274866666666666646e+02
1.277800000000000011e+02 1.278199999999999932e+02 1.274533333333333331e+02
1.276776315789473699e+02 1.278486842105263150e+02 1.274539473684210549e+02
1.277315436241610769e+02 1.278053691275167836e+02 1.274899328859060432e+02
1.277333333333333343e+02 1.278466666666666640e+02 1.274800000000000040e+02
1.276688741721854257e+02 1.278211920529801375e+02 1.274635761589403984e+02
1.277800000000000011e+02 1.278199999999999932e+02 1.275400000000000063e+02
1.277666666666666657e+02 1.278133333333333326e+02 1.274066666666666663e+02
1.276688741721854257e+02 1.278675496688741759e+02 1.273907284768211952e+02
1.276423841059602609e+02 1.278410596026490111e+02 1.273576158940397391e+02
1.276423841059602609e+02 1.278278145695364287e+02 1.273245033112582831e+02
1.276490066225165521e+02 1.278344370860927199e+02 1.272582781456953711e+02
1.276599999999999966e+02 1.278400000000000034e+02 1.271533333333333360e+02
1.277466666666666697e+02 1.277999999999999972e+02 1.272000000000000028e+02
1.277066666666666634e+02 1.278133333333333326e+02 1.272266666666666737e+02
1.277615894039735167e+02 1.278145695364238463e+02 1.272781456953642447e+02
1.277666666666666657e+02 1.278866666666666703e+02 1.272333333333333343e+02
1.277466666666666697e+02 1.279200000000000017e+02 1.272199999999999989e+02
1.277666666666666657e+02 1.279399999999999977e+02 1.273666666666666600e+02
1.277748344370860991e+02 1.279271523178807968e+02 1.274834437086092720e+02
1.277999999999999972e+02 1.279133333333333269e+02 1.274599999999999937e+02
1.277615894039735167e+02 1.279735099337748352e+02 1.274238410596026512e+02
1.278266666666666680e+02 1.279866666666666646e+02 1.274333333333333371e+02
1.278133333333333326e+02 1.279399999999999977e+02 1.274866666666666646e+02
1.278466666666666640e+02 1.279800000000000040e+02 1.274733333333333292e+02
1.278543046357615935e+02 1.279933774834437088e+02 1.274834437086092720e+02
1.278599999999999994e+02 1.280733333333333235e+02 1.274333333333333371e+02
1.277666666666666657e+02 1.280999999999999943e+02 1.274466666666666725e+02
1.276599999999999966e+02 1.280533333333333417e+02 1.273466666666666640e+02
1.276308724832214807e+02 1.280671140939597308e+02 1.273825503355704711e+02
1.277350993377483377e+02 1.280132450331125824e+02 1.273841059602649040e+02
1.276225165562913872e+02 1.280662251655629120e+02 1.274172185430463600e+02
1.275827814569536400e+02 1.280728476821192032e+02 1.273576158940397391e+02
1.275973154362416153e+02 1.280805369127516826e+02 1.273154362416107404e+02
1.275570469798657740e+02 1.280067114093959617e+02 1.272953020134228126e+02
1.276733333333333320e+02 1.280399999999999920e+02 1.272600000000000051e+02
1.275906040268456394e+02 1.280604026845637691e+02 1.273020134228187885e+02
1.276375838926174566e+02 1.279932885906040241e+02 1.273355704697986539e+02
1.275866666666666731e+02 1.280000000000000000e+02 1.273733333333333348e+02
1.275466666666666669e+02 1.278933333333333309e+02 1.273466666666666640e+02
1.276333333333333400e+02 1.278533333333333388e+02 1.273733333333333348e+02
1.275400000000000063e+02 1.278599999999999994e+02 1.273599999999999994e+02
1.275570469798657740e+02 1.278389261744966490e+02 1.275100671140939568e+02
1.276174496644295289e+02 1.278120805369127453e+02 1.276241610738255048e+02
1.276092715231788048e+02 1.277748344370860991e+02 1.276423841059602609e+02
1.275562913907284752e+02 1.277880794701986815e+02 1.276026490066225136e+02
1.275199999999999960e+02 1.278400000000000034e+02 1.274533333333333331e+02
1.275231788079470192e+02 1.278145695364238463e+02 1.274105960264900688e+02
1.274666666666666686e+02 1.278599999999999994e+02 1.273866666666666703e+02
1.274630872483221538e+02 1.278523489932885866e+02 1.273691275167785193e+02
1.275657894736842053e+02 1.279276315789473699e+02 1.273947368421052602e+02
1.275629139072847664e+02 1.280198675496688736e+02 1.273642384105960303e+02
1.275666666666666629e+02 1.280266666666666708e+02 1.273733333333333348e+02
1.276381578947368354e+02 1.279539473684210549e+02 1.274342105263157947e+02
1.276933333333333280e+02 1.280066666666666606e+02 1.273666666666666600e+02
1.277866666666666617e+02 1.280533333333333417e+02 1.273400000000000034e+02
1.276733333333333320e+02 1.279933333333333394e+02 1.273866666666666703e+02
1.275999999999999943e+02 1.280333333333333314e+02 1.273866666666666703e+02
1.276200000000000045e+02 1.280533333333333417e+02 1.273533333333333388e+02
1.275999999999999943e+02 1.280666666666666629e+02 1.273266666666666680e+02
1.275999999999999943e+02 1.280133333333333212e+02 1.273466666666666640e+02
1.275999999999999943e+02 1.279399999999999977e+02 1.275066666666666606e+02
1.275369127516778462e+02 1.278724832214765144e+02 1.276040268456375770e+02
1.276158940397350960e+02 1.278940397350993408e+02 1.276158940397350960e+02
1.275369127516778462e+02 1.279463087248322211e+02 1.276308724832214807e+02
1.275167785234899327e+02 1.279597315436241587e+02 1.277248322147651010e+02
1.275066666666666606e+02 1.279533333333333331e+02 1.277600000000000051e+02
1.275933333333333337e+02 1.280466666666666526e+02 1.277399999999999949e+02
1.275761589403973488e+02 1.280264900662251648e+02 1.277814569536423903e+02
1.274866666666666646e+02 1.280600000000000023e+02 1.277066666666666634e+02
1.274933333333333394e+02 1.280933333333333337e+02 1.276533333333333360e+02
1.275066666666666606e+02 1.280866666666666731e+02 1.276066666666666691e+02
1.276092715231788048e+02 1.280066225165562912e+02 1.275960264900662224e+02
1.275570469798657740e+02 1.280000000000000000e+02 1.275771812080536876e+02
1.276400000000000006e+02 1.279333333333333371e+02 1.275666666666666629e+02
1.275533333333333275e+02 1.278866666666666703e+02 1.275400000000000063e+02
1.275960264900662224e+02 1.279337748344370880e+02 1.275231788079470192e+02
1.276599999999999966e+02 1.279133333333333269e+02 1.274800000000000040e+02
1.276821192052980081e+02 1.279801324503311264e+02 1.274503311258278160e+02
1.276733333333333320e+02 1.279266666666666623e+02 1.275466666666666669e+02
1.277399999999999949e+02 1.279066666666666663e+02 1.276066666666666691e+02
1.276622516556291345e+02 1.279735099337748352e+02 1.276092715231788048e+02
1.277399999999999949e+02 1.279000000000000057e+02 1.275799999999999983e+02
1.277133333333333383e+02 1.279466666666666725e+02 1.276933333333333280e+02
1.277019867549668817e+02 1.278609271523178847e+02 1.278013245033112639e+02
1.276400000000000006e+02 1.278666666666666600e+02 1.277733333333333263e+02
1.276400000000000006e+02 1.278533333333333388e+02 1.278333333333333286e+02
1.276266666666666652e+02 1.279066666666666663e+02 1.278333333333333286e+02
1.275555555555555571e+02 1.279607843137254832e+02 1.279542483660130756e+02
1.276066666666666691e+02 1.279200000000000017e+02 1.280066666666666606e+02
1.275733333333333377e+02 1.279733333333333292e+02 1.280000000000000000e+02
1.275799999999999983e+02 1.279466666666666725e+02 1.279800000000000040e+02
1.275496688741721840e+02 1.278940397350993408e+02 1.280794701986754944e+02
1.274503311258278160e+02 1.279403973509933792e+02 1.280728476821192032e+02
1.275400000000000063e+02 1.279599999999999937e+02 1.280800000000000125e+02
1.275364238410596016e+02 1.280066225165562912e+02 1.281655629139072801e+02
1.275199999999999960e+02 1.280000000000000000e+02 1.281999999999999886e+02
1.275333333333333314e+02 1.279266666666666623e+02 1.282133333333333383e+02
1.275466666666666669e+02 1.279866666666666646e+02 1.282466666666666697e+02
1.275100671140939568e+02 1.280469798657718172e+02 1.282348993288590577e+02
1.274533333333333331e+02 1.280000000000000000e+02 1.282333333333333201e+02
1.273907284768211952e+02 1.280728476821192032e+02 1.282317880794701921e+02
1.273815789473684248e+02 1.281315789473684106e+02 1.282960526315789593e+02
1.273907284768211952e+02 1.280993377483443680e+02 1.283245033112582689e+02
1.273599999999999994e+02 1.281133333333333439e+02 1.283600000000000136e+02
1.273311258278145743e+02 1.280264900662251648e+02 1.282781456953642305e+02
1.273799999999999955e+02 1.279733333333333292e+02 1.282133333333333383e+02
1.273733333333333348e+02 1.279333333333333371e+02 1.281800000000000068e+02
1.273400000000000034e+02 1.279399999999999977e+02 1.281466666666666754e+02
1.272600000000000051e+02 1.279266666666666623e+02 1.281733333333333462e+02
1.272266666666666737e+02 1.279399999999999977e+02 1.282133333333333383e+02
1.272000000000000028e+02 1.279000000000000057e+02 1.281599999999999966e+02
1.272251655629139009e+02 1.278609271523178847e+02 1.281655629139072801e+02
1.273333333333333286e+02 1.278562091503267908e+02 1.282352941176470722e+02
1.273466666666666640e+02 1.278333333333333286e+02 1.281999999999999886e+02
1.273199999999999932e+02 1.278599999999999994e+02 1.282800000000000011e+02
1.273733333333333348e+02 1.278799999999999955e+02 1.283000000000000114e+02
1.274800000000000040e+02 1.278933333333333309e+02 1.283066666666666720e+02
1.274768211920529808e+02 1.278278145695364287e+02 1.282582781456953569e+02
1.274599999999999937e+02 1.278199999999999932e+02 1.282066666666666777e+02
1.274834437086092720e+02 1.278476821192053023e+02 1.281986754966887361e+02
1.275294117647058840e+02 1.278431372549019613e+02 1.282222222222222285e+02
1.276733333333333320e+02 1.278133333333333326e+02 1.282066666666666777e+02
1.276599999999999966e+02 1.277866666666666617e+02 1.281999999999999886e+02
1.277600000000000051e+02 1.277266666666666737e+02 1.281466666666666754e+02
1.277000000000000028e+02 1.277333333333333343e+02 1.281133333333333439e+02
1.276118421052631646e+02 1.276578947368421098e+02 1.281184210526315894e+02
1.276442953020134183e+02 1.276778523489932837e+02 1.280872483221476443e+02
1.276599999999999966e+02 1.276800000000000068e+02 1.280666666666666629e+02
1.276688741721854257e+02 1.276622516556291345e+02 1.280860927152317856e+02
1.275771812080536876e+02 1.276241610738255048e+02 1.281073825503355579e+02
1.276200000000000045e+02 1.276933333333333280e+02 1.281533333333333360e+02
1.276225165562913872e+02 1.277947019867549727e+02 1.282317880794701921e+02
1.276066666666666691e+02 1.278466666666666640e+02 1.281599999999999966e+02
1.275298013245033104e+02 1.278410596026490111e+02 1.282251655629139009e+02
1.274533333333333331e+02 1.278733333333333348e+02 1.281800000000000068e+02
1.274966442953020191e+02 1.278523489932885866e+02 1.281610738255033652e+02
1.274533333333333331e+02 1.278599999999999994e+02 1.281666666666666572e+02
1.274066666666666663e+02 1.278199999999999932e+02 1.281666666666666572e+02
1.273973509933774864e+02 1.278145695364238463e+02 1.281986754966887361e+02
1.274466666666666725e+02 1.278133333333333326e+02 1.282133333333333383e+02
1.275333333333333314e+02 1.277800000000000011e+02 1.281666666666666572e+02
1.275562913907284752e+02 1.277549668874172255e+02 1.281390728476821153e+02
1.275629139072847664e+02 1.278211920529801375e+02 1.281589403973509889e+02
1.274599999999999937e+02 1.277866666666666617e+02 1.281399999999999864e+02
1.274933333333333394e+02 1.278133333333333326e+02 1.281399999999999864e+02
1.274768211920529808e+02 1.278609271523178847e+02 1.281324503311258241e+02
1.275066666666666606e+02 1.277866666666666617e+02 1.280066666666666606e+02
1.275133333333333354e+02 1.277999999999999972e+02 1.279933333333333394e+02
1.274800000000000040e+02 1.278133333333333326e+02 1.280666666666666629e+02
1.274172185430463600e+02 1.278874172185430496e+02 1.281589403973509889e+02
1.274266666666666623e+02 1.279266666666666623e+02 1.281666666666666572e+02
1.274238410596026512e+02 1.280463576158940384e+02 1.281788079470198625e+02
1.273933333333333309e+02 1.280999999999999943e+02 1.282333333333333201e+02
1.274161073825503365e+02 1.281677852348993270e+02 1.282147651006711442e+02
1.274800000000000040e+02 1.281533333333333360e+02 1.282400000000000091e+02
1.275466666666666669e+02 1.281933333333333280e+02 1.283199999999999932e+02
1.275066666666666606e+02 1.281266666666666652e+02 1.283066666666666720e+02
1.274800000000000040e+02 1.280600000000000023e+02 1.283533333333333246e+02
1.274666666666666686e+02 1.280866666666666731e+02 1.283400000000000034e+02
1.275894039735099312e+02 1.280264900662251648e+02 1.283708609271523073e+02
1.276107382550335529e+02 1.280268456375839037e+02 1.283422818791946440e+02
1.275866666666666731e+02 1.280466666666666526e+02 1.283866666666666561e+02
1.276375838926174566e+02 1.280000000000000000e+02 1.283557046979865675e+02
1.277114093959731491e+02 1.280536912751677789e+02 1.282684563758389231e+02
1.276776315789473699e+02 1.281118421052631504e+02 1.282236842105263293e+02
1.276577181208053702e+02 1.281543624161073751e+02 1.282550335570469713e+02
1.276447368421052602e+02 1.281644736842105203e+02 1.281776315789473699e+02
1.276912751677852356e+02 1.281879194630872405e+02 1.281812080536912788e+02
1.276866666666666674e+02 1.282533333333333303e+02 1.281933333333333280e+02
1.276556291390728433e+02 1.282847682119205217e+02 1.281920529801324449e+02
1.276887417218542993e+02 1.283443708609271425e+02 1.281523178807946977e+02
1.276510067114093943e+02 1.282818791946308750e+02 1.281610738255033652e+02
1.276644295302013461e+02 1.283758389261745094e+02 1.281610738255033652e+02
1.276291390728476784e+02 1.284039735099337634e+02 1.282516556291390657e+02
1.276953642384105905e+02 1.283509933774834337e+02 1.282251655629139009e+02
1.276357615894039697e+02 1.283576158940397249e+02 1.282384105960264833e+02
1.275266666666666708e+02 1.284466666666666583e+02 1.282533333333333303e+02
1.274635761589403984e+02 1.284900662251655490e+02 1.282119205298013185e+02
1.274333333333333371e+02 1.285000000000000000e+02 1.281999999999999886e+02
1.274066666666666663e+02 1.283266666666666538e+02 1.282599999999999909e+02
1.275197368421052602e+02 1.283092105263157805e+02 1.283289473684210407e+02
1.275266666666666708e+02 1.283400000000000034e+02 1.283466666666666640e+02
1.274832214765100673e+02 1.283288590604026922e+02 1.282953020134228268e+02
1.273708609271523216e+02 1.283708609271523073e+02 1.283642384105960161e+02
1.274304635761589424e+02 1.282715231788079393e+02 1.283245033112582689e+02
1.274533333333333331e+02 1.283666666666666742e+02 1.282866666666666617e+02
1.274599999999999937e+02 1.283199999999999932e+02 1.283199999999999932e+02
1.274399999999999977e+02 1.283066666666666720e+02 1.282599999999999909e+02
1.274256756756756772e+02 1.282837837837837753e+02 1.282297297297297405e+02
1.274295302013422884e+02 1.283691275167785193e+02 1.282818791946308750e+02
1.275167785234899327e+02 1.283489932885906057e+02 1.282818791946308750e+02
1.274503311258278160e+02 1.283841059602648897e+02 1.283178807947019777e+02
1.274666666666666686e+02 1.284066666666666663e+02 1.282733333333333405e+02
1.275000000000000000e+02 1.283133333333333326e+02 1.282866666666666617e+02
1.275666666666666629e+02 1.283600000000000136e+02 1.282866666666666617e+02
1.275503355704697981e+02 1.283959731543624230e+02 1.283154362416107404e+02
1.276866666666666674e+02 1.283533333333333246e+02 1.283666666666666742e+02
1.277019867549668817e+02 1.283708609271523073e+02 1.283509933774834337e+02
1.276599999999999966e+02 1.284866666666666788e+02 1.283799999999999955e+02
1.276599999999999966e+02 1.284799999999999898e+02 1.283400000000000034e+02
1.275827814569536400e+02 1.284701986754966754e+02 1.282847682119205217e+02
1.276375838926174566e+02 1.285100671140939710e+02 1.283154362416107404e+02
1.275933333333333337e+02 1.285600000000000023e+02 1.283533333333333246e+02
1.276133333333333297e+02 1.285733333333333235e+02 1.283600000000000136e+02
1.276644295302013461e+02 1.285637583892617499e+02 1.283557046979865675e+02
1.276933333333333280e+02 1.285600000000000023e+02 1.283199999999999932e+02
1.277000000000000028e+02 1.285733333333333235e+02 1.283000000000000114e+02
1.277114093959731633e+02 1.286711409395973362e+02 1.283221476510067021e+02
1.277947019867549727e+02 1.286754966887417311e+02 1.282847682119205217e+02
1.278581081081081123e+02 1.286689189189189335e+02 1.283040540540540633e+02
1.278733333333333348e+02 1.286333333333333258e+02 1.283533333333333246e+02
1.279205298013245056e+02 1.286357615894039839e+02 1.283973509933774722e+02
1.278533333333333388e+02 1.286200000000000045e+02 1.283933333333333451e+02
1.278933333333333309e+02 1.286266666666666652e+02 1.284266666666666765e+02
1.278733333333333348e+02 1.285733333333333235e+02 1.284666666666666686e+02
1.278278145695364287e+02 1.285099337748344510e+02 1.285430463576159070e+02
1.277999999999999972e+02 1.285266666666666708e+02 1.285666666666666629e+02
1.277600000000000051e+02 1.285133333333333212e+02 1.284733333333333292e+02
1.277999999999999972e+02 1.285399999999999920e+02 1.285000000000000000e+02
1.277651006711409423e+02 1.284295302013422884e+02 1.284026845637583847e+02
