1.281800000000000068e+02 1.279399999999999977e+02 1.285666666666666629e+02
1.281677852348993270e+02 1.279530201342281828e+02 1.286241610738254906e+02
1.281744966442952887e+02 1.279127516778523557e+02 1.286912751677852214e+02
1.282119205298013185e+02 1.278609271523178847e+02 1.287218543046357695e+02
1.281533333333333360e+02 1.278799999999999955e+02 1.286399999999999864e+02
1.280866666666666731e+02 1.278266666666666680e+02 1.285800000000000125e+02
1.279800000000000040e+02 1.278266666666666680e+02 1.285666666666666629e+02
1.279866666666666646e+02 1.278066666666666720e+02 1.285200000000000102e+02
1.280134228187919518e+02 1.278053691275167836e+02 1.285033557046979809e+02
1.280333333333333314e+02 1.277399999999999949e+02 1.285533333333333417e+02
1.279866666666666646e+02 1.276666666666666714e+02 1.285600000000000023e+02
1.279868421052631646e+02 1.275986842105263150e+02 1.285789473684210407e+02
1.279602649006622528e+02 1.276092715231788048e+02 1.285695364238410718e+02
1.279933774834437088e+02 1.275695364238410576e+02 1.285496688741721982e+02
1.280399999999999920e+02 1.275799999999999983e+02 1.285600000000000023e+02
1.280466666666666526e+02 1.275866666666666731e+02 1.286066666666666549e+02
1.280000000000000000e+02 1.276092715231788048e+02 1.285231788079470334e+02
1.280794701986754944e+02 1.275761589403973488e+02 1.284701986754966754e+02
1.280397350993377472e+02 1.275629139072847664e+02 1.284635761589403842e+02
1.280331125827814560e+02 1.276953642384105905e+02 1.284437086092715106e+02
1.280866666666666731e+02 1.276266666666666652e+02 1.284666666666666686e+02
1.280933333333333337e+02 1.277199999999999989e+02 1.284000000000000057e+02
1.280733333333333235e+02 1.277466666666666697e+02 1.282800000000000011e+02
1.280466666666666526e+02 1.277666666666666657e+02 1.282800000000000011e+02
1.280399999999999920e+02 1.277600000000000051e+02 1.282733333333333405e+02
1.280335570469798654e+02 1.277315436241610769e+02 1.282550335570469713e+02
1.280067114093959617e+02 1.277583892617449663e+02 1.282281879194630960e+02
1.279602649006622528e+02 1.277814569536423903e+02 1.281854304635761537e+02
1.280333333333333314e+02 1.277466666666666697e+02 1.282666666666666799e+02
1.280200000000000102e+02 1.277399999999999949e+02 1.283000000000000114e+02
1.279866666666666646e+02 1.277399999999999949e+02 1.283066666666666720e+02
1.279866666666666646e+02 1.277399999999999949e+02 1.283066666666666720e+02
1.279866666666666646e+02 1.277399999999999949e+02 1.283066666666666720e+02
1.279866666666666646e+02 1.277399999999999949e+02 1.283066666666666720e+02
1.279866666666666646e+02 1.277399999999999949e+02 1.283066666666666720e+02
1.279866666666666646e+02 1.277399999999999949e+02 1.283066666666666720e+02
1.279866666666666646e+02 1.277399999999999949e+02 1.283066666666666720e+02
1.279866666666666646e+02 1.277399999999999949e+02 1.283066666666666720e+02
1.279866666666666646e+02 1.277399999999999949e+02 1.283066666666666720e+02
1.279866666666666646e+02 1.277399999999999949e+02 1.283066666666666720e+02
1.279866666666666646e+02 1.277399999999999949e+02 1.283066666666666720e+02
1.279866666666666646e+02 1.277399999999999949e+02 1.283066666666666720e+02
1.279866666666666646e+02 1.277399999999999949e+02 1.283066666666666720e+02
1.279866666666666646e+02 1.277399999999999949e+02 1.283066666666666720e+02
1.279866666666666646e+02 1.277399999999999949e+02 1.283066666666666720e+02
1.279866666666666646e+02 1.277399999999999949e+02 1.283066666666666720e+02
1.279866666666666646e+02 1.277399999999999949e+02 1.283066666666666720e+02
1.279866666666666646e+02 1.277399999999999949e+02 1.283066666666666720e+02
1.279866666666666646e+02 1.277399999999999949e+02 1.283066666666666720e+02
1.279866666666666646e+02 1.277399999999999949e+02 1.283066666666666720e+02
1.279866666666666646e+02 1.277399999999999949e+02 1.283066666666666720e+02
1.279866666666666646e+02 1.277399999999999949e+02 1.283066666666666720e+02
1.279866666666666646e+02 1.277399999999999949e+02 1.283066666666666720e+02
1.279866666666666646e+02 1.277399999999999949e+02 1.283066666666666720e+02
1.279866666666666646e+02 1.277399999999999949e+02 1.283066666666666720e+02
1.279866666666666646e+02 1.277399999999999949e+02 1.283066666666666720e+02
1.279866666666666646e+02 1.277399999999999949e+02 1.283066666666666720e+02
1.279866666666666646e+02 1.277399999999999949e+02 1.283066666666666720e+02
1.279866666666666646e+02 1.277399999999999949e+02 1.283066666666666720e+02
1.279866666666666646e+02 1.277399999999999949e+02 1.283066666666666720e+02
1.279866666666666646e+02 1.277399999999999949e+02 1.283066666666666720e+02
1.279866666666666646e+02 1.277399999999999949e+02 1.283066666666666720e+02
1.279866666666666646e+02 1.277399999999999949e+02 1.283066666666666720e+02
1.279866666666666646e+02 1.277399999999999949e+02 1.283066666666666720e+02
1.279866666666666646e+02 1.277399999999999949e+02 1.283066666666666720e+02
1.279866666666666646e+02 1.277399999999999949e+02 1.283066666666666720e+02
1.279866666666666646e+02 1.277399999999999949e+02 1.283066666666666720e+02
1.279866666666666646e+02 1.277399999999999949e+02 1.283066666666666720e+02
1.279866666666666646e+02 1.277399999999999949e+02 1.283066666666666720e+02
1.279866666666666646e+02 1.277399999999999949e+02 1.283066666666666720e+02
1.279866666666666646e+02 1.277399999999999949e+02 1.283066666666666720e+02
1.279866666666666646e+02 1.277399999999999949e+02 1.283066666666666720e+02
1.279866666666666646e+02 1.277399999999999949e+02 1.283066666666666720e+02
1.279866666666666646e+02 1.277399999999999949e+02 1.283066666666666720e+02
1.279866666666666646e+02 1.277399999999999949e+02 1.283066666666666720e+02
1.279866666666666646e+02 1.277399999999999949e+02 1.283066666666666720e+02
1.279866666666666646e+02 1.277399999999999949e+02 1.283066666666666720e+02
1.279866666666666646e+02 1.277399999999999949e+02 1.283066666666666720e+02
1.279866666666666646e+02 1.277399999999999949e+02 1.283066666666666720e+02
1.279866666666666646e+02 1.277399999999999949e+02 1.283066666666666720e+02
1.279866666666666646e+02 1.277399999999999949e+02 1.283066666666666720e+02
1.279866666666666646e+02 1.277399999999999949e+02 1.283066666666666720e+02
1.279866666666666646e+02 1.277399999999999949e+02 1.283066666666666720e+02
1.279866666666666646e+02 1.277399999999999949e+02 1.283066666666666720e+02
1.279866666666666646e+02 1.277399999999999949e+02 1.283066666666666720e+02
1.279866666666666646e+02 1.277399999999999949e+02 1.283066666666666720e+02
1.279866666666666646e+02 1.277399999999999949e+02 1.283066666666666720e+02
1.279866666666666646e+02 1.277399999999999949e+02 1.283066666666666720e+02
1.279866666666666646e+02 1.277399999999999949e+02 1.283066666666666720e+02
1.279866666666666646e+02 1.277399999999999949e+02 1.283066666666666720e+02
1.279866666666666646e+02 1.277399999999999949e+02 1.283066666666666720e+02
1.279866666666666646e+02 1.277399999999999949e+02 1.283066666666666720e+02
1.279866666666666646e+02 1.277399999999999949e+02 1.283066666666666720e+02
1.279866666666666646e+02 1.277399999999999949e+02 1.283066666666666720e+02
1.279866666666666646e+02 1.277399999999999949e+02 1.283066666666666720e+02
1.279866666666666646e+02 1.277399999999999949e+02 1.283066666666666720e+02
1.279866666666666646e+02 1.277399999999999949e+02 1.283066666666666720e+02
1.279866666666666646e+02 1.277399999999999949e+02 1.283066666666666720e+02
1.279866666666666646e+02 1.277399999999999949e+02 1.283066666666666720e+02
1.279866666666666646e+02 1.277399999999999949e+02 1.283066666666666720e+02
1.279866666666666646e+02 1.277399999999999949e+02 1.283066666666666720e+02
1.279866666666666646e+02 1.277399999999999949e+02 1.283066666666666720e+02
1.279866666666666646e+02 1.277399999999999949e+02 1.283066666666666720e+02
1.279866666666666646e+02 1.277399999999999949e+02 1.283066666666666720e+02
1.279866666666666646e+02 1.277399999999999949e+02 1.283066666666666720e+02
1.279866666666666646e+02 1.277399999999999949e+02 1.283066666666666720e+02
1.279866666666666646e+02 1.277399999999999949e+02 1.283066666666666720e+02
1.279866666666666646e+02 1.277399999999999949e+02 1.283066666666666720e+02
1.279866666666666646e+02 1.277399999999999949e+02 1.283066666666666720e+02
1.279866666666666646e+02 1.277399999999999949e+02 1.283066666666666720e+02
1.279866666666666646e+02 1.277399999999999949e+02 1.283066666666666720e+02
1.279866666666666646e+02 1.277399999999999949e+02 1.283066666666666720e+02
1.279866666666666646e+02 1.277399999999999949e+02 1.283066666666666720e+02
1.279866666666666646e+02 1.277399999999999949e+02 1.283066666666666720e+02
1.279866666666666646e+02 1.277399999999999949e+02 1.283066666666666720e+02
1.279866666666666646e+02 1.277399999999999949e+02 1.283066666666666720e+02
1.279866666666666646e+02 1.277399999999999949e+02 1.283066666666666720e+02
1.279866666666666646e+02 1.277399999999999949e+02 1.283066666666666720e+02
1.279866666666666646e+02 1.277399999999999949e+02 1.283066666666666720e+02
1.279866666666666646e+02 1.277399999999999949e+02 1.283066666666666720e+02
1.279866666666666646e+02 1.277399999999999949e+02 1.283066666666666720e+02
1.279866666666666646e+02 1.277399999999999949e+02 1.283066666666666720e+02
1.279866666666666646e+02 1.277399999999999949e+02 1.283066666666666720e+02
1.279866666666666646e+02 1.277399999999999949e+02 1.283066666666666720e+02
1.279866666666666646e+02 1.277399999999999949e+02 1.283066666666666720e+02
1.279866666666666646e+02 1.277399999999999949e+02 1.283066666666666720e+02
1.279866666666666646e+02 1.277399999999999949e+02 1.283066666666666720e+02
1.279866666666666646e+02 1.277399999999999949e+02 1.283066666666666720e+02
1.279866666666666646e+02 1.277399999999999949e+02 1.283066666666666720e+02
1.279866666666666646e+02 1.277399999999999949e+02 1.283066666666666720e+02
1.279866666666666646e+02 1.277399999999999949e+02 1.283066666666666720e+02
1.279866666666666646e+02 1.277399999999999949e+02 1.283066666666666720e+02
1.279866666666666646e+02 1.277399999999999949e+02 1.283066666666666720e+02
1.279866666666666646e+02 1.277399999999999949e+02 1.283066666666666720e+02
1.279866666666666646e+02 1.277399999999999949e+02 1.283066666666666720e+02
1.279866666666666646e+02 1.277399999999999949e+02 1.283066666666666720e+02
1.279866666666666646e+02 1.277399999999999949e+02 1.283066666666666720e+02
1.279866666666666646e+02 1.277399999999999949e+02 1.283066666666666720e+02
1.279866666666666646e+02 1.277399999999999949e+02 1.283066666666666720e+02
1.279866666666666646e+02 1.277399999999999949e+02 1.283066666666666720e+02
1.279866666666666646e+02 1.277399999999999949e+02 1.283066666666666720e+02
1.279866666666666646e+02 1.277399999999999949e+02 1.283066666666666720e+02
1.279866666666666646e+02 1.277399999999999949e+02 1.283066666666666720e+02
1.279866666666666646e+02 1.277399999999999949e+02 1.283066666666666720e+02
1.279866666666666646e+02 1.277399999999999949e+02 1.283066666666666720e+02
1.279866666666666646e+02 1.277399999999999949e+02 1.283066666666666720e+02
1.279866666666666646e+02 1.277399999999999949e+02 1.283066666666666720e+02
1.279866666666666646e+02 1.277399999999999949e+02 1.283066666666666720e+02
1.279866666666666646e+02 1.277399999999999949e+02 1.283066666666666720e+02
1.279866666666666646e+02 1.277399999999999949e+02 1.283066666666666720e+02
1.279866666666666646e+02 1.277399999999999949e+02 1.283066666666666720e+02
1.279866666666666646e+02 1.277399999999999949e+02 1.283066666666666720e+02
1.279866666666666646e+02 1.277399999999999949e+02 1.283066666666666720e+02
1.279866666666666646e+02 1.277399999999999949e+02 1.283066666666666720e+02
1.279866666666666646e+02 1.277399999999999949e+02 1.283066666666666720e+02
1.279866666666666646e+02 1.277399999999999949e+02 1.283066666666666720e+02
1.279866666666666646e+02 1.277399999999999949e+02 1.283066666666666720e+02
1.279866666666666646e+02 1.277399999999999949e+02 1.283066666666666720e+02
1.279866666666666646e+02 1.277399999999999949e+02 1.283066666666666720e+02
1.279866666666666646e+02 1.277399999999999949e+02 1.283066666666666720e+02
1.279866666666666646e+02 1.277399999999999949e+02 1.283066666666666720e+02
1.279866666666666646e+02 1.277399999999999949e+02 1.283066666666666720e+02
1.279866666666666646e+02 1.277399999999999949e+02 1.283066666666666720e+02
1.279866666666666646e+02 1.277399999999999949e+02 1.283066666666666720e+02
1.279866666666666646e+02 1.277399999999999949e+02 1.283066666666666720e+02
1.279866666666666646e+02 1.277399999999999949e+02 1.283066666666666720e+02
1.279866666666666646e+02 1.277399999999999949e+02 1.283066666666666720e+02
1.279866666666666646e+02 1.277399999999999949e+02 1.283066666666666720e+02
1.279866666666666646e+02 1.277399999999999949e+02 1.283066666666666720e+02
1.279866666666666646e+02 1.277399999999999949e+02 1.283066666666666720e+02
1.279866666666666646e+02 1.277399999999999949e+02 1.283066666666666720e+02
1.279866666666666646e+02 1.277399999999999949e+02 1.283066666666666720e+02
1.279866666666666646e+02 1.277399999999999949e+02 1.283066666666666720e+02
1.279866666666666646e+02 1.277399999999999949e+02 1.283066666666666720e+02
1.279866666666666646e+02 1.277399999999999949e+02 1.283066666666666720e+02
1.279866666666666646e+02 1.277399999999999949e+02 1.283066666666666720e+02
1.279866666666666646e+02 1.277399999999999949e+02 1.283066666666666720e+02
1.279866666666666646e+02 1.277399999999999949e+02 1.283066666666666720e+02
1.279866666666666646e+02 1.277399999999999949e+02 1.283066666666666720e+02
1.279866666666666646e+02 1.277399999999999949e+02 1.283066666666666720e+02
1.279866666666666646e+02 1.277399999999999949e+02 1.283066666666666720e+02
1.279866666666666646e+02 1.277399999999999949e+02 1.283066666666666720e+02
1.279866666666666646e+02 1.277399999999999949e+02 1.283066666666666720e+02
1.279866666666666646e+02 1.277399999999999949e+02 1.283066666666666720e+02
1.279866666666666646e+02 1.277399999999999949e+02 1.283066666666666720e+02
1.279866666666666646e+02 1.277399999999999949e+02 1.283066666666666720e+02
1.279866666666666646e+02 1.277399999999999949e+02 1.283066666666666720e+02
1.279866666666666646e+02 1.277399999999999949e+02 1.283066666666666720e+02
1.279866666666666646e+02 1.277399999999999949e+02 1.283066666666666720e+02
1.279866666666666646e+02 1.277399999999999949e+02 1.283066666666666720e+02
1.279866666666666646e+02 1.277399999999999949e+02 1.283066666666666720e+02
1.279866666666666646e+02 1.277399999999999949e+02 1.283066666666666720e+02
1.279866666666666646e+02 1.277399999999999949e+02 1.283066666666666720e+02
1.279866666666666646e+02 1.277399999999999949e+02 1.283066666666666720e+02
1.279866666666666646e+02 1.277399999999999949e+02 1.283066666666666720e+02
1.279866666666666646e+02 1.277399999999999949e+02 1.283066666666666720e+02
1.279866666666666646e+02 1.277399999999999949e+02 1.283066666666666720e+02
1.279866666666666646e+02 1.277399999999999949e+02 1.283066666666666720e+02
1.279866666666666646e+02 1.277399999999999949e+02 1.283066666666666720e+02
1.279866666666666646e+02 1.277399999999999949e+02 1.283066666666666720e+02
1.279866666666666646e+02 1.277399999999999949e+02 1.283066666666666720e+02
1.279866666666666646e+02 1.277399999999999949e+02 1.283066666666666720e+02
1.279866666666666646e+02 1.277399999999999949e+02 1.283066666666666720e+02
1.279866666666666646e+02 1.277399999999999949e+02 1.283066666666666720e+02
1.279866666666666646e+02 1.277399999999999949e+02 1.283066666666666720e+02
1.279866666666666646e+02 1.277399999999999949e+02 1.283066666666666720e+02
1.279866666666666646e+02 1.277399999999999949e+02 1.283066666666666720e+02
1.279866666666666646e+02 1.277399999999999949e+02 1.283066666666666720e+02
1.279866666666666646e+02 1.277399999999999949e+02 1.283066666666666720e+02
1.279866666666666646e+02 1.277399999999999949e+02 1.283066666666666720e+02
1.279866666666666646e+02 1.277399999999999949e+02 1.283066666666666720e+02
1.279866666666666646e+02 1.277399999999999949e+02 1.283066666666666720e+02
1.279866666666666646e+02 1.277399999999999949e+02 1.283066666666666720e+02
1.279866666666666646e+02 1.277399999999999949e+02 1.283066666666666720e+02
1.279866666666666646e+02 1.277399999999999949e+02 1.283066666666666720e+02
1.279866666666666646e+02 1.277399999999999949e+02 1.283066666666666720e+02
1.279866666666666646e+02 1.277399999999999949e+02 1.283066666666666720e+02
1.279866666666666646e+02 1.277399999999999949e+02 1.283066666666666720e+02
1.279866666666666646e+02 1.277399999999999949e+02 1.283066666666666720e+02
1.279866666666666646e+02 1.277399999999999949e+02 1.283066666666666720e+02
1.279866666666666646e+02 1.277399999999999949e+02 1.283066666666666720e+02
1.279866666666666646e+02 1.277399999999999949e+02 1.283066666666666720e+02
1.279866666666666646e+02 1.277399999999999949e+02 1.283066666666666720e+02
1.279866666666666646e+02 1.277399999999999949e+02 1.283066666666666720e+02
1.279866666666666646e+02 1.277399999999999949e+02 1.283066666666666720e+02
1.279866666666666646e+02 1.277399999999999949e+02 1.283066666666666720e+02
1.279866666666666646e+02 1.277399999999999949e+02 1.283066666666666720e+02
1.279866666666666646e+02 1.277399999999999949e+02 1.283066666666666720e+02
1.279866666666666646e+02 1.277399999999999949e+02 1.283066666666666720e+02
1.279866666666666646e+02 1.277399999999999949e+02 1.283066666666666720e+02
1.279866666666666646e+02 1.277399999999999949e+02 1.283066666666666720e+02
1.279866666666666646e+02 1.277399999999999949e+02 1.283066666666666720e+02
1.279866666666666646e+02 1.277399999999999949e+02 1.283066666666666720e+02
1.279866666666666646e+02 1.277399999999999949e+02 1.283066666666666720e+02
1.279866666666666646e+02 1.277399999999999949e+02 1.283066666666666720e+02
1.279866666666666646e+02 1.277399999999999949e+02 1.283066666666666720e+02
1.279866666666666646e+02 1.277399999999999949e+02 1.283066666666666720e+02
1.279866666666666646e+02 1.277399999999999949e+02 1.283066666666666720e+02
1.279866666666666646e+02 1.277399999999999949e+02 1.283066666666666720e+02
1.279866666666666646e+02 1.277399999999999949e+02 1.283066666666666720e+02
1.279866666666666646e+02 1.277399999999999949e+02 1.283066666666666720e+02
1.279866666666666646e+02 1.277399999999999949e+02 1.283066666666666720e+02
1.279866666666666646e+02 1.277399999999999949e+02 1.283066666666666720e+02
1.279866666666666646e+02 1.277399999999999949e+02 1.283066666666666720e+02
1.279866666666666646e+02 1.277399999999999949e+02 1.283066666666666720e+02
1.279866666666666646e+02 1.277399999999999949e+02 1.283066666666666720e+02
1.279866666666666646e+02 1.277399999999999949e+02 1.283066666666666720e+02
1.279866666666666646e+02 1.277399999999999949e+02 1.283066666666666720e+02
1.279866666666666646e+02 1.277399999999999949e+02 1.283066666666666720e+02
1.279866666666666646e+02 1.277399999999999949e+02 1.283066666666666720e+02
1.279866666666666646e+02 1.277399999999999949e+02 1.283066666666666720e+02
1.279866666666666646e+02 1.277399999999999949e+02 1.283066666666666720e+02
1.279866666666666646e+02 1.277399999999999949e+02 1.283066666666666720e+02
1.279866666666666646e+02 1.277399999999999949e+02 1.283066666666666720e+02
1.279866666666666646e+02 1.277399999999999949e+02 1.283066666666666720e+02
1.279866666666666646e+02 1.277399999999999949e+02 1.283066666666666720e+02
1.279866666666666646e+02 1.277399999999999949e+02 1.283066666666666720e+02
1.279866666666666646e+02 1.277399999999999949e+02 1.283066666666666720e+02
1.279866666666666646e+02 1.277399999999999949e+02 1.283066666666666720e+02
1.279866666666666646e+02 1.277399999999999949e+02 1.283066666666666720e+02
1.279866666666666646e+02 1.277399999999999949e+02 1.283066666666666720e+02
1.279866666666666646e+02 1.277399999999999949e+02 1.283066666666666720e+02
1.279866666666666646e+02 1.277399999999999949e+02 1.283066666666666720e+02
1.279866666666666646e+02 1.277399999999999949e+02 1.283066666666666720e+02
1.279866666666666646e+02 1.277399999999999949e+02 1.283066666666666720e+02
1.279866666666666646e+02 1.277399999999999949e+02 1.283066666666666720e+02
1.279866666666666646e+02 1.277399999999999949e+02 1.283066666666666720e+02
1.279866666666666646e+02 1.277399999999999949e+02 1.283066666666666720e+02
1.279866666666666646e+02 1.277399999999999949e+02 1.283066666666666720e+02
1.279866666666666646e+02 1.277399999999999949e+02 1.283066666666666720e+02
1.279866666666666646e+02 1.277399999999999949e+02 1.283066666666666720e+02
1.279866666666666646e+02 1.277399999999999949e+02 1.283066666666666720e+02
1.279866666666666646e+02 1.277399999999999949e+02 1.283066666666666720e+02
1.279866666666666646e+02 1.277399999999999949e+02 1.283066666666666720e+02
1.279866666666666646e+02 1.277399999999999949e+02 1.283066666666666720e+02
1.279866666666666646e+02 1.277399999999999949e+02 1.283066666666666720e+02
1.279866666666666646e+02 1.277399999999999949e+02 1.283066666666666720e+02
1.279866666666666646e+02 1.277399999999999949e+02 1.283066666666666720e+02
1.279866666666666646e+02 1.277399999999999949e+02 1.283066666666666720e+02
1.279866666666666646e+02 1.277399999999999949e+02 1.283066666666666720e+02
1.279866666666666646e+02 1.277399999999999949e+02 1.283066666666666720e+02
1.279866666666666646e+02 1.277399999999999949e+02 1.283066666666666720e+02
1.279866666666666646e+02 1.277399999999999949e+02 1.283066666666666720e+02
1.279866666666666646e+02 1.277399999999999949e+02 1.283066666666666720e+02
1.279866666666666646e+02 1.277399999999999949e+02 1.283066666666666720e+02
1.279866666666666646e+02 1.277399999999999949e+02 1.283066666666666720e+02
1.279866666666666646e+02 1.277399999999999949e+02 1.283066666666666720e+02
1.279866666666666646e+02 1.277399999999999949e+02 1.283066666666666720e+02
1.279866666666666646e+02 1.277399999999999949e+02 1.283066666666666720e+02
1.279866666666666646e+02 1.277399999999999949e+02 1.283066666666666720e+02
1.279866666666666646e+02 1.277399999999999949e+02 1.283066666666666720e+02
1.279866666666666646e+02 1.277399999999999949e+02 1.283066666666666720e+02
1.279866666666666646e+02 1.277399999999999949e+02 1.283066666666666720e+02
1.279866666666666646e+02 1.277399999999999949e+02 1.283066666666666720e+02
1.279866666666666646e+02 1.277399999999999949e+02 1.283066666666666720e+02
1.279866666666666646e+02 1.277399999999999949e+02 1.283066666666666720e+02
1.279866666666666646e+02 1.277399999999999949e+02 1.283066666666666720e+02
1.279866666666666646e+02 1.277399999999999949e+02 1.283066666666666720e+02
1.279866666666666646e+02 1.277399999999999949e+02 1.283066666666666720e+02
1.279866666666666646e+02 1.277399999999999949e+02 1.283066666666666720e+02
1.279866666666666646e+02 1.277399999999999949e+02 1.283066666666666720e+02
1.279866666666666646e+02 1.277399999999999949e+02 1.283066666666666720e+02
1.279866666666666646e+02 1.277399999999999949e+02 1.283066666666666720e+02
1.279866666666666646e+02 1.277399999999999949e+02 1.283066666666666720e+02
1.279866666666666646e+02 1.277399999999999949e+02 1.283066666666666720e+02
1.279866666666666646e+02 1.277399999999999949e+02 1.283066666666666720e+02
1.279866666666666646e+02 1.277399999999999949e+02 1.283066666666666720e+02
1.279866666666666646e+02 1.277399999999999949e+02 1.283066666666666720e+02
1.279866666666666646e+02 1.277399999999999949e+02 1.283066666666666720e+02
1.279866666666666646e+02 1.277399999999999949e+02 1.283066666666666720e+02
1.279866666666666646e+02 1.277399999999999949e+02 1.283066666666666720e+02
1.279866666666666646e+02 1.277399999999999949e+02 1.283066666666666720e+02
1.279866666666666646e+02 1.277399999999999949e+02 1.283066666666666720e+02
1.279866666666666646e+02 1.277399999999999949e+02 1.283066666666666720e+02
1.279866666666666646e+02 1.277399999999999949e+02 1.283066666666666720e+02
1.279866666666666646e+02 1.277399999999999949e+02 1.283066666666666720e+02
1.279866666666666646e+02 1.277399999999999949e+02 1.283066666666666720e+02
1.279866666666666646e+02 1.277399999999999949e+02 1.283066666666666720e+02
1.279866666666666646e+02 1.277399999999999949e+02 1.283066666666666720e+02
1.279866666666666646e+02 1.277399999999999949e+02 1.283066666666666720e+02
1.279866666666666646e+02 1.277399999999999949e+02 1.283066666666666720e+02
1.279866666666666646e+02 1.277399999999999949e+02 1.283066666666666720e+02
1.279866666666666646e+02 1.277399999999999949e+02 1.283066666666666720e+02
1.279866666666666646e+02 1.277399999999999949e+02 1.283066666666666720e+02
1.279866666666666646e+02 1.277399999999999949e+02 1.283066666666666720e+02
1.279866666666666646e+02 1.277399999999999949e+02 1.283066666666666720e+02
1.279866666666666646e+02 1.277399999999999949e+02 1.283066666666666720e+02
1.279866666666666646e+02 1.277399999999999949e+02 1.283066666666666720e+02
1.279866666666666646e+02 1.277399999999999949e+02 1.283066666666666720e+02
1.279866666666666646e+02 1.277399999999999949e+02 1.283066666666666720e+02
1.279866666666666646e+02 1.277399999999999949e+02 1.283066666666666720e+02
1.279866666666666646e+02 1.277399999999999949e+02 1.283066666666666720e+02
1.279866666666666646e+02 1.277399999999999949e+02 1.283066666666666720e+02
1.279866666666666646e+02 1.277399999999999949e+02 1.283066666666666720e+02
1.279866666666666646e+02 1.277399999999999949e+02 1.283066666666666720e+02
1.279866666666666646e+02 1.277399999999999949e+02 1.283066666666666720e+02
1.279866666666666646e+02 1.277399999999999949e+02 1.283066666666666720e+02
1.279866666666666646e+02 1.277399999999999949e+02 1.283066666666666720e+02
1.279866666666666646e+02 1.277399999999999949e+02 1.283066666666666720e+02
1.279866666666666646e+02 1.277399999999999949e+02 1.283066666666666720e+02
1.279866666666666646e+02 1.277399999999999949e+02 1.283066666666666720e+02
1.279866666666666646e+02 1.277399999999999949e+02 1.283066666666666720e+02
1.279866666666666646e+02 1.277399999999999949e+02 1.283066666666666720e+02
1.279866666666666646e+02 1.277399999999999949e+02 1.283066666666666720e+02
1.279866666666666646e+02 1.277399999999999949e+02 1.283066666666666720e+02
1.279866666666666646e+02 1.277399999999999949e+02 1.283066666666666720e+02
1.279866666666666646e+02 1.277399999999999949e+02 1.283066666666666720e+02
1.279866666666666646e+02 1.277399999999999949e+02 1.283066666666666720e+02
1.279866666666666646e+02 1.277399999999999949e+02 1.283066666666666720e+02
1.279866666666666646e+02 1.277399999999999949e+02 1.283066666666666720e+02
1.279866666666666646e+02 1.277399999999999949e+02 1.283066666666666720e+02
1.279866666666666646e+02 1.277399999999999949e+02 1.283066666666666720e+02
1.279866666666666646e+02 1.277399999999999949e+02 1.283066666666666720e+02
1.279866666666666646e+02 1.277399999999999949e+02 1.283066666666666720e+02
1.279866666666666646e+02 1.277399999999999949e+02 1.283066666666666720e+02
1.279866666666666646e+02 1.277399999999999949e+02 1.283066666666666720e+02
1.279866666666666646e+02 1.277399999999999949e+02 1.283066666666666720e+02
1.279866666666666646e+02 1.277399999999999949e+02 1.283066666666666720e+02
1.279866666666666646e+02 1.277399999999999949e+02 1.283066666666666720e+02
1.279866666666666646e+02 1.277399999999999949e+02 1.283066666666666720e+02
1.279866666666666646e+02 1.277399999999999949e+02 1.283066666666666720e+02
1.279866666666666646e+02 1.277399999999999949e+02 1.283066666666666720e+02
1.279866666666666646e+02 1.277399999999999949e+02 1.283066666666666720e+02
1.279866666666666646e+02 1.277399999999999949e+02 1.283066666666666720e+02
1.279866666666666646e+02 1.277399999999999949e+02 1.283066666666666720e+02
1.279866666666666646e+02 1.277399999999999949e+02 1.283066666666666720e+02
1.279866666666666646e+02 1.277399999999999949e+02 1.283066666666666720e+02
1.279866666666666646e+02 1.277399999999999949e+02 1.283066666666666720e+02
1.279866666666666646e+02 1.277399999999999949e+02 1.283066666666666720e+02
1.279866666666666646e+02 1.277399999999999949e+02 1.283066666666666720e+02
1.279866666666666646e+02 1.277399999999999949e+02 1.283066666666666720e+02
1.279866666666666646e+02 1.277399999999999949e+02 1.283066666666666720e+02
1.279866666666666646e+02 1.277399999999999949e+02 1.283066666666666720e+02
1.279866666666666646e+02 1.277399999999999949e+02 1.283066666666666720e+02
1.279866666666666646e+02 1.277399999999999949e+02 1.283066666666666720e+02
1.279866666666666646e+02 1.277399999999999949e+02 1.283066666666666720e+02
1.279866666666666646e+02 1.277399999999999949e+02 1.283066666666666720e+02
1.279866666666666646e+02 1.277399999999999949e+02 1.283066666666666720e+02
1.279866666666666646e+02 1.277399999999999949e+02 1.283066666666666720e+02
1.279866666666666646e+02 1.277399999999999949e+02 1.283066666666666720e+02
1.279866666666666646e+02 1.277399999999999949e+02 1.283066666666666720e+02
1.279866666666666646e+02 1.277399999999999949e+02 1.283066666666666720e+02
1.279866666666666646e+02 1.277399999999999949e+02 1.283066666666666720e+02
1.279866666666666646e+02 1.277399999999999949e+02 1.283066666666666720e+02
1.279866666666666646e+02 1.277399999999999949e+02 1.283066666666666720e+02
1.279866666666666646e+02 1.277399999999999949e+02 1.283066666666666720e+02
1.279866666666666646e+02 1.277399999999999949e+02 1.283066666666666720e+02
1.279866666666666646e+02 1.277399999999999949e+02 1.283066666666666720e+02
1.279866666666666646e+02 1.277399999999999949e+02 1.283066666666666720e+02
1.279866666666666646e+02 1.277399999999999949e+02 1.283066666666666720e+02
1.279866666666666646e+02 1.277399999999999949e+02 1.283066666666666720e+02
1.279866666666666646e+02 1.277399999999999949e+02 1.283066666666666720e+02
1.279866666666666646e+02 1.277399999999999949e+02 1.283066666666666720e+02
1.279866666666666646e+02 1.277399999999999949e+02 1.283066666666666720e+02
1.279866666666666646e+02 1.277399999999999949e+02 1.283066666666666720e+02
1.279866666666666646e+02 1.277399999999999949e+02 1.283066666666666720e+02
1.279866666666666646e+02 1.277399999999999949e+02 1.283066666666666720e+02
1.279866666666666646e+02 1.277399999999999949e+02 1.283066666666666720e+02
1.279866666666666646e+02 1.277399999999999949e+02 1.283066666666666720e+02
1.279866666666666646e+02 1.277399999999999949e+02 1.283066666666666720e+02
1.279866666666666646e+02 1.277399999999999949e+02 1.283066666666666720e+02
1.279866666666666646e+02 1.277399999999999949e+02 1.283066666666666720e+02
1.279866666666666646e+02 1.277399999999999949e+02 1.283066666666666720e+02
1.279866666666666646e+02 1.277399999999999949e+02 1.283066666666666720e+02
1.279866666666666646e+02 1.277399999999999949e+02 1.283066666666666720e+02
1.279866666666666646e+02 1.277399999999999949e+02 1.283066666666666720e+02
1.279866666666666646e+02 1.277399999999999949e+02 1.283066666666666720e+02
1.279866666666666646e+02 1.277399999999999949e+02 1.283066666666666720e+02
1.279866666666666646e+02 1.277399999999999949e+02 1.283066666666666720e+02
1.279866666666666646e+02 1.277399999999999949e+02 1.283066666666666720e+02
1.279866666666666646e+02 1.277399999999999949e+02 1.283066666666666720e+02
1.279866666666666646e+02 1.277399999999999949e+02 1.283066666666666720e+02
1.279866666666666646e+02 1.277399999999999949e+02 1.283066666666666720e+02
1.279866666666666646e+02 1.277399999999999949e+02 1.283066666666666720e+02
1.279866666666666646e+02 1.277399999999999949e+02 1.283066666666666720e+02
1.279866666666666646e+02 1.277399999999999949e+02 1.283066666666666720e+02
1.279866666666666646e+02 1.277399999999999949e+02 1.283066666666666720e+02
1.279866666666666646e+02 1.277399999999999949e+02 1.283066666666666720e+02
1.279866666666666646e+02 1.277399999999999949e+02 1.283066666666666720e+02
1.279866666666666646e+02 1.277399999999999949e+02 1.283066666666666720e+02
1.279866666666666646e+02 1.277399999999999949e+02 1.283066666666666720e+02
1.279866666666666646e+02 1.277399999999999949e+02 1.283066666666666720e+02
1.279866666666666646e+02 1.277399999999999949e+02 1.283066666666666720e+02
1.279866666666666646e+02 1.277399999999999949e+02 1.283066666666666720e+02
1.279866666666666646e+02 1.277399999999999949e+02 1.283066666666666720e+02
1.279866666666666646e+02 1.277399999999999949e+02 1.283066666666666720e+02
1.279866666666666646e+02 1.277399999999999949e+02 1.283066666666666720e+02
1.279866666666666646e+02 1.277399999999999949e+02 1.283066666666666720e+02
1.279866666666666646e+02 1.277399999999999949e+02 1.283066666666666720e+02
1.279866666666666646e+02 1.277399999999999949e+02 1.283066666666666720e+02
1.279866666666666646e+02 1.277399999999999949e+02 1.283066666666666720e+02
1.279866666666666646e+02 1.277399999999999949e+02 1.283066666666666720e+02
1.279866666666666646e+02 1.277399999999999949e+02 1.283066666666666720e+02
1.279866666666666646e+02 1.277399999999999949e+02 1.283066666666666720e+02
1.279866666666666646e+02 1.277399999999999949e+02 1.283066666666666720e+02
1.279866666666666646e+02 1.277399999999999949e+02 1.283066666666666720e+02
1.279866666666666646e+02 1.277399999999999949e+02 1.283066666666666720e+02
1.279866666666666646e+02 1.277399999999999949e+02 1.283066666666666720e+02
1.279866666666666646e+02 1.277399999999999949e+02 1.283066666666666720e+02
1.279866666666666646e+02 1.277399999999999949e+02 1.283066666666666720e+02
1.279866666666666646e+02 1.277399999999999949e+02 1.283066666666666720e+02
1.279866666666666646e+02 1.277399999999999949e+02 1.283066666666666720e+02
1.279866666666666646e+02 1.277399999999999949e+02 1.283066666666666720e+02
1.279866666666666646e+02 1.277399999999999949e+02 1.283066666666666720e+02
1.279866666666666646e+02 1.277399999999999949e+02 1.283066666666666720e+02
1.279866666666666646e+02 1.277399999999999949e+02 1.283066666666666720e+02
1.279866666666666646e+02 1.277399999999999949e+02 1.283066666666666720e+02
1.279866666666666646e+02 1.277399999999999949e+02 1.283066666666666720e+02
1.279866666666666646e+02 1.277399999999999949e+02 1.283066666666666720e+02
1.279866666666666646e+02 1.277399999999999949e+02 1.283066666666666720e+02
1.279866666666666646e+02 1.277399999999999949e+02 1.283066666666666720e+02
1.279866666666666646e+02 1.277399999999999949e+02 1.283066666666666720e+02
1.279866666666666646e+02 1.277399999999999949e+02 1.283066666666666720e+02
1.279866666666666646e+02 1.277399999999999949e+02 1.283066666666666720e+02
1.279866666666666646e+02 1.277399999999999949e+02 1.283066666666666720e+02
1.279866666666666646e+02 1.277399999999999949e+02 1.283066666666666720e+02
1.279866666666666646e+02 1.277399999999999949e+02 1.283066666666666720e+02
1.279866666666666646e+02 1.277399999999999949e+02 1.283066666666666720e+02
1.279866666666666646e+02 1.277399999999999949e+02 1.283066666666666720e+02
1.279866666666666646e+02 1.277399999999999949e+02 1.283066666666666720e+02
1.279866666666666646e+02 1.277399999999999949e+02 1.283066666666666720e+02
1.279866666666666646e+02 1.277399999999999949e+02 1.283066666666666720e+02
1.279866666666666646e+02 1.277399999999999949e+02 1.283066666666666720e+02
1.279866666666666646e+02 1.277399999999999949e+02 1.283066666666666720e+02
1.279866666666666646e+02 1.277399999999999949e+02 1.283066666666666720e+02
1.279866666666666646e+02 1.277399999999999949e+02 1.283066666666666720e+02
1.279866666666666646e+02 1.277399999999999949e+02 1.283066666666666720e+02
1.279866666666666646e+02 1.277399999999999949e+02 1.283066666666666720e+02
1.279866666666666646e+02 1.277399999999999949e+02 1.283066666666666720e+02
1.279866666666666646e+02 1.277399999999999949e+02 1.283066666666666720e+02
1.279866666666666646e+02 1.277399999999999949e+02 1.283066666666666720e+02
1.279866666666666646e+02 1.277399999999999949e+02 1.283066666666666720e+02
1.279866666666666646e+02 1.277399999999999949e+02 1.283066666666666720e+02
1.279866666666666646e+02 1.277399999999999949e+02 1.283066666666666720e+02
1.279866666666666646e+02 1.277399999999999949e+02 1.283066666666666720e+02
1.279866666666666646e+02 1.277399999999999949e+02 1.283066666666666720e+02
1.279866666666666646e+02 1.277399999999999949e+02 1.283066666666666720e+02
1.279866666666666646e+02 1.277399999999999949e+02 1.283066666666666720e+02
1.279866666666666646e+02 1.277399999999999949e+02 1.283066666666666720e+02
1.279866666666666646e+02 1.277399999999999949e+02 1.283066666666666720e+02
1.279866666666666646e+02 1.277399999999999949e+02 1.283066666666666720e+02
1.279866666666666646e+02 1.277399999999999949e+02 1.283066666666666720e+02
1.279866666666666646e+02 1.277399999999999949e+02 1.283066666666666720e+02
1.279866666666666646e+02 1.277399999999999949e+02 1.283066666666666720e+02
1.279866666666666646e+02 1.277399999999999949e+02 1.283066666666666720e+02
1.279866666666666646e+02 1.277399999999999949e+02 1.283066666666666720e+02
1.279866666666666646e+02 1.277399999999999949e+02 1.283066666666666720e+02
1.279866666666666646e+02 1.277399999999999949e+02 1.283066666666666720e+02
1.279866666666666646e+02 1.277399999999999949e+02 1.283066666666666720e+02
1.279866666666666646e+02 1.277399999999999949e+02 1.283066666666666720e+02
1.279866666666666646e+02 1.277399999999999949e+02 1.283066666666666720e+02
1.279866666666666646e+02 1.277399999999999949e+02 1.283066666666666720e+02
1.279866666666666646e+02 1.277399999999999949e+02 1.283066666666666720e+02
1.279866666666666646e+02 1.277399999999999949e+02 1.283066666666666720e+02
1.279866666666666646e+02 1.277399999999999949e+02 1.283066666666666720e+02
1.279866666666666646e+02 1.277399999999999949e+02 1.283066666666666720e+02
1.279866666666666646e+02 1.277399999999999949e+02 1.283066666666666720e+02
1.279866666666666646e+02 1.277399999999999949e+02 1.283066666666666720e+02
1.279866666666666646e+02 1.277399999999999949e+02 1.283066666666666720e+02
1.279866666666666646e+02 1.277399999999999949e+02 1.283066666666666720e+02
