1.276866666666666674e+02 1.276599999999999966e+02 1.268466666666666640e+02
1.277800000000000011e+02 1.276800000000000068e+02 1.267999999999999972e+02
1.277266666666666737e+02 1.276933333333333280e+02 1.268199999999999932e+02
1.278421052631578902e+02 1.276644736842105203e+02 1.268618421052631646e+02
1.278066666666666720e+02 1.276266666666666652e+02 1.268466666666666640e+02
1.277565789473684248e+02 1.276250000000000000e+02 1.269276315789473699e+02
1.277682119205298079e+02 1.276291390728476784e+02 1.269205298013245056e+02
1.277800000000000011e+02 1.276400000000000006e+02 1.269399999999999977e+02
1.277483443708609201e+02 1.276291390728476784e+02 1.269006622516556320e+02
1.279000000000000057e+02 1.275600000000000023e+02 1.269399999999999977e+02
1.279000000000000057e+02 1.275600000000000023e+02 1.268400000000000034e+02
1.279337748344370880e+02 1.276821192052980081e+02 1.268940397350993408e+02
1.279800000000000040e+02 1.277533333333333303e+02 1.269466666666666725e+02
1.280397350993377472e+02 1.277019867549668817e+02 1.269867549668874176e+02
1.280723684210526301e+02 1.277500000000000000e+02 1.269736842105263150e+02
1.281866666666666674e+02 1.277933333333333366e+02 1.269866666666666646e+02
1.281633986928104605e+02 1.277516339869280984e+02 1.270130718954248437e+02
1.280657894736842195e+02 1.277500000000000000e+02 1.267631578947368354e+02
1.280733333333333235e+02 1.277066666666666634e+02 1.267266666666666737e+02
1.280201342281879135e+02 1.276711409395973220e+02 1.266778523489932837e+02
1.281140939597315480e+02 1.276577181208053702e+02 1.267315436241610769e+02
1.280986842105263293e+02 1.277105263157894797e+02 1.267302631578947398e+02
1.280800000000000125e+02 1.277933333333333366e+02 1.266466666666666612e+02
1.279210526315789451e+02 1.277236842105263150e+02 1.266184210526315752e+02
1.279072847682119232e+02 1.277880794701986815e+02 1.266887417218542993e+02
1.278666666666666600e+02 1.277800000000000011e+02 1.266599999999999966e+02
1.278993288590604038e+02 1.277986577181208077e+02 1.266375838926174566e+02
1.278609271523178847e+02 1.278013245033112639e+02 1.265960264900662224e+02
1.279066666666666663e+02 1.278666666666666600e+02 1.266133333333333297e+02
1.278874172185430496e+02 1.279470198675496704e+02 1.266092715231788048e+02
1.279533333333333331e+02 1.279666666666666686e+02 1.266599999999999966e+02
1.279200000000000017e+02 1.279533333333333331e+02 1.265933333333333337e+02
1.278581081081081123e+02 1.279864864864864842e+02 1.266148648648648702e+02
1.279932885906040241e+02 1.281006711409395962e+02 1.266442953020134183e+02
1.279865771812080482e+02 1.281476510067114134e+02 1.266107382550335529e+02
1.278940397350993408e+02 1.281655629139072801e+02 1.265695364238410576e+02
1.278866666666666703e+02 1.281666666666666572e+02 1.265600000000000023e+02
1.279205298013245056e+02 1.282185430463576097e+02 1.266556291390728433e+02
1.279333333333333371e+02 1.282333333333333201e+02 1.267199999999999989e+02
1.278145695364238463e+02 1.281655629139072801e+02 1.267019867549668817e+02
1.278618421052631646e+02 1.282236842105263293e+02 1.267368421052631646e+02
1.278741721854304672e+02 1.281986754966887361e+02 1.267682119205298079e+02
1.279133333333333269e+02 1.281866666666666674e+02 1.267066666666666634e+02
1.279210526315789451e+02 1.281842105263157805e+02 1.268421052631578902e+02
1.278881578947368354e+02 1.281381578947368496e+02 1.268289473684210549e+02
1.279194630872483174e+02 1.281073825503355579e+02 1.268456375838926107e+02
1.278476821192053023e+02 1.280397350993377472e+02 1.268543046357615935e+02
1.278145695364238463e+02 1.280596026490066208e+02 1.268543046357615935e+02
1.278799999999999955e+02 1.280933333333333337e+02 1.269666666666666686e+02
1.279470198675496704e+02 1.281456953642384065e+02 1.270198675496688736e+02
1.278807947019867584e+02 1.281986754966887361e+02 1.269602649006622528e+02
1.278933333333333309e+02 1.281133333333333439e+02 1.269333333333333371e+02
1.280866666666666731e+02 1.282333333333333201e+02 1.268866666666666703e+02
1.280000000000000000e+02 1.281688311688311614e+02 1.268896103896103966e+02
1.279399999999999977e+02 1.282933333333333223e+02 1.268733333333333348e+02
1.279536423841059616e+02 1.283178807947019777e+02 1.268874172185430496e+02
1.279133333333333269e+02 1.283933333333333451e+02 1.267600000000000051e+02
1.278733333333333348e+02 1.283666666666666742e+02 1.267266666666666737e+02
1.278609271523178847e+02 1.284503311258278018e+02 1.266754966887417169e+02
1.278666666666666600e+02 1.285000000000000000e+02 1.268066666666666720e+02
1.278344370860927199e+02 1.285298013245033246e+02 1.268145695364238463e+02
1.277880794701986815e+02 1.284966887417218402e+02 1.268145695364238463e+02
1.278476821192053023e+02 1.285430463576159070e+02 1.268543046357615935e+02
1.278199999999999932e+02 1.285133333333333212e+02 1.269399999999999977e+02
1.278133333333333326e+02 1.285066666666666606e+02 1.269333333333333371e+02
1.277866666666666617e+02 1.284000000000000057e+02 1.269933333333333394e+02
1.277516778523489904e+02 1.285167785234899327e+02 1.269932885906040241e+02
1.278266666666666680e+02 1.284399999999999977e+02 1.268733333333333348e+02
1.278750000000000000e+02 1.283881578947368496e+02 1.269276315789473699e+02
1.278627450980392126e+02 1.283333333333333428e+02 1.268758169934640563e+02
1.279536423841059616e+02 1.283973509933774722e+02 1.268145695364238463e+02
1.278799999999999955e+02 1.284600000000000080e+02 1.269266666666666623e+02
1.277763157894736850e+02 1.285131578947368496e+02 1.268881578947368354e+02
1.276688741721854257e+02 1.286158940397351103e+02 1.269337748344370880e+02
1.277152317880794641e+02 1.287086092715231871e+02 1.269668874172185440e+02
1.279266666666666623e+02 1.287533333333333303e+02 1.269333333333333371e+02
1.279666666666666686e+02 1.286333333333333258e+02 1.270199999999999960e+02
1.279666666666666686e+02 1.286933333333333280e+02 1.269466666666666725e+02
1.280933333333333337e+02 1.287866666666666617e+02 1.267733333333333263e+02
1.280263157894736707e+02 1.288750000000000000e+02 1.267368421052631646e+02
1.279866666666666646e+02 1.287133333333333383e+02 1.268133333333333326e+02
1.280000000000000000e+02 1.287266666666666595e+02 1.267866666666666617e+02
1.279466666666666725e+02 1.287133333333333383e+02 1.268666666666666600e+02
1.279210526315789451e+02 1.287565789473684106e+02 1.268684210526315752e+02
1.279671052631578902e+02 1.287631578947368496e+02 1.269013157894736850e+02
1.281192052980132416e+02 1.287947019867549727e+02 1.268079470198675551e+02
1.281192052980132416e+02 1.287417218543046431e+02 1.268079470198675551e+02
1.279798657718120865e+02 1.287181208053691250e+02 1.267919463087248317e+02
1.279139072847682144e+02 1.286953642384106047e+02 1.267880794701986815e+02
1.279801324503311264e+02 1.286622516556291487e+02 1.267748344370860991e+02
1.279671052631578902e+02 1.286250000000000000e+02 1.268421052631578902e+02
1.279867549668874176e+02 1.287483443708609343e+02 1.267549668874172255e+02
1.279133333333333269e+02 1.288133333333333326e+02 1.267999999999999972e+02
1.279133333333333269e+02 1.288400000000000034e+02 1.268199999999999932e+02
1.279403973509933792e+02 1.288145695364238463e+02 1.268410596026490111e+02
1.278523489932885866e+02 1.287718120805369040e+02 1.268657718120805384e+02
1.278599999999999994e+02 1.287133333333333383e+02 1.267466666666666697e+02
1.278874172185430496e+02 1.287218543046357695e+02 1.267019867549668817e+02
1.278255033557046971e+02 1.287114093959731633e+02 1.267919463087248317e+02
1.277086092715231729e+02 1.287549668874172255e+02 1.268079470198675551e+02
1.277933333333333366e+02 1.287066666666666777e+02 1.268266666666666680e+02
1.278289473684210549e+02 1.287039473684210407e+02 1.267500000000000000e+02
1.277466666666666697e+02 1.286800000000000068e+02 1.268400000000000034e+02
1.276423841059602609e+02 1.286556291390728575e+02 1.268013245033112639e+02
1.276973684210526301e+02 1.286381578947368496e+02 1.268092105263157947e+02
1.277333333333333343e+02 1.286399999999999864e+02 1.268133333333333326e+02
1.276754966887417169e+02 1.285761589403973630e+02 1.268675496688741759e+02
1.275592105263157947e+02 1.285657894736842195e+02 1.267894736842105203e+02
1.275629139072847664e+02 1.285165562913907422e+02 1.268476821192053023e+02
1.275570469798657740e+02 1.285838926174496635e+02 1.268187919463087212e+02
1.275894039735099312e+02 1.285761589403973630e+02 1.269072847682119232e+02
1.275430463576158928e+02 1.285761589403973630e+02 1.269668874172185440e+02
1.275629139072847664e+02 1.285695364238410718e+02 1.270860927152317856e+02
1.275033112582781456e+02 1.285960264900662366e+02 1.271059602649006592e+02
1.275866666666666731e+02 1.285866666666666731e+02 1.270400000000000063e+02
1.276490066225165521e+02 1.286225165562914015e+02 1.270000000000000000e+02
1.275986842105263150e+02 1.285723684210526301e+02 1.270197368421052602e+02
1.275761589403973488e+02 1.286092715231788191e+02 1.271059602649006592e+02
1.274630872483221538e+02 1.287449664429530287e+02 1.271006711409395962e+02
1.274697986577181155e+02 1.286174496644295289e+02 1.271342281879194616e+02
1.275364238410596016e+02 1.286291390728476927e+02 1.271192052980132416e+02
1.275165562913907280e+02 1.286291390728476927e+02 1.271920529801324449e+02
1.274934210526315752e+02 1.286776315789473699e+02 1.271118421052631646e+02
1.274066666666666663e+02 1.285866666666666731e+02 1.269933333333333394e+02
1.273666666666666600e+02 1.285200000000000102e+02 1.269933333333333394e+02
1.273947368421052602e+02 1.285460526315789593e+02 1.270394736842105203e+02
1.273066666666666720e+02 1.285466666666666526e+02 1.270533333333333275e+02
1.273443708609271567e+02 1.285562913907284894e+02 1.270463576158940384e+02
1.273533333333333388e+02 1.285533333333333417e+02 1.270666666666666629e+02
1.273933333333333309e+02 1.286399999999999864e+02 1.270933333333333337e+02
1.273973509933774864e+02 1.286688741721854399e+02 1.271324503311258241e+02
1.273933333333333309e+02 1.286666666666666572e+02 1.271866666666666674e+02
1.274200000000000017e+02 1.286866666666666674e+02 1.272533333333333303e+02
1.274117647058823479e+02 1.286339869281045765e+02 1.272745098039215748e+02
1.273733333333333348e+02 1.286733333333333462e+02 1.272466666666666697e+02
1.274635761589403984e+02 1.287483443708609343e+02 1.272980132450331183e+02
1.274429530201342260e+02 1.287718120805369040e+02 1.272550335570469855e+02
1.276357615894039697e+02 1.287284768211920607e+02 1.273377483443708655e+02
1.277086092715231729e+02 1.287682119205298079e+02 1.272781456953642447e+02
1.278066666666666720e+02 1.288799999999999955e+02 1.271666666666666714e+02
1.278199999999999932e+02 1.287533333333333303e+02 1.271466666666666612e+02
1.278355263157894797e+02 1.288157894736842195e+02 1.271907894736842053e+02
1.278199999999999932e+02 1.287733333333333405e+02 1.272733333333333263e+02
1.278675496688741759e+02 1.287748344370860991e+02 1.272317880794701921e+02
1.279536423841059616e+02 1.288344370860927199e+02 1.271721854304635713e+02
1.280457516339869244e+02 1.288039215686274588e+02 1.272941176470588260e+02
1.278866666666666703e+02 1.286399999999999864e+02 1.272800000000000011e+02
1.279194630872483174e+02 1.285503355704697981e+02 1.273489932885906057e+02
1.280200000000000102e+02 1.285533333333333417e+02 1.272800000000000011e+02
1.279266666666666623e+02 1.287199999999999989e+02 1.271533333333333360e+02
1.279139072847682144e+02 1.286092715231788191e+02 1.272052980132450273e+02
1.280000000000000000e+02 1.286266666666666652e+02 1.271933333333333280e+02
1.279200000000000017e+02 1.286533333333333360e+02 1.271866666666666674e+02
1.278933333333333309e+02 1.286333333333333258e+02 1.271599999999999966e+02
1.278933333333333309e+02 1.286399999999999864e+02 1.271133333333333297e+02
1.279000000000000057e+02 1.287199999999999989e+02 1.271466666666666612e+02
1.279333333333333371e+02 1.286866666666666674e+02 1.271800000000000068e+02
1.278831168831168839e+02 1.287662337662337677e+02 1.271818181818181870e+02
1.279210526315789451e+02 1.287500000000000000e+02 1.272105263157894797e+02
1.280266666666666708e+02 1.286933333333333280e+02 1.272133333333333383e+02
1.279733333333333292e+02 1.288199999999999932e+02 1.272133333333333383e+02
1.279735099337748352e+02 1.288013245033112639e+02 1.272649006622516623e+02
1.279000000000000057e+02 1.287333333333333201e+02 1.272466666666666697e+02
1.279006622516556320e+02 1.287086092715231871e+02 1.272119205298013185e+02
1.277229729729729684e+02 1.286554054054054177e+02 1.271554054054054035e+02
1.277960526315789451e+02 1.286578947368421098e+02 1.270328947368421098e+02
1.278466666666666640e+02 1.286999999999999886e+02 1.270199999999999960e+02
1.278466666666666640e+02 1.286933333333333280e+02 1.269933333333333394e+02
1.279395973154362451e+02 1.286375838926174424e+02 1.268859060402684520e+02
1.278741721854304672e+02 1.286026490066225278e+02 1.268476821192053023e+02
1.278543046357615935e+02 1.286225165562914015e+02 1.268344370860927199e+02
1.278092105263157947e+02 1.285986842105263293e+02 1.269868421052631646e+02
1.278533333333333388e+02 1.287066666666666777e+02 1.270333333333333314e+02
1.278066666666666720e+02 1.286866666666666674e+02 1.270799999999999983e+02
1.277600000000000051e+02 1.286999999999999886e+02 1.270600000000000023e+02
1.276333333333333400e+02 1.287800000000000011e+02 1.270333333333333314e+02
1.276423841059602609e+02 1.287218543046357695e+02 1.269933774834437088e+02
1.277785234899328799e+02 1.287248322147650867e+02 1.269798657718120865e+02
1.277733333333333263e+02 1.286733333333333462e+02 1.270333333333333314e+02
1.277947019867549727e+02 1.286953642384106047e+02 1.270728476821192032e+02
1.277999999999999972e+02 1.287066666666666777e+02 1.271133333333333297e+02
1.278278145695364287e+02 1.286291390728476927e+02 1.271192052980132416e+02
1.279000000000000057e+02 1.286399999999999864e+02 1.271599999999999966e+02
1.279019607843137294e+02 1.286993464052287663e+02 1.271241830065359437e+02
1.279261744966442933e+02 1.286174496644295289e+02 1.270604026845637549e+02
1.280266666666666708e+02 1.286599999999999966e+02 1.270733333333333377e+02
1.280328947368421098e+02 1.286118421052631504e+02 1.269736842105263150e+02
1.279266666666666623e+02 1.286466666666666754e+02 1.270333333333333314e+02
1.278675496688741759e+02 1.285695364238410718e+02 1.270728476821192032e+02
1.279675324675324646e+02 1.285714285714285836e+02 1.269545454545454533e+02
1.278933333333333309e+02 1.284933333333333394e+02 1.269933333333333394e+02
1.279391891891891930e+02 1.286013513513513544e+02 1.270337837837837895e+02
1.280000000000000000e+02 1.285066666666666606e+02 1.270133333333333354e+02
1.280132450331125824e+02 1.286423841059602751e+02 1.270860927152317856e+02
1.279006622516556320e+02 1.284900662251655490e+02 1.271192052980132416e+02
1.280133333333333212e+02 1.285000000000000000e+02 1.270999999999999943e+02
1.279533333333333331e+02 1.285733333333333235e+02 1.271266666666666652e+02
1.279668874172185440e+02 1.286291390728476927e+02 1.271324503311258241e+02
1.280000000000000000e+02 1.286887417218543135e+02 1.271324503311258241e+02
1.280469798657718172e+02 1.287114093959731633e+02 1.271812080536912788e+02
1.279801324503311264e+02 1.286622516556291487e+02 1.271192052980132416e+02
1.278523489932885866e+02 1.285906040268456252e+02 1.271543624161073893e+02
1.278733333333333348e+02 1.285600000000000023e+02 1.271866666666666674e+02
1.278675496688741759e+02 1.286225165562914015e+02 1.272450331125827745e+02
1.278543046357615935e+02 1.286092715231788191e+02 1.271390728476821153e+02
1.279276315789473699e+02 1.285526315789473699e+02 1.271644736842105203e+02
1.279078947368421098e+02 1.285526315789473699e+02 1.271907894736842053e+02
1.279060402684563797e+02 1.284966442953020191e+02 1.271006711409395962e+02
1.279463087248322211e+02 1.284093959731543748e+02 1.270335570469798654e+02
1.279200000000000017e+02 1.283866666666666561e+02 1.270000000000000000e+02
1.279668874172185440e+02 1.282980132450331041e+02 1.269867549668874176e+02
1.279664429530201346e+02 1.283087248322147786e+02 1.269865771812080482e+02
1.280132450331125824e+02 1.283377483443708513e+02 1.269801324503311264e+02
1.278496732026143832e+02 1.283333333333333428e+02 1.270196078431372513e+02
1.278333333333333286e+02 1.283533333333333246e+02 1.270466666666666669e+02
1.278266666666666680e+02 1.283933333333333451e+02 1.271133333333333297e+02
1.278431372549019613e+02 1.284183006535947698e+02 1.270849673202614412e+02
1.278590604026845625e+02 1.284026845637583847e+02 1.270536912751677789e+02
1.278400000000000034e+02 1.283533333333333246e+02 1.270000000000000000e+02
1.279666666666666686e+02 1.283333333333333428e+02 1.269866666666666646e+02
1.280000000000000000e+02 1.283642384105960161e+02 1.269072847682119232e+02
1.278199999999999932e+02 1.284133333333333269e+02 1.269333333333333371e+02
1.277960526315789451e+02 1.283223684210526301e+02 1.269342105263157947e+02
1.278266666666666680e+02 1.283666666666666742e+02 1.270733333333333377e+02
1.278400000000000034e+02 1.284000000000000057e+02 1.270666666666666629e+02
1.279139072847682144e+02 1.283708609271523073e+02 1.271258278145695328e+02
1.278866666666666703e+02 1.284533333333333474e+02 1.270733333333333377e+02
1.278013245033112639e+02 1.283311258278145601e+02 1.270860927152317856e+02
1.277828947368421098e+02 1.284342105263157805e+02 1.271315789473684248e+02
1.278866666666666703e+02 1.284266666666666765e+02 1.271666666666666714e+02
1.278675496688741759e+02 1.282980132450331041e+02 1.271456953642384065e+02
1.277666666666666657e+02 1.282866666666666617e+02 1.272600000000000051e+02
1.277933333333333366e+02 1.283266666666666538e+02 1.272066666666666634e+02
1.278235294117647101e+02 1.283594771241830017e+02 1.271830065359477118e+02
1.278400000000000034e+02 1.283466666666666640e+02 1.271400000000000006e+02
1.278187919463087212e+02 1.283959731543624230e+02 1.271744966442953029e+02
1.276513157894736850e+02 1.283552631578947398e+02 1.270921052631578902e+02
1.276241610738255048e+02 1.283758389261745094e+02 1.271610738255033510e+02
1.276200000000000045e+02 1.283933333333333451e+02 1.271666666666666714e+02
1.276733333333333320e+02 1.283533333333333246e+02 1.270466666666666669e+02
1.276158940397350960e+02 1.284238410596026370e+02 1.270662251655629120e+02
1.275526315789473699e+02 1.282434210526315894e+02 1.270592105263157947e+02
1.275302013422818845e+02 1.282147651006711442e+02 1.269798657718120865e+02
1.274866666666666646e+02 1.281266666666666652e+02 1.269599999999999937e+02
1.275533333333333275e+02 1.281466666666666754e+02 1.269466666666666725e+02
1.276066666666666691e+02 1.281733333333333462e+02 1.269800000000000040e+02
1.275933333333333337e+02 1.281133333333333439e+02 1.269933333333333394e+02
1.274966887417218544e+02 1.281059602649006592e+02 1.271059602649006592e+02
1.276375838926174566e+02 1.280939597315436345e+02 1.269463087248322211e+02
1.276599999999999966e+02 1.281533333333333360e+02 1.269599999999999937e+02
1.274733333333333292e+02 1.279399999999999977e+02 1.269733333333333292e+02
1.276622516556291345e+02 1.278940397350993408e+02 1.269337748344370880e+02
1.275533333333333275e+02 1.279399999999999977e+02 1.269533333333333331e+02
1.275894039735099312e+02 1.279139072847682144e+02 1.270066225165562912e+02
1.276845637583892596e+02 1.279194630872483174e+02 1.269731543624161105e+02
1.276688741721854257e+02 1.279271523178807968e+02 1.270066225165562912e+02
1.276644736842105203e+02 1.279210526315789451e+02 1.270723684210526301e+02
1.276133333333333297e+02 1.279266666666666623e+02 1.271066666666666691e+02
1.276375838926174566e+02 1.279731543624161105e+02 1.270469798657718172e+02
1.276666666666666714e+02 1.281399999999999864e+02 1.270666666666666629e+02
1.277133333333333383e+02 1.280466666666666526e+02 1.270533333333333275e+02
1.277133333333333383e+02 1.280800000000000125e+02 1.269933333333333394e+02
1.277631578947368354e+02 1.280000000000000000e+02 1.269276315789473699e+02
1.276953642384105905e+02 1.280860927152317856e+02 1.269470198675496704e+02
1.277236842105263150e+02 1.280986842105263293e+02 1.268486842105263150e+02
1.277124183006535958e+02 1.281437908496731950e+02 1.270000000000000000e+02
1.277718120805369182e+02 1.280872483221476443e+02 1.270469798657718172e+02
1.277933333333333366e+02 1.280266666666666708e+02 1.270933333333333337e+02
1.278013245033112639e+02 1.280198675496688736e+02 1.271192052980132416e+02
1.277947019867549727e+02 1.280198675496688736e+02 1.271655629139072801e+02
1.278675496688741759e+02 1.279470198675496704e+02 1.272052980132450273e+02
1.278599999999999994e+02 1.279066666666666663e+02 1.271466666666666612e+02
1.278675496688741759e+02 1.278410596026490111e+02 1.270529801324503296e+02
1.278389261744966490e+02 1.278187919463087212e+02 1.270134228187919518e+02
1.278410596026490111e+02 1.278807947019867584e+02 1.270264900662251648e+02
1.279539473684210549e+02 1.278881578947368354e+02 1.270723684210526301e+02
1.278456375838926107e+02 1.279127516778523557e+02 1.269328859060402692e+02
1.278079470198675551e+02 1.279403973509933792e+02 1.268410596026490111e+02
1.278199999999999932e+02 1.279666666666666686e+02 1.268533333333333388e+02
1.278466666666666640e+02 1.280133333333333212e+02 1.268466666666666640e+02
1.278410596026490111e+02 1.279205298013245056e+02 1.268741721854304672e+02
1.276959459459459509e+02 1.279729729729729684e+02 1.268851351351351298e+02
1.276466666666666612e+02 1.279866666666666646e+02 1.268333333333333286e+02
1.275294117647058840e+02 1.279346405228758101e+02 1.268039215686274446e+02
1.275866666666666731e+02 1.277533333333333303e+02 1.268066666666666720e+02
1.274342105263157947e+02 1.277894736842105203e+02 1.268815789473684248e+02
1.274407894736842053e+02 1.277236842105263150e+02 1.269407894736842053e+02
1.274399999999999977e+02 1.277866666666666617e+02 1.269666666666666686e+02
1.273066666666666720e+02 1.278933333333333309e+02 1.269466666666666725e+02
1.273624161073825434e+02 1.278456375838926107e+02 1.271140939597315480e+02
1.274466666666666725e+02 1.279200000000000017e+02 1.271733333333333320e+02
1.274697986577181155e+02 1.279530201342281828e+02 1.272080536912751683e+02
1.275394736842105203e+02 1.280065789473684106e+02 1.272763157894736850e+02
1.274733333333333292e+02 1.279000000000000057e+02 1.271866666666666674e+02
1.275562913907284752e+02 1.278741721854304672e+02 1.272582781456953711e+02
1.276490066225165521e+02 1.279072847682119232e+02 1.273311258278145743e+02
1.275695364238410576e+02 1.280264900662251648e+02 1.273046357615894095e+02
1.275637583892617499e+02 1.279597315436241587e+02 1.273288590604026780e+02
1.274697986577181155e+02 1.279060402684563797e+02 1.273087248322147644e+02
1.274437086092715248e+02 1.278807947019867584e+02 1.273245033112582831e+02
1.275000000000000000e+02 1.279266666666666623e+02 1.272399999999999949e+02
1.275231788079470192e+02 1.278807947019867584e+02 1.272516556291390799e+02
1.275799999999999983e+02 1.278866666666666703e+02 1.272333333333333343e+02
1.275906040268456394e+02 1.277852348993288558e+02 1.271543624161073893e+02
1.277046979865771874e+02 1.276845637583892596e+02 1.271342281879194616e+02
1.275894039735099312e+02 1.276225165562913872e+02 1.272052980132450273e+02
1.276644295302013461e+02 1.276577181208053702e+02 1.272214765100671201e+02
1.277266666666666737e+02 1.276800000000000068e+02 1.271466666666666612e+02
1.277350993377483377e+02 1.276556291390728433e+02 1.270794701986754944e+02
1.277466666666666697e+02 1.276800000000000068e+02 1.270000000000000000e+02
1.278187919463087212e+02 1.276979865771812115e+02 1.270335570469798654e+02
1.278066666666666720e+02 1.277333333333333343e+02 1.270066666666666606e+02
1.277600000000000051e+02 1.277066666666666634e+02 1.270266666666666708e+02
1.277866666666666617e+02 1.277066666666666634e+02 1.270266666666666708e+02
1.278133333333333326e+02 1.276866666666666674e+02 1.271200000000000045e+02
1.278866666666666703e+02 1.277733333333333263e+02 1.270999999999999943e+02
1.279865771812080482e+02 1.278120805369127453e+02 1.271543624161073893e+02
1.278859060402684520e+02 1.278120805369127453e+02 1.271476510067114134e+02
1.279533333333333331e+02 1.278133333333333326e+02 1.271266666666666652e+02
1.278552631578947398e+02 1.277894736842105203e+02 1.271447368421052602e+02
1.278410596026490111e+02 1.277218543046357553e+02 1.271854304635761537e+02
1.279328859060402692e+02 1.277852348993288558e+02 1.271342281879194616e+02
1.278278145695364287e+02 1.277880794701986815e+02 1.271655629139072801e+02
1.279533333333333331e+02 1.279200000000000017e+02 1.270266666666666708e+02
1.279271523178807968e+02 1.279403973509933792e+02 1.270463576158940384e+02
1.278609271523178847e+02 1.278675496688741759e+02 1.271059602649006592e+02
1.278866666666666703e+02 1.278333333333333286e+02 1.271733333333333320e+02
1.280933333333333337e+02 1.277533333333333303e+02 1.272199999999999989e+02
1.280805369127516826e+02 1.278187919463087212e+02 1.272885906040268509e+02
1.281399999999999864e+02 1.277533333333333303e+02 1.273133333333333326e+02
1.281866666666666674e+02 1.278599999999999994e+02 1.272933333333333366e+02
1.282119205298013185e+02 1.279668874172185440e+02 1.273443708609271567e+02
1.281907894736842195e+02 1.278750000000000000e+02 1.272697368421052602e+02
1.282251655629139009e+02 1.279470198675496704e+02 1.273046357615894095e+02
1.282052980132450273e+02 1.278874172185430496e+02 1.273576158940397391e+02
1.283066666666666720e+02 1.279533333333333331e+02 1.273866666666666703e+02
1.282066666666666777e+02 1.279466666666666725e+02 1.274466666666666725e+02
1.281543624161073751e+02 1.279060402684563797e+02 1.274899328859060432e+02
1.280794701986754944e+02 1.279470198675496704e+02 1.274966887417218544e+02
1.280999999999999943e+02 1.278533333333333388e+02 1.274933333333333394e+02
1.281176470588235361e+02 1.277385620915032689e+02 1.273529411764705941e+02
1.280939597315436345e+02 1.276644295302013461e+02 1.274093959731543606e+02
1.281266666666666652e+02 1.277466666666666697e+02 1.273933333333333309e+02
1.280263157894736707e+02 1.276907894736842053e+02 1.274144736842105203e+02
1.280200000000000102e+02 1.278199999999999932e+02 1.273533333333333388e+02
1.280196078431372655e+02 1.279084967320261370e+02 1.273398692810457504e+02
1.279934210526315752e+02 1.279276315789473699e+02 1.273881578947368354e+02
1.280066666666666606e+02 1.279066666666666663e+02 1.274666666666666686e+02
1.279599999999999937e+02 1.278266666666666680e+02 1.275199999999999960e+02
1.280133333333333212e+02 1.279000000000000057e+02 1.275333333333333314e+02
1.279597315436241587e+02 1.279463087248322211e+02 1.273959731543624230e+02
1.279733333333333292e+02 1.279733333333333292e+02 1.274066666666666663e+02
1.278866666666666703e+02 1.278733333333333348e+02 1.274533333333333331e+02
1.278289473684210549e+02 1.278289473684210549e+02 1.275394736842105203e+02
1.278724832214765144e+02 1.278053691275167836e+02 1.274697986577181155e+02
1.277248322147651010e+02 1.278456375838926107e+02 1.273624161073825434e+02
1.277880794701986815e+02 1.278211920529801375e+02 1.273708609271523216e+02
1.276466666666666612e+02 1.276266666666666652e+02 1.273799999999999955e+02
1.275704697986577116e+02 1.275973154362416153e+02 1.273422818791946298e+02
1.276599999999999966e+02 1.276933333333333280e+02 1.273733333333333348e+02
1.274304635761589424e+02 1.277814569536423903e+02 1.272516556291390799e+02
1.274563758389261778e+02 1.278724832214765144e+02 1.272684563758389231e+02
1.275231788079470192e+02 1.278940397350993408e+02 1.272516556291390799e+02
1.274429530201342260e+02 1.278187919463087212e+02 1.273422818791946298e+02
1.273708609271523216e+02 1.277880794701986815e+02 1.273907284768211952e+02
1.273355704697986539e+02 1.278523489932885866e+02 1.273825503355704711e+02
1.273133333333333326e+02 1.278799999999999955e+02 1.273933333333333309e+02
1.273112582781457007e+02 1.279668874172185440e+02 1.273973509933774864e+02
1.272980132450331183e+02 1.279867549668874176e+02 1.273245033112582831e+02
1.273533333333333388e+02 1.280200000000000102e+02 1.273799999999999955e+02
1.274066666666666663e+02 1.280266666666666708e+02 1.273933333333333309e+02
1.274362416107382501e+02 1.280134228187919518e+02 1.273624161073825434e+02
1.273708609271523216e+02 1.280331125827814560e+02 1.273708609271523216e+02
1.273333333333333286e+02 1.279733333333333292e+02 1.274133333333333269e+02
1.273799999999999955e+02 1.279200000000000017e+02 1.274800000000000040e+02
1.274966887417218544e+02 1.280132450331125824e+02 1.275165562913907280e+02
1.274599999999999937e+02 1.280333333333333314e+02 1.274866666666666646e+02
1.273533333333333388e+02 1.280200000000000102e+02 1.274399999999999977e+02
1.273377483443708655e+02 1.280000000000000000e+02 1.275894039735099312e+02
1.272533333333333303e+02 1.281533333333333360e+02 1.276733333333333320e+02
1.273333333333333286e+02 1.281200000000000045e+02 1.275933333333333337e+02
1.273892617449664471e+02 1.282617449664429614e+02 1.276174496644295289e+02
1.273599999999999994e+02 1.282199999999999989e+02 1.276733333333333320e+02
1.274295302013422884e+02 1.283825503355704711e+02 1.276241610738255048e+02
1.274834437086092720e+02 1.283509933774834337e+02 1.276821192052980081e+02
1.275065789473684248e+02 1.282565789473684106e+02 1.277368421052631646e+02
1.275231788079470192e+02 1.281125827814569504e+02 1.276953642384105905e+02
1.275165562913907280e+02 1.280728476821192032e+02 1.277748344370860991e+02
1.275364238410596016e+02 1.281589403973509889e+02 1.278410596026490111e+02
1.275333333333333314e+02 1.281266666666666652e+02 1.278333333333333286e+02
1.274967320261437891e+02 1.282091503267973849e+02 1.278562091503267908e+02
1.275526315789473699e+02 1.282500000000000000e+02 1.277302631578947398e+02
1.276291390728476784e+02 1.283642384105960161e+02 1.277682119205298079e+02
1.275629139072847664e+02 1.282582781456953569e+02 1.276688741721854257e+02
1.275496688741721840e+02 1.283576158940397249e+02 1.277682119205298079e+02
1.275799999999999983e+02 1.283733333333333348e+02 1.277199999999999989e+02
1.275259740259740227e+02 1.282337662337662323e+02 1.277012987012986969e+02
1.276470588235294059e+02 1.281699346405228823e+02 1.277581699346405202e+02
1.277000000000000028e+02 1.281533333333333360e+02 1.277800000000000011e+02
1.277600000000000051e+02 1.281599999999999966e+02 1.277466666666666697e+02
1.276933333333333280e+02 1.282133333333333383e+02 1.278066666666666720e+02
1.277181208053691250e+02 1.281879194630872405e+02 1.278053691275167836e+02
1.277086092715231729e+02 1.281059602649006592e+02 1.277682119205298079e+02
1.277549668874172255e+02 1.280794701986754944e+02 1.278675496688741759e+02
1.278066666666666720e+02 1.280999999999999943e+02 1.277866666666666617e+02
1.278476821192053023e+02 1.281125827814569504e+02 1.278278145695364287e+02
1.278289473684210549e+02 1.281907894736842195e+02 1.277236842105263150e+02
1.279072847682119232e+02 1.283377483443708513e+02 1.277814569536423903e+02
1.278888888888888857e+02 1.284313725490196134e+02 1.279150326797385588e+02
1.279266666666666623e+02 1.284333333333333371e+02 1.278533333333333388e+02
1.277933333333333366e+02 1.283799999999999955e+02 1.278400000000000034e+02
1.277565789473684248e+02 1.284276315789473699e+02 1.278618421052631646e+02
1.278400000000000034e+02 1.284799999999999898e+02 1.278133333333333326e+02
1.278533333333333388e+02 1.285266666666666708e+02 1.278599999999999994e+02
1.279605263157894797e+02 1.286513157894736707e+02 1.278421052631578902e+02
1.279666666666666686e+02 1.285466666666666526e+02 1.278400000000000034e+02
1.279139072847682144e+02 1.286225165562914015e+02 1.278543046357615935e+02
1.280133333333333212e+02 1.285399999999999920e+02 1.278533333333333388e+02
1.280134228187919518e+02 1.285838926174496635e+02 1.278926174496644279e+02
1.280800000000000125e+02 1.286066666666666549e+02 1.279133333333333269e+02
1.280784313725490335e+02 1.285555555555555429e+02 1.279477124183006538e+02
1.281399999999999864e+02 1.286133333333333439e+02 1.279666666666666686e+02
1.280933333333333337e+02 1.285933333333333337e+02 1.279933333333333394e+02
1.282171052631578902e+02 1.285986842105263293e+02 1.279934210526315752e+02
1.282348993288590577e+02 1.286577181208053560e+02 1.280402684563758271e+02
1.282251655629139009e+02 1.286821192052980223e+02 1.279403973509933792e+02
1.282418300653594656e+02 1.286274509803921546e+02 1.279934640522875782e+02
1.283642384105960161e+02 1.285364238410596158e+02 1.280198675496688736e+02
1.283288590604026922e+02 1.284295302013422884e+02 1.279731543624161105e+02
1.283046357615893953e+02 1.284701986754966754e+02 1.279867549668874176e+02
1.284026845637583847e+02 1.284966442953020191e+02 1.280000000000000000e+02
1.284600000000000080e+02 1.286399999999999864e+02 1.279733333333333292e+02
1.284635761589403842e+02 1.286158940397351103e+02 1.280463576158940384e+02
1.285302013422818845e+02 1.286577181208053560e+02 1.280067114093959617e+02
1.286026490066225278e+02 1.286887417218543135e+02 1.280927152317880768e+02
1.285503355704697981e+02 1.286442953020134325e+02 1.280000000000000000e+02
1.285066666666666606e+02 1.286533333333333360e+02 1.280600000000000023e+02
1.284799999999999898e+02 1.286266666666666652e+02 1.280133333333333212e+02
1.285131578947368496e+02 1.286447368421052602e+02 1.280065789473684106e+02
1.285800000000000125e+02 1.285999999999999943e+02 1.279399999999999977e+02
1.285302013422818845e+02 1.286241610738254906e+02 1.280335570469798654e+02
1.285234899328858944e+02 1.286241610738254906e+02 1.280536912751677789e+02
1.285033112582781598e+02 1.287284768211920607e+02 1.280198675496688736e+02
1.283907284768211809e+02 1.288476821192053023e+02 1.280529801324503296e+02
1.283266666666666538e+02 1.288666666666666742e+02 1.279933333333333394e+02
1.284966887417218402e+02 1.288543046357615935e+02 1.280463576158940384e+02
1.284333333333333371e+02 1.288333333333333428e+02 1.280999999999999943e+02
1.285454545454545325e+02 1.288311688311688386e+02 1.281428571428571388e+02
1.285033557046979809e+02 1.289127516778523557e+02 1.282416107382550194e+02
1.285761589403973630e+02 1.288675496688741759e+02 1.282715231788079393e+02
1.286026490066225278e+02 1.289139072847682144e+02 1.282781456953642305e+02
1.286158940397351103e+02 1.288741721854304672e+02 1.283046357615893953e+02
1.286953642384106047e+02 1.287549668874172255e+02 1.284039735099337634e+02
1.286599999999999966e+02 1.286999999999999886e+02 1.283666666666666742e+02
1.286423841059602751e+02 1.286821192052980223e+02 1.283046357615893953e+02
1.287666666666666799e+02 1.287599999999999909e+02 1.283000000000000114e+02
1.287651006711409423e+02 1.287181208053691250e+02 1.282147651006711442e+02
1.287105263157894797e+02 1.287171052631578902e+02 1.282894736842105203e+02
1.287682119205298079e+02 1.287549668874172255e+02 1.282317880794701921e+02
1.286225165562914015e+02 1.287615894039735167e+02 1.281854304635761537e+02
1.286133333333333439e+02 1.287533333333333303e+02 1.281800000000000068e+02
1.285986842105263293e+02 1.287434210526315894e+02 1.281973684210526301e+02
1.285933333333333337e+02 1.287800000000000011e+02 1.282133333333333383e+02
1.285960264900662366e+02 1.287019867549668959e+02 1.282384105960264833e+02
1.285000000000000000e+02 1.288799999999999955e+02 1.283133333333333326e+02
1.284733333333333292e+02 1.288600000000000136e+02 1.282733333333333405e+02
1.284666666666666686e+02 1.287400000000000091e+02 1.281466666666666754e+02
1.285302013422818845e+02 1.286845637583892596e+02 1.281006711409395962e+02
1.285430463576159070e+02 1.287814569536423903e+02 1.281456953642384065e+02
1.284473684210526301e+02 1.287631578947368496e+02 1.281118421052631504e+02
1.285066666666666606e+02 1.288533333333333246e+02 1.282800000000000011e+02
1.284866666666666788e+02 1.288733333333333348e+02 1.282933333333333223e+02
1.285827814569536542e+02 1.289403973509933792e+02 1.283443708609271425e+02
1.286622516556291487e+02 1.287947019867549727e+02 1.282781456953642305e+02
1.286040268456375770e+02 1.287651006711409423e+02 1.282617449664429614e+02
1.284966887417218402e+02 1.287549668874172255e+02 1.283642384105960161e+02
1.285298013245033246e+02 1.287682119205298079e+02 1.283377483443708513e+02
1.286887417218543135e+02 1.287748344370860991e+02 1.284105960264900546e+02
1.286423841059602751e+02 1.287549668874172255e+02 1.283973509933774722e+02
1.286973684210526301e+02 1.287565789473684106e+02 1.283223684210526301e+02
1.286800000000000068e+02 1.287133333333333383e+02 1.283066666666666720e+02
1.287152317880794783e+02 1.288145695364238463e+02 1.282450331125827745e+02
1.286200000000000045e+02 1.288866666666666561e+02 1.282133333333333383e+02
1.285866666666666731e+02 1.288266666666666538e+02 1.281733333333333462e+02
1.286225165562914015e+02 1.288807947019867584e+02 1.280927152317880768e+02
1.286513157894736707e+02 1.288684210526315894e+02 1.281513157894736707e+02
1.285200000000000102e+02 1.288933333333333451e+02 1.281599999999999966e+02
1.284600000000000080e+02 1.288600000000000136e+02 1.281866666666666674e+02
1.284799999999999898e+02 1.288799999999999955e+02 1.282733333333333405e+02
1.283933333333333451e+02 1.288400000000000034e+02 1.282733333333333405e+02
1.283881578947368496e+02 1.287763157894736707e+02 1.283486842105263293e+02
1.284333333333333371e+02 1.288266666666666538e+02 1.283333333333333428e+02
1.283907284768211809e+02 1.288940397350993408e+02 1.281523178807946977e+02
1.284533333333333474e+02 1.288600000000000136e+02 1.281266666666666652e+02
1.284256756756756772e+02 1.288851351351351298e+02 1.281486486486486456e+02
1.284701986754966754e+02 1.289139072847682144e+02 1.281788079470198625e+02
1.284966887417218402e+02 1.290066225165562912e+02 1.280927152317880768e+02
1.283799999999999955e+02 1.290000000000000000e+02 1.280733333333333235e+02
1.284605263157894797e+02 1.289736842105263293e+02 1.280723684210526301e+02
1.285165562913907422e+02 1.289470198675496704e+02 1.280397350993377472e+02
