1.281324503311258241e+02 1.291456953642384065e+02 1.300000000000000000e+02
1.280662251655629120e+02 1.290860927152317856e+02 1.300264900662251648e+02
1.280200000000000102e+02 1.290733333333333235e+02 1.299933333333333394e+02
1.279266666666666623e+02 1.289799999999999898e+02 1.299733333333333292e+02
1.279266666666666623e+02 1.289133333333333269e+02 1.300533333333333417e+02
1.279000000000000057e+02 1.289133333333333269e+02 1.300399999999999920e+02
1.279539473684210549e+02 1.289276315789473699e+02 1.300065789473684106e+02
1.279865771812080482e+02 1.289597315436241729e+02 1.300939597315436345e+02
1.279466666666666725e+02 1.290399999999999920e+02 1.300933333333333337e+02
1.279533333333333331e+02 1.291200000000000045e+02 1.301266666666666652e+02
1.280592105263157805e+02 1.290197368421052602e+02 1.301907894736842195e+02
1.279144736842105203e+02 1.290723684210526301e+02 1.302697368421052602e+02
1.279800000000000040e+02 1.290200000000000102e+02 1.303333333333333428e+02
1.279539473684210549e+02 1.290328947368421098e+02 1.304013157894736707e+02
1.279060402684563797e+02 1.290067114093959617e+02 1.304832214765100673e+02
1.278599999999999994e+02 1.290399999999999920e+02 1.304933333333333394e+02
1.279666666666666686e+02 1.290066666666666890e+02 1.303066666666666720e+02
1.279333333333333371e+02 1.289933333333333394e+02 1.303933333333333451e+02
1.279066666666666663e+02 1.290066666666666890e+02 1.304066666666666663e+02
1.278866666666666703e+02 1.290733333333333235e+02 1.303600000000000136e+02
1.279066666666666663e+02 1.290999999999999943e+02 1.303000000000000114e+02
1.278400000000000034e+02 1.291133333333333439e+02 1.302466666666666697e+02
1.277651006711409423e+02 1.290738255033556925e+02 1.302214765100671059e+02
1.277046979865771874e+02 1.289798657718120865e+02 1.302281879194630960e+02
1.277417218543046289e+02 1.290331125827814560e+02 1.302847682119205217e+02
1.277417218543046289e+02 1.289933774834437088e+02 1.303245033112582689e+02
1.277152317880794641e+02 1.290927152317880768e+02 1.304105960264900546e+02
1.278026315789473699e+02 1.290263157894736707e+02 1.304407894736842195e+02
1.279210526315789451e+02 1.290000000000000000e+02 1.304539473684210407e+02
1.277894736842105203e+02 1.290263157894736707e+02 1.305592105263157805e+02
1.278590604026845625e+02 1.290402684563758271e+02 1.304765100671141056e+02
1.279139072847682144e+02 1.290662251655629120e+02 1.304768211920529666e+02
1.278940397350993408e+02 1.291192052980132416e+02 1.305033112582781598e+02
1.279333333333333371e+02 1.292066666666666777e+02 1.305200000000000102e+02
1.278791946308724903e+02 1.291879194630872405e+02 1.305906040268456252e+02
1.277866666666666617e+02 1.291266666666666652e+02 1.304266666666666765e+02
1.277000000000000028e+02 1.291066666666666549e+02 1.303866666666666561e+02
1.277350993377483377e+02 1.291258278145695328e+02 1.303708609271523073e+02
1.276666666666666714e+02 1.290066666666666606e+02 1.303199999999999932e+02
1.276333333333333400e+02 1.290866666666666731e+02 1.304066666666666663e+02
1.275266666666666708e+02 1.292533333333333303e+02 1.302666666666666799e+02
1.274304635761589424e+02 1.291390728476821153e+02 1.302980132450331041e+02
1.273642384105960303e+02 1.291655629139072801e+02 1.303443708609271425e+02
1.274266666666666623e+02 1.292599999999999909e+02 1.304133333333333269e+02
1.274466666666666725e+02 1.291599999999999966e+02 1.304399999999999977e+02
1.274834437086092720e+02 1.292052980132450273e+02 1.304701986754966754e+02
1.275133333333333354e+02 1.291266666666666652e+02 1.305000000000000000e+02
1.274701986754966896e+02 1.290993377483443680e+02 1.305099337748344510e+02
1.274866666666666646e+02 1.291599999999999966e+02 1.305666666666666629e+02
1.274966887417218544e+02 1.292052980132450273e+02 1.305496688741721982e+02
1.274666666666666686e+02 1.290866666666666447e+02 1.305866666666666447e+02
1.276066666666666549e+02 1.290600000000000023e+02 1.306533333333333360e+02
1.275960264900662224e+02 1.291324503311258241e+02 1.306953642384105763e+02
1.276556291390728575e+02 1.290529801324503296e+02 1.306688741721854115e+02
1.276466666666666612e+02 1.291200000000000045e+02 1.306333333333333258e+02
1.276866666666666674e+02 1.290333333333333314e+02 1.306266666666666652e+02
1.276333333333333400e+02 1.289666666666666686e+02 1.306933333333333280e+02
1.276556291390728575e+02 1.288675496688741759e+02 1.307019867549668959e+02
1.276333333333333400e+02 1.289333333333333371e+02 1.307466666666666697e+02
1.275799999999999983e+02 1.290200000000000102e+02 1.306466666666666754e+02
1.277171052631578902e+02 1.290526315789473699e+02 1.306644736842105203e+02
1.277814569536423761e+02 1.290927152317880768e+02 1.306821192052979939e+02
1.277733333333333263e+02 1.290333333333333314e+02 1.307400000000000091e+02
1.276866666666666674e+02 1.289466666666666583e+02 1.307666666666666799e+02
1.276666666666666572e+02 1.290200000000000102e+02 1.307800000000000011e+02
1.277152317880794783e+02 1.290529801324503296e+02 1.308013245033112639e+02
1.276158940397350960e+02 1.290132450331125824e+02 1.308410596026490111e+02
1.276266666666666652e+02 1.290000000000000000e+02 1.309199999999999875e+02
1.275771812080536876e+02 1.289932885906040383e+02 1.309261744966443075e+02
1.276241610738255048e+02 1.289664429530201346e+02 1.310738255033557209e+02
1.275878378378378386e+02 1.289527027027027088e+02 1.310540540540540633e+02
1.276733333333333320e+02 1.289466666666666583e+02 1.310000000000000000e+02
1.276333333333333400e+02 1.289866666666666788e+02 1.309666666666666686e+02
1.277066666666666634e+02 1.289733333333333292e+02 1.309933333333333394e+02
1.276622516556291487e+02 1.290066225165562912e+02 1.308940397350993408e+02
1.276326530612244881e+02 1.290272108843537353e+02 1.307823129251700607e+02
1.275442176870748199e+02 1.290816326530612344e+02 1.307482993197278915e+02
1.275337837837837895e+02 1.289527027027027088e+02 1.305675675675675791e+02
1.274594594594594525e+02 1.289324324324324209e+02 1.305675675675675791e+02
1.275302013422818703e+02 1.290402684563758271e+02 1.305771812080536733e+02
1.275033557046979809e+02 1.289731543624160963e+02 1.305503355704697981e+02
1.275637583892617357e+02 1.289865771812080482e+02 1.305637583892617499e+02
1.275761589403973630e+02 1.289271523178807968e+02 1.306357615894039839e+02
1.276184210526315752e+02 1.289078947368421098e+02 1.306250000000000000e+02
1.276133333333333297e+02 1.289466666666666583e+02 1.306666666666666572e+02
1.276026490066225136e+02 1.289072847682119232e+02 1.307152317880794783e+02
1.275761589403973630e+02 1.288211920529801091e+02 1.307417218543046147e+02
1.276174496644295289e+02 1.288590604026845767e+02 1.306711409395973078e+02
1.276621621621621614e+02 1.289054054054053893e+02 1.306283783783783861e+02
1.276845637583892596e+02 1.289127516778523557e+02 1.306912751677852498e+02
1.277933333333333223e+02 1.289199999999999875e+02 1.307466666666666697e+02
1.277800000000000011e+02 1.288866666666666845e+02 1.308199999999999932e+02
1.278133333333333326e+02 1.288533333333333246e+02 1.309533333333333189e+02
1.277814569536423761e+02 1.287549668874172255e+02 1.310993377483443680e+02
1.277800000000000011e+02 1.287866666666666617e+02 1.311200000000000045e+02
1.277248322147651010e+02 1.287651006711409423e+02 1.311006711409395962e+02
1.277066666666666634e+02 1.287933333333333223e+02 1.311200000000000045e+02
1.277181208053691392e+02 1.288187919463087212e+02 1.311812080536912788e+02
1.277814569536423761e+02 1.288940397350993123e+02 1.311920529801324733e+02
1.278266666666666680e+02 1.289199999999999875e+02 1.312400000000000091e+02
1.279006622516556320e+02 1.288874172185430496e+02 1.311788079470198625e+02
1.279530201342281828e+02 1.288724832214765286e+02 1.311879194630872405e+02
1.280066225165562912e+02 1.288741721854304672e+02 1.311589403973509889e+02
1.279799999999999898e+02 1.289533333333333189e+02 1.310866666666666731e+02
1.279867549668874034e+02 1.289933774834437088e+02 1.311788079470198625e+02
1.279205298013244914e+02 1.289735099337748352e+02 1.311324503311258525e+02
1.279210526315789451e+02 1.287960526315789593e+02 1.311513157894736992e+02
1.278791946308724903e+02 1.288322147651006730e+02 1.311744966442952887e+02
1.279139072847682002e+02 1.287748344370860991e+02 1.311258278145695328e+02
1.279066666666666663e+02 1.287066666666666492e+02 1.312199999999999989e+02
1.280200000000000102e+02 1.288066666666666720e+02 1.311266666666666652e+02
1.280266666666666708e+02 1.288199999999999932e+02 1.310800000000000125e+02
1.280198675496688736e+02 1.288410596026490111e+02 1.310463576158940384e+02
1.280466666666666811e+02 1.288599999999999852e+02 1.310533333333333132e+02
1.279867549668874034e+02 1.288476821192053023e+02 1.310993377483443680e+02
1.279799999999999898e+02 1.288466666666666640e+02 1.311399999999999864e+02
1.278599999999999994e+02 1.288800000000000239e+02 1.311266666666666652e+02
1.278200000000000074e+02 1.288933333333333451e+02 1.310933333333333337e+02
1.278800000000000097e+02 1.288466666666666640e+02 1.309733333333333292e+02
1.278666666666666742e+02 1.288666666666666742e+02 1.309000000000000057e+02
1.278940397350993408e+02 1.288543046357615935e+02 1.309536423841059616e+02
1.278918918918918877e+02 1.288513513513513544e+02 1.309324324324324493e+02
1.279060402684563797e+02 1.288053691275167978e+02 1.308859060402684520e+02
1.279210526315789451e+02 1.287631578947368496e+02 1.309210526315789593e+02
1.279867549668874034e+02 1.288079470198675267e+02 1.308940397350993408e+02
1.279932885906040241e+02 1.288523489932885866e+02 1.308724832214765001e+02
1.280134228187919518e+02 1.287986577181208077e+02 1.309127516778523557e+02
1.279801324503311264e+02 1.287218543046357411e+02 1.308543046357615935e+02
1.278993288590604038e+02 1.287114093959731633e+02 1.310134228187919518e+02
1.279199999999999875e+02 1.286866666666666674e+02 1.309800000000000182e+02
1.279078947368420955e+02 1.286973684210526301e+02 1.308881578947368496e+02
1.278543046357615935e+02 1.287152317880794783e+02 1.309072847682119232e+02
1.279133333333333269e+02 1.286733333333333462e+02 1.309333333333333371e+02
1.278859060402684520e+02 1.286577181208053844e+02 1.309664429530201346e+02
1.278599999999999994e+02 1.287266666666666595e+02 1.309000000000000057e+02
1.279066666666666663e+02 1.286266666666666652e+02 1.309133333333333269e+02
1.279666666666666686e+02 1.286200000000000045e+02 1.308933333333333451e+02
1.279399999999999977e+02 1.285866666666666731e+02 1.309133333333333269e+02
1.278657718120805384e+02 1.286778523489932979e+02 1.308523489932885866e+02
1.278800000000000097e+02 1.286400000000000148e+02 1.307866666666666617e+02
1.278724832214765144e+02 1.285771812080537018e+02 1.308657718120805384e+02
1.278410596026489969e+02 1.286754966887417027e+02 1.308741721854304672e+02
1.279599999999999937e+02 1.286066666666666549e+02 1.309066666666666663e+02
1.280466666666666811e+02 1.286533333333333360e+02 1.309800000000000182e+02
1.281125827814569504e+02 1.286423841059602751e+02 1.309668874172185440e+02
1.280466666666666811e+02 1.286066666666666549e+02 1.309866666666666788e+02
1.280800000000000125e+02 1.285600000000000023e+02 1.309466666666666583e+02
1.281447368421052602e+02 1.286578947368421098e+02 1.310000000000000000e+02
1.280733333333333235e+02 1.286599999999999966e+02 1.309066666666666663e+02
1.280794701986754944e+02 1.286688741721854399e+02 1.309139072847682144e+02
1.281066666666666549e+02 1.286333333333333542e+02 1.310066666666666606e+02
1.281589403973509889e+02 1.286092715231788191e+02 1.310066225165562912e+02
1.280335570469798654e+02 1.286174496644295289e+02 1.309731543624160963e+02
1.279933774834437088e+02 1.285695364238410718e+02 1.309801324503311264e+02
1.279731543624161247e+02 1.286107382550335672e+02 1.309597315436241729e+02
1.280335570469798654e+02 1.285570469798657598e+02 1.309328859060402692e+02
1.279731543624161247e+02 1.286778523489932979e+02 1.308657718120805384e+02
1.279664429530201346e+02 1.286979865771812115e+02 1.309194630872483174e+02
1.280134228187919518e+02 1.286912751677852214e+02 1.310268456375838753e+02
1.281133333333333155e+02 1.286733333333333462e+02 1.310066666666666606e+02
1.280469798657718172e+02 1.286845637583892596e+02 1.310738255033557209e+02
1.280794701986754944e+02 1.286026490066224994e+02 1.311589403973509889e+02
1.280666666666666629e+02 1.285866666666666731e+02 1.311000000000000227e+02
1.280738255033556925e+02 1.286040268456376054e+02 1.311073825503355579e+02
1.281199999999999761e+02 1.285799999999999841e+02 1.311866666666666674e+02
1.281208053691275381e+02 1.285570469798657598e+02 1.310738255033557209e+02
1.282466666666666697e+02 1.285133333333333496e+02 1.311066666666666833e+02
1.281733333333333462e+02 1.285733333333333235e+02 1.310466666666666526e+02
1.282013422818791923e+02 1.286040268456376054e+02 1.310268456375838753e+02
1.282013422818791923e+02 1.285838926174496635e+02 1.310335570469798654e+02
1.282317880794701921e+02 1.285364238410596158e+02 1.310860927152317856e+02
1.281466666666666754e+02 1.284866666666666504e+02 1.310333333333333314e+02
1.281125827814569504e+02 1.284966887417218686e+02 1.309801324503311264e+02
1.280933333333333337e+02 1.285399999999999920e+02 1.310000000000000000e+02
1.279999999999999858e+02 1.284666666666666686e+02 1.309800000000000182e+02
1.279333333333333371e+02 1.284533333333333189e+02 1.309733333333333292e+02
1.280466666666666811e+02 1.284066666666666663e+02 1.309800000000000182e+02
1.281073825503355863e+02 1.284899328859060290e+02 1.309060402684563655e+02
1.280805369127516826e+02 1.284630872483221538e+02 1.308523489932885866e+02
1.280794701986754944e+02 1.284701986754966754e+02 1.308807947019867584e+02
1.280600000000000023e+02 1.283933333333333451e+02 1.308600000000000136e+02
1.280466666666666811e+02 1.283666666666666458e+02 1.307999999999999829e+02
1.280200000000000102e+02 1.284000000000000057e+02 1.307999999999999829e+02
1.279867549668874034e+02 1.283642384105960446e+02 1.307814569536423903e+02
1.279539473684210549e+02 1.284144736842105203e+02 1.307565789473684390e+02
1.280400000000000205e+02 1.284666666666666686e+02 1.305666666666666629e+02
1.280133333333333212e+02 1.284799999999999898e+02 1.305466666666666526e+02
1.280733333333333235e+02 1.284266666666666765e+02 1.305333333333333314e+02
1.280600000000000023e+02 1.284933333333333110e+02 1.305066666666666606e+02
1.280266666666666708e+02 1.284733333333333292e+02 1.304266666666666481e+02
1.281744966442953171e+02 1.285704697986577116e+02 1.305167785234899327e+02
1.281543624161073751e+02 1.284496644295302019e+02 1.304765100671141056e+02
1.281800000000000068e+02 1.285000000000000000e+02 1.305133333333333496e+02
1.281733333333333462e+02 1.285533333333333417e+02 1.305466666666666526e+02
1.281999999999999886e+02 1.284533333333333474e+02 1.305200000000000102e+02
1.281933333333333280e+02 1.284399999999999977e+02 1.305066666666666606e+02
1.282214765100671059e+02 1.284697986577181155e+02 1.305302013422818845e+02
1.282364864864864842e+02 1.283783783783783576e+02 1.305405405405405475e+02
1.281610738255033652e+02 1.283825503355704711e+02 1.306107382550335672e+02
1.280134228187919518e+02 1.283624161073825292e+02 1.305906040268456252e+02
1.279597315436241729e+02 1.284093959731543748e+02 1.305838926174496635e+02
1.279597315436241729e+02 1.284228187919463267e+02 1.306375838926174708e+02
1.280268456375839037e+02 1.283489932885906057e+02 1.306644295302013461e+02
1.281006711409395962e+02 1.283959731543624230e+02 1.307583892617449806e+02
1.281275167785234714e+02 1.283422818791946440e+02 1.307449664429530287e+02
1.281946308724832022e+02 1.283020134228187885e+02 1.308120805369127595e+02
1.281543624161073751e+02 1.283020134228187885e+02 1.307785234899328657e+02
1.281879194630872689e+02 1.282684563758389231e+02 1.307516778523489904e+02
1.282516556291390941e+02 1.282913907284768413e+02 1.306622516556291487e+02
1.281866666666666674e+02 1.282466666666666413e+02 1.306999999999999886e+02
1.282013422818791923e+02 1.282214765100671343e+02 1.307516778523489904e+02
1.282013422818791923e+02 1.282080536912751825e+02 1.307516778523489904e+02
1.282199999999999989e+02 1.282933333333333508e+02 1.307666666666666799e+02
1.281879194630872689e+02 1.283892617449664328e+02 1.307583892617449806e+02
1.281599999999999966e+02 1.283599999999999852e+02 1.308133333333333326e+02
1.280933333333333337e+02 1.284133333333333269e+02 1.307999999999999829e+02
1.280540540540540633e+02 1.283783783783783576e+02 1.307972972972972912e+02
1.280405405405405190e+02 1.283783783783783576e+02 1.307432432432432279e+02
1.280810810810810949e+02 1.283783783783783576e+02 1.307297297297297121e+02
1.281533333333333360e+02 1.283533333333333246e+02 1.306866666666666674e+02
1.281006711409395962e+02 1.283825503355704711e+02 1.306845637583892596e+02
1.280397350993377472e+02 1.283973509933774722e+02 1.306225165562913730e+02
1.280331125827814844e+02 1.283178807947019777e+02 1.306887417218543135e+02
1.280662251655629120e+02 1.282781456953642589e+02 1.306026490066225278e+02
1.280728476821192032e+02 1.282052980132450557e+02 1.305430463576159070e+02
1.280671140939597308e+02 1.281140939597315480e+02 1.305033557046980093e+02
1.281066666666666549e+02 1.281466666666666754e+02 1.304666666666666686e+02
1.280666666666666629e+02 1.281400000000000148e+02 1.305733333333333235e+02
1.279530201342281828e+02 1.281543624161074035e+02 1.306040268456375770e+02
1.279256756756756630e+02 1.281689189189189051e+02 1.305608108108108070e+02
1.278716216216216139e+02 1.281959459459459367e+02 1.304864864864864842e+02
1.278389261744966490e+02 1.281476510067114134e+02 1.304765100671141056e+02
1.278400000000000034e+02 1.281133333333333155e+02 1.305000000000000000e+02
1.278675496688741759e+02 1.281059602649006592e+02 1.305033112582781598e+02
1.278066666666666720e+02 1.280200000000000102e+02 1.303733333333333348e+02
1.277933333333333223e+02 1.280466666666666811e+02 1.304266666666666481e+02
1.277382550335570528e+02 1.281275167785234999e+02 1.303959731543623946e+02
1.277483443708609343e+02 1.280331125827814560e+02 1.303642384105960161e+02
1.277483443708609343e+02 1.279735099337748352e+02 1.302980132450331325e+02
1.277333333333333343e+02 1.279599999999999937e+02 1.302599999999999909e+02
1.276979865771811973e+02 1.279328859060402692e+02 1.302214765100671059e+02
1.277333333333333343e+02 1.279333333333333371e+02 1.301933333333333280e+02
1.276887417218542993e+02 1.279337748344370880e+02 1.303245033112582689e+02
1.277400000000000091e+02 1.279466666666666725e+02 1.303799999999999955e+02
1.276711409395973078e+02 1.278724832214765144e+02 1.304429530201342402e+02
1.276666666666666572e+02 1.279133333333333269e+02 1.304466666666666583e+02
1.276800000000000068e+02 1.278733333333333348e+02 1.304733333333333576e+02
1.277000000000000028e+02 1.278666666666666742e+02 1.305666666666666629e+02
1.277533333333333303e+02 1.278399999999999892e+02 1.305066666666666606e+02
1.277000000000000028e+02 1.278333333333333286e+02 1.305000000000000000e+02
1.277000000000000028e+02 1.278133333333333326e+02 1.304933333333333394e+02
1.275866666666666731e+02 1.278733333333333348e+02 1.305333333333333314e+02
1.275466666666666669e+02 1.278666666666666742e+02 1.304733333333333576e+02
1.275960264900662224e+02 1.278079470198675409e+02 1.304966887417218402e+02
1.275197368421052602e+02 1.278486842105263150e+02 1.305065789473684106e+02
1.275761589403973630e+02 1.276887417218543135e+02 1.305960264900662082e+02
1.276291390728476784e+02 1.276953642384106047e+02 1.306158940397351103e+02
1.276133333333333297e+02 1.277400000000000091e+02 1.306533333333333360e+02
1.276466666666666612e+02 1.276466666666666612e+02 1.305799999999999841e+02
1.277086092715231729e+02 1.276490066225165521e+02 1.304834437086092862e+02
1.277947019867549727e+02 1.276754966887417311e+02 1.305496688741721698e+02
1.277999999999999972e+02 1.275866666666666589e+02 1.304866666666666788e+02
1.278120805369127595e+02 1.275771812080536876e+02 1.304630872483221538e+02
1.278322147651006730e+02 1.275637583892617499e+02 1.304630872483221538e+02
1.277933333333333223e+02 1.275666666666666629e+02 1.305399999999999920e+02
1.277549668874172113e+02 1.275695364238410576e+02 1.305695364238410434e+02
1.278066666666666720e+02 1.275666666666666629e+02 1.306200000000000045e+02
1.277400000000000091e+02 1.275999999999999943e+02 1.305266666666666708e+02
1.277483443708609343e+02 1.275496688741721840e+02 1.304635761589403842e+02
1.277133333333333383e+02 1.274666666666666686e+02 1.304800000000000182e+02
1.276800000000000068e+02 1.274000000000000057e+02 1.305399999999999920e+02
1.276800000000000068e+02 1.274066666666666663e+02 1.305799999999999841e+02
1.276866666666666674e+02 1.274266666666666765e+02 1.306000000000000227e+02
1.276800000000000068e+02 1.274466666666666725e+02 1.306400000000000148e+02
1.276733333333333320e+02 1.274599999999999937e+02 1.306133333333333439e+02
1.277133333333333383e+02 1.273666666666666742e+02 1.306533333333333360e+02
1.277315436241610769e+02 1.272818791946308608e+02 1.306778523489932979e+02
1.277333333333333343e+02 1.272333333333333343e+02 1.306933333333333280e+02
1.277682119205297937e+02 1.272649006622516623e+02 1.306821192052979939e+02
1.277248322147651010e+02 1.271946308724832164e+02 1.307248322147650867e+02
1.277315436241610769e+02 1.271476510067114134e+02 1.306442953020134041e+02
1.277449664429530287e+02 1.271610738255033510e+02 1.306644295302013461e+02
1.277133333333333383e+02 1.271066666666666691e+02 1.306533333333333360e+02
1.276824324324324209e+02 1.270540540540540633e+02 1.307905405405405475e+02
1.275503355704697981e+02 1.270469798657718172e+02 1.308187919463087212e+02
1.275637583892617357e+02 1.270604026845637549e+02 1.308187919463087212e+02
1.276241610738255048e+02 1.270469798657718172e+02 1.308657718120805384e+02
1.276133333333333297e+02 1.270066666666666748e+02 1.309333333333333371e+02
1.275503355704697981e+02 1.270201342281879278e+02 1.309127516778523557e+02
1.275608108108108070e+02 1.269932432432432563e+02 1.309662162162161962e+02
1.275637583892617357e+02 1.269530201342281970e+02 1.309127516778523557e+02
1.275503355704697981e+02 1.270134228187919518e+02 1.309194630872483174e+02
1.275234899328859086e+02 1.270201342281879278e+02 1.308456375838925965e+02
1.274897959183673350e+02 1.270000000000000000e+02 1.309047619047618980e+02
1.274797297297297405e+02 1.269662162162162105e+02 1.308986486486486456e+02
1.275234899328859086e+02 1.269395973154362451e+02 1.308859060402684520e+02
1.275436241610738222e+02 1.268255033557046971e+02 1.309395973154362594e+02
1.275466666666666669e+02 1.267800000000000011e+02 1.308933333333333451e+02
1.275945945945945965e+02 1.267567567567567579e+02 1.308445945945945823e+02
1.275838926174496635e+02 1.267114093959731491e+02 1.308120805369127595e+02
1.275368700203427039e+02 1.266135662924869223e+02 1.308389572518312889e+02
1.275100671140939568e+02 1.266174496644295289e+02 1.308120805369127595e+02
1.274799999999999898e+02 1.265799999999999983e+02 1.308466666666666640e+02
1.275202702702702737e+02 1.265472972972973054e+02 1.307972972972972912e+02
1.275532819561391022e+02 1.265494924123495508e+02 1.308333675847961501e+02
1.276106527923632541e+02 1.265129534215498097e+02 1.309731077464141435e+02
1.276710205149255302e+02 1.265733211441120716e+02 1.309395701227684015e+02
1.277093147072237258e+02 1.265164383018381500e+02 1.309459142194285448e+02
1.277246807127586692e+02 1.264056330258835317e+02 1.310737206173512561e+02
1.276307753665506937e+02 1.263653878775086952e+02 1.311273808151843525e+02
1.275599448170876684e+02 1.263296180010465832e+02 1.311998249369677865e+02
1.275202365608455040e+02 1.263408657373440889e+02 1.312092730661696294e+02
1.273624743773850270e+02 1.263050201549464049e+02 1.312749463592255097e+02
1.273691819021141640e+02 1.262714825313007054e+02 1.313151915076003604e+02
1.273088141795518879e+02 1.261507470861761533e+02 1.313218990323294975e+02
1.273379112054093696e+02 1.260977652634292383e+02 1.312768009755904188e+02
1.273311584144672963e+02 1.260302373540084631e+02 1.313038121393587403e+02
1.272972982817689029e+02 1.259145317853064370e+02 1.313443967158027306e+02
1.273422635560633012e+02 1.259352139080924644e+02 1.312817113933230360e+02
1.273959316862231219e+02 1.258144606152328890e+02 1.312682943607831021e+02
1.273623891048732446e+02 1.257675010013430494e+02 1.313286710072128756e+02
1.273866298185941019e+02 1.257690334467120294e+02 1.313731292517006750e+02
1.273892231699531550e+02 1.258144606152328890e+02 1.313756306211027436e+02
1.272972982817689029e+02 1.258199785385190950e+02 1.314051809458803177e+02
1.272972982817689029e+02 1.257794557184673891e+02 1.314051809458803177e+02
1.272653211994017397e+02 1.257779737781637550e+02 1.314691314469050099e+02
1.273066638321995470e+02 1.257756972789115650e+02 1.314664229024943438e+02
1.273108058884528049e+02 1.257389328984156549e+02 1.315740260294291204e+02
1.273066638321995470e+02 1.256957312925170100e+02 1.315730442176870838e+02
1.272953039421734900e+02 1.257071243549132618e+02 1.315903031417419413e+02
1.273175596917947558e+02 1.257456867017576059e+02 1.315605184227452469e+02
1.273087209747134381e+02 1.256869988061033467e+02 1.316708053369816582e+02
1.272733446712018122e+02 1.256091014739229053e+02 1.316396825396825250e+02
1.273690976211432115e+02 1.255528284807038091e+02 1.316372627556318093e+02
1.273199914965986466e+02 1.255557908163265353e+02 1.316596740362811602e+02
1.273466468253968173e+02 1.255357993197279001e+02 1.316530102040816246e+02
1.273513287085045249e+02 1.256106106349185438e+02 1.316820868829003928e+02
1.273666383219954525e+02 1.255624546485260709e+02 1.316596740362811602e+02
1.273378211018206088e+02 1.255363187981570690e+02 1.316618254728745399e+02
1.273556805886032635e+02 1.254857433180040545e+02 1.316573883044417244e+02
1.273690976211432115e+02 1.254857433180040545e+02 1.316708053369816582e+02
1.273087209747134381e+02 1.255192858993539176e+02 1.316037201742819320e+02
1.273310672984786578e+02 1.254822883714214470e+02 1.315537646194032959e+02
1.273422635560633012e+02 1.254589092529241583e+02 1.315165094627722056e+02
1.273355550397933484e+02 1.254052411227643375e+02 1.314158817187225736e+02
1.273020124584434569e+02 1.254186581553042998e+02 1.314695498488823944e+02
1.273087209747134381e+02 1.253716985414144602e+02 1.315299264953121678e+02
1.273892231699531550e+02 1.253448644763345641e+02 1.315098009465022528e+02
1.273513287085045249e+02 1.253742275179502030e+02 1.314997341926676597e+02
1.272972982817689029e+02 1.253674737146082379e+02 1.315132417993515332e+02
1.272972982817689029e+02 1.253539661079243359e+02 1.314997341926676597e+02
1.273266553287981822e+02 1.253025651927437707e+02 1.314930782312925146e+02
1.273892231699531550e+02 1.252710707973648141e+02 1.314292987512625359e+02
1.273243134951367210e+02 1.253066894845306649e+02 1.314051809458803177e+02
1.272635292650591339e+02 1.253607199112662869e+02 1.314457037659320235e+02
1.272751783933635608e+02 1.253247389275246206e+02 1.314695498488823944e+02
1.272384365182720956e+02 1.252939246279849215e+02 1.314964359998271846e+02
1.272148017469337589e+02 1.252777793136347952e+02 1.315232179790422151e+02
1.271824836249557080e+02 1.252459052544530920e+02 1.316145488494808546e+02
1.272297602483493790e+02 1.251716134176916171e+02 1.316483178661906379e+02
1.272080932306638061e+02 1.251369004719652906e+02 1.315903031417419413e+02
1.271467318594104370e+02 1.250426757369614421e+02 1.315730442176870838e+02
1.270806314215342354e+02 1.250496897604555926e+02 1.315768861092020074e+02
1.270739229052642685e+02 1.251234834394253284e+02 1.316372627556318093e+02
1.270946841815103170e+02 1.251040753842720790e+02 1.317631325230038328e+02
1.271021282626525704e+02 1.251048029140734315e+02 1.318091167317990937e+02
1.271149455915361557e+02 1.250635525642203589e+02 1.318104091463975180e+02
1.271419608049039738e+02 1.251378444009818480e+02 1.317428711129779515e+02
1.271342995516940562e+02 1.251033578906154133e+02 1.318116841786511486e+02
1.271134126984126880e+02 1.250826587301587267e+02 1.318329336734693698e+02
1.271284531982200718e+02 1.250635525642203589e+02 1.319117161965267826e+02
1.272027450349815609e+02 1.250297835475106041e+02 1.318576857697911464e+02
1.272027450349815609e+02 1.250432911541945060e+02 1.319319776065526639e+02
1.271342995516940562e+02 1.250832323418054841e+02 1.319190204389708185e+02
1.271074654866141458e+02 1.250027301465657672e+02 1.319056034064308278e+02
1.271216993948781351e+02 1.249757531207749679e+02 1.318847009831589787e+02
1.271565259082356363e+02 1.249688088001157951e+02 1.319043126115694520e+02
1.271141740028841269e+02 1.249423535001359653e+02 1.319726885691306109e+02
1.271074654866141458e+02 1.249289364675960172e+02 1.319525630203206674e+02
1.270206731624539884e+02 1.249001536135097723e+02 1.320405785994826999e+02
1.270136385414068769e+02 1.249014612840134930e+02 1.319319776065526639e+02
1.269795957467190419e+02 1.249343847932888991e+02 1.320816560152176464e+02
1.269528543113292898e+02 1.249757531207749679e+02 1.320670536733917118e+02
1.270273314999758725e+02 1.249076114488348566e+02 1.320403067255271026e+02
1.270541613614585970e+02 1.249284764973812969e+02 1.320467922633658304e+02
1.271081917881942189e+02 1.249014612840134930e+02 1.320738074767336343e+02
1.270541613614585970e+02 1.249014612840134930e+02 1.320602998700497608e+02
1.270940484540741977e+02 1.247947661421965080e+02 1.321538185084199597e+02
1.270676689681424989e+02 1.248609384639617730e+02 1.321008226901014666e+02
1.271419608049039738e+02 1.248811998739876401e+02 1.320400384600239079e+02
1.271149455915361557e+02 1.248744460706456749e+02 1.320130232466560756e+02
1.271081917881942189e+02 1.249149688906973950e+02 1.319995156399721736e+02
1.271284531982200718e+02 1.249352303007232621e+02 1.320332846566819569e+02
1.271149455915361557e+02 1.249149688906973950e+02 1.320332846566819569e+02
1.271089279683504571e+02 1.249076114488348566e+02 1.320879046654122817e+02
1.271544251005039854e+02 1.248886853699761588e+02 1.321672355409598936e+02
1.272027450349815609e+02 1.249419841040652130e+02 1.322156373469146615e+02
1.271633256139335089e+02 1.249892079172094412e+02 1.323462934819317809e+02
1.271021282626525704e+02 1.250028073286052006e+02 1.324006911275148468e+02
1.271149455915361557e+02 1.250230297441686531e+02 1.324452666605410798e+02
1.271293270854441033e+02 1.250436055627924929e+02 1.324278899503063656e+02
1.271419608049039738e+02 1.250973215809301422e+02 1.324047438404893171e+02
1.271021282626525704e+02 1.251456011482607238e+02 1.324414893617021391e+02
1.271081917881942189e+02 1.250500449575364570e+02 1.324722818739088837e+02
1.270676689681424989e+02 1.250095221374847370e+02 1.325735889240382051e+02
1.270681297341631648e+02 1.249824082115115544e+02 1.327134775896174119e+02
1.269866233280390588e+02 1.249825069241169331e+02 1.326681421708255186e+02
1.270069806905423206e+02 1.250781557483612261e+02 1.326498935995511488e+02
1.269934207100245516e+02 1.249557705326759276e+02 1.326099976147783650e+02
1.270273314999758725e+02 1.249960076229073280e+02 1.325706837699618745e+02
1.269864419826748616e+02 1.249412310292447188e+02 1.326088161838161739e+02
1.270609151648005337e+02 1.249554917107491150e+02 1.325938503340640295e+02
1.270959817579680475e+02 1.249412310292447188e+02 1.326362011276395094e+02
1.271028279939238814e+02 1.249617697371122063e+02 1.326225086557278416e+02
1.270822892860564224e+02 1.249549235011563866e+02 1.326088161838161739e+02
1.271745506493139004e+02 1.249490620164059607e+02 1.325697465171585065e+02
1.271837247310271550e+02 1.249620090944179225e+02 1.325298855357746106e+02
1.271497262025377495e+02 1.249960076229073280e+02 1.325502846528682426e+02
1.271554684115878899e+02 1.249892607274588840e+02 1.325263123006445198e+02
1.271973241424229144e+02 1.249756085058136819e+02 1.326318811212428272e+02
1.271225273797462165e+02 1.249552093887200215e+02 1.326726793554301196e+02
1.272432678550332668e+02 1.249960145308008492e+02 1.326951573841933225e+02
1.272635292650591339e+02 1.249825069241169331e+02 1.326613883674835392e+02
1.272905444784269378e+02 1.249825069241169331e+02 1.326546345641415883e+02
1.273513287085045249e+02 1.248609384639617730e+02 1.327762030242967626e+02
1.273013688366428084e+02 1.248522299618189919e+02 1.328347419703584364e+02
1.273082150725986423e+02 1.248248450179957132e+02 1.327799720827117937e+02
1.274081150190572629e+02 1.249484096830221489e+02 1.327542758238047043e+02
1.274399404761904862e+02 1.249560459183673515e+02 1.326925680272108821e+02
1.274728971686596708e+02 1.249487379074071640e+02 1.327289264009030774e+02
1.274256205452660140e+02 1.249487379074071640e+02 1.327356802042450568e+02
1.274764338814628388e+02 1.249758960814858568e+02 1.328112531028776289e+02
1.274391281519499159e+02 1.250162759408267021e+02 1.328640024677421536e+02
1.274053591352401469e+02 1.251648596143496519e+02 1.328437410577163007e+02
1.273513287085045249e+02 1.251175829909559809e+02 1.328302334510323988e+02
1.273310672984786578e+02 1.251648596143496519e+02 1.329653095178714466e+02
1.274526357586338321e+02 1.252121362377433371e+02 1.329923247312392505e+02
1.274458819552918527e+02 1.251851210243755190e+02 1.329585557145294956e+02
1.274489132532445552e+02 1.251999987938437755e+02 1.329038693491581000e+02
1.274353138418487816e+02 1.252067984995416623e+02 1.328834702320644681e+02
1.273741164905678573e+02 1.251795996767501293e+02 1.329174687605538736e+02
1.274013153133593903e+02 1.251320017368649644e+02 1.328766705263665813e+02
1.273783439218723288e+02 1.250838139742462261e+02 1.328437410577163007e+02
1.273129191392869188e+02 1.251252020311670776e+02 1.328562714092729493e+02
1.273310672984786578e+02 1.251513520076657500e+02 1.328842638777679781e+02
1.273422635560633012e+02 1.251503175045052387e+02 1.329185893631972419e+02
1.273399829931972818e+02 1.250426757369614421e+02 1.329724489795918316e+02
1.273489720723332965e+02 1.249893131140258191e+02 1.330259256235168550e+02
1.273154294909834050e+02 1.250295642116456776e+02 1.329990915584369588e+02
1.273243134951367210e+02 1.250838139742462261e+02 1.330058323379231524e+02
1.273378211018206088e+02 1.251108291876140441e+02 1.329990785345812014e+02
1.273783439218723288e+02 1.251310905976398971e+02 1.330193399446070828e+02
1.273265185506826782e+02 1.250912035026776721e+02 1.330670622859072694e+02
1.272751783933635608e+02 1.250966493743454322e+02 1.331399704001064492e+02
1.272770368717430358e+02 1.250838139742462261e+02 1.331476622081041796e+02
1.272365140516913300e+02 1.250635525642203589e+02 1.331409084047622002e+02
1.272635292650591339e+02 1.251378444009818480e+02 1.331746774214719835e+02
1.272567754617171829e+02 1.250500449575364570e+02 1.331611698147880531e+02
1.272567754617171829e+02 1.250567987608784080e+02 1.331746774214719835e+02
1.272702830684010848e+02 1.251581058110077151e+02 1.332084464381817384e+02
1.273108058884528049e+02 1.251243367942979603e+02 1.332287078482076197e+02
1.272972982817689029e+02 1.251851210243755190e+02 1.332016926348397874e+02
1.273580825118464759e+02 1.252391514511111552e+02 1.332219540448656403e+02
1.273629849602452424e+02 1.253177740068151138e+02 1.332044387119729549e+02
1.274188667419240346e+02 1.252796742711628468e+02 1.331881850281558854e+02
1.274557129589424278e+02 1.253019943793120063e+02 1.331418590485839673e+02
1.274188667419240346e+02 1.252594128611369939e+02 1.331544160114461306e+02
1.274121129385820979e+02 1.253201970912145811e+02 1.332016926348397874e+02
1.274081150190572629e+02 1.252951946736141338e+02 1.332846528682394762e+02
1.273288465235233531e+02 1.252375282160149226e+02 1.333211003393958265e+02
1.273537173734742112e+02 1.253019943793120063e+02 1.333798487480098345e+02
1.274081150190572629e+02 1.252815952622183602e+02 1.333322508081246838e+02
1.274160572350330511e+02 1.252979048624447103e+02 1.333345173719357604e+02
1.274246010838476479e+02 1.253177740068151138e+02 1.334029795546918820e+02
1.274323743486079508e+02 1.253337046978984830e+02 1.333637839150466391e+02
1.274421135475466684e+02 1.253019943793120063e+02 1.334002478651034949e+02
1.274625126646403288e+02 1.252407970280310678e+02 1.333662493366140609e+02
1.274728971686596708e+02 1.252188900410852739e+02 1.334245681451242262e+02
1.273513287085045249e+02 1.252323976477691758e+02 1.334178143417822753e+02
1.273580825118464759e+02 1.253269508945565320e+02 1.333840453250725204e+02
1.273715901185303920e+02 1.253674737146082379e+02 1.333975529317564224e+02
1.274728971686596708e+02 1.254552731580536289e+02 1.334380757518081566e+02
1.274391281519499159e+02 1.255093035847892651e+02 1.334448295551501076e+02
1.274081150190572629e+02 1.255195849616442274e+02 1.334478458049886740e+02
1.273401179620784518e+02 1.254447881989675295e+02 1.334410460992907872e+02
1.273333182563805650e+02 1.254039899647802372e+02 1.334614452163844192e+02
1.273221380072533861e+02 1.253582815088745122e+02 1.334552706647953357e+02
1.274013153133593903e+02 1.253971902590823504e+02 1.334886440391759379e+02
1.274458819552918527e+02 1.253809813212921540e+02 1.334583371618340095e+02
1.273959316862231219e+02 1.254723262854641064e+02 1.334821047298752319e+02
1.273355550397933484e+02 1.254656177691941110e+02 1.334083110509055246e+02
1.274121129385820979e+02 1.255093035847892651e+02 1.333975529317564224e+02
1.273783439218723288e+02 1.253674737146082379e+02 1.334785985718598624e+02
1.274256205452660140e+02 1.254147503380019231e+02 1.335393828019374496e+02
1.273690976211432115e+02 1.254454922203841960e+02 1.335357728600350526e+02
1.273850977252142798e+02 1.254552731580536289e+02 1.334921061785437360e+02
1.272972982817689029e+02 1.253404585012404340e+02 1.335123675885696457e+02
1.272653211994017397e+02 1.253767911419887042e+02 1.334002478651034949e+02
1.272905444784269378e+02 1.253944889279760417e+02 1.333772915217305695e+02
1.272972982817689029e+02 1.253674737146082379e+02 1.334043067350984018e+02
