1.272281879194630818e+02 1.271879194630872547e+02 1.278120805369127453e+02
1.273355263157894797e+02 1.271381578947368354e+02 1.278421052631578902e+02
1.273825503355704711e+02 1.271073825503355721e+02 1.278120805369127453e+02
1.273422818791946298e+02 1.271006711409395962e+02 1.277852348993288558e+02
1.273973509933774864e+02 1.271125827814569504e+02 1.277814569536423903e+02
1.274039735099337776e+02 1.269801324503311264e+02 1.277350993377483377e+02
1.274000000000000057e+02 1.269399999999999977e+02 1.277999999999999972e+02
1.274466666666666725e+02 1.270333333333333314e+02 1.279000000000000057e+02
1.274238410596026512e+02 1.270463576158940384e+02 1.279006622516556320e+02
1.274466666666666725e+02 1.271200000000000045e+02 1.278733333333333348e+02
1.274701986754966896e+02 1.270331125827814560e+02 1.279205298013245056e+02
1.274210526315789451e+02 1.271973684210526301e+02 1.279934210526315752e+02
1.273866666666666703e+02 1.272600000000000051e+02 1.278733333333333348e+02
1.273933333333333309e+02 1.272933333333333366e+02 1.278400000000000034e+02
1.273576158940397391e+02 1.271655629139072801e+02 1.277947019867549727e+02
1.273533333333333388e+02 1.270799999999999983e+02 1.277533333333333303e+02
1.274295302013422884e+02 1.272013422818791923e+02 1.276845637583892596e+02
1.274899328859060432e+02 1.272684563758389231e+02 1.276174496644295289e+02
1.274832214765100673e+02 1.272953020134228126e+02 1.275100671140939568e+02
1.273841059602649040e+02 1.273907284768211952e+02 1.274900662251655632e+02
1.274228187919463124e+02 1.274362416107382501e+02 1.274563758389261778e+02
1.273841059602649040e+02 1.273907284768211952e+02 1.274172185430463600e+02
1.274000000000000057e+02 1.273533333333333388e+02 1.274466666666666725e+02
1.274304635761589424e+02 1.273841059602649040e+02 1.274900662251655632e+02
1.273866666666666703e+02 1.274466666666666725e+02 1.274733333333333292e+02
1.274399999999999977e+02 1.273466666666666640e+02 1.275533333333333275e+02
1.273708609271523216e+02 1.272847682119205359e+02 1.275231788079470192e+02
1.273223684210526301e+02 1.272302631578947398e+02 1.275460526315789451e+02
1.273933333333333309e+02 1.272000000000000028e+02 1.274933333333333394e+02
1.273750000000000000e+02 1.272302631578947398e+02 1.274868421052631646e+02
1.272600000000000051e+02 1.272133333333333383e+02 1.275533333333333275e+02
1.272733333333333263e+02 1.271666666666666714e+02 1.275199999999999960e+02
1.272147651006711442e+02 1.272483221476510096e+02 1.274362416107382501e+02
1.272483221476510096e+02 1.272281879194630818e+02 1.274228187919463124e+02
1.272251655629139009e+02 1.272516556291390799e+02 1.273311258278145743e+02
1.271275167785234856e+02 1.272080536912751683e+02 1.274093959731543606e+02
1.272885906040268509e+02 1.271208053691275097e+02 1.273087248322147644e+02
1.272466666666666697e+02 1.270400000000000063e+02 1.273133333333333326e+02
1.272715231788079535e+02 1.270728476821192032e+02 1.274105960264900688e+02
1.273421052631578902e+02 1.271118421052631646e+02 1.273881578947368354e+02
1.271733333333333320e+02 1.271133333333333297e+02 1.274066666666666663e+02
1.272185430463576097e+02 1.271192052980132416e+02 1.273841059602649040e+02
1.272013422818791923e+02 1.271879194630872547e+02 1.273892617449664471e+02
1.271342281879194616e+02 1.271677852348993270e+02 1.273691275167785193e+02
1.270921052631578902e+02 1.271710526315789593e+02 1.273750000000000000e+02
1.271513157894736850e+02 1.271578947368421098e+02 1.273815789473684248e+02
1.271513157894736850e+02 1.272039473684210549e+02 1.273684210526315894e+02
1.272214765100671059e+02 1.272214765100671059e+02 1.273959731543624230e+02
1.270860927152317856e+02 1.271589403973509889e+02 1.274437086092715248e+02
1.271140939597315480e+02 1.270872483221476443e+02 1.273087248322147644e+02
1.270529801324503296e+02 1.271192052980132416e+02 1.272251655629139009e+02
1.270810810810810807e+02 1.272094594594594525e+02 1.271689189189189193e+02
1.271333333333333400e+02 1.272999999999999972e+02 1.271866666666666674e+02
1.270728476821192032e+02 1.272185430463576097e+02 1.271655629139072801e+02
1.270400000000000063e+02 1.270999999999999943e+02 1.272199999999999989e+02
1.269333333333333371e+02 1.271599999999999966e+02 1.273199999999999932e+02
1.269399999999999977e+02 1.270999999999999943e+02 1.272800000000000011e+02
1.268476821192053023e+02 1.271655629139072801e+02 1.272649006622516623e+02
1.269084967320261370e+02 1.270915032679738630e+02 1.273921568627450966e+02
1.268523489932885866e+02 1.270939597315436203e+02 1.273758389261744952e+02
1.269194630872483174e+02 1.270738255033557067e+02 1.274228187919463124e+02
1.268675496688741759e+02 1.270927152317880768e+02 1.274701986754966896e+02
1.269337748344370880e+02 1.271920529801324449e+02 1.274503311258278160e+02
1.268618421052631646e+02 1.272302631578947398e+02 1.275000000000000000e+02
1.269867549668874176e+02 1.271324503311258241e+02 1.274834437086092720e+02
1.268866666666666703e+02 1.270666666666666629e+02 1.275466666666666669e+02
1.269346405228758101e+02 1.270457516339869244e+02 1.274248366013071916e+02
1.269733333333333292e+02 1.270666666666666629e+02 1.275133333333333354e+02
1.269072847682119232e+02 1.271390728476821153e+02 1.274834437086092720e+02
1.267466666666666697e+02 1.271533333333333360e+02 1.275866666666666731e+02
1.267382550335570528e+02 1.271006711409395962e+02 1.274966442953020191e+02
1.266928104575163445e+02 1.271437908496732092e+02 1.274901960784313673e+02
1.266754966887417169e+02 1.272582781456953711e+02 1.274834437086092720e+02
1.267302631578947398e+02 1.271973684210526301e+02 1.273815789473684248e+02
1.267814569536423903e+02 1.272185430463576097e+02 1.274437086092715248e+02
1.267565789473684248e+02 1.272763157894736850e+02 1.275328947368421098e+02
1.268278145695364287e+02 1.274172185430463600e+02 1.274966887417218544e+02
1.269261744966442933e+02 1.273489932885906057e+02 1.274496644295302019e+02
1.269735099337748352e+02 1.273311258278145743e+02 1.275099337748344368e+02
1.268874172185430496e+02 1.273774834437086128e+02 1.274172185430463600e+02
1.268466666666666640e+02 1.273533333333333388e+02 1.274066666666666663e+02
1.268333333333333286e+02 1.274933333333333394e+02 1.275266666666666708e+02
1.268807947019867584e+02 1.274900662251655632e+02 1.276026490066225136e+02
1.269000000000000057e+02 1.275066666666666606e+02 1.276200000000000045e+02
1.269333333333333371e+02 1.273733333333333348e+02 1.275000000000000000e+02
1.270400000000000063e+02 1.272600000000000051e+02 1.275333333333333314e+02
1.270133333333333354e+02 1.273400000000000034e+02 1.275266666666666708e+02
1.270065789473684248e+02 1.274078947368421098e+02 1.274868421052631646e+02
1.269800000000000040e+02 1.274000000000000057e+02 1.275066666666666606e+02
1.269333333333333371e+02 1.273400000000000034e+02 1.275733333333333377e+02
1.268389261744966490e+02 1.274362416107382501e+02 1.276040268456375770e+02
1.268013245033112639e+02 1.273774834437086128e+02 1.275827814569536400e+02
1.268609271523178847e+02 1.272913907284768271e+02 1.276158940397350960e+02
1.268940397350993408e+02 1.273642384105960303e+02 1.276158940397350960e+02
1.268187919463087212e+02 1.275033557046979809e+02 1.277248322147651010e+02
1.268157894736842053e+02 1.274473684210526301e+02 1.277565789473684248e+02
1.268026315789473699e+02 1.273684210526315752e+02 1.276973684210526301e+02
1.268053691275167836e+02 1.274093959731543606e+02 1.276510067114093943e+02
1.267466666666666697e+02 1.273666666666666600e+02 1.275933333333333337e+02
1.266466666666666612e+02 1.272666666666666657e+02 1.275733333333333377e+02
1.266040268456375770e+02 1.274026845637583847e+02 1.277114093959731491e+02
1.264640522875816941e+02 1.273921568627450966e+02 1.277516339869280984e+02
1.265866666666666731e+02 1.274466666666666725e+02 1.277066666666666634e+02
1.266133333333333297e+02 1.275000000000000000e+02 1.277866666666666617e+02
1.264200000000000017e+02 1.274399999999999977e+02 1.277733333333333263e+02
1.264503311258278160e+02 1.273841059602649040e+02 1.277880794701986815e+02
1.263947368421052602e+02 1.274605263157894797e+02 1.277763157894736850e+02
1.263933333333333309e+02 1.274599999999999937e+02 1.277866666666666617e+02
1.264200000000000017e+02 1.273866666666666703e+02 1.277399999999999949e+02
1.264666666666666686e+02 1.272600000000000051e+02 1.277266666666666737e+02
1.264666666666666686e+02 1.272533333333333303e+02 1.276533333333333360e+02
1.264563758389261778e+02 1.273557046979865817e+02 1.276040268456375770e+02
1.263973509933774864e+02 1.273178807947019919e+02 1.277019867549668817e+02
1.264161073825503365e+02 1.272348993288590577e+02 1.277449664429530145e+02
1.265197368421052602e+02 1.273289473684210549e+02 1.276907894736842053e+02
1.264967320261437891e+02 1.273986928104575185e+02 1.276209150326797328e+02
1.265302013422818845e+02 1.274832214765100673e+02 1.277583892617449663e+02
1.265100671140939568e+02 1.274765100671140914e+02 1.278255033557046971e+02
1.265199999999999960e+02 1.274333333333333371e+02 1.278266666666666680e+02
1.265228758169934622e+02 1.274640522875816941e+02 1.278169934640522882e+02
1.265364238410596016e+02 1.273708609271523216e+02 1.278013245033112639e+02
1.265400000000000063e+02 1.276333333333333400e+02 1.277333333333333343e+02
1.264161073825503365e+02 1.274966442953020191e+02 1.276577181208053702e+02
1.264768211920529808e+02 1.274370860927152336e+02 1.277019867549668817e+02
1.265430463576158928e+02 1.274105960264900688e+02 1.275562913907284752e+02
1.265231788079470192e+02 1.274834437086092720e+02 1.275496688741721840e+02
1.266466666666666612e+02 1.273533333333333388e+02 1.275666666666666629e+02
1.267039473684210549e+02 1.272631578947368354e+02 1.275263157894736850e+02
1.266556291390728433e+02 1.273377483443708655e+02 1.274172185430463600e+02
1.264800000000000040e+02 1.273933333333333309e+02 1.273333333333333286e+02
1.265799999999999983e+02 1.274666666666666686e+02 1.273133333333333326e+02
1.265199999999999960e+02 1.275000000000000000e+02 1.274000000000000057e+02
1.265466666666666669e+02 1.273533333333333388e+02 1.273533333333333388e+02
1.263733333333333348e+02 1.272466666666666697e+02 1.272733333333333263e+02
1.264039735099337776e+02 1.271523178807946977e+02 1.272185430463576097e+02
1.264228187919463124e+02 1.270469798657718172e+02 1.273087248322147644e+02
1.264399999999999977e+02 1.270400000000000063e+02 1.274266666666666623e+02
1.264304635761589424e+02 1.271059602649006592e+02 1.274105960264900688e+02
1.264635761589403984e+02 1.270993377483443680e+02 1.273642384105960303e+02
1.264342105263157947e+02 1.270394736842105203e+02 1.274078947368421098e+02
1.264437086092715248e+02 1.271192052980132416e+02 1.273377483443708655e+02
1.262999999999999972e+02 1.271400000000000006e+02 1.273733333333333348e+02
1.263509933774834479e+02 1.271721854304635713e+02 1.274172185430463600e+02
1.264276315789473699e+02 1.272105263157894797e+02 1.273421052631578902e+02
1.264569536423841072e+02 1.272450331125827745e+02 1.275231788079470192e+02
1.265033557046979809e+02 1.273489932885906057e+02 1.275436241610738222e+02
1.265099337748344368e+02 1.274635761589403984e+02 1.274635761589403984e+02
1.265733333333333377e+02 1.274599999999999937e+02 1.274933333333333394e+02
1.265163398692810404e+02 1.274967320261437891e+02 1.273660130718954235e+02
1.264868421052631646e+02 1.274736842105263150e+02 1.273486842105263150e+02
1.265234899328859086e+02 1.275033557046979809e+02 1.272550335570469855e+02
1.265562913907284752e+02 1.274966887417218544e+02 1.273311258278145743e+02
1.264599999999999937e+02 1.274666666666666686e+02 1.273666666666666600e+02
1.266266666666666652e+02 1.275199999999999960e+02 1.274333333333333371e+02
1.267500000000000000e+02 1.275460526315789451e+02 1.274407894736842053e+02
1.267733333333333263e+02 1.275066666666666606e+02 1.273799999999999955e+02
1.268476821192053023e+02 1.275430463576158928e+02 1.273112582781457007e+02
1.268235294117647101e+02 1.275555555555555571e+02 1.273790849673202672e+02
1.267733333333333263e+02 1.275999999999999943e+02 1.274466666666666725e+02
1.267565789473684248e+02 1.276710526315789451e+02 1.274210526315789451e+02
1.267483443708609201e+02 1.275562913907284752e+02 1.273774834437086128e+02
1.265733333333333377e+02 1.275999999999999943e+02 1.273199999999999932e+02
1.265496688741721840e+02 1.276158940397350960e+02 1.273178807947019919e+02
1.265866666666666731e+02 1.276933333333333280e+02 1.272600000000000051e+02
1.266510067114093943e+02 1.278322147651006730e+02 1.272147651006711442e+02
1.266688741721854257e+02 1.278675496688741759e+02 1.272317880794701921e+02
1.267218543046357553e+02 1.278940397350993408e+02 1.272582781456953711e+02
1.267828947368421098e+02 1.280263157894736707e+02 1.271842105263157947e+02
1.267199999999999989e+02 1.279800000000000040e+02 1.271666666666666714e+02
1.265960264900662224e+02 1.278675496688741759e+02 1.271589403973509889e+02
1.265723684210526301e+02 1.278157894736842053e+02 1.271315789473684248e+02
1.264705882352941160e+02 1.278366013071895395e+02 1.272156862745098067e+02
1.264133333333333269e+02 1.277866666666666617e+02 1.272333333333333343e+02
1.263666666666666600e+02 1.278599999999999994e+02 1.272199999999999989e+02
1.263666666666666600e+02 1.279399999999999977e+02 1.272399999999999949e+02
1.264399999999999977e+02 1.279066666666666663e+02 1.272866666666666617e+02
1.263377483443708655e+02 1.278543046357615935e+02 1.273509933774834479e+02
1.262913907284768271e+02 1.279271523178807968e+02 1.271523178807946977e+02
1.262818791946308750e+02 1.279463087248322211e+02 1.271073825503355721e+02
1.262000000000000028e+02 1.279399999999999977e+02 1.271200000000000045e+02
1.262582781456953711e+02 1.278675496688741759e+02 1.270662251655629120e+02
1.263466666666666640e+02 1.279733333333333292e+02 1.270133333333333354e+02
1.263355263157894797e+02 1.279473684210526301e+02 1.269671052631578902e+02
1.263959731543624230e+02 1.279463087248322211e+02 1.269060402684563797e+02
1.264144736842105203e+02 1.279473684210526301e+02 1.269605263157894797e+02
1.264900662251655632e+02 1.280264900662251648e+02 1.268609271523178847e+02
1.264200000000000017e+02 1.279066666666666663e+02 1.267933333333333366e+02
1.264362416107382501e+02 1.279463087248322211e+02 1.267651006711409423e+02
1.264362416107382501e+02 1.278859060402684520e+02 1.268255033557046971e+02
1.263443708609271567e+02 1.280397350993377472e+02 1.268145695364238463e+02
1.264429530201342260e+02 1.279664429530201346e+02 1.267785234899328799e+02
1.264866666666666646e+02 1.280733333333333235e+02 1.267666666666666657e+02
1.265695364238410576e+02 1.280198675496688736e+02 1.266953642384105905e+02
1.267549668874172255e+02 1.278675496688741759e+02 1.266026490066225136e+02
1.267350993377483377e+02 1.278874172185430496e+02 1.265165562913907280e+02
1.267333333333333343e+02 1.278466666666666640e+02 1.265133333333333354e+02
1.267733333333333263e+02 1.278133333333333326e+02 1.266066666666666691e+02
1.267152317880794641e+02 1.277947019867549727e+02 1.265761589403973488e+02
1.267350993377483377e+02 1.277748344370860991e+02 1.266026490066225136e+02
1.267947019867549727e+02 1.278410596026490111e+02 1.265960264900662224e+02
1.266933333333333280e+02 1.278333333333333286e+02 1.265266666666666708e+02
1.266200000000000045e+02 1.278133333333333326e+02 1.263933333333333309e+02
1.264304635761589424e+02 1.276754966887417169e+02 1.264238410596026512e+02
1.264013157894736850e+02 1.277368421052631646e+02 1.264868421052631646e+02
1.265033557046979809e+02 1.276308724832214807e+02 1.265503355704697981e+02
1.265933333333333337e+02 1.276666666666666714e+02 1.264133333333333269e+02
1.265430463576158928e+02 1.276754966887417169e+02 1.263642384105960303e+02
1.266754966887417169e+02 1.276821192052980081e+02 1.263112582781457007e+02
1.265827814569536400e+02 1.275960264900662224e+02 1.262913907284768271e+02
1.266225165562913872e+02 1.276754966887417169e+02 1.262516556291390799e+02
1.265302013422818845e+02 1.276644295302013461e+02 1.262214765100671201e+02
1.264733333333333292e+02 1.277266666666666737e+02 1.261400000000000006e+02
1.264429530201342260e+02 1.278657718120805384e+02 1.262416107382550337e+02
1.263933333333333309e+02 1.278133333333333326e+02 1.263199999999999932e+02
1.264666666666666686e+02 1.277666666666666657e+02 1.263466666666666640e+02
1.263799999999999955e+02 1.278066666666666720e+02 1.263066666666666720e+02
1.264834437086092720e+02 1.277284768211920465e+02 1.263509933774834479e+02
1.264144736842105203e+02 1.277039473684210549e+02 1.264276315789473699e+02
1.263443708609271567e+02 1.275695364238410576e+02 1.263841059602649040e+02
1.263618421052631646e+02 1.276710526315789451e+02 1.263157894736842053e+02
1.264078947368421098e+02 1.276842105263157947e+02 1.263618421052631646e+02
1.264866666666666646e+02 1.277666666666666657e+02 1.263266666666666680e+02
1.264666666666666686e+02 1.277199999999999989e+02 1.262999999999999972e+02
1.265430463576158928e+02 1.278543046357615935e+02 1.261523178807946977e+02
1.266887417218542993e+02 1.278940397350993408e+02 1.261390728476821153e+02
1.266578947368421098e+02 1.279802631578947398e+02 1.260921052631578902e+02
1.265894039735099312e+02 1.279602649006622528e+02 1.261655629139072801e+02
1.266423841059602609e+02 1.280264900662251648e+02 1.260331125827814560e+02
1.266866666666666674e+02 1.279533333333333331e+02 1.260733333333333377e+02
1.265838926174496635e+02 1.280536912751677789e+02 1.261208053691275097e+02
1.265999999999999943e+02 1.280733333333333235e+02 1.262666666666666657e+02
1.267229729729729684e+02 1.278716216216216282e+02 1.262364864864864842e+02
1.267114093959731491e+02 1.279865771812080482e+02 1.262080536912751683e+02
1.266733333333333320e+02 1.279666666666666686e+02 1.262800000000000011e+02
1.267733333333333263e+02 1.279599999999999937e+02 1.262399999999999949e+02
1.267666666666666657e+02 1.279399999999999977e+02 1.262733333333333263e+02
1.267748344370860991e+02 1.279801324503311264e+02 1.261986754966887361e+02
1.266866666666666674e+02 1.279599999999999937e+02 1.261733333333333320e+02
1.267199999999999989e+02 1.280200000000000102e+02 1.262466666666666697e+02
1.267266666666666737e+02 1.281266666666666652e+02 1.263133333333333326e+02
1.266622516556291345e+02 1.281721854304635713e+02 1.262847682119205359e+02
1.265947712418300597e+02 1.281568627450980387e+02 1.263006535947712479e+02
1.265866666666666731e+02 1.281466666666666754e+02 1.263733333333333348e+02
1.265704697986577116e+02 1.282483221476510096e+02 1.262953020134228126e+02
1.267516778523489904e+02 1.282147651006711442e+02 1.261677852348993270e+02
1.267350993377483377e+02 1.282450331125827745e+02 1.262317880794701921e+02
1.268533333333333388e+02 1.282933333333333223e+02 1.262199999999999989e+02
1.268410596026490111e+02 1.281655629139072801e+02 1.262317880794701921e+02
1.267666666666666657e+02 1.281800000000000068e+02 1.262800000000000011e+02
1.269006622516556320e+02 1.281324503311258241e+02 1.262384105960264833e+02
1.270000000000000000e+02 1.281842105263157805e+02 1.262828947368421098e+02
1.269205298013245056e+02 1.281059602649006592e+02 1.262980132450331183e+02
1.270397350993377472e+02 1.282052980132450273e+02 1.262317880794701921e+02
1.270266666666666708e+02 1.280600000000000023e+02 1.262666666666666657e+02
1.270472972972972912e+02 1.281013513513513544e+02 1.262972972972972912e+02
1.270526315789473699e+02 1.280592105263157805e+02 1.263750000000000000e+02
1.270866666666666731e+02 1.279866666666666646e+02 1.263866666666666703e+02
1.270733333333333377e+02 1.279800000000000040e+02 1.263799999999999955e+02
1.270799999999999983e+02 1.280000000000000000e+02 1.263266666666666680e+02
1.269602649006622528e+02 1.278874172185430496e+02 1.261589403973509889e+02
1.269200000000000017e+02 1.279399999999999977e+02 1.260999999999999943e+02
1.269006622516556320e+02 1.280132450331125824e+02 1.261258278145695328e+02
1.269666666666666686e+02 1.280666666666666629e+02 1.261599999999999966e+02
1.269801324503311264e+02 1.282384105960264833e+02 1.261390728476821153e+02
1.269736842105263150e+02 1.282368421052631504e+02 1.260526315789473699e+02
1.269602649006622528e+02 1.282649006622516481e+02 1.260000000000000000e+02
1.270866666666666731e+02 1.283333333333333428e+02 1.259000000000000057e+02
1.272199999999999989e+02 1.284133333333333269e+02 1.259399999999999977e+02
1.272266666666666737e+02 1.284533333333333474e+02 1.258466666666666640e+02
1.271200000000000045e+02 1.283933333333333451e+02 1.257999999999999972e+02
1.272550335570469855e+02 1.284093959731543748e+02 1.258523489932885866e+02
1.272666666666666657e+02 1.284266666666666765e+02 1.259266666666666623e+02
1.272236842105263150e+02 1.285723684210526301e+02 1.260328947368421098e+02
1.272251655629139009e+02 1.285894039735099454e+02 1.260331125827814560e+02
1.271125827814569504e+02 1.286688741721854399e+02 1.258874172185430496e+02
1.271250000000000000e+02 1.286184210526315894e+02 1.259342105263157947e+02
1.270331125827814560e+02 1.285894039735099454e+02 1.258609271523178847e+02
1.269127516778523557e+02 1.284832214765100673e+02 1.258187919463087212e+02
1.269266666666666623e+02 1.283799999999999955e+02 1.258133333333333326e+02
1.268543046357615935e+02 1.284172185430463458e+02 1.257019867549668817e+02
1.269139072847682144e+02 1.284304635761589282e+02 1.259403973509933792e+02
1.267800000000000011e+02 1.284000000000000057e+02 1.259200000000000017e+02
1.268874172185430496e+02 1.283973509933774722e+02 1.259735099337748352e+02
1.269072847682119232e+02 1.283509933774834337e+02 1.259602649006622528e+02
1.270131578947368354e+02 1.283618421052631504e+02 1.259934210526315752e+02
1.270397350993377472e+02 1.283841059602648897e+02 1.259271523178807968e+02
1.270921052631578902e+02 1.284013157894736707e+02 1.259276315789473699e+02
1.271710526315789451e+02 1.284934210526315894e+02 1.258026315789473699e+02
1.271599999999999966e+02 1.285066666666666606e+02 1.258266666666666680e+02
1.271533333333333360e+02 1.285600000000000023e+02 1.258466666666666640e+02
1.270993377483443680e+02 1.286225165562914015e+02 1.258940397350993408e+02
1.271666666666666714e+02 1.286466666666666754e+02 1.258199999999999932e+02
1.270933333333333337e+02 1.286399999999999864e+02 1.258333333333333286e+02
1.271523178807946977e+02 1.286092715231788191e+02 1.259072847682119232e+02
1.272302631578947398e+02 1.286184210526315894e+02 1.256710526315789451e+02
1.272697368421052602e+02 1.286644736842105203e+02 1.255131578947368354e+02
1.271599999999999966e+02 1.286399999999999864e+02 1.255533333333333275e+02
1.271866666666666674e+02 1.285999999999999943e+02 1.255799999999999983e+02
1.270866666666666731e+02 1.286266666666666652e+02 1.256266666666666652e+02
1.271066666666666691e+02 1.286133333333333439e+02 1.256666666666666714e+02
1.270993377483443680e+02 1.286423841059602751e+02 1.257086092715231729e+02
1.271733333333333320e+02 1.286933333333333280e+02 1.257266666666666737e+02
1.271633986928104605e+02 1.286862745098039227e+02 1.256862745098039227e+02
1.270402684563758413e+02 1.287181208053691250e+02 1.256845637583892596e+02
1.269868421052631646e+02 1.286381578947368496e+02 1.256907894736842053e+02
1.269798657718120865e+02 1.286577181208053560e+02 1.256510067114093943e+02
1.269271523178807968e+02 1.287350993377483519e+02 1.256357615894039697e+02
1.269006622516556320e+02 1.287682119205298079e+02 1.256821192052980081e+02
1.268866666666666703e+02 1.287666666666666799e+02 1.256733333333333320e+02
1.269019607843137294e+02 1.286209150326797328e+02 1.256535947712418277e+02
1.268741721854304672e+02 1.286754966887417311e+02 1.256225165562913872e+02
1.269210526315789451e+02 1.286381578947368496e+02 1.256973684210526301e+02
1.269466666666666725e+02 1.286200000000000045e+02 1.257199999999999989e+02
1.270738255033557067e+02 1.287718120805369040e+02 1.256241610738255048e+02
1.271390728476821153e+02 1.286953642384106047e+02 1.256556291390728433e+02
1.271800000000000068e+02 1.287266666666666595e+02 1.257199999999999989e+02
1.272133333333333383e+02 1.288933333333333451e+02 1.257800000000000011e+02
1.271125827814569504e+02 1.289403973509933792e+02 1.256754966887417169e+02
1.271710526315789451e+02 1.288947368421052602e+02 1.257236842105263150e+02
1.271986754966887361e+02 1.290529801324503296e+02 1.256754966887417169e+02
1.271466666666666612e+02 1.289799999999999898e+02 1.257666666666666657e+02
1.271721854304635713e+02 1.288807947019867584e+02 1.257880794701986815e+02
1.272448979591836746e+02 1.288911564625850303e+02 1.256938775510204067e+02
1.272066666666666634e+02 1.290266666666666708e+02 1.256066666666666691e+02
1.271589403973509889e+02 1.290066225165562912e+02 1.255165562913907280e+02
1.270264900662251648e+02 1.289536423841059616e+02 1.254966887417218544e+02
1.269932885906040241e+02 1.290604026845637691e+02 1.255503355704697981e+02
1.270266666666666708e+02 1.289933333333333394e+02 1.255333333333333314e+02
1.270331125827814560e+02 1.290728476821192032e+02 1.254768211920529808e+02
1.270066225165562912e+02 1.289337748344370880e+02 1.254105960264900688e+02
1.270600000000000023e+02 1.288866666666666561e+02 1.253533333333333388e+02
1.270738255033557067e+02 1.289194630872483174e+02 1.254496644295302019e+02
1.270397350993377472e+02 1.288675496688741759e+02 1.255099337748344368e+02
1.270264900662251648e+02 1.288543046357615935e+02 1.255827814569536400e+02
1.270000000000000000e+02 1.288609271523178847e+02 1.256357615894039697e+02
1.270939597315436203e+02 1.287718120805369040e+02 1.256375838926174566e+02
1.268807947019867584e+02 1.287814569536423903e+02 1.256821192052980081e+02
1.267814569536423903e+02 1.287218543046357695e+02 1.256754966887417169e+02
1.268026315789473699e+02 1.287368421052631504e+02 1.257039473684210549e+02
1.267315436241610769e+02 1.286510067114093943e+02 1.255906040268456394e+02
1.267133333333333383e+02 1.286800000000000068e+02 1.255533333333333275e+02
1.265827814569536400e+02 1.286953642384106047e+02 1.255827814569536400e+02
1.266688741721854257e+02 1.286291390728476927e+02 1.255894039735099312e+02
1.266907894736842053e+02 1.285592105263157805e+02 1.255460526315789451e+02
1.266866666666666674e+02 1.286733333333333462e+02 1.255799999999999983e+02
1.267124183006535958e+02 1.287712418300653496e+02 1.256143790849673252e+02
1.267483443708609201e+02 1.287748344370860991e+02 1.256291390728476784e+02
1.267199999999999989e+02 1.287333333333333201e+02 1.256866666666666674e+02
1.267483443708609201e+02 1.286953642384106047e+02 1.257748344370860991e+02
1.267284768211920465e+02 1.287682119205298079e+02 1.258344370860927199e+02
1.267449664429530145e+02 1.288389261744966348e+02 1.257651006711409423e+02
1.267152317880794641e+02 1.288013245033112639e+02 1.257350993377483377e+02
1.266866666666666674e+02 1.288333333333333428e+02 1.258266666666666680e+02
1.266291390728476784e+02 1.289006622516556320e+02 1.258410596026490111e+02
1.265799999999999983e+02 1.288400000000000034e+02 1.258133333333333326e+02
1.264509803921568647e+02 1.289084967320261512e+02 1.258300653594771177e+02
1.263599999999999994e+02 1.290066666666666606e+02 1.258799999999999955e+02
1.262818791946308750e+02 1.290067114093959617e+02 1.259530201342281828e+02
1.263509933774834479e+02 1.289735099337748352e+02 1.260463576158940384e+02
1.264039735099337776e+02 1.290927152317880768e+02 1.260132450331125824e+02
1.263576158940397391e+02 1.291059602649006592e+02 1.259536423841059616e+02
1.263841059602649040e+02 1.291125827814569504e+02 1.259735099337748352e+02
1.263933333333333309e+02 1.290666666666666629e+02 1.259266666666666623e+02
1.263642384105960303e+02 1.290927152317880768e+02 1.258344370860927199e+02
1.262666666666666657e+02 1.291866666666666674e+02 1.257399999999999949e+02
1.261776315789473699e+02 1.291842105263157805e+02 1.258026315789473699e+02
1.261258278145695328e+02 1.291523178807946977e+02 1.257218543046357553e+02
1.260872483221476443e+02 1.291208053691275097e+02 1.257718120805369182e+02
1.260199999999999960e+02 1.291800000000000068e+02 1.257133333333333383e+02
1.260466666666666669e+02 1.291333333333333258e+02 1.257000000000000028e+02
1.260264900662251648e+02 1.291390728476821153e+02 1.257748344370860991e+02
1.261275167785234856e+02 1.291677852348993270e+02 1.257516778523489904e+02
1.261733333333333320e+02 1.291133333333333439e+02 1.257933333333333366e+02
1.261973684210526301e+02 1.291776315789473699e+02 1.257631578947368354e+02
1.262199999999999989e+02 1.292466666666666697e+02 1.257000000000000028e+02
1.262199999999999989e+02 1.292666666666666799e+02 1.257199999999999989e+02
1.262550335570469855e+02 1.292751677852349133e+02 1.258120805369127453e+02
1.262666666666666657e+02 1.293600000000000136e+02 1.258400000000000034e+02
1.263599999999999994e+02 1.294133333333333269e+02 1.258666666666666600e+02
1.263866666666666703e+02 1.294399999999999977e+02 1.257800000000000011e+02
1.264563758389261778e+02 1.294496644295302019e+02 1.258926174496644279e+02
1.264238410596026512e+02 1.293907284768211809e+02 1.258476821192053023e+02
1.264697986577181155e+02 1.293489932885906057e+02 1.259194630872483174e+02
1.263799999999999955e+02 1.292866666666666617e+02 1.258266666666666680e+02
1.263624161073825434e+02 1.293557046979865675e+02 1.259060402684563797e+02
1.263618421052631646e+02 1.293881578947368496e+02 1.259736842105263150e+02
1.263799999999999955e+02 1.293799999999999955e+02 1.260400000000000063e+02
1.265866666666666731e+02 1.294133333333333269e+02 1.261200000000000045e+02
1.266107382550335529e+02 1.294966442953020191e+02 1.260872483221476443e+02
1.266577181208053702e+02 1.294093959731543748e+02 1.260335570469798654e+02
1.266291390728476784e+02 1.293576158940397249e+02 1.260066225165562912e+02
1.266118421052631646e+02 1.294078947368421098e+02 1.259868421052631646e+02
1.266400000000000006e+02 1.294466666666666583e+02 1.258666666666666600e+02
1.266933333333333280e+02 1.293066666666666720e+02 1.258799999999999955e+02
1.267682119205298079e+02 1.294238410596026370e+02 1.259337748344370880e+02
1.267466666666666697e+02 1.294333333333333371e+02 1.259933333333333394e+02
1.266688741721854257e+02 1.293311258278145601e+02 1.260993377483443680e+02
1.266933333333333280e+02 1.293666666666666742e+02 1.261400000000000006e+02
1.267615894039735167e+02 1.292781456953642305e+02 1.261523178807946977e+02
1.268333333333333286e+02 1.293266666666666538e+02 1.262199999999999989e+02
1.269866666666666646e+02 1.292133333333333383e+02 1.261133333333333297e+02
1.269200000000000017e+02 1.291866666666666674e+02 1.262000000000000028e+02
1.269597315436241587e+02 1.291476510067114134e+02 1.262751677852348990e+02
1.269736842105263150e+02 1.290986842105263293e+02 1.262500000000000000e+02
1.270392156862745168e+02 1.289738562091503127e+02 1.262745098039215748e+02
1.270933333333333337e+02 1.290533333333333417e+02 1.261733333333333320e+02
1.270331125827814560e+02 1.291456953642384065e+02 1.261059602649006592e+02
1.269733333333333292e+02 1.290533333333333417e+02 1.260600000000000023e+02
1.270133333333333354e+02 1.290266666666666708e+02 1.261200000000000045e+02
1.269395973154362451e+02 1.290000000000000000e+02 1.261006711409395962e+02
1.268799999999999955e+02 1.291133333333333439e+02 1.260400000000000063e+02
1.269536423841059616e+02 1.290529801324503296e+02 1.261059602649006592e+02
1.269666666666666686e+02 1.290133333333333212e+02 1.261733333333333320e+02
1.270259740259740227e+02 1.290389610389610482e+02 1.261298701298701275e+02
1.269605263157894797e+02 1.291118421052631504e+02 1.261315789473684248e+02
1.269594594594594525e+02 1.290472972972972912e+02 1.261824324324324351e+02
1.269210526315789451e+02 1.291447368421052602e+02 1.260921052631578902e+02
1.269000000000000057e+02 1.291133333333333439e+02 1.260933333333333337e+02
1.269019607843137294e+02 1.290457516339869244e+02 1.262614379084967311e+02
1.268278145695364287e+02 1.290264900662251648e+02 1.262649006622516623e+02
1.270000000000000000e+02 1.290993377483443680e+02 1.261788079470198625e+02
1.270728476821192032e+02 1.291920529801324449e+02 1.262251655629139009e+02
1.269668874172185440e+02 1.291192052980132416e+02 1.262980132450331183e+02
1.270199999999999960e+02 1.290399999999999920e+02 1.263533333333333388e+02
1.269597315436241587e+02 1.290268456375839037e+02 1.262885906040268509e+02
1.268599999999999994e+02 1.289399999999999977e+02 1.262933333333333366e+02
1.269602649006622528e+02 1.290596026490066208e+02 1.263112582781457007e+02
1.270460526315789451e+02 1.290000000000000000e+02 1.262368421052631646e+02
1.269127516778523557e+02 1.290604026845637691e+02 1.261073825503355721e+02
1.270199999999999960e+02 1.291266666666666652e+02 1.260933333333333337e+02
1.269800000000000040e+02 1.291599999999999966e+02 1.260066666666666606e+02
1.271854304635761537e+02 1.292649006622516481e+02 1.260662251655629120e+02
1.271854304635761537e+02 1.292715231788079393e+02 1.261192052980132416e+02
1.271800000000000068e+02 1.292466666666666697e+02 1.261733333333333320e+02
1.272281879194630818e+02 1.292281879194630960e+02 1.261476510067114134e+02
1.272199999999999989e+02 1.291399999999999864e+02 1.260400000000000063e+02
1.272013422818791923e+02 1.291812080536912788e+02 1.261006711409395962e+02
1.271644736842105203e+02 1.292039473684210407e+02 1.259605263157894797e+02
1.271610738255033510e+02 1.292550335570469713e+02 1.258322147651006730e+02
1.271283783783783718e+02 1.292500000000000000e+02 1.258040540540540491e+02
1.270866666666666731e+02 1.293133333333333326e+02 1.257133333333333383e+02
1.270999999999999943e+02 1.294133333333333269e+02 1.257000000000000028e+02
1.270331125827814560e+02 1.294768211920529666e+02 1.257483443708609201e+02
1.270264900662251648e+02 1.294768211920529666e+02 1.256622516556291345e+02
1.271400000000000006e+02 1.295333333333333314e+02 1.257066666666666634e+02
1.271324503311258241e+02 1.296026490066225278e+02 1.256622516556291345e+02
1.271533333333333360e+02 1.297266666666666595e+02 1.255733333333333377e+02
1.272251655629139009e+02 1.297748344370860991e+02 1.256490066225165521e+02
1.272800000000000011e+02 1.299466666666666583e+02 1.256400000000000006e+02
1.273959731543624230e+02 1.299060402684563655e+02 1.255637583892617499e+02
1.273533333333333388e+02 1.299866666666666788e+02 1.256266666666666652e+02
1.273892617449664471e+02 1.299328859060402692e+02 1.256174496644295289e+02
1.274276315789473699e+02 1.299736842105263293e+02 1.254473684210526301e+02
1.273866666666666703e+02 1.300333333333333314e+02 1.255066666666666606e+02
1.273774834437086128e+02 1.299801324503311264e+02 1.254966887417218544e+02
1.273973509933774864e+02 1.300397350993377472e+02 1.254304635761589424e+02
1.275199999999999960e+02 1.300600000000000023e+02 1.254066666666666663e+02
1.275369127516778462e+02 1.301006711409395962e+02 1.254026845637583847e+02
1.275167785234899327e+02 1.302281879194630960e+02 1.253959731543624230e+02
1.275099337748344368e+02 1.302582781456953569e+02 1.254701986754966896e+02
1.275098039215686327e+02 1.301960784313725412e+02 1.254575163398692865e+02
1.275827814569536400e+02 1.301192052980132416e+02 1.254503311258278160e+02
1.276200000000000045e+02 1.301399999999999864e+02 1.254733333333333292e+02
1.275733333333333377e+02 1.302066666666666777e+02 1.254466666666666725e+02
1.276274509803921546e+02 1.302352941176470722e+02 1.254771241830065378e+02
1.277066666666666634e+02 1.302599999999999909e+02 1.253400000000000034e+02
1.276887417218542993e+02 1.302649006622516481e+02 1.252715231788079535e+02
1.276423841059602609e+02 1.302649006622516481e+02 1.251721854304635713e+02
1.276644736842105203e+02 1.303421052631578902e+02 1.252105263157894797e+02
1.276776315789473699e+02 1.303552631578947398e+02 1.251776315789473699e+02
1.276688741721854257e+02 1.304900662251655490e+02 1.252317880794701921e+02
1.276800000000000068e+02 1.304133333333333269e+02 1.252399999999999949e+02
1.277066666666666634e+02 1.303333333333333428e+02 1.251933333333333280e+02
1.277434210526315752e+02 1.304144736842105203e+02 1.253486842105263150e+02
1.277399999999999949e+02 1.303533333333333246e+02 1.253333333333333286e+02
1.277583892617449663e+02 1.303154362416107404e+02 1.254026845637583847e+02
1.279078947368421098e+02 1.301776315789473699e+02 1.253881578947368354e+02
1.278933333333333309e+02 1.301333333333333258e+02 1.252533333333333303e+02
1.279403973509933792e+02 1.301456953642384065e+02 1.251390728476821153e+02
1.278741721854304672e+02 1.301589403973509889e+02 1.251258278145695328e+02
1.279060402684563797e+02 1.301610738255033652e+02 1.252147651006711442e+02
1.278675496688741759e+02 1.300860927152317856e+02 1.251854304635761537e+02
1.277350993377483377e+02 1.301589403973509889e+02 1.252649006622516623e+02
1.277880794701986815e+02 1.300331125827814560e+02 1.252781456953642447e+02
1.279261744966442933e+02 1.300201342281879135e+02 1.251610738255033510e+02
1.279200000000000017e+02 1.300600000000000023e+02 1.251599999999999966e+02
1.278881578947368354e+02 1.300657894736842195e+02 1.250592105263157947e+02
1.278079470198675551e+02 1.300529801324503296e+02 1.250529801324503296e+02
1.277266666666666737e+02 1.301333333333333258e+02 1.251133333333333297e+02
1.276466666666666612e+02 1.300933333333333337e+02 1.250600000000000023e+02
1.278476821192053023e+02 1.300596026490066208e+02 1.251258278145695328e+02
1.277960526315789451e+02 1.300592105263157805e+02 1.250921052631578902e+02
1.277999999999999972e+02 1.301200000000000045e+02 1.250733333333333377e+02
1.278476821192053023e+02 1.300860927152317856e+02 1.250397350993377472e+02
1.278590604026845625e+02 1.300939597315436345e+02 1.249194630872483174e+02
1.278866666666666703e+02 1.300666666666666629e+02 1.249866666666666646e+02
1.278533333333333388e+02 1.300666666666666629e+02 1.248266666666666680e+02
1.278666666666666600e+02 1.301133333333333439e+02 1.248733333333333348e+02
1.278157894736842053e+02 1.300197368421052602e+02 1.247894736842105203e+02
1.277933333333333366e+02 1.299333333333333371e+02 1.247733333333333263e+02
