1.268333333333333286e+02 1.283533333333333246e+02 1.284133333333333269e+02
1.268079470198675551e+02 1.283774834437085985e+02 1.284105960264900546e+02
1.268079470198675551e+02 1.282913907284768129e+02 1.284966887417218402e+02
1.268223684210526301e+02 1.282500000000000000e+02 1.285000000000000000e+02
1.267466666666666697e+02 1.283600000000000136e+02 1.285266666666666708e+02
1.267086092715231729e+02 1.284370860927152194e+02 1.284304635761589282e+02
1.266599999999999966e+02 1.285066666666666606e+02 1.283266666666666538e+02
1.267333333333333343e+02 1.284466666666666583e+02 1.282733333333333405e+02
1.267697368421052602e+02 1.284078947368421098e+02 1.282565789473684106e+02
1.268079470198675551e+02 1.284039735099337634e+02 1.282119205298013185e+02
1.269066666666666663e+02 1.283400000000000034e+02 1.281800000000000068e+02
1.270263157894736850e+02 1.283421052631578902e+02 1.282434210526315894e+02
1.268666666666666600e+02 1.282933333333333223e+02 1.282533333333333303e+02
1.269463087248322211e+02 1.281677852348993270e+02 1.282281879194630960e+02
1.269599999999999937e+02 1.282400000000000091e+02 1.281866666666666674e+02
1.269342105263157947e+02 1.283552631578947398e+02 1.281776315789473699e+02
1.270335570469798654e+02 1.283825503355704711e+02 1.281879194630872405e+02
1.270529801324503296e+02 1.283509933774834337e+02 1.280198675496688736e+02
1.269194630872483174e+02 1.283154362416107404e+02 1.279865771812080482e+02
1.268355263157894797e+02 1.283289473684210407e+02 1.279407894736842053e+02
1.268266666666666680e+02 1.282666666666666799e+02 1.279000000000000057e+02
1.268799999999999955e+02 1.282733333333333405e+02 1.279000000000000057e+02
1.269133333333333269e+02 1.282800000000000011e+02 1.278866666666666703e+02
1.268145695364238463e+02 1.282052980132450273e+02 1.278543046357615935e+02
1.268807947019867584e+02 1.280728476821192032e+02 1.277350993377483377e+02
1.269466666666666725e+02 1.279533333333333331e+02 1.277866666666666617e+02
1.270866666666666731e+02 1.279866666666666646e+02 1.276933333333333280e+02
1.270333333333333314e+02 1.280133333333333212e+02 1.276866666666666674e+02
1.271447368421052602e+02 1.280986842105263293e+02 1.275526315789473699e+02
1.272147651006711442e+02 1.280738255033556925e+02 1.276174496644295289e+02
1.272171052631578902e+02 1.281381578947368496e+02 1.276315789473684248e+02
1.270927152317880768e+02 1.281655629139072801e+02 1.276357615894039697e+02
1.272222222222222285e+02 1.280522875816993462e+02 1.275816993464052302e+02
1.271059602649006592e+02 1.281059602649006592e+02 1.277814569536423903e+02
1.270400000000000063e+02 1.281399999999999864e+02 1.276866666666666674e+02
1.270789473684210549e+02 1.280131578947368496e+02 1.277434210526315752e+02
1.269664429530201346e+02 1.280402684563758271e+02 1.277181208053691250e+02
1.268741721854304672e+02 1.281456953642384065e+02 1.276092715231788048e+02
1.268866666666666703e+02 1.281399999999999864e+02 1.276866666666666674e+02
1.268355263157894797e+02 1.282236842105263293e+02 1.277302631578947398e+02
1.268199999999999932e+02 1.283400000000000034e+02 1.277199999999999989e+02
1.268675496688741759e+02 1.283311258278145601e+02 1.276953642384105905e+02
1.268741721854304672e+02 1.282913907284768129e+02 1.278410596026490111e+02
1.267947019867549727e+02 1.282913907284768129e+02 1.278741721854304672e+02
1.267718120805369182e+02 1.282751677852349133e+02 1.279664429530201346e+02
1.268618421052631646e+02 1.281315789473684106e+02 1.279144736842105203e+02
1.270268456375838895e+02 1.281946308724832306e+02 1.278791946308724903e+02
1.269599999999999937e+02 1.280666666666666629e+02 1.279599999999999937e+02
1.268986486486486456e+02 1.280202702702702595e+02 1.278783783783783718e+02
1.268476821192053023e+02 1.280794701986754944e+02 1.278476821192053023e+02
1.267733333333333263e+02 1.280800000000000125e+02 1.278599999999999994e+02
1.269210526315789451e+02 1.279802631578947398e+02 1.280065789473684106e+02
1.268750000000000000e+02 1.279934210526315752e+02 1.280065789473684106e+02
1.268255033557046971e+02 1.280469798657718172e+02 1.280201342281879135e+02
1.268609271523178847e+02 1.280463576158940384e+02 1.280993377483443680e+02
1.267763157894736850e+02 1.280131578947368496e+02 1.281315789473684106e+02
1.267236842105263150e+02 1.280000000000000000e+02 1.280986842105263293e+02
1.266821192052980081e+02 1.279801324503311264e+02 1.281854304635761537e+02
1.265799999999999983e+02 1.280066666666666606e+02 1.280866666666666731e+02
1.266133333333333297e+02 1.280333333333333314e+02 1.279599999999999937e+02
1.265999999999999943e+02 1.280933333333333337e+02 1.278666666666666600e+02
1.265894039735099312e+02 1.280198675496688736e+02 1.279006622516556320e+02
1.265600000000000023e+02 1.280466666666666526e+02 1.279599999999999937e+02
1.266133333333333297e+02 1.280266666666666708e+02 1.280266666666666708e+02
1.265723684210526301e+02 1.281052631578947398e+02 1.279671052631578902e+02
1.266066666666666691e+02 1.280666666666666629e+02 1.279399999999999977e+02
1.266800000000000068e+02 1.280733333333333235e+02 1.279599999999999937e+02
1.267039473684210549e+02 1.280789473684210407e+02 1.280526315789473699e+02
1.267333333333333343e+02 1.281066666666666549e+02 1.279666666666666686e+02
1.267000000000000028e+02 1.280399999999999920e+02 1.280999999999999943e+02
1.265466666666666669e+02 1.280666666666666629e+02 1.280800000000000125e+02
1.266107382550335529e+02 1.280805369127516826e+02 1.281073825503355579e+02
1.265695364238410576e+02 1.279470198675496704e+02 1.281920529801324449e+02
1.265894039735099312e+02 1.279205298013245056e+02 1.280397350993377472e+02
1.266158940397350960e+02 1.279139072847682144e+02 1.280463576158940384e+02
1.265771812080536876e+02 1.278322147651006730e+02 1.280469798657718172e+02
1.266953642384105905e+02 1.279337748344370880e+02 1.280596026490066208e+02
1.266513157894736850e+02 1.280394736842105203e+02 1.280592105263157805e+02
1.266400000000000006e+02 1.279533333333333331e+02 1.280466666666666526e+02
1.266266666666666652e+02 1.280466666666666526e+02 1.280000000000000000e+02
1.265933333333333337e+02 1.281933333333333280e+02 1.280399999999999920e+02
1.265234899328859086e+02 1.281946308724832306e+02 1.280671140939597308e+02
1.265133333333333354e+02 1.281999999999999886e+02 1.281066666666666549e+02
1.265430463576158928e+02 1.281324503311258241e+02 1.281059602649006592e+02
1.266133333333333297e+02 1.280866666666666731e+02 1.281133333333333439e+02
1.265436241610738222e+02 1.280201342281879135e+02 1.280671140939597308e+02
1.265490196078431353e+02 1.279542483660130756e+02 1.281503267973856168e+02
1.265133333333333354e+02 1.278666666666666600e+02 1.281533333333333360e+02
1.264966442953020191e+02 1.278322147651006730e+02 1.281006711409395962e+02
1.265065789473684248e+02 1.278026315789473699e+02 1.280657894736842195e+02
1.265629139072847664e+02 1.276821192052980081e+02 1.278476821192053023e+02
1.264533333333333331e+02 1.277466666666666697e+02 1.278400000000000034e+02
1.264966887417218544e+02 1.278940397350993408e+02 1.279403973509933792e+02
1.266026490066225136e+02 1.280066225165562912e+02 1.278278145695364287e+02
1.265866666666666731e+02 1.279599999999999937e+02 1.279333333333333371e+02
1.266533333333333360e+02 1.280466666666666526e+02 1.279733333333333292e+02
1.266666666666666714e+02 1.279866666666666646e+02 1.279533333333333331e+02
1.266979865771812115e+02 1.280671140939597308e+02 1.280268456375839037e+02
1.266577181208053702e+02 1.281140939597315480e+02 1.280536912751677789e+02
1.266466666666666612e+02 1.280000000000000000e+02 1.279599999999999937e+02
1.266225165562913872e+02 1.279668874172185440e+02 1.279602649006622528e+02
1.266052631578947398e+02 1.279868421052631646e+02 1.279605263157894797e+02
1.265466666666666669e+02 1.279466666666666725e+02 1.279466666666666725e+02
1.263825503355704711e+02 1.279194630872483174e+02 1.279060402684563797e+02
1.263666666666666600e+02 1.279333333333333371e+02 1.278933333333333309e+02
1.263866666666666703e+02 1.280000000000000000e+02 1.279266666666666623e+02
1.264429530201342260e+02 1.279194630872483174e+02 1.279127516778523557e+02
1.264466666666666725e+02 1.278333333333333286e+02 1.278133333333333326e+02
1.263400000000000034e+02 1.278733333333333348e+02 1.279066666666666663e+02
1.263489932885906057e+02 1.277651006711409423e+02 1.278791946308724903e+02
1.263666666666666600e+02 1.276866666666666674e+02 1.277933333333333366e+02
1.262953020134228126e+02 1.277382550335570528e+02 1.278657718120805384e+02
1.261208053691275097e+02 1.277181208053691250e+02 1.279194630872483174e+02
1.262199999999999989e+02 1.277000000000000028e+02 1.280533333333333417e+02
1.263642384105960303e+02 1.276556291390728433e+02 1.280728476821192032e+02
1.264066666666666663e+02 1.276933333333333280e+02 1.280466666666666526e+02
1.263841059602649040e+02 1.277218543046357553e+02 1.280198675496688736e+02
1.264248366013071916e+02 1.276339869281045765e+02 1.280522875816993462e+02
1.263066666666666720e+02 1.276266666666666652e+02 1.279933333333333394e+02
1.262399999999999949e+02 1.275999999999999943e+02 1.279533333333333331e+02
1.263733333333333348e+02 1.275799999999999983e+02 1.280399999999999920e+02
1.263355263157894797e+02 1.275986842105263150e+02 1.280131578947368496e+02
1.262666666666666657e+02 1.276333333333333400e+02 1.280600000000000023e+02
1.262039473684210549e+02 1.276710526315789451e+02 1.281315789473684106e+02
1.262715231788079535e+02 1.277019867549668817e+02 1.280927152317880768e+02
1.263733333333333348e+02 1.278199999999999932e+02 1.280266666666666708e+02
1.264000000000000057e+02 1.277866666666666617e+02 1.280133333333333212e+02
1.263758389261744952e+02 1.277651006711409423e+02 1.280805369127516826e+02
1.263666666666666600e+02 1.277999999999999972e+02 1.280399999999999920e+02
1.262631578947368354e+02 1.278486842105263150e+02 1.280328947368421098e+02
1.261741935483870947e+02 1.278709677419354875e+02 1.280709677419354762e+02
1.261610738255033510e+02 1.279060402684563797e+02 1.281812080536912788e+02
1.261125827814569504e+02 1.279536423841059616e+02 1.281788079470198625e+02
1.260649350649350708e+02 1.280259740259740227e+02 1.282207792207792068e+02
1.260927152317880768e+02 1.280463576158940384e+02 1.282185430463576097e+02
1.261879194630872547e+02 1.280402684563758271e+02 1.281946308724832306e+02
1.261554054054054035e+02 1.280945945945945823e+02 1.282297297297297405e+02
1.260810810810810807e+02 1.281351351351351298e+02 1.282567567567567437e+02
1.260666666666666629e+02 1.281733333333333462e+02 1.282066666666666777e+02
1.260326797385620949e+02 1.282026143790849630e+02 1.282091503267973849e+02
1.260266666666666708e+02 1.284266666666666765e+02 1.282733333333333405e+02
1.260600000000000023e+02 1.284199999999999875e+02 1.282800000000000011e+02
1.260799999999999983e+02 1.284066666666666663e+02 1.283799999999999955e+02
1.260533333333333275e+02 1.284733333333333292e+02 1.283933333333333451e+02
1.260529801324503296e+02 1.284834437086092578e+02 1.284304635761589282e+02
1.260657894736842053e+02 1.285197368421052602e+02 1.285131578947368496e+02
1.260799999999999983e+02 1.286266666666666652e+02 1.285133333333333212e+02
1.260999999999999943e+02 1.285666666666666629e+02 1.285999999999999943e+02
1.261059602649006592e+02 1.286490066225165663e+02 1.285960264900662366e+02
1.261513157894736850e+02 1.285263157894736707e+02 1.285855263157894797e+02
1.261466666666666612e+02 1.285399999999999920e+02 1.286266666666666652e+02
1.261744966442953029e+02 1.285704697986577116e+02 1.286375838926174424e+02
1.263245033112582831e+02 1.285894039735099454e+02 1.284635761589403842e+02
1.262980132450331183e+02 1.286357615894039839e+02 1.284834437086092578e+02
1.263618421052631646e+02 1.286184210526315894e+02 1.284210526315789593e+02
1.262980132450331183e+02 1.285364238410596158e+02 1.284900662251655490e+02
1.263708609271523216e+02 1.286026490066225278e+02 1.285430463576159070e+02
1.264066666666666663e+02 1.287866666666666617e+02 1.285999999999999943e+02
1.264933333333333394e+02 1.288266666666666538e+02 1.285666666666666629e+02
1.265234899328859086e+02 1.288187919463087212e+02 1.284429530201342402e+02
1.265771812080536876e+02 1.289731543624160963e+02 1.284093959731543464e+02
1.266866666666666674e+02 1.291333333333333258e+02 1.284199999999999875e+02
1.266148648648648560e+02 1.291216216216216139e+02 1.284054054054054177e+02
1.266442953020134183e+02 1.290805369127516826e+02 1.284563758389261920e+02
1.266066666666666691e+02 1.290200000000000102e+02 1.284333333333333371e+02
1.265100671140939568e+02 1.292013422818791923e+02 1.284161073825503365e+02
1.265033557046979951e+02 1.291342281879194616e+02 1.284899328859060290e+02
1.264466666666666725e+02 1.291399999999999864e+02 1.285600000000000023e+02
1.265133333333333354e+02 1.292333333333333485e+02 1.285400000000000205e+02
1.265592105263157805e+02 1.292500000000000000e+02 1.285723684210526301e+02
1.266357615894039697e+02 1.291324503311258241e+02 1.285430463576158786e+02
1.266400000000000006e+02 1.290999999999999943e+02 1.285466666666666526e+02
1.266174496644295289e+02 1.290805369127516826e+02 1.285167785234899327e+02
1.265933333333333337e+02 1.292333333333333201e+02 1.284799999999999898e+02
1.265827814569536400e+02 1.291788079470198625e+02 1.284569536423840930e+02
1.265369127516778462e+02 1.291946308724832306e+02 1.284765100671141056e+02
1.265600000000000023e+02 1.292866666666666617e+02 1.287266666666666595e+02
1.265799999999999983e+02 1.293600000000000136e+02 1.286999999999999886e+02
1.265466666666666669e+02 1.293799999999999955e+02 1.286333333333333258e+02
1.265733333333333377e+02 1.294533333333333474e+02 1.286200000000000045e+02
1.266026490066225136e+02 1.293576158940397249e+02 1.285629139072847806e+02
1.266400000000000006e+02 1.293733333333333348e+02 1.286599999999999966e+02
1.267152317880794641e+02 1.293708609271523073e+02 1.285960264900662366e+02
1.267466666666666697e+02 1.293733333333333348e+02 1.285466666666666526e+02
1.268013245033112639e+02 1.294172185430463458e+02 1.285761589403973630e+02
1.267651006711409423e+02 1.295302013422818845e+02 1.286375838926174424e+02
1.268410596026490111e+02 1.295894039735099454e+02 1.286490066225165663e+02
1.267651006711409423e+02 1.295906040268456252e+02 1.288187919463087212e+02
1.267682119205298079e+02 1.295894039735099454e+02 1.288807947019867584e+02
1.267133333333333383e+02 1.295800000000000125e+02 1.288000000000000114e+02
1.267284768211920465e+02 1.295033112582781598e+02 1.288344370860927199e+02
1.267908496732026151e+02 1.294444444444444571e+02 1.287581699346405344e+02
1.267697368421052602e+02 1.295263157894736707e+02 1.287631578947368496e+02
1.268157894736842053e+02 1.296118421052631504e+02 1.288289473684210407e+02
1.267880794701986815e+02 1.295761589403973630e+02 1.288145695364238463e+02
1.267919463087248317e+02 1.295771812080537018e+02 1.289060402684563655e+02
1.268823529411764639e+02 1.294444444444444571e+02 1.289607843137254974e+02
1.269133333333333269e+02 1.295000000000000000e+02 1.288333333333333428e+02
1.270066666666666606e+02 1.293466666666666640e+02 1.288466666666666640e+02
1.270533333333333275e+02 1.294333333333333371e+02 1.288533333333333246e+02
1.269934210526315752e+02 1.296315789473684106e+02 1.288947368421052602e+02
1.269006622516556320e+02 1.297483443708609343e+02 1.288874172185430496e+02
1.268940397350993408e+02 1.297152317880794783e+02 1.289006622516556320e+02
1.268344370860927199e+02 1.296688741721854399e+02 1.289735099337748352e+02
1.267986577181208077e+02 1.298187919463087212e+02 1.289060402684563655e+02
1.267385620915032689e+02 1.298627450980392268e+02 1.289607843137254974e+02
1.268940397350993408e+02 1.297880794701986815e+02 1.288543046357615935e+02
1.269333333333333371e+02 1.298000000000000114e+02 1.287599999999999909e+02
1.268599999999999994e+02 1.297333333333333201e+02 1.286133333333333439e+02
1.269738562091503269e+02 1.297058823529411882e+02 1.287124183006535816e+02
1.269599999999999937e+02 1.296866666666666674e+02 1.286933333333333280e+02
1.268961038961038952e+02 1.297597402597402549e+02 1.287597402597402549e+02
1.269133333333333269e+02 1.298133333333333326e+02 1.288266666666666538e+02
1.270335570469798654e+02 1.297583892617449806e+02 1.288456375838926249e+02
1.271513157894736850e+02 1.297434210526315894e+02 1.288881578947368496e+02
1.271447368421052602e+02 1.298486842105263293e+02 1.288618421052631504e+02
1.271866666666666674e+02 1.298199999999999932e+02 1.289000000000000057e+02
1.271533333333333360e+02 1.298866666666666561e+02 1.289199999999999875e+02
1.271589403973509889e+02 1.298211920529801375e+02 1.289072847682119232e+02
1.271677852348993270e+02 1.298791946308724903e+02 1.288993288590604038e+02
1.271854304635761537e+02 1.299271523178807968e+02 1.288145695364238463e+02
1.272600000000000051e+02 1.299333333333333371e+02 1.288333333333333428e+02
1.272266666666666737e+02 1.299133333333333269e+02 1.288266666666666538e+02
1.271409395973154375e+02 1.299530201342281828e+02 1.287516778523489904e+02
1.270666666666666629e+02 1.300266666666666708e+02 1.287933333333333223e+02
1.270600000000000023e+02 1.300000000000000000e+02 1.287066666666666777e+02
1.270400000000000063e+02 1.300600000000000023e+02 1.288066666666666720e+02
1.270866666666666731e+02 1.301066666666666549e+02 1.288666666666666742e+02
1.271333333333333400e+02 1.302533333333333303e+02 1.288733333333333348e+02
1.271677852348993270e+02 1.302348993288590577e+02 1.287651006711409423e+02
1.271513157894736850e+02 1.302236842105263293e+02 1.287697368421052602e+02
1.270866666666666731e+02 1.301733333333333462e+02 1.286933333333333280e+02
1.270466666666666669e+02 1.301599999999999966e+02 1.286399999999999864e+02
1.270933333333333337e+02 1.301666666666666572e+02 1.286200000000000045e+02
1.270872483221476443e+02 1.302751677852349133e+02 1.286308724832214807e+02
1.270533333333333275e+02 1.302533333333333303e+02 1.286933333333333280e+02
1.271140939597315480e+02 1.301610738255033652e+02 1.287919463087248459e+02
1.271986754966887361e+02 1.302052980132450273e+02 1.288013245033112639e+02
1.271208053691275097e+02 1.301208053691275097e+02 1.288456375838926249e+02
1.272466666666666697e+02 1.300999999999999943e+02 1.288400000000000034e+02
1.273355704697986539e+02 1.301006711409395962e+02 1.289127516778523557e+02
1.273443708609271567e+02 1.300993377483443680e+02 1.289536423841059616e+02
1.272516556291390799e+02 1.303046357615893953e+02 1.290927152317880768e+02
1.271523178807946977e+02 1.304172185430463458e+02 1.289735099337748352e+02
1.272302631578947398e+02 1.304013157894736707e+02 1.291776315789473699e+02
1.272999999999999972e+02 1.304266666666666765e+02 1.290999999999999943e+02
1.271879194630872547e+02 1.305302013422818845e+02 1.290268456375839037e+02
1.273154362416107404e+02 1.305906040268456252e+02 1.290939597315436345e+02
1.274630872483221538e+02 1.305838926174496635e+02 1.291073825503355579e+02
1.273799999999999955e+02 1.306666666666666572e+02 1.292266666666666595e+02
1.274172185430463600e+02 1.306291390728476927e+02 1.292450331125827745e+02
1.274133333333333269e+02 1.306333333333333258e+02 1.291999999999999886e+02
1.275234899328859086e+02 1.306442953020134325e+02 1.292080536912751541e+02
1.275533333333333275e+02 1.307333333333333201e+02 1.293066666666666720e+02
1.275570469798657740e+02 1.307651006711409423e+02 1.292617449664429614e+02
1.275466666666666669e+02 1.309466666666666583e+02 1.292866666666666617e+02
1.274768211920529808e+02 1.310463576158940384e+02 1.291456953642384065e+02
1.275973154362416153e+02 1.310402684563758271e+02 1.291342281879194616e+02
1.275894039735099312e+02 1.309536423841059616e+02 1.292251655629139009e+02
1.276375838926174566e+02 1.310134228187919518e+02 1.293221476510067021e+02
1.276533333333333360e+02 1.310800000000000125e+02 1.293000000000000114e+02
1.276026490066225136e+02 1.311059602649006592e+02 1.294039735099337634e+02
1.275894039735099312e+02 1.311920529801324449e+02 1.294238410596026370e+02
1.275466666666666669e+02 1.312066666666666777e+02 1.294799999999999898e+02
1.275234899328859086e+02 1.312281879194630960e+02 1.296040268456375770e+02
1.275496688741721840e+02 1.313311258278145601e+02 1.297086092715231871e+02
1.276381578947368354e+02 1.313684210526315894e+02 1.296842105263157805e+02
1.277266666666666737e+02 1.313199999999999932e+02 1.296333333333333258e+02
1.277114093959731491e+02 1.312617449664429614e+02 1.295906040268456252e+02
1.277350993377483377e+02 1.312450331125827745e+02 1.295761589403973630e+02
1.278211920529801375e+02 1.312781456953642305e+02 1.295562913907284894e+02
1.278400000000000034e+02 1.313000000000000114e+02 1.296133333333333439e+02
1.277272727272727337e+02 1.313376623376623513e+02 1.296168831168831161e+02
1.277046979865771874e+02 1.313355704697986539e+02 1.295167785234899327e+02
1.275960264900662224e+02 1.313642384105960161e+02 1.295496688741721982e+02
1.276133333333333297e+02 1.313866666666666561e+02 1.296466666666666754e+02
1.276092715231788048e+02 1.314370860927152194e+02 1.297019867549668959e+02
1.276710526315789451e+02 1.314736842105263293e+02 1.297697368421052602e+02
1.276887417218542993e+02 1.314503311258278018e+02 1.295364238410596158e+02
1.277315436241610769e+02 1.314765100671141056e+02 1.294697986577181155e+02
1.276118421052631646e+02 1.315394736842105203e+02 1.294736842105263293e+02
1.275695364238410576e+02 1.315827814569536542e+02 1.293973509933774722e+02
1.275496688741721840e+02 1.315761589403973630e+02 1.294105960264900546e+02
1.275133333333333354e+02 1.316399999999999864e+02 1.295266666666666708e+02
1.274569536423841072e+02 1.315894039735099454e+02 1.294437086092715106e+02
1.274705882352941160e+02 1.316732026143790790e+02 1.295424836601307277e+02
1.274933333333333394e+02 1.316399999999999864e+02 1.295466666666666526e+02
1.275999999999999943e+02 1.317266666666666595e+02 1.295066666666666606e+02
1.276979865771812115e+02 1.317986577181208077e+02 1.294496644295302019e+02
1.277894736842105203e+02 1.318157894736842195e+02 1.294539473684210407e+02
1.277999999999999972e+02 1.318000000000000114e+02 1.293333333333333428e+02
1.278389261744966490e+02 1.318456375838926249e+02 1.292751677852349133e+02
1.278410596026490111e+02 1.318675496688741759e+02 1.293377483443708513e+02
1.279276315789473699e+02 1.318881578947368496e+02 1.294013157894736707e+02
1.279205298013245056e+02 1.319205298013245056e+02 1.294304635761589282e+02
1.279530201342281828e+02 1.319597315436241729e+02 1.295369127516778462e+02
1.279801324503311264e+02 1.318940397350993408e+02 1.295033112582781598e+02
1.279144736842105203e+02 1.319605263157894797e+02 1.294934210526315894e+02
1.278684210526315752e+02 1.319210526315789593e+02 1.295657894736842195e+02
1.278543046357615935e+02 1.319072847682119232e+02 1.295562913907284894e+02
1.279403973509933792e+02 1.318410596026490111e+02 1.295430463576159070e+02
1.279666666666666686e+02 1.318466666666666640e+02 1.295600000000000023e+02
1.279399999999999977e+02 1.318000000000000114e+02 1.295200000000000102e+02
1.280600000000000023e+02 1.317466666666666697e+02 1.294866666666666788e+02
1.279801324503311264e+02 1.318675496688741759e+02 1.294834437086092578e+02
1.280454545454545325e+02 1.318831168831168839e+02 1.295259740259740227e+02
1.280536912751677789e+02 1.319261744966443075e+02 1.295570469798657598e+02
1.280133333333333212e+02 1.319333333333333371e+02 1.296800000000000068e+02
1.280328947368421098e+02 1.318552631578947398e+02 1.297565789473684106e+02
1.280666666666666629e+02 1.319133333333333269e+02 1.297466666666666697e+02
1.280653594771241899e+02 1.319215686274509665e+02 1.297189542483660034e+02
1.281052631578947398e+02 1.319276315789473699e+02 1.297039473684210407e+02
1.279466666666666725e+02 1.318400000000000034e+02 1.296066666666666549e+02
1.279865771812080482e+02 1.318993288590604038e+02 1.295637583892617499e+02
1.280132450331125824e+02 1.319470198675496704e+02 1.295960264900662366e+02
1.280866666666666731e+02 1.319399999999999977e+02 1.295066666666666606e+02
1.280596026490066208e+02 1.320066225165562912e+02 1.294900662251655490e+02
1.281133333333333439e+02 1.320866666666666731e+02 1.294666666666666686e+02
1.280266666666666708e+02 1.322066666666666777e+02 1.294133333333333269e+02
1.280849673202614269e+02 1.323202614379084991e+02 1.293725490196078454e+02
1.281733333333333462e+02 1.322800000000000011e+02 1.292533333333333303e+02
1.281710526315789593e+02 1.322302631578947398e+02 1.292039473684210407e+02
1.281854304635761537e+02 1.322913907284768129e+02 1.292715231788079393e+02
1.282434210526315894e+02 1.322828947368421098e+02 1.292236842105263293e+02
1.280999999999999943e+02 1.322533333333333303e+02 1.292066666666666777e+02
1.281854304635761537e+02 1.322715231788079393e+02 1.293576158940397249e+02
1.282133333333333383e+02 1.323733333333333348e+02 1.293933333333333451e+02
1.283221476510067021e+02 1.323624161073825576e+02 1.293624161073825576e+02
1.282094594594594525e+02 1.323513513513513544e+02 1.293986486486486456e+02
1.282666666666666799e+02 1.323199999999999932e+02 1.293466666666666640e+02
1.282317880794701921e+02 1.323311258278145601e+02 1.292913907284768129e+02
1.282516556291390657e+02 1.323377483443708513e+02 1.291854304635761537e+02
1.282733333333333405e+02 1.323866666666666561e+02 1.291933333333333280e+02
1.282733333333333405e+02 1.323600000000000136e+02 1.292800000000000011e+02
1.282013422818791923e+02 1.324093959731543748e+02 1.292348993288590577e+02
1.282066666666666777e+02 1.324133333333333269e+02 1.292733333333333405e+02
1.282434210526315894e+02 1.325000000000000000e+02 1.292236842105263293e+02
1.282400000000000091e+02 1.324733333333333292e+02 1.291200000000000045e+02
1.282199999999999989e+02 1.325800000000000125e+02 1.290533333333333417e+02
1.282733333333333405e+02 1.325200000000000102e+02 1.291666666666666572e+02
1.283733333333333348e+02 1.324666666666666686e+02 1.291333333333333258e+02
1.283691275167785193e+02 1.325302013422818845e+02 1.290939597315436345e+02
1.283266666666666538e+02 1.325466666666666526e+02 1.291999999999999886e+02
1.281999999999999886e+02 1.325533333333333417e+02 1.293533333333333246e+02
1.281133333333333439e+02 1.326933333333333280e+02 1.292333333333333201e+02
1.282599999999999909e+02 1.326666666666666572e+02 1.292400000000000091e+02
1.282039473684210407e+02 1.327434210526315894e+02 1.292434210526315894e+02
1.282763157894736707e+02 1.327368421052631504e+02 1.292697368421052602e+02
1.282666666666666799e+02 1.327733333333333405e+02 1.292266666666666595e+02
1.283557046979865675e+02 1.326778523489932979e+02 1.293288590604026922e+02
1.283866666666666561e+02 1.327599999999999909e+02 1.293066666666666720e+02
1.284066666666666663e+02 1.326999999999999886e+02 1.293333333333333428e+02
1.284569536423840930e+02 1.326821192052980223e+02 1.294503311258278018e+02
1.283973509933774722e+02 1.328013245033112639e+02 1.294701986754966754e+02
1.283799999999999955e+02 1.328600000000000136e+02 1.294533333333333474e+02
1.284199999999999875e+02 1.328866666666666561e+02 1.295200000000000102e+02
1.284161073825503365e+02 1.328926174496644421e+02 1.295771812080537018e+02
1.284228187919462982e+02 1.330268456375839037e+02 1.296040268456375770e+02
1.284172185430463458e+02 1.330331125827814560e+02 1.295761589403973630e+02
1.283933333333333451e+02 1.330399999999999920e+02 1.295399999999999920e+02
1.284635761589403842e+02 1.330529801324503296e+02 1.295960264900662366e+02
1.285503355704697981e+02 1.330738255033556925e+02 1.296711409395973078e+02
1.284666666666666686e+02 1.332066666666666777e+02 1.295533333333333417e+02
1.283933333333333451e+02 1.331599999999999966e+02 1.294666666666666686e+02
1.283666666666666742e+02 1.331866666666666674e+02 1.295133333333333212e+02
1.283576158940397249e+02 1.332980132450331041e+02 1.294503311258278018e+02
1.282715231788079393e+02 1.332516556291390657e+02 1.294437086092715106e+02
1.282885906040268367e+02 1.331812080536912788e+02 1.292953020134228268e+02
1.281933333333333280e+02 1.332400000000000091e+02 1.292666666666666799e+02
1.281052631578947398e+02 1.333223684210526301e+02 1.292302631578947398e+02
1.281324503311258241e+02 1.333443708609271425e+02 1.292516556291390657e+02
1.281066666666666549e+02 1.333199999999999932e+02 1.293400000000000034e+02
1.280872483221476443e+02 1.333489932885906057e+02 1.292080536912751541e+02
1.280268456375839037e+02 1.334026845637583847e+02 1.291073825503355579e+02
1.279865771812080482e+02 1.334429530201342402e+02 1.291812080536912788e+02
1.280333333333333314e+02 1.334533333333333474e+02 1.291533333333333360e+02
1.280671140939597308e+02 1.335167785234899327e+02 1.290604026845637691e+02
1.280402684563758271e+02 1.335234899328858944e+02 1.290738255033556925e+02
1.279466666666666725e+02 1.335266666666666708e+02 1.291133333333333439e+02
1.278881578947368354e+02 1.335000000000000000e+02 1.291250000000000000e+02
1.280855263157894797e+02 1.333223684210526301e+02 1.290131578947368496e+02
1.279866666666666646e+02 1.333266666666666538e+02 1.289866666666666788e+02
1.279194630872483174e+02 1.332684563758389231e+02 1.289731543624160963e+02
1.277718120805369182e+02 1.334093959731543748e+02 1.290000000000000000e+02
1.276887417218542993e+02 1.333973509933774722e+02 1.288940397350993408e+02
1.275733333333333377e+02 1.333400000000000034e+02 1.289600000000000080e+02
1.275167785234899327e+02 1.333087248322147786e+02 1.289463087248322211e+02
1.275733333333333377e+02 1.333466666666666640e+02 1.289733333333333292e+02
1.275592105263157947e+02 1.333618421052631504e+02 1.289407894736842195e+02
1.275424836601307135e+02 1.333921568627451109e+02 1.289803921568627345e+02
1.275199999999999960e+02 1.334266666666666765e+02 1.289866666666666788e+02
1.275167785234899327e+02 1.334563758389261636e+02 1.289865771812080482e+02
1.275999999999999943e+02 1.334533333333333474e+02 1.289600000000000080e+02
1.275496688741721840e+02 1.333907284768211809e+02 1.290331125827814560e+02
1.275400000000000063e+02 1.333733333333333348e+02 1.290600000000000023e+02
1.275629139072847664e+02 1.333377483443708513e+02 1.289470198675496704e+02
1.275827814569536400e+02 1.332913907284768129e+02 1.289470198675496704e+02
1.275637583892617499e+02 1.332483221476510096e+02 1.289664429530201346e+02
1.275838926174496635e+02 1.332483221476510096e+02 1.289194630872483174e+02
1.275234899328859086e+02 1.332483221476510096e+02 1.288590604026845767e+02
1.275302013422818845e+02 1.332483221476510096e+02 1.287919463087248459e+02
1.275298013245033104e+02 1.332781456953642305e+02 1.288741721854304672e+02
1.275666666666666629e+02 1.333266666666666538e+02 1.288600000000000136e+02
1.275657894736842053e+02 1.333355263157894797e+02 1.287960526315789593e+02
1.274533333333333331e+02 1.334666666666666686e+02 1.288533333333333246e+02
1.274304635761589424e+02 1.334635761589403842e+02 1.288344370860927199e+02
1.275133333333333354e+02 1.334199999999999875e+02 1.289399999999999977e+02
1.274966887417218544e+02 1.334370860927152194e+02 1.289668874172185440e+02
1.274144736842105203e+02 1.335000000000000000e+02 1.288421052631578902e+02
1.274569536423841072e+02 1.335231788079470334e+02 1.287682119205298079e+02
1.274172185430463600e+02 1.334768211920529666e+02 1.287880794701986815e+02
1.274533333333333331e+02 1.334600000000000080e+02 1.287866666666666617e+02
1.274466666666666725e+02 1.333733333333333348e+02 1.287133333333333383e+02
1.274800000000000040e+02 1.334399999999999977e+02 1.286866666666666674e+02
1.274666666666666686e+02 1.336466666666666754e+02 1.286399999999999864e+02
1.274189189189189193e+02 1.335945945945945823e+02 1.285337837837837753e+02
1.273691275167785193e+02 1.337046979865771732e+02 1.285033557046979809e+02
1.272866666666666617e+02 1.338199999999999932e+02 1.284399999999999977e+02
1.272715231788079535e+02 1.337814569536423903e+02 1.284503311258278018e+02
1.272933333333333366e+02 1.337400000000000091e+02 1.284199999999999875e+02
1.273199999999999932e+02 1.337199999999999989e+02 1.284333333333333371e+02
1.273533333333333388e+02 1.336800000000000068e+02 1.284066666666666663e+02
1.273199999999999932e+02 1.337733333333333405e+02 1.284000000000000057e+02
1.273624161073825434e+02 1.336711409395973078e+02 1.283221476510067021e+02
1.272894736842105203e+02 1.337763157894736707e+02 1.282500000000000000e+02
1.272697368421052602e+02 1.337500000000000000e+02 1.281776315789473699e+02
1.273245033112582831e+02 1.337284768211920607e+02 1.281125827814569504e+02
1.272066666666666634e+02 1.336466666666666754e+02 1.280266666666666708e+02
1.272866666666666617e+02 1.336800000000000068e+02 1.280266666666666708e+02
1.272781456953642447e+02 1.335894039735099454e+02 1.281192052980132416e+02
1.272199999999999989e+02 1.336533333333333360e+02 1.281200000000000045e+02
1.272600000000000051e+02 1.337599999999999909e+02 1.280733333333333235e+02
1.272039473684210549e+02 1.337171052631578902e+02 1.280000000000000000e+02
1.272000000000000028e+02 1.337333333333333201e+02 1.279933333333333394e+02
1.271879194630872547e+02 1.336644295302013461e+02 1.279463087248322211e+02
1.271854304635761537e+02 1.336953642384106047e+02 1.279072847682119232e+02
1.271578947368421098e+02 1.337236842105263293e+02 1.279736842105263150e+02
1.270939597315436203e+02 1.335100671140939710e+02 1.279127516778523557e+02
1.269802631578947398e+02 1.335592105263157805e+02 1.279013157894736850e+02
1.269536423841059616e+02 1.335827814569536542e+02 1.279933774834437088e+02
1.269139072847682144e+02 1.336622516556291487e+02 1.280198675496688736e+02
1.269266666666666623e+02 1.336599999999999966e+02 1.281133333333333439e+02
1.269006622516556320e+02 1.336026490066225278e+02 1.280132450331125824e+02
1.269671052631578902e+02 1.335657894736842195e+02 1.279736842105263150e+02
1.269662162162162105e+02 1.335472972972972912e+02 1.279797297297297263e+02
1.269133333333333269e+02 1.337266666666666595e+02 1.279466666666666725e+02
1.268866666666666703e+02 1.337599999999999909e+02 1.280000000000000000e+02
1.268211920529801375e+02 1.338940397350993408e+02 1.280927152317880768e+02
1.269072847682119232e+02 1.340132450331125824e+02 1.281456953642384065e+02
1.268311688311688243e+02 1.340194805194805099e+02 1.280324675324675354e+02
1.268333333333333286e+02 1.341333333333333258e+02 1.280333333333333314e+02
1.267417218543046289e+02 1.341788079470198625e+02 1.279867549668874176e+02
1.267483443708609201e+02 1.340993377483443680e+02 1.279735099337748352e+02
1.268618421052631646e+02 1.341184210526315894e+02 1.278684210526315752e+02
1.269733333333333292e+02 1.340933333333333337e+02 1.279333333333333371e+02
1.270600000000000023e+02 1.340733333333333235e+02 1.278533333333333388e+02
1.270463576158940384e+02 1.341390728476821153e+02 1.279139072847682144e+02
1.269666666666666686e+02 1.341999999999999886e+02 1.279866666666666646e+02
1.269533333333333331e+02 1.342066666666666777e+02 1.279733333333333292e+02
1.269266666666666623e+02 1.342466666666666697e+02 1.279200000000000017e+02
1.267880794701986815e+02 1.341721854304635713e+02 1.278741721854304672e+02
1.268066666666666720e+02 1.341399999999999864e+02 1.277999999999999972e+02
1.267483443708609201e+02 1.342119205298013185e+02 1.277947019867549727e+02
1.267800000000000011e+02 1.341999999999999886e+02 1.279200000000000017e+02
1.268289473684210549e+02 1.341447368421052602e+02 1.279276315789473699e+02
1.269533333333333331e+02 1.341733333333333462e+02 1.279933333333333394e+02
1.270198675496688736e+02 1.341324503311258241e+02 1.279668874172185440e+02
1.270065789473684248e+02 1.340592105263157805e+02 1.279868421052631646e+02
1.271125827814569504e+02 1.340794701986754944e+02 1.280596026490066208e+02
1.271059602649006592e+02 1.340728476821192032e+02 1.280397350993377472e+02
1.271523178807946977e+02 1.340066225165562912e+02 1.280397350993377472e+02
1.269868421052631646e+02 1.339671052631578902e+02 1.280723684210526301e+02
1.269066666666666663e+02 1.339199999999999875e+02 1.280266666666666708e+02
1.268552631578947398e+02 1.339736842105263293e+02 1.280921052631578902e+02
1.268187919463087212e+02 1.339328859060402692e+02 1.281476510067114134e+02
1.268053691275167836e+02 1.338926174496644421e+02 1.281140939597315480e+02
1.268466666666666640e+02 1.340133333333333212e+02 1.281666666666666572e+02
1.268456375838926107e+02 1.339328859060402692e+02 1.280469798657718172e+02
1.268799999999999955e+02 1.338666666666666742e+02 1.280133333333333212e+02
1.268866666666666703e+02 1.338733333333333348e+02 1.278400000000000034e+02
1.270000000000000000e+02 1.338378378378378386e+02 1.278716216216216282e+02
1.270198675496688736e+02 1.337615894039735167e+02 1.278807947019867584e+02
1.271125827814569504e+02 1.336490066225165663e+02 1.278940397350993408e+02
1.271476510067114134e+02 1.337986577181208077e+02 1.279261744966442933e+02
1.271599999999999966e+02 1.338133333333333326e+02 1.278866666666666703e+02
1.271610738255033510e+02 1.338120805369127595e+02 1.278926174496644279e+02
1.271854304635761537e+02 1.338079470198675551e+02 1.278543046357615935e+02
1.272550335570469855e+02 1.338053691275167694e+02 1.278791946308724903e+02
1.271744966442953029e+02 1.338187919463087212e+02 1.279060402684563797e+02
1.272450331125827745e+02 1.338609271523178847e+02 1.279006622516556320e+02
1.272133333333333383e+02 1.339133333333333269e+02 1.279266666666666623e+02
1.272199999999999989e+02 1.338666666666666742e+02 1.279133333333333269e+02
1.272500000000000000e+02 1.339013157894736707e+02 1.278684210526315752e+02
1.272999999999999972e+02 1.339466666666666583e+02 1.278333333333333286e+02
1.273624161073825434e+02 1.339932885906040383e+02 1.278120805369127453e+02
1.272533333333333303e+02 1.340733333333333235e+02 1.277933333333333366e+02
1.271655629139072801e+02 1.341059602649006592e+02 1.278079470198675551e+02
1.271788079470198625e+02 1.340463576158940384e+02 1.277549668874172255e+02
1.271052631578947398e+02 1.340657894736842195e+02 1.277763157894736850e+02
1.271812080536912788e+02 1.340604026845637691e+02 1.276510067114093943e+02
