1.280738255033556925e+02 1.285167785234899327e+02 1.272818791946308750e+02
1.281599999999999966e+02 1.284466666666666868e+02 1.272866666666666617e+02
1.282933333333333223e+02 1.285999999999999943e+02 1.272999999999999972e+02
1.283466666666666640e+02 1.286599999999999966e+02 1.272733333333333263e+02
1.283947368421052602e+02 1.287894736842105203e+02 1.272631578947368354e+02
1.283881578947368496e+02 1.288157894736842195e+02 1.273289473684210549e+02
1.282894736842105203e+02 1.287039473684210407e+02 1.273552631578947398e+02
1.281986754966887361e+02 1.286357615894039839e+02 1.271125827814569504e+02
1.283333333333333428e+02 1.285866666666666731e+02 1.271400000000000006e+02
1.282715231788079393e+02 1.284966887417218402e+02 1.272052980132450273e+02
1.282466666666666697e+02 1.284733333333333292e+02 1.272600000000000051e+02
1.280921052631578902e+02 1.286381578947368496e+02 1.272828947368421098e+02
1.282894736842105203e+02 1.286118421052631504e+02 1.272500000000000000e+02
1.283087248322147786e+02 1.287248322147650867e+02 1.271543624161073893e+02
1.284238410596026370e+02 1.286953642384106047e+02 1.271920529801324449e+02
1.284635761589403842e+02 1.287814569536423903e+02 1.270860927152317856e+02
1.284066666666666663e+02 1.287666666666666799e+02 1.269933333333333394e+02
1.284370860927152194e+02 1.285298013245033246e+02 1.268874172185430496e+02
1.284333333333333371e+02 1.284666666666666686e+02 1.268599999999999994e+02
1.284333333333333371e+02 1.284466666666666583e+02 1.268466666666666640e+02
1.285167785234899327e+02 1.287114093959731633e+02 1.268859060402684520e+02
1.286513157894736707e+02 1.286973684210526301e+02 1.268815789473684248e+02
1.288000000000000114e+02 1.286999999999999886e+02 1.269533333333333331e+02
1.288783783783783861e+02 1.287972972972972912e+02 1.269729729729729684e+02
1.289600000000000080e+02 1.288466666666666640e+02 1.271133333333333297e+02
1.289225806451613039e+02 1.288709677419354875e+02 1.272387096774193509e+02
1.289668874172185440e+02 1.288079470198675551e+02 1.270463576158940384e+02
1.288807947019867584e+02 1.287947019867549727e+02 1.270264900662251648e+02
1.289530201342281828e+02 1.288590604026845767e+02 1.272818791946308750e+02
1.290335570469798654e+02 1.288859060402684520e+02 1.272617449664429472e+02
1.289271523178807968e+02 1.286754966887417311e+02 1.272317880794701921e+02
1.288235294117646959e+02 1.286143790849673110e+02 1.270588235294117680e+02
1.288986486486486456e+02 1.286418918918919019e+02 1.271283783783783718e+02
1.289199999999999875e+02 1.286200000000000045e+02 1.270133333333333354e+02
1.291960784313725412e+02 1.285359477124183059e+02 1.269738562091503269e+02
1.292500000000000000e+02 1.283026315789473699e+02 1.270986842105263150e+02
1.292266666666666595e+02 1.281066666666666549e+02 1.269266666666666623e+02
1.293289473684210407e+02 1.280921052631578902e+02 1.268618421052631646e+02
1.293973509933774722e+02 1.280331125827814560e+02 1.267615894039735167e+02
1.294473684210526301e+02 1.279802631578947398e+02 1.266973684210526301e+02
1.293020134228187885e+02 1.279395973154362451e+02 1.267651006711409423e+02
1.293831168831168839e+02 1.279350649350649292e+02 1.268376623376623371e+02
1.295033557046979809e+02 1.280335570469798654e+02 1.268255033557046971e+02
1.294000000000000057e+02 1.280066666666666606e+02 1.269599999999999937e+02
1.293026315789473699e+02 1.280000000000000000e+02 1.267828947368421098e+02
1.292763157894736707e+02 1.280197368421052602e+02 1.267236842105263150e+02
1.291666666666666572e+02 1.281333333333333258e+02 1.266466666666666612e+02
1.291118421052631504e+02 1.280723684210526301e+02 1.264671052631578902e+02
1.290784313725490335e+02 1.279281045751634025e+02 1.265163398692810404e+02
1.292012987012986969e+02 1.277922077922077904e+02 1.265909090909090935e+02
1.292272727272727195e+02 1.278831168831168839e+02 1.265909090909090935e+02
1.291073825503355579e+02 1.280402684563758271e+02 1.265973154362416153e+02
1.290657894736842195e+02 1.280657894736842195e+02 1.265065789473684248e+02
1.289387755102040956e+02 1.281836734693877418e+02 1.265442176870748341e+02
1.290065789473684106e+02 1.281842105263157805e+02 1.265394736842105203e+02
1.291266666666666652e+02 1.281999999999999886e+02 1.265133333333333354e+02
1.290849673202614269e+02 1.281633986928104605e+02 1.266274509803921546e+02
1.291513157894736707e+02 1.282697368421052602e+02 1.265657894736842053e+02
1.290866666666666731e+02 1.283933333333333451e+02 1.265133333333333354e+02
1.290789473684210407e+02 1.284736842105263293e+02 1.264934210526315752e+02
1.290200000000000102e+02 1.283066666666666720e+02 1.264733333333333292e+02
1.289266666666666765e+02 1.282599999999999909e+02 1.262866666666666617e+02
1.290000000000000000e+02 1.282733333333333405e+02 1.262399999999999949e+02
1.291342281879194616e+02 1.281812080536912788e+02 1.262416107382550337e+02
1.291233766233766289e+02 1.280649350649350708e+02 1.261688311688311757e+02
1.288888888888888857e+02 1.281437908496731950e+02 1.262156862745098067e+02
1.291052631578947398e+02 1.281973684210526301e+02 1.261907894736842053e+02
1.292129032258064569e+02 1.281870967741935488e+02 1.262129032258064569e+02
1.292875816993464184e+02 1.280915032679738488e+02 1.262222222222222285e+02
1.293000000000000114e+02 1.281133333333333439e+02 1.262399999999999949e+02
1.293377483443708513e+02 1.281125827814569504e+02 1.262913907284768271e+02
1.294503311258278018e+02 1.281258278145695328e+02 1.264039735099337776e+02
1.294503311258278018e+02 1.280000000000000000e+02 1.263774834437086128e+02
1.293782051282051384e+02 1.278974358974358978e+02 1.264807692307692264e+02
1.293799999999999955e+02 1.280333333333333314e+02 1.264399999999999977e+02
1.293600000000000136e+02 1.281866666666666674e+02 1.262733333333333263e+02
1.293973509933774722e+02 1.281788079470198625e+02 1.261059602649006592e+02
1.294503311258278018e+02 1.281125827814569504e+02 1.261125827814569504e+02
1.296333333333333258e+02 1.282333333333333201e+02 1.260000000000000000e+02
1.295960264900662366e+02 1.280529801324503296e+02 1.259668874172185440e+02
1.293133333333333326e+02 1.280466666666666526e+02 1.258933333333333309e+02
1.294304635761589282e+02 1.279205298013245056e+02 1.258145695364238463e+02
1.295333333333333314e+02 1.277733333333333263e+02 1.257333333333333343e+02
1.295555555555555429e+02 1.276143790849673252e+02 1.259542483660130756e+02
1.296733333333333462e+02 1.276333333333333400e+02 1.260266666666666708e+02
1.296333333333333258e+02 1.276533333333333360e+02 1.260666666666666629e+02
1.297218543046357695e+02 1.276026490066225136e+02 1.260728476821192032e+02
1.297333333333333201e+02 1.275733333333333377e+02 1.260533333333333275e+02
1.296866666666666674e+02 1.275733333333333377e+02 1.261400000000000006e+02
1.295933333333333337e+02 1.276599999999999966e+02 1.261666666666666714e+02
1.296242038216560388e+02 1.276369426751592329e+02 1.262611464968152859e+02
1.296315789473684106e+02 1.277302631578947398e+02 1.262171052631578902e+02
1.296979865771812115e+02 1.277852348993288558e+02 1.262013422818791923e+02
1.297870967741935431e+02 1.276774193548387046e+02 1.263225806451612954e+02
1.297483443708609343e+02 1.278344370860927199e+02 1.263178807947019919e+02
1.297565789473684106e+02 1.279078947368421098e+02 1.263552631578947398e+02
1.297911392405063395e+02 1.278860759493670827e+02 1.262088607594936747e+02
1.299470198675496704e+02 1.279735099337748352e+02 1.260728476821192032e+02
1.298881578947368496e+02 1.280986842105263293e+02 1.260197368421052602e+02
1.298355263157894797e+02 1.280657894736842195e+02 1.260789473684210549e+02
1.299121621621621614e+02 1.281891891891891930e+02 1.261621621621621614e+02
1.298552631578947398e+02 1.281250000000000000e+02 1.261250000000000000e+02
1.299006622516556320e+02 1.281059602649006592e+02 1.261721854304635713e+02
1.298807947019867584e+02 1.279337748344370880e+02 1.260993377483443680e+02
1.299261744966443075e+02 1.279530201342281828e+02 1.260000000000000000e+02
1.299333333333333371e+02 1.280600000000000023e+02 1.259800000000000040e+02
1.300335570469798654e+02 1.280604026845637691e+02 1.258389261744966490e+02
1.301038961038960906e+02 1.280844155844155807e+02 1.258571428571428612e+02
1.300000000000000000e+02 1.281103896103896034e+02 1.257532467532467564e+02
1.299276315789473699e+02 1.280592105263157805e+02 1.258552631578947398e+02
1.297792207792207932e+02 1.280194805194805099e+02 1.257337662337662323e+02
1.298466666666666640e+02 1.280399999999999920e+02 1.257800000000000011e+02
1.299013157894736707e+02 1.280592105263157805e+02 1.257631578947368354e+02
1.298675496688741759e+02 1.279602649006622528e+02 1.257682119205298079e+02
1.298476821192053023e+02 1.279867549668874176e+02 1.256225165562913872e+02
1.300709677419354762e+02 1.279290322580645096e+02 1.256451612903225765e+02
1.300939597315436345e+02 1.279127516778523557e+02 1.256442953020134183e+02
1.300067114093959617e+02 1.278724832214765144e+02 1.258053691275167836e+02
1.299867549668874176e+02 1.278543046357615935e+02 1.258211920529801375e+02
1.297972972972972912e+02 1.279121621621621614e+02 1.259662162162162105e+02
1.298724832214765001e+02 1.279127516778523557e+02 1.259395973154362451e+02
1.298079470198675551e+02 1.279735099337748352e+02 1.259470198675496704e+02
1.299271523178807968e+02 1.278278145695364287e+02 1.256754966887417169e+02
1.298815789473684106e+02 1.278355263157894797e+02 1.256907894736842053e+02
1.298859060402684520e+02 1.278389261744966490e+02 1.258255033557046971e+02
1.298543046357615935e+02 1.277682119205298079e+02 1.259536423841059616e+02
1.298120805369127595e+02 1.275503355704697981e+02 1.259731543624161105e+02
1.297763157894736707e+02 1.276118421052631646e+02 1.260526315789473699e+02
1.297385620915032689e+02 1.276666666666666714e+02 1.261437908496732092e+02
1.296928104575163445e+02 1.276209150326797328e+02 1.262287581699346362e+02
1.296999999999999886e+02 1.275999999999999943e+02 1.260533333333333275e+02
1.297133333333333383e+02 1.274333333333333371e+02 1.260000000000000000e+02
1.296800000000000068e+02 1.274533333333333331e+02 1.261133333333333297e+02
1.296040268456375770e+02 1.275033557046979809e+02 1.261610738255033510e+02
1.295704697986577116e+02 1.274093959731543606e+02 1.261409395973154375e+02
1.294802631578947398e+02 1.272763157894736850e+02 1.261578947368421098e+02
1.294228187919462982e+02 1.273825503355704711e+02 1.262281879194630818e+02
1.294379084967320352e+02 1.273202614379084991e+02 1.261633986928104605e+02
1.295844155844155807e+02 1.273701298701298725e+02 1.261948051948051983e+02
1.295838926174496635e+02 1.274295302013422884e+02 1.260268456375838895e+02
1.296143790849673110e+02 1.273856209150326748e+02 1.259477124183006538e+02
1.297651006711409423e+02 1.273758389261744952e+02 1.257986577181208077e+02
1.297248322147650867e+02 1.273557046979865817e+02 1.258120805369127453e+02
1.295723684210526301e+02 1.273157894736842053e+02 1.257105263157894797e+02
1.296026490066225278e+02 1.271655629139072801e+02 1.257682119205298079e+02
1.296622516556291487e+02 1.271721854304635713e+02 1.257814569536423903e+02
1.297302631578947398e+02 1.269144736842105203e+02 1.259144736842105203e+02
1.297046979865771732e+02 1.268859060402684520e+02 1.257919463087248317e+02
1.296842105263157805e+02 1.269342105263157947e+02 1.257368421052631646e+02
1.295866666666666731e+02 1.270799999999999983e+02 1.256333333333333400e+02
1.295234899328858944e+02 1.270402684563758413e+02 1.257583892617449663e+02
1.296710526315789593e+02 1.269210526315789451e+02 1.258157894736842053e+02
1.297697368421052602e+02 1.268355263157894797e+02 1.255921052631578902e+02
1.297581699346405344e+02 1.266470588235294059e+02 1.255359477124183059e+02
1.298881578947368496e+02 1.265855263157894797e+02 1.256315789473684248e+02
1.300399999999999920e+02 1.265466666666666669e+02 1.258199999999999932e+02
1.300927152317880768e+02 1.266026490066225136e+02 1.258211920529801375e+02
1.302199999999999989e+02 1.265933333333333337e+02 1.258066666666666720e+02
1.302222222222222285e+02 1.267058823529411740e+02 1.258627450980392126e+02
1.300604026845637691e+02 1.266979865771812115e+02 1.258926174496644279e+02
1.299868421052631504e+02 1.268223684210526301e+02 1.258947368421052602e+02
1.300536912751677789e+02 1.266979865771812115e+02 1.259798657718120865e+02
1.301933333333333280e+02 1.267866666666666617e+02 1.261800000000000068e+02
1.302953020134228268e+02 1.266644295302013461e+02 1.262617449664429472e+02
1.303000000000000114e+02 1.262999999999999972e+02 1.262999999999999972e+02
1.302105263157894797e+02 1.263750000000000000e+02 1.262894736842105203e+02
1.303684210526315894e+02 1.264736842105263150e+02 1.263684210526315752e+02
1.303266666666666538e+02 1.264866666666666646e+02 1.263733333333333348e+02
1.303466666666666640e+02 1.265400000000000063e+02 1.263933333333333309e+02
1.302662337662337677e+02 1.264740259740259773e+02 1.262272727272727337e+02
1.302105263157894797e+02 1.264539473684210549e+02 1.260855263157894797e+02
1.301644736842105203e+02 1.264539473684210549e+02 1.260921052631578902e+02
1.302418300653594656e+02 1.263202614379084991e+02 1.260588235294117680e+02
1.302727272727272805e+02 1.263181818181818130e+02 1.261818181818181870e+02
1.302666666666666799e+02 1.263666666666666600e+02 1.262533333333333303e+02
1.305000000000000000e+02 1.263246753246753258e+02 1.261038961038961048e+02
1.304539473684210407e+02 1.262960526315789451e+02 1.261118421052631646e+02
1.304900662251655490e+02 1.263311258278145743e+02 1.262185430463576097e+02
1.305761589403973630e+02 1.261523178807946977e+02 1.263178807947019919e+02
1.304423076923076792e+02 1.261987179487179418e+02 1.262692307692307736e+02
1.305600000000000023e+02 1.262333333333333343e+02 1.262133333333333383e+02
1.306797385620915009e+02 1.261960784313725554e+02 1.262614379084967311e+02
1.306013071895424957e+02 1.261895424836601336e+02 1.262091503267973849e+02
1.306711409395973078e+02 1.261140939597315480e+02 1.261476510067114134e+02
1.307266666666666595e+02 1.262000000000000028e+02 1.261533333333333360e+02
1.307516339869281126e+02 1.262026143790849630e+02 1.261307189542483655e+02
1.309350649350649292e+02 1.262857142857142918e+02 1.261363636363636402e+02
1.309337748344370880e+02 1.263046357615894095e+02 1.260662251655629120e+02
1.308000000000000114e+02 1.264733333333333292e+02 1.260799999999999983e+02
1.308466666666666640e+02 1.264399999999999977e+02 1.260266666666666708e+02
1.309150326797385731e+02 1.263071895424836555e+02 1.260196078431372513e+02
1.308874172185430496e+02 1.264834437086092720e+02 1.259205298013245056e+02
1.309271523178807968e+02 1.264304635761589424e+02 1.259735099337748352e+02
1.310526315789473699e+02 1.265263157894736850e+02 1.259407894736842053e+02
1.311200000000000045e+02 1.264800000000000040e+02 1.257533333333333303e+02
1.310662251655629120e+02 1.265033112582781456e+02 1.256887417218542993e+02
1.309799999999999898e+02 1.263599999999999994e+02 1.257399999999999949e+02
1.310135135135135158e+02 1.262162162162162105e+02 1.257027027027027088e+02
1.311125827814569504e+02 1.262582781456953711e+02 1.257284768211920465e+02
1.312272727272727195e+02 1.262077922077922096e+02 1.258961038961038952e+02
1.310728476821192032e+02 1.262317880794701921e+02 1.258741721854304672e+02
1.310529801324503296e+02 1.262317880794701921e+02 1.259271523178807968e+02
1.312147651006711442e+02 1.261409395973154375e+02 1.259664429530201346e+02
1.310933333333333337e+02 1.262733333333333263e+02 1.260866666666666731e+02
1.311351351351351298e+02 1.262770270270270316e+02 1.259391891891891930e+02
1.311973684210526301e+02 1.263092105263157947e+02 1.257171052631578902e+02
1.311824324324324209e+02 1.262432432432432421e+02 1.256013513513513544e+02
1.311788079470198625e+02 1.262913907284768271e+02 1.256821192052980081e+02
1.311437908496731950e+02 1.261764705882352899e+02 1.258496732026143832e+02
1.312929936305732497e+02 1.263885350318471268e+02 1.258343949044586054e+02
1.314013157894736707e+02 1.263750000000000000e+02 1.259276315789473699e+02
1.313202614379084991e+02 1.263660130718954235e+02 1.261045751633986924e+02
1.313877551020408134e+02 1.263265306122448948e+02 1.259863945578231323e+02
1.313071895424836555e+02 1.263529411764705941e+02 1.260588235294117680e+02
1.311066666666666549e+02 1.264066666666666663e+02 1.261266666666666652e+02
1.311233766233766289e+02 1.263506493506493484e+02 1.261038961038961048e+02
1.311677419354838605e+02 1.263225806451612954e+02 1.261806451612903288e+02
1.311523178807946977e+02 1.263708609271523216e+02 1.262052980132450273e+02
1.312533333333333303e+02 1.263933333333333309e+02 1.262066666666666634e+02
1.312066666666666777e+02 1.265133333333333354e+02 1.262266666666666737e+02
1.311854304635761537e+02 1.265894039735099312e+02 1.263907284768211952e+02
1.312214765100671059e+02 1.265302013422818845e+02 1.263489932885906057e+02
1.311503267973856168e+02 1.265490196078431353e+02 1.263921568627450966e+02
1.311456953642384065e+02 1.265430463576158928e+02 1.265894039735099312e+02
1.311059602649006592e+02 1.265960264900662224e+02 1.266291390728476784e+02
1.310198675496688736e+02 1.266092715231788048e+02 1.266953642384105905e+02
1.310653594771241899e+02 1.266339869281045765e+02 1.267124183006535958e+02
1.309805194805194901e+02 1.267467532467532436e+02 1.267532467532467564e+02
1.310133333333333212e+02 1.265933333333333337e+02 1.267066666666666634e+02
1.309530201342281828e+02 1.266644295302013461e+02 1.265973154362416153e+02
1.311788079470198625e+02 1.265695364238410576e+02 1.268013245033112639e+02
1.313509933774834337e+02 1.266291390728476784e+02 1.268278145695364287e+02
1.312727272727272805e+02 1.266038961038961048e+02 1.267142857142857082e+02
1.312133333333333383e+02 1.266800000000000068e+02 1.268866666666666703e+02
1.311733333333333462e+02 1.267533333333333303e+02 1.269466666666666725e+02
1.309799999999999898e+02 1.267999999999999972e+02 1.269533333333333331e+02
1.310328947368421098e+02 1.268947368421052602e+02 1.269342105263157947e+02
1.309000000000000057e+02 1.267999999999999972e+02 1.269266666666666623e+02
1.308120805369127595e+02 1.269395973154362451e+02 1.268590604026845625e+02
1.308289473684210407e+02 1.270394736842105203e+02 1.268486842105263150e+02
1.309673202614379193e+02 1.268496732026143832e+02 1.268823529411764639e+02
1.311233766233766289e+02 1.269025974025974079e+02 1.269415584415584419e+02
1.311589403973509889e+02 1.268278145695364287e+02 1.270331125827814560e+02
1.310326797385620807e+02 1.268692810457516345e+02 1.272026143790849630e+02
1.310387096774193481e+02 1.267741935483871032e+02 1.274064516129032256e+02
1.311241830065359579e+02 1.268823529411764639e+02 1.274444444444444429e+02
1.310860927152317856e+02 1.268476821192053023e+02 1.276821192052980081e+02
1.308684210526315894e+02 1.266710526315789451e+02 1.277828947368421098e+02
1.309477124183006538e+02 1.268823529411764639e+02 1.277908496732026151e+02
1.310933333333333337e+02 1.267066666666666634e+02 1.277133333333333383e+02
1.310666666666666629e+02 1.268533333333333388e+02 1.277600000000000051e+02
1.310794701986754944e+02 1.268609271523178847e+02 1.278211920529801375e+02
1.311710526315789593e+02 1.268486842105263150e+02 1.278157894736842053e+02
1.312516556291390657e+02 1.267417218543046289e+02 1.278211920529801375e+02
1.311140939597315480e+02 1.267449664429530145e+02 1.278724832214765144e+02
1.312400000000000091e+02 1.267600000000000051e+02 1.279399999999999977e+02
1.311710526315789593e+02 1.268947368421052602e+02 1.278881578947368354e+02
1.313288590604026922e+02 1.269932885906040241e+02 1.278389261744966490e+02
1.312847682119205217e+02 1.269139072847682144e+02 1.279006622516556320e+02
1.313576158940397249e+02 1.269205298013245056e+02 1.279536423841059616e+02
1.310728476821192032e+02 1.268741721854304672e+02 1.279801324503311264e+02
1.311324503311258241e+02 1.268543046357615935e+02 1.278278145695364287e+02
1.311200000000000045e+02 1.268266666666666680e+02 1.278533333333333388e+02
1.312649006622516481e+02 1.267284768211920465e+02 1.279403973509933792e+02
1.311644736842105203e+02 1.268223684210526301e+02 1.280263157894736707e+02
1.313666666666666742e+02 1.268066666666666720e+02 1.280466666666666526e+02
1.313618421052631504e+02 1.268421052631578902e+02 1.280328947368421098e+02
1.316688741721854399e+02 1.266754966887417169e+02 1.279668874172185440e+02
1.316821192052980223e+02 1.267019867549668817e+02 1.280000000000000000e+02
1.316535947712418420e+02 1.266601307189542496e+02 1.280457516339869244e+02
1.317500000000000000e+02 1.267972972972972912e+02 1.282027027027027088e+02
1.317687074829931930e+02 1.268027210884353764e+02 1.280816326530612344e+02
1.317843137254901933e+02 1.269542483660130756e+02 1.280653594771241899e+02
1.318851351351351298e+02 1.268851351351351298e+02 1.280945945945945823e+02
1.321333333333333258e+02 1.271466666666666612e+02 1.281133333333333439e+02
1.319463087248322211e+02 1.269530201342281828e+02 1.281409395973154233e+02
1.319671052631578902e+02 1.268618421052631646e+02 1.280000000000000000e+02
1.321066666666666549e+02 1.269533333333333331e+02 1.279933333333333394e+02
1.321578947368421098e+02 1.270065789473684248e+02 1.279078947368421098e+02
1.322894736842105203e+02 1.270263157894736850e+02 1.279539473684210549e+02
1.322026143790849630e+02 1.269738562091503269e+02 1.281503267973856168e+02
1.321721854304635713e+02 1.269867549668874176e+02 1.281125827814569504e+02
1.322649006622516481e+02 1.270132450331125824e+02 1.282781456953642305e+02
1.322781456953642305e+02 1.270331125827814560e+02 1.283112582781456865e+02
1.321503267973856168e+02 1.271111111111111143e+02 1.283529411764705799e+02
1.321764705882353041e+02 1.268823529411764639e+02 1.283202614379084991e+02
1.322733333333333405e+02 1.268133333333333326e+02 1.283533333333333246e+02
1.323973509933774722e+02 1.267814569536423903e+02 1.284635761589403842e+02
1.323618421052631504e+02 1.266842105263157947e+02 1.283355263157894797e+02
1.322251655629139009e+02 1.266423841059602609e+02 1.284437086092715106e+02
1.324105960264900546e+02 1.267483443708609201e+02 1.282384105960264833e+02
1.324834437086092578e+02 1.267947019867549727e+02 1.282847682119205217e+02
1.325816993464052302e+02 1.267712418300653638e+02 1.283333333333333428e+02
1.326601307189542354e+02 1.266732026143790790e+02 1.283071895424836555e+02
1.326883116883116998e+02 1.266298701298701275e+02 1.283051948051948159e+02
1.327012987012986969e+02 1.265000000000000000e+02 1.283246753246753258e+02
1.326466666666666754e+02 1.264733333333333292e+02 1.282199999999999989e+02
1.326644736842105203e+02 1.263421052631578902e+02 1.281052631578947398e+02
1.326866666666666674e+02 1.262533333333333303e+02 1.280733333333333235e+02
1.325399999999999920e+02 1.262533333333333303e+02 1.280999999999999943e+02
1.326824324324324209e+02 1.261621621621621614e+02 1.281891891891891930e+02
1.326092715231788191e+02 1.261324503311258241e+02 1.281258278145695328e+02
1.326622516556291487e+02 1.262052980132450273e+02 1.281192052980132416e+02
1.326599999999999966e+02 1.262466666666666697e+02 1.281266666666666652e+02
1.327467532467532578e+02 1.262012987012986969e+02 1.281688311688311614e+02
1.327770270270270316e+02 1.260608108108108070e+02 1.281824324324324209e+02
1.329666666666666686e+02 1.260466666666666669e+02 1.281666666666666572e+02
1.329933333333333394e+02 1.260133333333333354e+02 1.281800000000000068e+02
1.329867549668874176e+02 1.260529801324503296e+02 1.281655629139072801e+02
1.330394736842105203e+02 1.260657894736842053e+02 1.281578947368421098e+02
1.331666666666666572e+02 1.259466666666666725e+02 1.282066666666666777e+02
1.331677419354838605e+02 1.258387096774193594e+02 1.282258064516128968e+02
1.331200000000000045e+02 1.258266666666666680e+02 1.283000000000000114e+02
1.332281879194630960e+02 1.259530201342281828e+02 1.282416107382550194e+02
1.332913907284768129e+02 1.260529801324503296e+02 1.282582781456953569e+02
1.333221476510067021e+02 1.259664429530201346e+02 1.282281879194630960e+02
1.334437086092715106e+02 1.259801324503311264e+02 1.282119205298013185e+02
1.336100628930817606e+02 1.260440251572327099e+02 1.280880503144654199e+02
1.336118421052631504e+02 1.259605263157894797e+02 1.279802631578947398e+02
1.335131578947368496e+02 1.259407894736842053e+02 1.280526315789473699e+02
1.335099337748344510e+02 1.258675496688741759e+02 1.280066225165562912e+02
1.334671052631578902e+02 1.257171052631578902e+02 1.279078947368421098e+02
1.334866666666666788e+02 1.257333333333333343e+02 1.280666666666666629e+02
1.334797297297297405e+02 1.256756756756756772e+02 1.281216216216216139e+02
1.334900662251655490e+02 1.256158940397350960e+02 1.281655629139072801e+02
1.336103896103896034e+02 1.254155844155844193e+02 1.281168831168831161e+02
1.336842105263157805e+02 1.253750000000000000e+02 1.281776315789473699e+02
1.337908496732026151e+02 1.253660130718954235e+02 1.281895424836601194e+02
1.336052631578947398e+02 1.254407894736842053e+02 1.280986842105263293e+02
1.335827814569536542e+02 1.253973509933774864e+02 1.281788079470198625e+02
1.336490066225165663e+02 1.253708609271523216e+02 1.282251655629139009e+02
1.335999999999999943e+02 1.253799999999999955e+02 1.281866666666666674e+02
1.336375838926174424e+02 1.254228187919463124e+02 1.280805369127516826e+02
1.337400000000000091e+02 1.255333333333333314e+02 1.280266666666666708e+02
1.337315436241610769e+02 1.257114093959731491e+02 1.278456375838926107e+02
1.336241610738254906e+02 1.258053691275167836e+02 1.278456375838926107e+02
1.337189542483660034e+02 1.256666666666666714e+02 1.278496732026143832e+02
1.339144736842105203e+02 1.254934210526315752e+02 1.277565789473684248e+02
1.339867549668874176e+02 1.253443708609271567e+02 1.277152317880794641e+02
1.339867549668874176e+02 1.253576158940397391e+02 1.275629139072847664e+02
1.340328947368421098e+02 1.253486842105263150e+02 1.275065789473684248e+02
1.340394736842105203e+02 1.253289473684210549e+02 1.275723684210526301e+02
1.339600000000000080e+02 1.253400000000000034e+02 1.275333333333333314e+02
1.340999999999999943e+02 1.254266666666666623e+02 1.276333333333333400e+02
1.342281879194630960e+02 1.253288590604026780e+02 1.277046979865771874e+02
1.340331125827814560e+02 1.253046357615894095e+02 1.278145695364238463e+02
1.340519480519480453e+02 1.253896103896103966e+02 1.276753246753246742e+02
1.341610738255033652e+02 1.253758389261744952e+02 1.276375838926174566e+02
1.343660130718954235e+02 1.254705882352941160e+02 1.277647058823529420e+02
1.345200000000000102e+02 1.254733333333333292e+02 1.277399999999999949e+02
1.345933333333333337e+02 1.255266666666666708e+02 1.277933333333333366e+02
1.347019867549668959e+02 1.255761589403973488e+02 1.277350993377483377e+02
1.346274509803921546e+02 1.255947712418300597e+02 1.276862745098039227e+02
1.346556291390728575e+02 1.257615894039735167e+02 1.276622516556291345e+02
1.345973154362416153e+02 1.257449664429530145e+02 1.276040268456375770e+02
1.347631578947368496e+02 1.257894736842105203e+02 1.275657894736842053e+02
1.347741935483871032e+02 1.256322580645161224e+02 1.275225806451612840e+02
1.348874172185430496e+02 1.255695364238410576e+02 1.273576158940397391e+02
1.349261744966443075e+02 1.255771812080536876e+02 1.271543624161073893e+02
1.349407894736842195e+02 1.256513157894736850e+02 1.272039473684210549e+02
1.348552631578947398e+02 1.255526315789473699e+02 1.273026315789473699e+02
1.350666666666666629e+02 1.254333333333333371e+02 1.272666666666666657e+02
1.351513157894736707e+02 1.255592105263157947e+02 1.273815789473684248e+02
1.350855263157894797e+02 1.256052631578947398e+02 1.274802631578947398e+02
1.351476510067114134e+02 1.254563758389261778e+02 1.273825503355704711e+02
1.351866666666666674e+02 1.254333333333333371e+02 1.273799999999999955e+02
1.351409395973154233e+02 1.253355704697986539e+02 1.273557046979865817e+02
1.351493506493506516e+02 1.253311688311688243e+02 1.274675324675324646e+02
1.350733333333333235e+02 1.253266666666666680e+02 1.275600000000000023e+02
1.351066666666666549e+02 1.252133333333333383e+02 1.276466666666666612e+02
1.352147651006711442e+02 1.252416107382550337e+02 1.275838926174496635e+02
1.352810457516339966e+02 1.251111111111111143e+02 1.276601307189542496e+02
1.352533333333333303e+02 1.250933333333333337e+02 1.277733333333333263e+02
1.351946308724832306e+02 1.249530201342281828e+02 1.276912751677852356e+02
1.351589403973509889e+02 1.251523178807946977e+02 1.276158940397350960e+02
1.351456953642384065e+02 1.252781456953642447e+02 1.275827814569536400e+02
1.349806451612903118e+02 1.253741935483870975e+02 1.275935483870967744e+02
1.348838709677419274e+02 1.254967741935483900e+02 1.276193548387096826e+02
1.349470198675496704e+02 1.254172185430463600e+02 1.275695364238410576e+02
1.349000000000000057e+02 1.253266666666666680e+02 1.276066666666666691e+02
1.350000000000000000e+02 1.252368421052631646e+02 1.276710526315789451e+02
1.350967741935483843e+02 1.252451612903225850e+02 1.277161290322580669e+02
1.350588235294117680e+02 1.252679738562091529e+02 1.276601307189542496e+02
1.350921052631578902e+02 1.252434210526315752e+02 1.276250000000000000e+02
1.351283783783783861e+02 1.252635135135135158e+02 1.275067567567567579e+02
1.351118421052631504e+02 1.253486842105263150e+02 1.274868421052631646e+02
1.352483660130718874e+02 1.253921568627450966e+02 1.273986928104575185e+02
1.350933333333333337e+02 1.253599999999999994e+02 1.273333333333333286e+02
1.351275167785234999e+02 1.253154362416107404e+02 1.273288590604026780e+02
1.351333333333333258e+02 1.252399999999999949e+02 1.271133333333333297e+02
1.352012987012986969e+02 1.252207792207792210e+02 1.271883116883116855e+02
1.352715231788079393e+02 1.252317880794701921e+02 1.272384105960264833e+02
1.353464052287581580e+02 1.254575163398692865e+02 1.272222222222222285e+02
1.353288590604026922e+02 1.254832214765100673e+02 1.271946308724832164e+02
1.353986928104575043e+02 1.253267973856209210e+02 1.272287581699346362e+02
1.353708609271523073e+02 1.252847682119205359e+02 1.272052980132450273e+02
1.353600000000000136e+02 1.252000000000000028e+02 1.271933333333333280e+02
1.353733333333333348e+02 1.253666666666666600e+02 1.272399999999999949e+02
1.355032679738561967e+02 1.253660130718954235e+02 1.272483660130719016e+02
1.354248366013071916e+02 1.253594771241830017e+02 1.273790849673202672e+02
1.354093959731543748e+02 1.254295302013422884e+02 1.274429530201342260e+02
1.354903225806451701e+02 1.255354838709677381e+02 1.274516129032258078e+02
1.354496644295302019e+02 1.256644295302013461e+02 1.273691275167785193e+02
1.353443708609271425e+02 1.255894039735099312e+02 1.273907284768211952e+02
1.354105960264900546e+02 1.255496688741721840e+02 1.273973509933774864e+02
1.354256756756756772e+02 1.255945945945945965e+02 1.274324324324324351e+02
1.354580645161290420e+02 1.257161290322580669e+02 1.272516129032258050e+02
1.354258064516129139e+02 1.256451612903225765e+02 1.272129032258064569e+02
1.355424836601307277e+02 1.255947712418300597e+02 1.271568627450980387e+02
1.355364238410596158e+02 1.255695364238410576e+02 1.270397350993377472e+02
1.355033112582781598e+02 1.253311258278145743e+02 1.271390728476821153e+02
1.354832214765100673e+02 1.254026845637583847e+02 1.273489932885906057e+02
1.355637583892617499e+02 1.254026845637583847e+02 1.273288590604026780e+02
1.355131578947368496e+02 1.254868421052631646e+02 1.272105263157894797e+02
1.355033112582781598e+02 1.255562913907284752e+02 1.271655629139072801e+02
1.355827814569536542e+02 1.255960264900662224e+02 1.272052980132450273e+02
1.355947712418300739e+02 1.254836601307189596e+02 1.274248366013071916e+02
1.356026490066225278e+02 1.254900662251655632e+02 1.273907284768211952e+02
1.356357615894039839e+02 1.253973509933774864e+02 1.273509933774834479e+02
1.356644295302013461e+02 1.253489932885906057e+02 1.273221476510067163e+02
1.356556291390728575e+02 1.253178807947019919e+02 1.274105960264900688e+02
1.355800000000000125e+02 1.252800000000000011e+02 1.275133333333333354e+02
1.357248322147650867e+02 1.252751677852348990e+02 1.275570469798657740e+02
1.356200000000000045e+02 1.252399999999999949e+02 1.275999999999999943e+02
1.355743243243243228e+02 1.252162162162162105e+02 1.274054054054054035e+02
1.355973154362416153e+02 1.251073825503355721e+02 1.274630872483221538e+02
1.354605263157894797e+02 1.252828947368421098e+02 1.273881578947368354e+02
1.355637583892617499e+02 1.252953020134228126e+02 1.274161073825503365e+02
1.356533333333333360e+02 1.252933333333333366e+02 1.274466666666666725e+02
1.356883116883116998e+02 1.251298701298701275e+02 1.274480519480519547e+02
1.356200000000000045e+02 1.250133333333333354e+02 1.275400000000000063e+02
1.357697368421052602e+02 1.249144736842105203e+02 1.275592105263157947e+02
1.356399999999999864e+02 1.249599999999999937e+02 1.276266666666666652e+02
1.355430463576159070e+02 1.248675496688741759e+02 1.277350993377483377e+02
1.355526315789473699e+02 1.246710526315789451e+02 1.277434210526315752e+02
1.355302013422818845e+02 1.245503355704697981e+02 1.277718120805369182e+02
1.354899328859060290e+02 1.244630872483221538e+02 1.278993288590604038e+02
1.354765100671141056e+02 1.245436241610738222e+02 1.279530201342281828e+02
1.354350649350649292e+02 1.244415584415584419e+02 1.279805194805194759e+02
1.355827814569536542e+02 1.245364238410596016e+02 1.278609271523178847e+02
1.356399999999999864e+02 1.246133333333333297e+02 1.280066666666666606e+02
1.355637583892617499e+02 1.244697986577181155e+02 1.279865771812080482e+02
1.354635761589403842e+02 1.244701986754966896e+02 1.280331125827814560e+02
1.355131578947368496e+02 1.245197368421052602e+02 1.281578947368421098e+02
1.356470588235294201e+02 1.245490196078431353e+02 1.280849673202614269e+02
1.356933333333333280e+02 1.246200000000000045e+02 1.280533333333333417e+02
1.355033112582781598e+02 1.246423841059602609e+02 1.279271523178807968e+02
1.356466666666666754e+02 1.246933333333333280e+02 1.277533333333333303e+02
1.357800000000000011e+02 1.248599999999999994e+02 1.276800000000000068e+02
1.358733333333333348e+02 1.249866666666666646e+02 1.277333333333333343e+02
1.358266666666666538e+02 1.250466666666666669e+02 1.278066666666666720e+02
1.356903225806451587e+02 1.248967741935483815e+02 1.277677419354838690e+02
1.355806451612903345e+02 1.249225806451612897e+02 1.278580645161290334e+02
1.355827814569536542e+02 1.248874172185430496e+02 1.279139072847682144e+02
1.356357615894039839e+02 1.249470198675496704e+02 1.279205298013245056e+02
1.355000000000000000e+02 1.247933333333333366e+02 1.279133333333333269e+02
1.354444444444444571e+02 1.249346405228758101e+02 1.279869281045751563e+02
1.354533333333333474e+02 1.250533333333333275e+02 1.279000000000000057e+02
1.352847682119205217e+02 1.249867549668874176e+02 1.279072847682119232e+02
1.352272727272727195e+02 1.250259740259740227e+02 1.278701298701298725e+02
1.351895424836601194e+02 1.249542483660130756e+02 1.277712418300653638e+02
1.351543624161073751e+02 1.250604026845637549e+02 1.277382550335570528e+02
1.351315789473684106e+02 1.250592105263157947e+02 1.277828947368421098e+02
1.351768707482993079e+02 1.252448979591836746e+02 1.277687074829931930e+02
1.353289473684210407e+02 1.253881578947368354e+02 1.276184210526315752e+02
1.353464052287581580e+02 1.253660130718954235e+02 1.276797385620915009e+02
1.353398692810457646e+02 1.255686274509803866e+02 1.277254901960784252e+02
1.352500000000000000e+02 1.254662162162162105e+02 1.277702702702702737e+02
1.353466666666666640e+02 1.254066666666666663e+02 1.279800000000000040e+02
1.352516556291390657e+02 1.254503311258278160e+02 1.279470198675496704e+02
1.353000000000000114e+02 1.256466666666666612e+02 1.280000000000000000e+02
1.352763157894736707e+02 1.257828947368421098e+02 1.279144736842105203e+02
1.353354838709677495e+02 1.258322580645161253e+02 1.278838709677419416e+02
1.353311258278145601e+02 1.258609271523178847e+02 1.279801324503311264e+02
1.353986928104575043e+02 1.256732026143790790e+02 1.280261437908496873e+02
1.355394736842105203e+02 1.258552631578947398e+02 1.280000000000000000e+02
1.353333333333333428e+02 1.259200000000000017e+02 1.278799999999999955e+02
1.352847682119205217e+02 1.259470198675496704e+02 1.279006622516556320e+02
1.352077922077922096e+02 1.261558441558441501e+02 1.277337662337662323e+02
1.352091503267973849e+02 1.262549019607843093e+02 1.275228758169934622e+02
1.353421052631578902e+02 1.261447368421052602e+02 1.274736842105263150e+02
1.351677419354838605e+02 1.263161290322580612e+02 1.274258064516128997e+02
1.353377483443708513e+02 1.262582781456953711e+02 1.275629139072847664e+02
1.354121621621621614e+02 1.261418918918918877e+02 1.275202702702702737e+02
1.355510204081632821e+02 1.262040816326530575e+02 1.275034013605442169e+02
1.356137652721214693e+02 1.262733604837714410e+02 1.275125990373935565e+02
1.356266666666666652e+02 1.263199999999999932e+02 1.274666666666666686e+02
1.357284768211920607e+02 1.263509933774834479e+02 1.274370860927152336e+02
1.357533333333333303e+02 1.264333333333333371e+02 1.274333333333333371e+02
1.357350993377483519e+02 1.266225165562913872e+02 1.273046357615894095e+02
1.358104575163398806e+02 1.265032679738562109e+02 1.273333333333333286e+02
1.357697368421052602e+02 1.265526315789473699e+02 1.273157894736842053e+02
1.357828947368421098e+02 1.265065789473684248e+02 1.271447368421052602e+02
1.358000000000000114e+02 1.264133333333333269e+02 1.270933333333333337e+02
1.358120805369127595e+02 1.262416107382550337e+02 1.272281879194630818e+02
1.358724832214765001e+02 1.261409395973154375e+02 1.272348993288590577e+02
1.358866666666666561e+02 1.261533333333333360e+02 1.273199999999999932e+02
1.358600000000000136e+02 1.263599999999999994e+02 1.273266666666666680e+02
1.358954248366013076e+02 1.263986928104575185e+02 1.272026143790849630e+02
1.357814569536423903e+02 1.264503311258278160e+02 1.271324503311258241e+02
