1.275526315789473699e+02 1.281118421052631504e+02 1.281842105263157805e+02
1.275199999999999960e+02 1.281333333333333258e+02 1.281800000000000068e+02
1.275167785234899327e+02 1.281812080536912788e+02 1.281543624161073751e+02
1.276266666666666652e+02 1.282066666666666777e+02 1.280266666666666708e+02
1.275761589403973488e+02 1.281589403973509889e+02 1.279668874172185440e+02
1.275266666666666708e+02 1.281866666666666674e+02 1.279599999999999937e+02
1.275894039735099312e+02 1.281192052980132416e+02 1.280331125827814560e+02
1.276845637583892596e+02 1.281140939597315480e+02 1.278724832214765144e+02
1.276973684210526301e+02 1.280460526315789593e+02 1.279934210526315752e+02
1.277483443708609201e+02 1.280596026490066208e+02 1.279337748344370880e+02
1.275973154362416153e+02 1.278859060402684520e+02 1.278993288590604038e+02
1.277986577181208077e+02 1.278926174496644279e+02 1.278322147651006730e+02
1.277533333333333303e+02 1.277466666666666697e+02 1.278400000000000034e+02
1.277600000000000051e+02 1.277266666666666737e+02 1.278733333333333348e+02
1.277666666666666657e+02 1.277333333333333343e+02 1.278733333333333348e+02
1.278266666666666680e+02 1.277600000000000051e+02 1.278599999999999994e+02
1.278266666666666680e+02 1.277600000000000051e+02 1.278599999999999994e+02
1.278657718120805384e+02 1.277516778523489904e+02 1.278523489932885866e+02
1.278400000000000034e+02 1.277866666666666617e+02 1.278599999999999994e+02
1.278333333333333286e+02 1.278133333333333326e+02 1.278466666666666640e+02
1.278333333333333286e+02 1.278133333333333326e+02 1.278466666666666640e+02
1.278333333333333286e+02 1.278133333333333326e+02 1.278466666666666640e+02
1.278333333333333286e+02 1.278133333333333326e+02 1.278466666666666640e+02
1.278533333333333388e+02 1.277933333333333366e+02 1.278533333333333388e+02
1.278533333333333388e+02 1.277933333333333366e+02 1.278533333333333388e+02
1.278533333333333388e+02 1.277933333333333366e+02 1.278533333333333388e+02
1.278533333333333388e+02 1.277933333333333366e+02 1.278533333333333388e+02
1.278533333333333388e+02 1.277933333333333366e+02 1.278533333333333388e+02
1.278533333333333388e+02 1.277933333333333366e+02 1.278533333333333388e+02
1.278533333333333388e+02 1.277933333333333366e+02 1.278533333333333388e+02
1.278533333333333388e+02 1.277933333333333366e+02 1.278533333333333388e+02
1.278533333333333388e+02 1.277933333333333366e+02 1.278533333333333388e+02
1.278533333333333388e+02 1.277933333333333366e+02 1.278533333333333388e+02
1.278533333333333388e+02 1.277933333333333366e+02 1.278533333333333388e+02
1.278533333333333388e+02 1.277933333333333366e+02 1.278533333333333388e+02
1.278533333333333388e+02 1.277933333333333366e+02 1.278533333333333388e+02
1.278533333333333388e+02 1.277933333333333366e+02 1.278533333333333388e+02
1.278533333333333388e+02 1.277933333333333366e+02 1.278533333333333388e+02
1.278533333333333388e+02 1.277933333333333366e+02 1.278533333333333388e+02
1.278533333333333388e+02 1.277933333333333366e+02 1.278533333333333388e+02
1.278533333333333388e+02 1.277933333333333366e+02 1.278533333333333388e+02
1.278533333333333388e+02 1.277933333333333366e+02 1.278533333333333388e+02
1.278533333333333388e+02 1.277933333333333366e+02 1.278533333333333388e+02
1.278533333333333388e+02 1.277933333333333366e+02 1.278533333333333388e+02
1.278533333333333388e+02 1.277933333333333366e+02 1.278533333333333388e+02
1.278533333333333388e+02 1.277933333333333366e+02 1.278533333333333388e+02
1.278533333333333388e+02 1.277933333333333366e+02 1.278533333333333388e+02
1.278533333333333388e+02 1.277933333333333366e+02 1.278533333333333388e+02
1.278533333333333388e+02 1.277933333333333366e+02 1.278533333333333388e+02
1.278533333333333388e+02 1.277933333333333366e+02 1.278533333333333388e+02
1.278533333333333388e+02 1.277933333333333366e+02 1.278533333333333388e+02
1.278533333333333388e+02 1.277933333333333366e+02 1.278533333333333388e+02
1.278533333333333388e+02 1.277933333333333366e+02 1.278533333333333388e+02
1.278533333333333388e+02 1.277933333333333366e+02 1.278533333333333388e+02
1.278533333333333388e+02 1.277933333333333366e+02 1.278533333333333388e+02
1.278533333333333388e+02 1.277933333333333366e+02 1.278533333333333388e+02
1.278533333333333388e+02 1.277933333333333366e+02 1.278533333333333388e+02
1.278533333333333388e+02 1.277933333333333366e+02 1.278533333333333388e+02
1.278533333333333388e+02 1.277933333333333366e+02 1.278533333333333388e+02
1.278533333333333388e+02 1.277933333333333366e+02 1.278533333333333388e+02
1.278533333333333388e+02 1.277933333333333366e+02 1.278533333333333388e+02
1.278533333333333388e+02 1.277933333333333366e+02 1.278533333333333388e+02
1.278533333333333388e+02 1.277933333333333366e+02 1.278533333333333388e+02
1.278533333333333388e+02 1.277933333333333366e+02 1.278533333333333388e+02
1.278533333333333388e+02 1.277933333333333366e+02 1.278533333333333388e+02
1.278533333333333388e+02 1.277933333333333366e+02 1.278533333333333388e+02
1.278533333333333388e+02 1.277933333333333366e+02 1.278533333333333388e+02
1.278533333333333388e+02 1.277933333333333366e+02 1.278533333333333388e+02
1.278533333333333388e+02 1.277933333333333366e+02 1.278533333333333388e+02
1.278533333333333388e+02 1.277933333333333366e+02 1.278533333333333388e+02
1.278533333333333388e+02 1.277933333333333366e+02 1.278533333333333388e+02
1.278533333333333388e+02 1.277933333333333366e+02 1.278533333333333388e+02
1.278533333333333388e+02 1.277933333333333366e+02 1.278533333333333388e+02
1.278533333333333388e+02 1.277933333333333366e+02 1.278533333333333388e+02
1.278533333333333388e+02 1.277933333333333366e+02 1.278533333333333388e+02
1.278533333333333388e+02 1.277933333333333366e+02 1.278533333333333388e+02
1.278533333333333388e+02 1.277933333333333366e+02 1.278533333333333388e+02
1.278533333333333388e+02 1.277933333333333366e+02 1.278533333333333388e+02
1.278533333333333388e+02 1.277933333333333366e+02 1.278533333333333388e+02
1.278533333333333388e+02 1.277933333333333366e+02 1.278533333333333388e+02
1.278533333333333388e+02 1.277933333333333366e+02 1.278533333333333388e+02
1.278533333333333388e+02 1.277933333333333366e+02 1.278533333333333388e+02
1.278533333333333388e+02 1.277933333333333366e+02 1.278533333333333388e+02
1.278533333333333388e+02 1.277933333333333366e+02 1.278533333333333388e+02
1.278533333333333388e+02 1.277933333333333366e+02 1.278533333333333388e+02
1.278533333333333388e+02 1.277933333333333366e+02 1.278533333333333388e+02
1.278533333333333388e+02 1.277933333333333366e+02 1.278533333333333388e+02
1.278533333333333388e+02 1.277933333333333366e+02 1.278533333333333388e+02
1.278533333333333388e+02 1.277933333333333366e+02 1.278533333333333388e+02
1.278533333333333388e+02 1.277933333333333366e+02 1.278533333333333388e+02
1.278533333333333388e+02 1.277933333333333366e+02 1.278533333333333388e+02
1.278533333333333388e+02 1.277933333333333366e+02 1.278533333333333388e+02
1.278533333333333388e+02 1.277933333333333366e+02 1.278533333333333388e+02
1.278533333333333388e+02 1.277933333333333366e+02 1.278533333333333388e+02
1.278533333333333388e+02 1.277933333333333366e+02 1.278533333333333388e+02
1.278533333333333388e+02 1.277933333333333366e+02 1.278533333333333388e+02
1.278533333333333388e+02 1.277933333333333366e+02 1.278533333333333388e+02
1.278533333333333388e+02 1.277933333333333366e+02 1.278533333333333388e+02
1.278533333333333388e+02 1.277933333333333366e+02 1.278533333333333388e+02
1.278533333333333388e+02 1.277933333333333366e+02 1.278533333333333388e+02
1.278533333333333388e+02 1.277933333333333366e+02 1.278533333333333388e+02
1.278533333333333388e+02 1.277933333333333366e+02 1.278533333333333388e+02
1.278533333333333388e+02 1.277933333333333366e+02 1.278533333333333388e+02
1.278533333333333388e+02 1.277933333333333366e+02 1.278533333333333388e+02
1.278533333333333388e+02 1.277933333333333366e+02 1.278533333333333388e+02
1.278533333333333388e+02 1.277933333333333366e+02 1.278533333333333388e+02
1.278533333333333388e+02 1.277933333333333366e+02 1.278533333333333388e+02
1.278533333333333388e+02 1.277933333333333366e+02 1.278533333333333388e+02
1.278533333333333388e+02 1.277933333333333366e+02 1.278533333333333388e+02
1.278533333333333388e+02 1.277933333333333366e+02 1.278533333333333388e+02
1.278533333333333388e+02 1.277933333333333366e+02 1.278533333333333388e+02
1.278533333333333388e+02 1.277933333333333366e+02 1.278533333333333388e+02
1.278533333333333388e+02 1.277933333333333366e+02 1.278533333333333388e+02
1.278533333333333388e+02 1.277933333333333366e+02 1.278533333333333388e+02
1.278533333333333388e+02 1.277933333333333366e+02 1.278533333333333388e+02
1.278533333333333388e+02 1.277933333333333366e+02 1.278533333333333388e+02
1.278533333333333388e+02 1.277933333333333366e+02 1.278533333333333388e+02
1.278533333333333388e+02 1.277933333333333366e+02 1.278533333333333388e+02
1.278533333333333388e+02 1.277933333333333366e+02 1.278533333333333388e+02
1.278533333333333388e+02 1.277933333333333366e+02 1.278533333333333388e+02
1.278533333333333388e+02 1.277933333333333366e+02 1.278533333333333388e+02
1.278533333333333388e+02 1.277933333333333366e+02 1.278533333333333388e+02
1.278533333333333388e+02 1.277933333333333366e+02 1.278533333333333388e+02
1.278533333333333388e+02 1.277933333333333366e+02 1.278533333333333388e+02
1.278533333333333388e+02 1.277933333333333366e+02 1.278533333333333388e+02
1.278533333333333388e+02 1.277933333333333366e+02 1.278533333333333388e+02
1.278533333333333388e+02 1.277933333333333366e+02 1.278533333333333388e+02
1.278533333333333388e+02 1.277933333333333366e+02 1.278533333333333388e+02
1.278533333333333388e+02 1.277933333333333366e+02 1.278533333333333388e+02
1.278533333333333388e+02 1.277933333333333366e+02 1.278533333333333388e+02
1.278533333333333388e+02 1.277933333333333366e+02 1.278533333333333388e+02
1.278533333333333388e+02 1.277933333333333366e+02 1.278533333333333388e+02
1.278533333333333388e+02 1.277933333333333366e+02 1.278533333333333388e+02
1.278533333333333388e+02 1.277933333333333366e+02 1.278533333333333388e+02
1.278533333333333388e+02 1.277933333333333366e+02 1.278533333333333388e+02
1.278533333333333388e+02 1.277933333333333366e+02 1.278533333333333388e+02
1.278533333333333388e+02 1.277933333333333366e+02 1.278533333333333388e+02
1.278533333333333388e+02 1.277933333333333366e+02 1.278533333333333388e+02
1.278533333333333388e+02 1.277933333333333366e+02 1.278533333333333388e+02
1.278533333333333388e+02 1.277933333333333366e+02 1.278533333333333388e+02
1.278533333333333388e+02 1.277933333333333366e+02 1.278533333333333388e+02
1.278533333333333388e+02 1.277933333333333366e+02 1.278533333333333388e+02
1.278533333333333388e+02 1.277933333333333366e+02 1.278533333333333388e+02
1.278533333333333388e+02 1.277933333333333366e+02 1.278533333333333388e+02
1.278533333333333388e+02 1.277933333333333366e+02 1.278533333333333388e+02
1.278533333333333388e+02 1.277933333333333366e+02 1.278533333333333388e+02
1.278533333333333388e+02 1.277933333333333366e+02 1.278533333333333388e+02
1.278533333333333388e+02 1.277933333333333366e+02 1.278533333333333388e+02
1.278533333333333388e+02 1.277933333333333366e+02 1.278533333333333388e+02
1.278533333333333388e+02 1.277933333333333366e+02 1.278533333333333388e+02
1.278533333333333388e+02 1.277933333333333366e+02 1.278533333333333388e+02
1.278533333333333388e+02 1.277933333333333366e+02 1.278533333333333388e+02
1.278533333333333388e+02 1.277933333333333366e+02 1.278533333333333388e+02
1.278533333333333388e+02 1.277933333333333366e+02 1.278533333333333388e+02
1.278533333333333388e+02 1.277933333333333366e+02 1.278533333333333388e+02
1.278533333333333388e+02 1.277933333333333366e+02 1.278533333333333388e+02
1.278533333333333388e+02 1.277933333333333366e+02 1.278533333333333388e+02
1.278533333333333388e+02 1.277933333333333366e+02 1.278533333333333388e+02
1.278533333333333388e+02 1.277933333333333366e+02 1.278533333333333388e+02
1.278533333333333388e+02 1.277933333333333366e+02 1.278533333333333388e+02
1.278533333333333388e+02 1.277933333333333366e+02 1.278533333333333388e+02
1.278533333333333388e+02 1.277933333333333366e+02 1.278533333333333388e+02
1.278533333333333388e+02 1.277933333333333366e+02 1.278533333333333388e+02
1.278533333333333388e+02 1.277933333333333366e+02 1.278533333333333388e+02
1.278533333333333388e+02 1.277933333333333366e+02 1.278533333333333388e+02
1.278533333333333388e+02 1.277933333333333366e+02 1.278533333333333388e+02
1.278533333333333388e+02 1.277933333333333366e+02 1.278533333333333388e+02
1.278533333333333388e+02 1.277933333333333366e+02 1.278533333333333388e+02
1.278533333333333388e+02 1.277933333333333366e+02 1.278533333333333388e+02
1.278533333333333388e+02 1.277933333333333366e+02 1.278533333333333388e+02
1.278533333333333388e+02 1.277933333333333366e+02 1.278533333333333388e+02
1.278533333333333388e+02 1.277933333333333366e+02 1.278533333333333388e+02
1.278533333333333388e+02 1.277933333333333366e+02 1.278533333333333388e+02
1.278533333333333388e+02 1.277933333333333366e+02 1.278533333333333388e+02
1.278533333333333388e+02 1.277933333333333366e+02 1.278533333333333388e+02
1.278533333333333388e+02 1.277933333333333366e+02 1.278533333333333388e+02
1.278533333333333388e+02 1.277933333333333366e+02 1.278533333333333388e+02
1.278533333333333388e+02 1.277933333333333366e+02 1.278533333333333388e+02
1.278533333333333388e+02 1.277933333333333366e+02 1.278533333333333388e+02
1.278533333333333388e+02 1.277933333333333366e+02 1.278533333333333388e+02
1.278533333333333388e+02 1.277933333333333366e+02 1.278533333333333388e+02
1.278533333333333388e+02 1.277933333333333366e+02 1.278533333333333388e+02
1.278533333333333388e+02 1.277933333333333366e+02 1.278533333333333388e+02
1.278533333333333388e+02 1.277933333333333366e+02 1.278533333333333388e+02
1.278533333333333388e+02 1.277933333333333366e+02 1.278533333333333388e+02
1.278533333333333388e+02 1.277933333333333366e+02 1.278533333333333388e+02
1.278533333333333388e+02 1.277933333333333366e+02 1.278533333333333388e+02
1.278533333333333388e+02 1.277933333333333366e+02 1.278533333333333388e+02
1.278533333333333388e+02 1.277933333333333366e+02 1.278533333333333388e+02
1.278533333333333388e+02 1.277933333333333366e+02 1.278533333333333388e+02
1.278533333333333388e+02 1.277933333333333366e+02 1.278533333333333388e+02
1.278533333333333388e+02 1.277933333333333366e+02 1.278533333333333388e+02
1.278533333333333388e+02 1.277933333333333366e+02 1.278533333333333388e+02
1.278533333333333388e+02 1.277933333333333366e+02 1.278533333333333388e+02
1.278533333333333388e+02 1.277933333333333366e+02 1.278533333333333388e+02
1.278533333333333388e+02 1.277933333333333366e+02 1.278533333333333388e+02
1.278533333333333388e+02 1.277933333333333366e+02 1.278533333333333388e+02
1.278533333333333388e+02 1.277933333333333366e+02 1.278533333333333388e+02
1.278533333333333388e+02 1.277933333333333366e+02 1.278533333333333388e+02
1.278533333333333388e+02 1.277933333333333366e+02 1.278533333333333388e+02
1.278533333333333388e+02 1.277933333333333366e+02 1.278533333333333388e+02
1.278533333333333388e+02 1.277933333333333366e+02 1.278533333333333388e+02
1.278533333333333388e+02 1.277933333333333366e+02 1.278533333333333388e+02
1.278533333333333388e+02 1.277933333333333366e+02 1.278533333333333388e+02
1.278533333333333388e+02 1.277933333333333366e+02 1.278533333333333388e+02
1.278533333333333388e+02 1.277933333333333366e+02 1.278533333333333388e+02
1.278533333333333388e+02 1.277933333333333366e+02 1.278533333333333388e+02
1.278533333333333388e+02 1.277933333333333366e+02 1.278533333333333388e+02
1.278533333333333388e+02 1.277933333333333366e+02 1.278533333333333388e+02
1.278533333333333388e+02 1.277933333333333366e+02 1.278533333333333388e+02
1.278533333333333388e+02 1.277933333333333366e+02 1.278533333333333388e+02
1.278533333333333388e+02 1.277933333333333366e+02 1.278533333333333388e+02
1.278533333333333388e+02 1.277933333333333366e+02 1.278533333333333388e+02
1.278533333333333388e+02 1.277933333333333366e+02 1.278533333333333388e+02
1.278533333333333388e+02 1.277933333333333366e+02 1.278533333333333388e+02
1.278533333333333388e+02 1.277933333333333366e+02 1.278533333333333388e+02
1.278533333333333388e+02 1.277933333333333366e+02 1.278533333333333388e+02
1.278533333333333388e+02 1.277933333333333366e+02 1.278533333333333388e+02
1.278533333333333388e+02 1.277933333333333366e+02 1.278533333333333388e+02
1.278533333333333388e+02 1.277933333333333366e+02 1.278533333333333388e+02
1.278533333333333388e+02 1.277933333333333366e+02 1.278533333333333388e+02
1.278533333333333388e+02 1.277933333333333366e+02 1.278533333333333388e+02
1.278533333333333388e+02 1.277933333333333366e+02 1.278533333333333388e+02
1.278533333333333388e+02 1.277933333333333366e+02 1.278533333333333388e+02
1.278533333333333388e+02 1.277933333333333366e+02 1.278533333333333388e+02
1.278533333333333388e+02 1.277933333333333366e+02 1.278533333333333388e+02
1.278533333333333388e+02 1.277933333333333366e+02 1.278533333333333388e+02
1.278533333333333388e+02 1.277933333333333366e+02 1.278533333333333388e+02
1.278533333333333388e+02 1.277933333333333366e+02 1.278533333333333388e+02
1.278533333333333388e+02 1.277933333333333366e+02 1.278533333333333388e+02
1.278533333333333388e+02 1.277933333333333366e+02 1.278533333333333388e+02
1.278533333333333388e+02 1.277933333333333366e+02 1.278533333333333388e+02
1.278533333333333388e+02 1.277933333333333366e+02 1.278533333333333388e+02
1.278533333333333388e+02 1.277933333333333366e+02 1.278533333333333388e+02
1.278533333333333388e+02 1.277933333333333366e+02 1.278533333333333388e+02
1.278533333333333388e+02 1.277933333333333366e+02 1.278533333333333388e+02
1.278533333333333388e+02 1.277933333333333366e+02 1.278533333333333388e+02
1.278533333333333388e+02 1.277933333333333366e+02 1.278533333333333388e+02
1.278533333333333388e+02 1.277933333333333366e+02 1.278533333333333388e+02
1.278533333333333388e+02 1.277933333333333366e+02 1.278533333333333388e+02
1.278533333333333388e+02 1.277933333333333366e+02 1.278533333333333388e+02
1.278533333333333388e+02 1.277933333333333366e+02 1.278533333333333388e+02
1.278533333333333388e+02 1.277933333333333366e+02 1.278533333333333388e+02
1.278533333333333388e+02 1.277933333333333366e+02 1.278533333333333388e+02
1.278533333333333388e+02 1.277933333333333366e+02 1.278533333333333388e+02
1.278533333333333388e+02 1.277933333333333366e+02 1.278533333333333388e+02
1.278533333333333388e+02 1.277933333333333366e+02 1.278533333333333388e+02
1.278533333333333388e+02 1.277933333333333366e+02 1.278533333333333388e+02
1.278533333333333388e+02 1.277933333333333366e+02 1.278533333333333388e+02
1.278533333333333388e+02 1.277933333333333366e+02 1.278533333333333388e+02
1.278533333333333388e+02 1.277933333333333366e+02 1.278533333333333388e+02
1.278533333333333388e+02 1.277933333333333366e+02 1.278533333333333388e+02
1.278533333333333388e+02 1.277933333333333366e+02 1.278533333333333388e+02
1.278533333333333388e+02 1.277933333333333366e+02 1.278533333333333388e+02
1.278533333333333388e+02 1.277933333333333366e+02 1.278533333333333388e+02
1.278533333333333388e+02 1.277933333333333366e+02 1.278533333333333388e+02
1.278533333333333388e+02 1.277933333333333366e+02 1.278533333333333388e+02
1.278533333333333388e+02 1.277933333333333366e+02 1.278533333333333388e+02
1.278533333333333388e+02 1.277933333333333366e+02 1.278533333333333388e+02
1.278533333333333388e+02 1.277933333333333366e+02 1.278533333333333388e+02
1.278533333333333388e+02 1.277933333333333366e+02 1.278533333333333388e+02
1.278533333333333388e+02 1.277933333333333366e+02 1.278533333333333388e+02
1.278533333333333388e+02 1.277933333333333366e+02 1.278533333333333388e+02
1.278533333333333388e+02 1.277933333333333366e+02 1.278533333333333388e+02
1.278533333333333388e+02 1.277933333333333366e+02 1.278533333333333388e+02
1.278533333333333388e+02 1.277933333333333366e+02 1.278533333333333388e+02
1.278533333333333388e+02 1.277933333333333366e+02 1.278533333333333388e+02
1.278533333333333388e+02 1.277933333333333366e+02 1.278533333333333388e+02
1.278533333333333388e+02 1.277933333333333366e+02 1.278533333333333388e+02
1.278533333333333388e+02 1.277933333333333366e+02 1.278533333333333388e+02
1.278533333333333388e+02 1.277933333333333366e+02 1.278533333333333388e+02
1.278533333333333388e+02 1.277933333333333366e+02 1.278533333333333388e+02
1.278533333333333388e+02 1.277933333333333366e+02 1.278533333333333388e+02
1.278533333333333388e+02 1.277933333333333366e+02 1.278533333333333388e+02
1.278533333333333388e+02 1.277933333333333366e+02 1.278533333333333388e+02
1.278533333333333388e+02 1.277933333333333366e+02 1.278533333333333388e+02
1.278533333333333388e+02 1.277933333333333366e+02 1.278533333333333388e+02
1.278533333333333388e+02 1.277933333333333366e+02 1.278533333333333388e+02
1.278533333333333388e+02 1.277933333333333366e+02 1.278533333333333388e+02
1.278533333333333388e+02 1.277933333333333366e+02 1.278533333333333388e+02
1.278533333333333388e+02 1.277933333333333366e+02 1.278533333333333388e+02
1.278533333333333388e+02 1.277933333333333366e+02 1.278533333333333388e+02
1.278533333333333388e+02 1.277933333333333366e+02 1.278533333333333388e+02
1.278533333333333388e+02 1.277933333333333366e+02 1.278533333333333388e+02
1.278533333333333388e+02 1.277933333333333366e+02 1.278533333333333388e+02
1.278533333333333388e+02 1.277933333333333366e+02 1.278533333333333388e+02
1.278533333333333388e+02 1.277933333333333366e+02 1.278533333333333388e+02
1.278533333333333388e+02 1.277933333333333366e+02 1.278533333333333388e+02
1.278533333333333388e+02 1.277933333333333366e+02 1.278533333333333388e+02
1.278533333333333388e+02 1.277933333333333366e+02 1.278533333333333388e+02
1.278533333333333388e+02 1.277933333333333366e+02 1.278533333333333388e+02
1.278533333333333388e+02 1.277933333333333366e+02 1.278533333333333388e+02
1.278533333333333388e+02 1.277933333333333366e+02 1.278533333333333388e+02
1.278533333333333388e+02 1.277933333333333366e+02 1.278533333333333388e+02
1.278533333333333388e+02 1.277933333333333366e+02 1.278533333333333388e+02
1.278533333333333388e+02 1.277933333333333366e+02 1.278533333333333388e+02
1.278533333333333388e+02 1.277933333333333366e+02 1.278533333333333388e+02
1.278533333333333388e+02 1.277933333333333366e+02 1.278533333333333388e+02
1.278533333333333388e+02 1.277933333333333366e+02 1.278533333333333388e+02
1.278533333333333388e+02 1.277933333333333366e+02 1.278533333333333388e+02
1.278533333333333388e+02 1.277933333333333366e+02 1.278533333333333388e+02
1.278533333333333388e+02 1.277933333333333366e+02 1.278533333333333388e+02
1.278533333333333388e+02 1.277933333333333366e+02 1.278533333333333388e+02
1.278533333333333388e+02 1.277933333333333366e+02 1.278533333333333388e+02
1.278533333333333388e+02 1.277933333333333366e+02 1.278533333333333388e+02
1.278533333333333388e+02 1.277933333333333366e+02 1.278533333333333388e+02
1.278533333333333388e+02 1.277933333333333366e+02 1.278533333333333388e+02
1.278533333333333388e+02 1.277933333333333366e+02 1.278533333333333388e+02
1.278533333333333388e+02 1.277933333333333366e+02 1.278533333333333388e+02
1.278533333333333388e+02 1.277933333333333366e+02 1.278533333333333388e+02
1.278533333333333388e+02 1.277933333333333366e+02 1.278533333333333388e+02
1.278533333333333388e+02 1.277933333333333366e+02 1.278533333333333388e+02
1.278533333333333388e+02 1.277933333333333366e+02 1.278533333333333388e+02
1.278533333333333388e+02 1.277933333333333366e+02 1.278533333333333388e+02
1.278533333333333388e+02 1.277933333333333366e+02 1.278533333333333388e+02
1.278533333333333388e+02 1.277933333333333366e+02 1.278533333333333388e+02
1.278533333333333388e+02 1.277933333333333366e+02 1.278533333333333388e+02
1.278533333333333388e+02 1.277933333333333366e+02 1.278533333333333388e+02
1.278533333333333388e+02 1.277933333333333366e+02 1.278533333333333388e+02
1.278533333333333388e+02 1.277933333333333366e+02 1.278533333333333388e+02
1.278533333333333388e+02 1.277933333333333366e+02 1.278533333333333388e+02
1.278533333333333388e+02 1.277933333333333366e+02 1.278533333333333388e+02
1.278533333333333388e+02 1.277933333333333366e+02 1.278533333333333388e+02
1.278533333333333388e+02 1.277933333333333366e+02 1.278533333333333388e+02
1.278533333333333388e+02 1.277933333333333366e+02 1.278533333333333388e+02
1.278533333333333388e+02 1.277933333333333366e+02 1.278533333333333388e+02
1.278533333333333388e+02 1.277933333333333366e+02 1.278533333333333388e+02
1.278533333333333388e+02 1.277933333333333366e+02 1.278533333333333388e+02
1.278533333333333388e+02 1.277933333333333366e+02 1.278533333333333388e+02
1.278533333333333388e+02 1.277933333333333366e+02 1.278533333333333388e+02
1.278533333333333388e+02 1.277933333333333366e+02 1.278533333333333388e+02
1.278533333333333388e+02 1.277933333333333366e+02 1.278533333333333388e+02
1.278533333333333388e+02 1.277933333333333366e+02 1.278533333333333388e+02
1.278533333333333388e+02 1.277933333333333366e+02 1.278533333333333388e+02
1.278533333333333388e+02 1.277933333333333366e+02 1.278533333333333388e+02
1.278533333333333388e+02 1.277933333333333366e+02 1.278533333333333388e+02
1.278533333333333388e+02 1.277933333333333366e+02 1.278533333333333388e+02
1.278533333333333388e+02 1.277933333333333366e+02 1.278533333333333388e+02
1.278533333333333388e+02 1.277933333333333366e+02 1.278533333333333388e+02
1.278533333333333388e+02 1.277933333333333366e+02 1.278533333333333388e+02
1.278533333333333388e+02 1.277933333333333366e+02 1.278533333333333388e+02
1.278533333333333388e+02 1.277933333333333366e+02 1.278533333333333388e+02
1.278533333333333388e+02 1.277933333333333366e+02 1.278533333333333388e+02
1.278533333333333388e+02 1.277933333333333366e+02 1.278533333333333388e+02
1.278533333333333388e+02 1.277933333333333366e+02 1.278533333333333388e+02
1.278533333333333388e+02 1.277933333333333366e+02 1.278533333333333388e+02
1.278533333333333388e+02 1.277933333333333366e+02 1.278533333333333388e+02
1.278533333333333388e+02 1.277933333333333366e+02 1.278533333333333388e+02
1.278533333333333388e+02 1.277933333333333366e+02 1.278533333333333388e+02
1.278533333333333388e+02 1.277933333333333366e+02 1.278533333333333388e+02
1.278533333333333388e+02 1.277933333333333366e+02 1.278533333333333388e+02
1.278533333333333388e+02 1.277933333333333366e+02 1.278533333333333388e+02
1.278533333333333388e+02 1.277933333333333366e+02 1.278533333333333388e+02
1.278533333333333388e+02 1.277933333333333366e+02 1.278533333333333388e+02
1.278533333333333388e+02 1.277933333333333366e+02 1.278533333333333388e+02
1.278533333333333388e+02 1.277933333333333366e+02 1.278533333333333388e+02
1.278533333333333388e+02 1.277933333333333366e+02 1.278533333333333388e+02
1.278533333333333388e+02 1.277933333333333366e+02 1.278533333333333388e+02
1.278533333333333388e+02 1.277933333333333366e+02 1.278533333333333388e+02
1.278533333333333388e+02 1.277933333333333366e+02 1.278533333333333388e+02
1.278533333333333388e+02 1.277933333333333366e+02 1.278533333333333388e+02
1.278533333333333388e+02 1.277933333333333366e+02 1.278533333333333388e+02
1.278533333333333388e+02 1.277933333333333366e+02 1.278533333333333388e+02
1.278533333333333388e+02 1.277933333333333366e+02 1.278533333333333388e+02
1.278533333333333388e+02 1.277933333333333366e+02 1.278533333333333388e+02
1.278533333333333388e+02 1.277933333333333366e+02 1.278533333333333388e+02
1.278533333333333388e+02 1.277933333333333366e+02 1.278533333333333388e+02
1.278533333333333388e+02 1.277933333333333366e+02 1.278533333333333388e+02
1.278533333333333388e+02 1.277933333333333366e+02 1.278533333333333388e+02
1.278533333333333388e+02 1.277933333333333366e+02 1.278533333333333388e+02
1.278533333333333388e+02 1.277933333333333366e+02 1.278533333333333388e+02
1.278533333333333388e+02 1.277933333333333366e+02 1.278533333333333388e+02
1.278533333333333388e+02 1.277933333333333366e+02 1.278533333333333388e+02
1.278533333333333388e+02 1.277933333333333366e+02 1.278533333333333388e+02
1.278533333333333388e+02 1.277933333333333366e+02 1.278533333333333388e+02
1.278533333333333388e+02 1.277933333333333366e+02 1.278533333333333388e+02
1.278533333333333388e+02 1.277933333333333366e+02 1.278533333333333388e+02
1.278533333333333388e+02 1.277933333333333366e+02 1.278533333333333388e+02
1.278533333333333388e+02 1.277933333333333366e+02 1.278533333333333388e+02
1.278533333333333388e+02 1.277933333333333366e+02 1.278533333333333388e+02
1.278533333333333388e+02 1.277933333333333366e+02 1.278533333333333388e+02
1.278533333333333388e+02 1.277933333333333366e+02 1.278533333333333388e+02
1.278533333333333388e+02 1.277933333333333366e+02 1.278533333333333388e+02
1.278533333333333388e+02 1.277933333333333366e+02 1.278533333333333388e+02
1.278533333333333388e+02 1.277933333333333366e+02 1.278533333333333388e+02
1.278533333333333388e+02 1.277933333333333366e+02 1.278533333333333388e+02
1.278533333333333388e+02 1.277933333333333366e+02 1.278533333333333388e+02
1.278533333333333388e+02 1.277933333333333366e+02 1.278533333333333388e+02
1.278533333333333388e+02 1.277933333333333366e+02 1.278533333333333388e+02
1.278533333333333388e+02 1.277933333333333366e+02 1.278533333333333388e+02
1.278533333333333388e+02 1.277933333333333366e+02 1.278533333333333388e+02
1.278533333333333388e+02 1.277933333333333366e+02 1.278533333333333388e+02
1.278533333333333388e+02 1.277933333333333366e+02 1.278533333333333388e+02
1.278533333333333388e+02 1.277933333333333366e+02 1.278533333333333388e+02
1.278533333333333388e+02 1.277933333333333366e+02 1.278533333333333388e+02
1.278533333333333388e+02 1.277933333333333366e+02 1.278533333333333388e+02
1.278533333333333388e+02 1.277933333333333366e+02 1.278533333333333388e+02
1.278533333333333388e+02 1.277933333333333366e+02 1.278533333333333388e+02
1.278533333333333388e+02 1.277933333333333366e+02 1.278533333333333388e+02
1.278533333333333388e+02 1.277933333333333366e+02 1.278533333333333388e+02
1.278533333333333388e+02 1.277933333333333366e+02 1.278533333333333388e+02
1.278533333333333388e+02 1.277933333333333366e+02 1.278533333333333388e+02
1.278533333333333388e+02 1.277933333333333366e+02 1.278533333333333388e+02
1.278533333333333388e+02 1.277933333333333366e+02 1.278533333333333388e+02
1.278533333333333388e+02 1.277933333333333366e+02 1.278533333333333388e+02
1.278533333333333388e+02 1.277933333333333366e+02 1.278533333333333388e+02
1.278533333333333388e+02 1.277933333333333366e+02 1.278533333333333388e+02
1.278533333333333388e+02 1.277933333333333366e+02 1.278533333333333388e+02
1.278533333333333388e+02 1.277933333333333366e+02 1.278533333333333388e+02
1.278533333333333388e+02 1.277933333333333366e+02 1.278533333333333388e+02
1.278533333333333388e+02 1.277933333333333366e+02 1.278533333333333388e+02
1.278533333333333388e+02 1.277933333333333366e+02 1.278533333333333388e+02
1.278533333333333388e+02 1.277933333333333366e+02 1.278533333333333388e+02
1.278533333333333388e+02 1.277933333333333366e+02 1.278533333333333388e+02
1.278533333333333388e+02 1.277933333333333366e+02 1.278533333333333388e+02
1.278533333333333388e+02 1.277933333333333366e+02 1.278533333333333388e+02
1.278533333333333388e+02 1.277933333333333366e+02 1.278533333333333388e+02
1.278533333333333388e+02 1.277933333333333366e+02 1.278533333333333388e+02
1.278533333333333388e+02 1.277933333333333366e+02 1.278533333333333388e+02
1.278533333333333388e+02 1.277933333333333366e+02 1.278533333333333388e+02
1.278533333333333388e+02 1.277933333333333366e+02 1.278533333333333388e+02
1.278533333333333388e+02 1.277933333333333366e+02 1.278533333333333388e+02
1.278533333333333388e+02 1.277933333333333366e+02 1.278533333333333388e+02
1.278533333333333388e+02 1.277933333333333366e+02 1.278533333333333388e+02
1.278533333333333388e+02 1.277933333333333366e+02 1.278533333333333388e+02
1.278533333333333388e+02 1.277933333333333366e+02 1.278533333333333388e+02
1.278533333333333388e+02 1.277933333333333366e+02 1.278533333333333388e+02
1.278533333333333388e+02 1.277933333333333366e+02 1.278533333333333388e+02
1.278533333333333388e+02 1.277933333333333366e+02 1.278533333333333388e+02
1.278533333333333388e+02 1.277933333333333366e+02 1.278533333333333388e+02
1.278533333333333388e+02 1.277933333333333366e+02 1.278533333333333388e+02
1.278533333333333388e+02 1.277933333333333366e+02 1.278533333333333388e+02
1.278533333333333388e+02 1.277933333333333366e+02 1.278533333333333388e+02
1.278533333333333388e+02 1.277933333333333366e+02 1.278533333333333388e+02
1.278533333333333388e+02 1.277933333333333366e+02 1.278533333333333388e+02
1.278533333333333388e+02 1.277933333333333366e+02 1.278533333333333388e+02
1.278533333333333388e+02 1.277933333333333366e+02 1.278533333333333388e+02
1.278533333333333388e+02 1.277933333333333366e+02 1.278533333333333388e+02
1.278533333333333388e+02 1.277933333333333366e+02 1.278533333333333388e+02
1.278533333333333388e+02 1.277933333333333366e+02 1.278533333333333388e+02
1.278533333333333388e+02 1.277933333333333366e+02 1.278533333333333388e+02
1.278533333333333388e+02 1.277933333333333366e+02 1.278533333333333388e+02
1.278533333333333388e+02 1.277933333333333366e+02 1.278533333333333388e+02
1.278533333333333388e+02 1.277933333333333366e+02 1.278533333333333388e+02
1.278533333333333388e+02 1.277933333333333366e+02 1.278533333333333388e+02
1.278533333333333388e+02 1.277933333333333366e+02 1.278533333333333388e+02
1.278533333333333388e+02 1.277933333333333366e+02 1.278533333333333388e+02
1.278533333333333388e+02 1.277933333333333366e+02 1.278533333333333388e+02
1.278533333333333388e+02 1.277933333333333366e+02 1.278533333333333388e+02
1.278533333333333388e+02 1.277933333333333366e+02 1.278533333333333388e+02
1.278533333333333388e+02 1.277933333333333366e+02 1.278533333333333388e+02
1.278533333333333388e+02 1.277933333333333366e+02 1.278533333333333388e+02
1.278533333333333388e+02 1.277933333333333366e+02 1.278533333333333388e+02
1.278533333333333388e+02 1.277933333333333366e+02 1.278533333333333388e+02
1.278533333333333388e+02 1.277933333333333366e+02 1.278533333333333388e+02
1.278533333333333388e+02 1.277933333333333366e+02 1.278533333333333388e+02
1.278533333333333388e+02 1.277933333333333366e+02 1.278533333333333388e+02
1.278533333333333388e+02 1.277933333333333366e+02 1.278533333333333388e+02
1.278533333333333388e+02 1.277933333333333366e+02 1.278533333333333388e+02
1.278533333333333388e+02 1.277933333333333366e+02 1.278533333333333388e+02
1.278533333333333388e+02 1.277933333333333366e+02 1.278533333333333388e+02
1.278533333333333388e+02 1.277933333333333366e+02 1.278533333333333388e+02
1.278533333333333388e+02 1.277933333333333366e+02 1.278533333333333388e+02
1.278533333333333388e+02 1.277933333333333366e+02 1.278533333333333388e+02
1.278533333333333388e+02 1.277933333333333366e+02 1.278533333333333388e+02
1.278533333333333388e+02 1.277933333333333366e+02 1.278533333333333388e+02
1.278533333333333388e+02 1.277933333333333366e+02 1.278533333333333388e+02
1.278533333333333388e+02 1.277933333333333366e+02 1.278533333333333388e+02
1.278533333333333388e+02 1.277933333333333366e+02 1.278533333333333388e+02
1.278533333333333388e+02 1.277933333333333366e+02 1.278533333333333388e+02
1.278533333333333388e+02 1.277933333333333366e+02 1.278533333333333388e+02
1.278533333333333388e+02 1.277933333333333366e+02 1.278533333333333388e+02
1.278533333333333388e+02 1.277933333333333366e+02 1.278533333333333388e+02
1.278533333333333388e+02 1.277933333333333366e+02 1.278533333333333388e+02
1.278533333333333388e+02 1.277933333333333366e+02 1.278533333333333388e+02
1.278533333333333388e+02 1.277933333333333366e+02 1.278533333333333388e+02
1.278533333333333388e+02 1.277933333333333366e+02 1.278533333333333388e+02
1.278533333333333388e+02 1.277933333333333366e+02 1.278533333333333388e+02
1.278533333333333388e+02 1.277933333333333366e+02 1.278533333333333388e+02
1.278533333333333388e+02 1.277933333333333366e+02 1.278533333333333388e+02
1.278533333333333388e+02 1.277933333333333366e+02 1.278533333333333388e+02
1.278533333333333388e+02 1.277933333333333366e+02 1.278533333333333388e+02
1.278533333333333388e+02 1.277933333333333366e+02 1.278533333333333388e+02
1.278533333333333388e+02 1.277933333333333366e+02 1.278533333333333388e+02
1.278533333333333388e+02 1.277933333333333366e+02 1.278533333333333388e+02
1.278533333333333388e+02 1.277933333333333366e+02 1.278533333333333388e+02
1.278533333333333388e+02 1.277933333333333366e+02 1.278533333333333388e+02
1.278533333333333388e+02 1.277933333333333366e+02 1.278533333333333388e+02
1.278533333333333388e+02 1.277933333333333366e+02 1.278533333333333388e+02
1.278533333333333388e+02 1.277933333333333366e+02 1.278533333333333388e+02
1.278533333333333388e+02 1.277933333333333366e+02 1.278533333333333388e+02
1.278533333333333388e+02 1.277933333333333366e+02 1.278533333333333388e+02
1.278533333333333388e+02 1.277933333333333366e+02 1.278533333333333388e+02
1.278533333333333388e+02 1.277933333333333366e+02 1.278533333333333388e+02
1.278533333333333388e+02 1.277933333333333366e+02 1.278533333333333388e+02
1.278533333333333388e+02 1.277933333333333366e+02 1.278533333333333388e+02
1.278533333333333388e+02 1.277933333333333366e+02 1.278533333333333388e+02
1.278533333333333388e+02 1.277933333333333366e+02 1.278533333333333388e+02
1.278533333333333388e+02 1.277933333333333366e+02 1.278533333333333388e+02
1.278533333333333388e+02 1.277933333333333366e+02 1.278533333333333388e+02
