1.280200000000000102e+02 1.262933333333333366e+02 1.276733333333333320e+02
1.280200000000000102e+02 1.262933333333333366e+02 1.276733333333333320e+02
1.280266666666666708e+02 1.262333333333333343e+02 1.276733333333333320e+02
1.280264900662251648e+02 1.262516556291390799e+02 1.276688741721854257e+02
1.280266666666666708e+02 1.262666666666666657e+02 1.277066666666666634e+02
1.280266666666666708e+02 1.262933333333333366e+02 1.276466666666666612e+02
1.280266666666666708e+02 1.262933333333333366e+02 1.276466666666666612e+02
1.279866666666666646e+02 1.262999999999999972e+02 1.275666666666666629e+02
1.280333333333333314e+02 1.262999999999999972e+02 1.275999999999999943e+02
1.280331125827814560e+02 1.262516556291390799e+02 1.275430463576158928e+02
1.279800000000000040e+02 1.262266666666666737e+02 1.275266666666666708e+02
1.279399999999999977e+02 1.262333333333333343e+02 1.275133333333333354e+02
1.279399999999999977e+02 1.262266666666666737e+02 1.274933333333333394e+02
1.279399999999999977e+02 1.262266666666666737e+02 1.274933333333333394e+02
1.279399999999999977e+02 1.262133333333333383e+02 1.275133333333333354e+02
1.279200000000000017e+02 1.262266666666666737e+02 1.275133333333333354e+02
1.279133333333333269e+02 1.262600000000000051e+02 1.275666666666666629e+02
1.279072847682119232e+02 1.262516556291390799e+02 1.275496688741721840e+02
1.278933333333333309e+02 1.262600000000000051e+02 1.275400000000000063e+02
1.278933333333333309e+02 1.262600000000000051e+02 1.275400000000000063e+02
1.278933333333333309e+02 1.262600000000000051e+02 1.275400000000000063e+02
1.278933333333333309e+02 1.262600000000000051e+02 1.275400000000000063e+02
1.278933333333333309e+02 1.262600000000000051e+02 1.275400000000000063e+02
1.278933333333333309e+02 1.262600000000000051e+02 1.275400000000000063e+02
1.278933333333333309e+02 1.262600000000000051e+02 1.275400000000000063e+02
1.278933333333333309e+02 1.262600000000000051e+02 1.275400000000000063e+02
1.278933333333333309e+02 1.262600000000000051e+02 1.275400000000000063e+02
1.278933333333333309e+02 1.262600000000000051e+02 1.275400000000000063e+02
1.278933333333333309e+02 1.262600000000000051e+02 1.275400000000000063e+02
1.278933333333333309e+02 1.262600000000000051e+02 1.275400000000000063e+02
1.278933333333333309e+02 1.262600000000000051e+02 1.275400000000000063e+02
1.278933333333333309e+02 1.262600000000000051e+02 1.275400000000000063e+02
1.278933333333333309e+02 1.262600000000000051e+02 1.275400000000000063e+02
1.278933333333333309e+02 1.262600000000000051e+02 1.275400000000000063e+02
1.278933333333333309e+02 1.262600000000000051e+02 1.275400000000000063e+02
1.278933333333333309e+02 1.262600000000000051e+02 1.275400000000000063e+02
1.278933333333333309e+02 1.262600000000000051e+02 1.275400000000000063e+02
1.278933333333333309e+02 1.262600000000000051e+02 1.275400000000000063e+02
1.278933333333333309e+02 1.262600000000000051e+02 1.275400000000000063e+02
1.278933333333333309e+02 1.262600000000000051e+02 1.275400000000000063e+02
1.278933333333333309e+02 1.262600000000000051e+02 1.275400000000000063e+02
1.278933333333333309e+02 1.262600000000000051e+02 1.275400000000000063e+02
1.278933333333333309e+02 1.262600000000000051e+02 1.275400000000000063e+02
1.278933333333333309e+02 1.262600000000000051e+02 1.275400000000000063e+02
1.278933333333333309e+02 1.262600000000000051e+02 1.275400000000000063e+02
1.278933333333333309e+02 1.262600000000000051e+02 1.275400000000000063e+02
1.278933333333333309e+02 1.262600000000000051e+02 1.275400000000000063e+02
1.278933333333333309e+02 1.262600000000000051e+02 1.275400000000000063e+02
1.278933333333333309e+02 1.262600000000000051e+02 1.275400000000000063e+02
1.278933333333333309e+02 1.262600000000000051e+02 1.275400000000000063e+02
1.278933333333333309e+02 1.262600000000000051e+02 1.275400000000000063e+02
1.278933333333333309e+02 1.262600000000000051e+02 1.275400000000000063e+02
1.278933333333333309e+02 1.262600000000000051e+02 1.275400000000000063e+02
1.278933333333333309e+02 1.262600000000000051e+02 1.275400000000000063e+02
1.278933333333333309e+02 1.262600000000000051e+02 1.275400000000000063e+02
1.278933333333333309e+02 1.262600000000000051e+02 1.275400000000000063e+02
1.278933333333333309e+02 1.262600000000000051e+02 1.275400000000000063e+02
1.278933333333333309e+02 1.262600000000000051e+02 1.275400000000000063e+02
1.278933333333333309e+02 1.262600000000000051e+02 1.275400000000000063e+02
1.278933333333333309e+02 1.262600000000000051e+02 1.275400000000000063e+02
1.278933333333333309e+02 1.262600000000000051e+02 1.275400000000000063e+02
1.278933333333333309e+02 1.262600000000000051e+02 1.275400000000000063e+02
1.278933333333333309e+02 1.262600000000000051e+02 1.275400000000000063e+02
1.278933333333333309e+02 1.262600000000000051e+02 1.275400000000000063e+02
1.278933333333333309e+02 1.262600000000000051e+02 1.275400000000000063e+02
1.278933333333333309e+02 1.262600000000000051e+02 1.275400000000000063e+02
1.278933333333333309e+02 1.262600000000000051e+02 1.275400000000000063e+02
1.278933333333333309e+02 1.262600000000000051e+02 1.275400000000000063e+02
1.278933333333333309e+02 1.262600000000000051e+02 1.275400000000000063e+02
1.278933333333333309e+02 1.262600000000000051e+02 1.275400000000000063e+02
1.278933333333333309e+02 1.262600000000000051e+02 1.275400000000000063e+02
1.278933333333333309e+02 1.262600000000000051e+02 1.275400000000000063e+02
1.278933333333333309e+02 1.262600000000000051e+02 1.275400000000000063e+02
1.278933333333333309e+02 1.262600000000000051e+02 1.275400000000000063e+02
1.278933333333333309e+02 1.262600000000000051e+02 1.275400000000000063e+02
1.278933333333333309e+02 1.262600000000000051e+02 1.275400000000000063e+02
1.278933333333333309e+02 1.262600000000000051e+02 1.275400000000000063e+02
1.278933333333333309e+02 1.262600000000000051e+02 1.275400000000000063e+02
1.278933333333333309e+02 1.262600000000000051e+02 1.275400000000000063e+02
1.278933333333333309e+02 1.262600000000000051e+02 1.275400000000000063e+02
1.278933333333333309e+02 1.262600000000000051e+02 1.275400000000000063e+02
1.278933333333333309e+02 1.262600000000000051e+02 1.275400000000000063e+02
1.278933333333333309e+02 1.262600000000000051e+02 1.275400000000000063e+02
1.278933333333333309e+02 1.262600000000000051e+02 1.275400000000000063e+02
1.278933333333333309e+02 1.262600000000000051e+02 1.275400000000000063e+02
1.278933333333333309e+02 1.262600000000000051e+02 1.275400000000000063e+02
1.278933333333333309e+02 1.262600000000000051e+02 1.275400000000000063e+02
1.278933333333333309e+02 1.262600000000000051e+02 1.275400000000000063e+02
1.278933333333333309e+02 1.262600000000000051e+02 1.275400000000000063e+02
1.278933333333333309e+02 1.262600000000000051e+02 1.275400000000000063e+02
1.278933333333333309e+02 1.262600000000000051e+02 1.275400000000000063e+02
1.278933333333333309e+02 1.262600000000000051e+02 1.275400000000000063e+02
1.278933333333333309e+02 1.262600000000000051e+02 1.275400000000000063e+02
1.278933333333333309e+02 1.262600000000000051e+02 1.275400000000000063e+02
1.278933333333333309e+02 1.262600000000000051e+02 1.275400000000000063e+02
1.278933333333333309e+02 1.262600000000000051e+02 1.275400000000000063e+02
1.278933333333333309e+02 1.262600000000000051e+02 1.275400000000000063e+02
1.278933333333333309e+02 1.262600000000000051e+02 1.275400000000000063e+02
1.278933333333333309e+02 1.262600000000000051e+02 1.275400000000000063e+02
1.278933333333333309e+02 1.262600000000000051e+02 1.275400000000000063e+02
1.278933333333333309e+02 1.262600000000000051e+02 1.275400000000000063e+02
1.278933333333333309e+02 1.262600000000000051e+02 1.275400000000000063e+02
1.278933333333333309e+02 1.262600000000000051e+02 1.275400000000000063e+02
1.278933333333333309e+02 1.262600000000000051e+02 1.275400000000000063e+02
1.278933333333333309e+02 1.262600000000000051e+02 1.275400000000000063e+02
1.278933333333333309e+02 1.262600000000000051e+02 1.275400000000000063e+02
1.278933333333333309e+02 1.262600000000000051e+02 1.275400000000000063e+02
1.278933333333333309e+02 1.262600000000000051e+02 1.275400000000000063e+02
1.278933333333333309e+02 1.262600000000000051e+02 1.275400000000000063e+02
1.278933333333333309e+02 1.262600000000000051e+02 1.275400000000000063e+02
1.278933333333333309e+02 1.262600000000000051e+02 1.275400000000000063e+02
1.278933333333333309e+02 1.262600000000000051e+02 1.275400000000000063e+02
1.278933333333333309e+02 1.262600000000000051e+02 1.275400000000000063e+02
1.278933333333333309e+02 1.262600000000000051e+02 1.275400000000000063e+02
1.278933333333333309e+02 1.262600000000000051e+02 1.275400000000000063e+02
1.278933333333333309e+02 1.262600000000000051e+02 1.275400000000000063e+02
1.278933333333333309e+02 1.262600000000000051e+02 1.275400000000000063e+02
1.278933333333333309e+02 1.262600000000000051e+02 1.275400000000000063e+02
1.278933333333333309e+02 1.262600000000000051e+02 1.275400000000000063e+02
1.278933333333333309e+02 1.262600000000000051e+02 1.275400000000000063e+02
1.278933333333333309e+02 1.262600000000000051e+02 1.275400000000000063e+02
1.278933333333333309e+02 1.262600000000000051e+02 1.275400000000000063e+02
1.278933333333333309e+02 1.262600000000000051e+02 1.275400000000000063e+02
1.278933333333333309e+02 1.262600000000000051e+02 1.275400000000000063e+02
1.278933333333333309e+02 1.262600000000000051e+02 1.275400000000000063e+02
1.278933333333333309e+02 1.262600000000000051e+02 1.275400000000000063e+02
1.278933333333333309e+02 1.262600000000000051e+02 1.275400000000000063e+02
1.278933333333333309e+02 1.262600000000000051e+02 1.275400000000000063e+02
1.278933333333333309e+02 1.262600000000000051e+02 1.275400000000000063e+02
1.278933333333333309e+02 1.262600000000000051e+02 1.275400000000000063e+02
1.278933333333333309e+02 1.262600000000000051e+02 1.275400000000000063e+02
1.278933333333333309e+02 1.262600000000000051e+02 1.275400000000000063e+02
1.278933333333333309e+02 1.262600000000000051e+02 1.275400000000000063e+02
1.278933333333333309e+02 1.262600000000000051e+02 1.275400000000000063e+02
1.278933333333333309e+02 1.262600000000000051e+02 1.275400000000000063e+02
1.278933333333333309e+02 1.262600000000000051e+02 1.275400000000000063e+02
1.278933333333333309e+02 1.262600000000000051e+02 1.275400000000000063e+02
1.278933333333333309e+02 1.262600000000000051e+02 1.275400000000000063e+02
1.278933333333333309e+02 1.262600000000000051e+02 1.275400000000000063e+02
1.278933333333333309e+02 1.262600000000000051e+02 1.275400000000000063e+02
1.278933333333333309e+02 1.262600000000000051e+02 1.275400000000000063e+02
1.278933333333333309e+02 1.262600000000000051e+02 1.275400000000000063e+02
1.278933333333333309e+02 1.262600000000000051e+02 1.275400000000000063e+02
1.278933333333333309e+02 1.262600000000000051e+02 1.275400000000000063e+02
1.278933333333333309e+02 1.262600000000000051e+02 1.275400000000000063e+02
1.278933333333333309e+02 1.262600000000000051e+02 1.275400000000000063e+02
1.278933333333333309e+02 1.262600000000000051e+02 1.275400000000000063e+02
1.278933333333333309e+02 1.262600000000000051e+02 1.275400000000000063e+02
1.278933333333333309e+02 1.262600000000000051e+02 1.275400000000000063e+02
1.278933333333333309e+02 1.262600000000000051e+02 1.275400000000000063e+02
1.278933333333333309e+02 1.262600000000000051e+02 1.275400000000000063e+02
1.278933333333333309e+02 1.262600000000000051e+02 1.275400000000000063e+02
1.278933333333333309e+02 1.262600000000000051e+02 1.275400000000000063e+02
1.278933333333333309e+02 1.262600000000000051e+02 1.275400000000000063e+02
1.278933333333333309e+02 1.262600000000000051e+02 1.275400000000000063e+02
1.278933333333333309e+02 1.262600000000000051e+02 1.275400000000000063e+02
1.278933333333333309e+02 1.262600000000000051e+02 1.275400000000000063e+02
1.278933333333333309e+02 1.262600000000000051e+02 1.275400000000000063e+02
1.278933333333333309e+02 1.262600000000000051e+02 1.275400000000000063e+02
1.278933333333333309e+02 1.262600000000000051e+02 1.275400000000000063e+02
1.278933333333333309e+02 1.262600000000000051e+02 1.275400000000000063e+02
1.278933333333333309e+02 1.262600000000000051e+02 1.275400000000000063e+02
1.278933333333333309e+02 1.262600000000000051e+02 1.275400000000000063e+02
1.278933333333333309e+02 1.262600000000000051e+02 1.275400000000000063e+02
1.278933333333333309e+02 1.262600000000000051e+02 1.275400000000000063e+02
1.278933333333333309e+02 1.262600000000000051e+02 1.275400000000000063e+02
1.278933333333333309e+02 1.262600000000000051e+02 1.275400000000000063e+02
1.278933333333333309e+02 1.262600000000000051e+02 1.275400000000000063e+02
1.278933333333333309e+02 1.262600000000000051e+02 1.275400000000000063e+02
1.278933333333333309e+02 1.262600000000000051e+02 1.275400000000000063e+02
1.278933333333333309e+02 1.262600000000000051e+02 1.275400000000000063e+02
1.278933333333333309e+02 1.262600000000000051e+02 1.275400000000000063e+02
1.278933333333333309e+02 1.262600000000000051e+02 1.275400000000000063e+02
1.278933333333333309e+02 1.262600000000000051e+02 1.275400000000000063e+02
1.278933333333333309e+02 1.262600000000000051e+02 1.275400000000000063e+02
1.278933333333333309e+02 1.262600000000000051e+02 1.275400000000000063e+02
1.278933333333333309e+02 1.262600000000000051e+02 1.275400000000000063e+02
1.278933333333333309e+02 1.262600000000000051e+02 1.275400000000000063e+02
1.278933333333333309e+02 1.262600000000000051e+02 1.275400000000000063e+02
1.278933333333333309e+02 1.262600000000000051e+02 1.275400000000000063e+02
1.278933333333333309e+02 1.262600000000000051e+02 1.275400000000000063e+02
1.278933333333333309e+02 1.262600000000000051e+02 1.275400000000000063e+02
1.278933333333333309e+02 1.262600000000000051e+02 1.275400000000000063e+02
1.278933333333333309e+02 1.262600000000000051e+02 1.275400000000000063e+02
1.278933333333333309e+02 1.262600000000000051e+02 1.275400000000000063e+02
1.278933333333333309e+02 1.262600000000000051e+02 1.275400000000000063e+02
1.278933333333333309e+02 1.262600000000000051e+02 1.275400000000000063e+02
1.278933333333333309e+02 1.262600000000000051e+02 1.275400000000000063e+02
1.278933333333333309e+02 1.262600000000000051e+02 1.275400000000000063e+02
1.278933333333333309e+02 1.262600000000000051e+02 1.275400000000000063e+02
1.278933333333333309e+02 1.262600000000000051e+02 1.275400000000000063e+02
1.278933333333333309e+02 1.262600000000000051e+02 1.275400000000000063e+02
1.278933333333333309e+02 1.262600000000000051e+02 1.275400000000000063e+02
1.278933333333333309e+02 1.262600000000000051e+02 1.275400000000000063e+02
1.278933333333333309e+02 1.262600000000000051e+02 1.275400000000000063e+02
1.278933333333333309e+02 1.262600000000000051e+02 1.275400000000000063e+02
1.278933333333333309e+02 1.262600000000000051e+02 1.275400000000000063e+02
1.278933333333333309e+02 1.262600000000000051e+02 1.275400000000000063e+02
1.278933333333333309e+02 1.262600000000000051e+02 1.275400000000000063e+02
1.278933333333333309e+02 1.262600000000000051e+02 1.275400000000000063e+02
1.278933333333333309e+02 1.262600000000000051e+02 1.275400000000000063e+02
1.278933333333333309e+02 1.262600000000000051e+02 1.275400000000000063e+02
1.278933333333333309e+02 1.262600000000000051e+02 1.275400000000000063e+02
1.278933333333333309e+02 1.262600000000000051e+02 1.275400000000000063e+02
1.278933333333333309e+02 1.262600000000000051e+02 1.275400000000000063e+02
1.278933333333333309e+02 1.262600000000000051e+02 1.275400000000000063e+02
1.278933333333333309e+02 1.262600000000000051e+02 1.275400000000000063e+02
1.278933333333333309e+02 1.262600000000000051e+02 1.275400000000000063e+02
1.278933333333333309e+02 1.262600000000000051e+02 1.275400000000000063e+02
1.278933333333333309e+02 1.262600000000000051e+02 1.275400000000000063e+02
1.278933333333333309e+02 1.262600000000000051e+02 1.275400000000000063e+02
1.278933333333333309e+02 1.262600000000000051e+02 1.275400000000000063e+02
1.278933333333333309e+02 1.262600000000000051e+02 1.275400000000000063e+02
1.278933333333333309e+02 1.262600000000000051e+02 1.275400000000000063e+02
1.278933333333333309e+02 1.262600000000000051e+02 1.275400000000000063e+02
1.278933333333333309e+02 1.262600000000000051e+02 1.275400000000000063e+02
1.278933333333333309e+02 1.262600000000000051e+02 1.275400000000000063e+02
1.278933333333333309e+02 1.262600000000000051e+02 1.275400000000000063e+02
1.278933333333333309e+02 1.262600000000000051e+02 1.275400000000000063e+02
1.278933333333333309e+02 1.262600000000000051e+02 1.275400000000000063e+02
1.278933333333333309e+02 1.262600000000000051e+02 1.275400000000000063e+02
1.278933333333333309e+02 1.262600000000000051e+02 1.275400000000000063e+02
1.278933333333333309e+02 1.262600000000000051e+02 1.275400000000000063e+02
1.278933333333333309e+02 1.262600000000000051e+02 1.275400000000000063e+02
1.278933333333333309e+02 1.262600000000000051e+02 1.275400000000000063e+02
1.278933333333333309e+02 1.262600000000000051e+02 1.275400000000000063e+02
1.278933333333333309e+02 1.262600000000000051e+02 1.275400000000000063e+02
1.278933333333333309e+02 1.262600000000000051e+02 1.275400000000000063e+02
1.278933333333333309e+02 1.262600000000000051e+02 1.275400000000000063e+02
1.278933333333333309e+02 1.262600000000000051e+02 1.275400000000000063e+02
1.278933333333333309e+02 1.262600000000000051e+02 1.275400000000000063e+02
1.278933333333333309e+02 1.262600000000000051e+02 1.275400000000000063e+02
1.278933333333333309e+02 1.262600000000000051e+02 1.275400000000000063e+02
1.278933333333333309e+02 1.262600000000000051e+02 1.275400000000000063e+02
1.278933333333333309e+02 1.262600000000000051e+02 1.275400000000000063e+02
1.278933333333333309e+02 1.262600000000000051e+02 1.275400000000000063e+02
1.278933333333333309e+02 1.262600000000000051e+02 1.275400000000000063e+02
1.278933333333333309e+02 1.262600000000000051e+02 1.275400000000000063e+02
1.278933333333333309e+02 1.262600000000000051e+02 1.275400000000000063e+02
1.278933333333333309e+02 1.262600000000000051e+02 1.275400000000000063e+02
1.278933333333333309e+02 1.262600000000000051e+02 1.275400000000000063e+02
1.278933333333333309e+02 1.262600000000000051e+02 1.275400000000000063e+02
1.278933333333333309e+02 1.262600000000000051e+02 1.275400000000000063e+02
1.278933333333333309e+02 1.262600000000000051e+02 1.275400000000000063e+02
1.278933333333333309e+02 1.262600000000000051e+02 1.275400000000000063e+02
1.278933333333333309e+02 1.262600000000000051e+02 1.275400000000000063e+02
1.278933333333333309e+02 1.262600000000000051e+02 1.275400000000000063e+02
1.278933333333333309e+02 1.262600000000000051e+02 1.275400000000000063e+02
1.278933333333333309e+02 1.262600000000000051e+02 1.275400000000000063e+02
1.278933333333333309e+02 1.262600000000000051e+02 1.275400000000000063e+02
1.278933333333333309e+02 1.262600000000000051e+02 1.275400000000000063e+02
1.278933333333333309e+02 1.262600000000000051e+02 1.275400000000000063e+02
1.278933333333333309e+02 1.262600000000000051e+02 1.275400000000000063e+02
1.278933333333333309e+02 1.262600000000000051e+02 1.275400000000000063e+02
1.278933333333333309e+02 1.262600000000000051e+02 1.275400000000000063e+02
1.278933333333333309e+02 1.262600000000000051e+02 1.275400000000000063e+02
1.278933333333333309e+02 1.262600000000000051e+02 1.275400000000000063e+02
1.278933333333333309e+02 1.262600000000000051e+02 1.275400000000000063e+02
1.278933333333333309e+02 1.262600000000000051e+02 1.275400000000000063e+02
1.278933333333333309e+02 1.262600000000000051e+02 1.275400000000000063e+02
1.278933333333333309e+02 1.262600000000000051e+02 1.275400000000000063e+02
1.278933333333333309e+02 1.262600000000000051e+02 1.275400000000000063e+02
1.278933333333333309e+02 1.262600000000000051e+02 1.275400000000000063e+02
1.278933333333333309e+02 1.262600000000000051e+02 1.275400000000000063e+02
1.278933333333333309e+02 1.262600000000000051e+02 1.275400000000000063e+02
1.278933333333333309e+02 1.262600000000000051e+02 1.275400000000000063e+02
1.278933333333333309e+02 1.262600000000000051e+02 1.275400000000000063e+02
1.278933333333333309e+02 1.262600000000000051e+02 1.275400000000000063e+02
1.278933333333333309e+02 1.262600000000000051e+02 1.275400000000000063e+02
1.278933333333333309e+02 1.262600000000000051e+02 1.275400000000000063e+02
1.278933333333333309e+02 1.262600000000000051e+02 1.275400000000000063e+02
1.278933333333333309e+02 1.262600000000000051e+02 1.275400000000000063e+02
1.278933333333333309e+02 1.262600000000000051e+02 1.275400000000000063e+02
1.278933333333333309e+02 1.262600000000000051e+02 1.275400000000000063e+02
1.278933333333333309e+02 1.262600000000000051e+02 1.275400000000000063e+02
1.278933333333333309e+02 1.262600000000000051e+02 1.275400000000000063e+02
1.278933333333333309e+02 1.262600000000000051e+02 1.275400000000000063e+02
1.278933333333333309e+02 1.262600000000000051e+02 1.275400000000000063e+02
1.278933333333333309e+02 1.262600000000000051e+02 1.275400000000000063e+02
1.278933333333333309e+02 1.262600000000000051e+02 1.275400000000000063e+02
1.278933333333333309e+02 1.262600000000000051e+02 1.275400000000000063e+02
1.278933333333333309e+02 1.262600000000000051e+02 1.275400000000000063e+02
1.278933333333333309e+02 1.262600000000000051e+02 1.275400000000000063e+02
1.278933333333333309e+02 1.262600000000000051e+02 1.275400000000000063e+02
1.278933333333333309e+02 1.262600000000000051e+02 1.275400000000000063e+02
1.278933333333333309e+02 1.262600000000000051e+02 1.275400000000000063e+02
1.278933333333333309e+02 1.262600000000000051e+02 1.275400000000000063e+02
1.278933333333333309e+02 1.262600000000000051e+02 1.275400000000000063e+02
1.278933333333333309e+02 1.262600000000000051e+02 1.275400000000000063e+02
1.278933333333333309e+02 1.262600000000000051e+02 1.275400000000000063e+02
1.278933333333333309e+02 1.262600000000000051e+02 1.275400000000000063e+02
1.278933333333333309e+02 1.262600000000000051e+02 1.275400000000000063e+02
1.278933333333333309e+02 1.262600000000000051e+02 1.275400000000000063e+02
1.278933333333333309e+02 1.262600000000000051e+02 1.275400000000000063e+02
1.278933333333333309e+02 1.262600000000000051e+02 1.275400000000000063e+02
1.278933333333333309e+02 1.262600000000000051e+02 1.275400000000000063e+02
1.278933333333333309e+02 1.262600000000000051e+02 1.275400000000000063e+02
1.278933333333333309e+02 1.262600000000000051e+02 1.275400000000000063e+02
1.278933333333333309e+02 1.262600000000000051e+02 1.275400000000000063e+02
1.278933333333333309e+02 1.262600000000000051e+02 1.275400000000000063e+02
1.278933333333333309e+02 1.262600000000000051e+02 1.275400000000000063e+02
1.278933333333333309e+02 1.262600000000000051e+02 1.275400000000000063e+02
1.278933333333333309e+02 1.262600000000000051e+02 1.275400000000000063e+02
1.278933333333333309e+02 1.262600000000000051e+02 1.275400000000000063e+02
1.278933333333333309e+02 1.262600000000000051e+02 1.275400000000000063e+02
1.278933333333333309e+02 1.262600000000000051e+02 1.275400000000000063e+02
1.278933333333333309e+02 1.262600000000000051e+02 1.275400000000000063e+02
1.278933333333333309e+02 1.262600000000000051e+02 1.275400000000000063e+02
1.278933333333333309e+02 1.262600000000000051e+02 1.275400000000000063e+02
1.278933333333333309e+02 1.262600000000000051e+02 1.275400000000000063e+02
1.278933333333333309e+02 1.262600000000000051e+02 1.275400000000000063e+02
1.278933333333333309e+02 1.262600000000000051e+02 1.275400000000000063e+02
1.278933333333333309e+02 1.262600000000000051e+02 1.275400000000000063e+02
1.278933333333333309e+02 1.262600000000000051e+02 1.275400000000000063e+02
1.278933333333333309e+02 1.262600000000000051e+02 1.275400000000000063e+02
1.278933333333333309e+02 1.262600000000000051e+02 1.275400000000000063e+02
1.278933333333333309e+02 1.262600000000000051e+02 1.275400000000000063e+02
1.278933333333333309e+02 1.262600000000000051e+02 1.275400000000000063e+02
1.278933333333333309e+02 1.262600000000000051e+02 1.275400000000000063e+02
1.278933333333333309e+02 1.262600000000000051e+02 1.275400000000000063e+02
1.278933333333333309e+02 1.262600000000000051e+02 1.275400000000000063e+02
1.278933333333333309e+02 1.262600000000000051e+02 1.275400000000000063e+02
1.278933333333333309e+02 1.262600000000000051e+02 1.275400000000000063e+02
1.278933333333333309e+02 1.262600000000000051e+02 1.275400000000000063e+02
1.278933333333333309e+02 1.262600000000000051e+02 1.275400000000000063e+02
1.278933333333333309e+02 1.262600000000000051e+02 1.275400000000000063e+02
1.278933333333333309e+02 1.262600000000000051e+02 1.275400000000000063e+02
1.278933333333333309e+02 1.262600000000000051e+02 1.275400000000000063e+02
1.278933333333333309e+02 1.262600000000000051e+02 1.275400000000000063e+02
1.278933333333333309e+02 1.262600000000000051e+02 1.275400000000000063e+02
1.278933333333333309e+02 1.262600000000000051e+02 1.275400000000000063e+02
1.278933333333333309e+02 1.262600000000000051e+02 1.275400000000000063e+02
1.278933333333333309e+02 1.262600000000000051e+02 1.275400000000000063e+02
1.278933333333333309e+02 1.262600000000000051e+02 1.275400000000000063e+02
1.278933333333333309e+02 1.262600000000000051e+02 1.275400000000000063e+02
1.278933333333333309e+02 1.262600000000000051e+02 1.275400000000000063e+02
1.278933333333333309e+02 1.262600000000000051e+02 1.275400000000000063e+02
1.278933333333333309e+02 1.262600000000000051e+02 1.275400000000000063e+02
1.278933333333333309e+02 1.262600000000000051e+02 1.275400000000000063e+02
1.278933333333333309e+02 1.262600000000000051e+02 1.275400000000000063e+02
1.278933333333333309e+02 1.262600000000000051e+02 1.275400000000000063e+02
1.278933333333333309e+02 1.262600000000000051e+02 1.275400000000000063e+02
1.278933333333333309e+02 1.262600000000000051e+02 1.275400000000000063e+02
1.278933333333333309e+02 1.262600000000000051e+02 1.275400000000000063e+02
1.278933333333333309e+02 1.262600000000000051e+02 1.275400000000000063e+02
1.278933333333333309e+02 1.262600000000000051e+02 1.275400000000000063e+02
1.278933333333333309e+02 1.262600000000000051e+02 1.275400000000000063e+02
1.278933333333333309e+02 1.262600000000000051e+02 1.275400000000000063e+02
1.278933333333333309e+02 1.262600000000000051e+02 1.275400000000000063e+02
1.278933333333333309e+02 1.262600000000000051e+02 1.275400000000000063e+02
1.278933333333333309e+02 1.262600000000000051e+02 1.275400000000000063e+02
1.278933333333333309e+02 1.262600000000000051e+02 1.275400000000000063e+02
1.278933333333333309e+02 1.262600000000000051e+02 1.275400000000000063e+02
1.278933333333333309e+02 1.262600000000000051e+02 1.275400000000000063e+02
1.278933333333333309e+02 1.262600000000000051e+02 1.275400000000000063e+02
1.278933333333333309e+02 1.262600000000000051e+02 1.275400000000000063e+02
1.278933333333333309e+02 1.262600000000000051e+02 1.275400000000000063e+02
1.278933333333333309e+02 1.262600000000000051e+02 1.275400000000000063e+02
1.278933333333333309e+02 1.262600000000000051e+02 1.275400000000000063e+02
1.278933333333333309e+02 1.262600000000000051e+02 1.275400000000000063e+02
1.278933333333333309e+02 1.262600000000000051e+02 1.275400000000000063e+02
1.278933333333333309e+02 1.262600000000000051e+02 1.275400000000000063e+02
1.278933333333333309e+02 1.262600000000000051e+02 1.275400000000000063e+02
1.278933333333333309e+02 1.262600000000000051e+02 1.275400000000000063e+02
1.278933333333333309e+02 1.262600000000000051e+02 1.275400000000000063e+02
1.278933333333333309e+02 1.262600000000000051e+02 1.275400000000000063e+02
1.278933333333333309e+02 1.262600000000000051e+02 1.275400000000000063e+02
1.278933333333333309e+02 1.262600000000000051e+02 1.275400000000000063e+02
1.278933333333333309e+02 1.262600000000000051e+02 1.275400000000000063e+02
1.278933333333333309e+02 1.262600000000000051e+02 1.275400000000000063e+02
1.278933333333333309e+02 1.262600000000000051e+02 1.275400000000000063e+02
1.278933333333333309e+02 1.262600000000000051e+02 1.275400000000000063e+02
1.278933333333333309e+02 1.262600000000000051e+02 1.275400000000000063e+02
1.278933333333333309e+02 1.262600000000000051e+02 1.275400000000000063e+02
1.278933333333333309e+02 1.262600000000000051e+02 1.275400000000000063e+02
1.278933333333333309e+02 1.262600000000000051e+02 1.275400000000000063e+02
1.278933333333333309e+02 1.262600000000000051e+02 1.275400000000000063e+02
1.278933333333333309e+02 1.262600000000000051e+02 1.275400000000000063e+02
1.278933333333333309e+02 1.262600000000000051e+02 1.275400000000000063e+02
1.278933333333333309e+02 1.262600000000000051e+02 1.275400000000000063e+02
1.278933333333333309e+02 1.262600000000000051e+02 1.275400000000000063e+02
1.278933333333333309e+02 1.262600000000000051e+02 1.275400000000000063e+02
1.278933333333333309e+02 1.262600000000000051e+02 1.275400000000000063e+02
1.278933333333333309e+02 1.262600000000000051e+02 1.275400000000000063e+02
1.278933333333333309e+02 1.262600000000000051e+02 1.275400000000000063e+02
1.278933333333333309e+02 1.262600000000000051e+02 1.275400000000000063e+02
1.278933333333333309e+02 1.262600000000000051e+02 1.275400000000000063e+02
1.278933333333333309e+02 1.262600000000000051e+02 1.275400000000000063e+02
1.278933333333333309e+02 1.262600000000000051e+02 1.275400000000000063e+02
1.278933333333333309e+02 1.262600000000000051e+02 1.275400000000000063e+02
1.278933333333333309e+02 1.262600000000000051e+02 1.275400000000000063e+02
1.278933333333333309e+02 1.262600000000000051e+02 1.275400000000000063e+02
1.278933333333333309e+02 1.262600000000000051e+02 1.275400000000000063e+02
1.278933333333333309e+02 1.262600000000000051e+02 1.275400000000000063e+02
1.278933333333333309e+02 1.262600000000000051e+02 1.275400000000000063e+02
1.278933333333333309e+02 1.262600000000000051e+02 1.275400000000000063e+02
1.278933333333333309e+02 1.262600000000000051e+02 1.275400000000000063e+02
1.278933333333333309e+02 1.262600000000000051e+02 1.275400000000000063e+02
1.278933333333333309e+02 1.262600000000000051e+02 1.275400000000000063e+02
1.278933333333333309e+02 1.262600000000000051e+02 1.275400000000000063e+02
1.278933333333333309e+02 1.262600000000000051e+02 1.275400000000000063e+02
1.278933333333333309e+02 1.262600000000000051e+02 1.275400000000000063e+02
1.278933333333333309e+02 1.262600000000000051e+02 1.275400000000000063e+02
1.278933333333333309e+02 1.262600000000000051e+02 1.275400000000000063e+02
1.278933333333333309e+02 1.262600000000000051e+02 1.275400000000000063e+02
1.278933333333333309e+02 1.262600000000000051e+02 1.275400000000000063e+02
1.278933333333333309e+02 1.262600000000000051e+02 1.275400000000000063e+02
1.278933333333333309e+02 1.262600000000000051e+02 1.275400000000000063e+02
1.278933333333333309e+02 1.262600000000000051e+02 1.275400000000000063e+02
1.278933333333333309e+02 1.262600000000000051e+02 1.275400000000000063e+02
1.278933333333333309e+02 1.262600000000000051e+02 1.275400000000000063e+02
1.278933333333333309e+02 1.262600000000000051e+02 1.275400000000000063e+02
1.278933333333333309e+02 1.262600000000000051e+02 1.275400000000000063e+02
1.278933333333333309e+02 1.262600000000000051e+02 1.275400000000000063e+02
1.278933333333333309e+02 1.262600000000000051e+02 1.275400000000000063e+02
1.278933333333333309e+02 1.262600000000000051e+02 1.275400000000000063e+02
1.278933333333333309e+02 1.262600000000000051e+02 1.275400000000000063e+02
1.278933333333333309e+02 1.262600000000000051e+02 1.275400000000000063e+02
1.278933333333333309e+02 1.262600000000000051e+02 1.275400000000000063e+02
1.278933333333333309e+02 1.262600000000000051e+02 1.275400000000000063e+02
1.278933333333333309e+02 1.262600000000000051e+02 1.275400000000000063e+02
1.278933333333333309e+02 1.262600000000000051e+02 1.275400000000000063e+02
1.278933333333333309e+02 1.262600000000000051e+02 1.275400000000000063e+02
1.278933333333333309e+02 1.262600000000000051e+02 1.275400000000000063e+02
1.278933333333333309e+02 1.262600000000000051e+02 1.275400000000000063e+02
1.278933333333333309e+02 1.262600000000000051e+02 1.275400000000000063e+02
1.278933333333333309e+02 1.262600000000000051e+02 1.275400000000000063e+02
1.278933333333333309e+02 1.262600000000000051e+02 1.275400000000000063e+02
1.278933333333333309e+02 1.262600000000000051e+02 1.275400000000000063e+02
1.278933333333333309e+02 1.262600000000000051e+02 1.275400000000000063e+02
1.278933333333333309e+02 1.262600000000000051e+02 1.275400000000000063e+02
1.278933333333333309e+02 1.262600000000000051e+02 1.275400000000000063e+02
1.278933333333333309e+02 1.262600000000000051e+02 1.275400000000000063e+02
1.278933333333333309e+02 1.262600000000000051e+02 1.275400000000000063e+02
1.278933333333333309e+02 1.262600000000000051e+02 1.275400000000000063e+02
1.278933333333333309e+02 1.262600000000000051e+02 1.275400000000000063e+02
1.278933333333333309e+02 1.262600000000000051e+02 1.275400000000000063e+02
1.278933333333333309e+02 1.262600000000000051e+02 1.275400000000000063e+02
1.278933333333333309e+02 1.262600000000000051e+02 1.275400000000000063e+02
1.278933333333333309e+02 1.262600000000000051e+02 1.275400000000000063e+02
1.278933333333333309e+02 1.262600000000000051e+02 1.275400000000000063e+02
1.278933333333333309e+02 1.262600000000000051e+02 1.275400000000000063e+02
1.278933333333333309e+02 1.262600000000000051e+02 1.275400000000000063e+02
1.278933333333333309e+02 1.262600000000000051e+02 1.275400000000000063e+02
1.278933333333333309e+02 1.262600000000000051e+02 1.275400000000000063e+02
1.278933333333333309e+02 1.262600000000000051e+02 1.275400000000000063e+02
1.278933333333333309e+02 1.262600000000000051e+02 1.275400000000000063e+02
1.278933333333333309e+02 1.262600000000000051e+02 1.275400000000000063e+02
1.278933333333333309e+02 1.262600000000000051e+02 1.275400000000000063e+02
1.278933333333333309e+02 1.262600000000000051e+02 1.275400000000000063e+02
1.278933333333333309e+02 1.262600000000000051e+02 1.275400000000000063e+02
1.278933333333333309e+02 1.262600000000000051e+02 1.275400000000000063e+02
1.278933333333333309e+02 1.262600000000000051e+02 1.275400000000000063e+02
1.278933333333333309e+02 1.262600000000000051e+02 1.275400000000000063e+02
1.278933333333333309e+02 1.262600000000000051e+02 1.275400000000000063e+02
1.278933333333333309e+02 1.262600000000000051e+02 1.275400000000000063e+02
1.278933333333333309e+02 1.262600000000000051e+02 1.275400000000000063e+02
1.278933333333333309e+02 1.262600000000000051e+02 1.275400000000000063e+02
1.278933333333333309e+02 1.262600000000000051e+02 1.275400000000000063e+02
1.278933333333333309e+02 1.262600000000000051e+02 1.275400000000000063e+02
1.278933333333333309e+02 1.262600000000000051e+02 1.275400000000000063e+02
1.278933333333333309e+02 1.262600000000000051e+02 1.275400000000000063e+02
1.278933333333333309e+02 1.262600000000000051e+02 1.275400000000000063e+02
1.278933333333333309e+02 1.262600000000000051e+02 1.275400000000000063e+02
1.278933333333333309e+02 1.262600000000000051e+02 1.275400000000000063e+02
1.278933333333333309e+02 1.262600000000000051e+02 1.275400000000000063e+02
1.278933333333333309e+02 1.262600000000000051e+02 1.275400000000000063e+02
1.278933333333333309e+02 1.262600000000000051e+02 1.275400000000000063e+02
1.278933333333333309e+02 1.262600000000000051e+02 1.275400000000000063e+02
1.278933333333333309e+02 1.262600000000000051e+02 1.275400000000000063e+02
1.278933333333333309e+02 1.262600000000000051e+02 1.275400000000000063e+02
1.278933333333333309e+02 1.262600000000000051e+02 1.275400000000000063e+02
1.278933333333333309e+02 1.262600000000000051e+02 1.275400000000000063e+02
1.278933333333333309e+02 1.262600000000000051e+02 1.275400000000000063e+02
1.278933333333333309e+02 1.262600000000000051e+02 1.275400000000000063e+02
1.278933333333333309e+02 1.262600000000000051e+02 1.275400000000000063e+02
1.278933333333333309e+02 1.262600000000000051e+02 1.275400000000000063e+02
1.278933333333333309e+02 1.262600000000000051e+02 1.275400000000000063e+02
1.278933333333333309e+02 1.262600000000000051e+02 1.275400000000000063e+02
1.278933333333333309e+02 1.262600000000000051e+02 1.275400000000000063e+02
1.278933333333333309e+02 1.262600000000000051e+02 1.275400000000000063e+02
1.278933333333333309e+02 1.262600000000000051e+02 1.275400000000000063e+02
1.278933333333333309e+02 1.262600000000000051e+02 1.275400000000000063e+02
1.278933333333333309e+02 1.262600000000000051e+02 1.275400000000000063e+02
1.278933333333333309e+02 1.262600000000000051e+02 1.275400000000000063e+02
1.278933333333333309e+02 1.262600000000000051e+02 1.275400000000000063e+02
1.278933333333333309e+02 1.262600000000000051e+02 1.275400000000000063e+02
1.278933333333333309e+02 1.262600000000000051e+02 1.275400000000000063e+02
1.278933333333333309e+02 1.262600000000000051e+02 1.275400000000000063e+02
1.278933333333333309e+02 1.262600000000000051e+02 1.275400000000000063e+02
1.278933333333333309e+02 1.262600000000000051e+02 1.275400000000000063e+02
1.278933333333333309e+02 1.262600000000000051e+02 1.275400000000000063e+02
1.278933333333333309e+02 1.262600000000000051e+02 1.275400000000000063e+02
1.278933333333333309e+02 1.262600000000000051e+02 1.275400000000000063e+02
1.278933333333333309e+02 1.262600000000000051e+02 1.275400000000000063e+02
1.278933333333333309e+02 1.262600000000000051e+02 1.275400000000000063e+02
1.278933333333333309e+02 1.262600000000000051e+02 1.275400000000000063e+02
1.278933333333333309e+02 1.262600000000000051e+02 1.275400000000000063e+02
1.278933333333333309e+02 1.262600000000000051e+02 1.275400000000000063e+02
1.278933333333333309e+02 1.262600000000000051e+02 1.275400000000000063e+02
