1.267814569536423903e+02 1.285165562913907422e+02 1.271059602649006592e+02
1.268333333333333286e+02 1.285933333333333337e+02 1.272066666666666634e+02
1.268476821192053023e+02 1.285099337748344510e+02 1.271456953642384065e+02
1.268807947019867584e+02 1.284172185430463458e+02 1.271523178807946977e+02
1.267986577181208077e+02 1.282684563758389231e+02 1.271140939597315480e+02
1.267947019867549727e+02 1.282119205298013185e+02 1.270794701986754944e+02
1.266933333333333280e+02 1.281800000000000068e+02 1.271400000000000006e+02
1.265033112582781456e+02 1.280397350993377472e+02 1.269337748344370880e+02
1.265131578947368354e+02 1.281184210526315894e+02 1.269210526315789451e+02
1.264429530201342260e+02 1.281476510067114134e+02 1.268590604026845625e+02
1.263666666666666600e+02 1.280866666666666731e+02 1.268466666666666640e+02
1.263377483443708655e+02 1.281324503311258241e+02 1.269006622516556320e+02
1.262333333333333343e+02 1.280266666666666708e+02 1.269733333333333292e+02
1.262214765100671201e+02 1.279530201342281828e+02 1.269932885906040241e+02
1.261866666666666674e+02 1.279733333333333292e+02 1.269800000000000040e+02
1.260266666666666708e+02 1.278400000000000034e+02 1.269066666666666663e+02
1.260533333333333275e+02 1.278400000000000034e+02 1.269066666666666663e+02
1.260666666666666629e+02 1.278333333333333286e+02 1.269000000000000057e+02
1.260536912751677789e+02 1.278187919463087212e+02 1.268791946308724903e+02
1.260264900662251648e+02 1.277748344370860991e+02 1.268278145695364287e+02
1.260266666666666708e+02 1.277866666666666617e+02 1.268466666666666640e+02
1.260266666666666708e+02 1.277866666666666617e+02 1.268466666666666640e+02
1.260133333333333354e+02 1.277800000000000011e+02 1.268333333333333286e+02
1.260133333333333354e+02 1.277800000000000011e+02 1.268333333333333286e+02
1.260133333333333354e+02 1.277800000000000011e+02 1.268333333333333286e+02
1.260133333333333354e+02 1.277800000000000011e+02 1.268333333333333286e+02
1.260133333333333354e+02 1.277800000000000011e+02 1.268333333333333286e+02
1.260133333333333354e+02 1.277800000000000011e+02 1.268333333333333286e+02
1.260133333333333354e+02 1.277800000000000011e+02 1.268333333333333286e+02
1.260133333333333354e+02 1.277800000000000011e+02 1.268333333333333286e+02
1.260133333333333354e+02 1.277800000000000011e+02 1.268333333333333286e+02
1.260133333333333354e+02 1.277800000000000011e+02 1.268333333333333286e+02
1.260133333333333354e+02 1.277800000000000011e+02 1.268333333333333286e+02
1.260133333333333354e+02 1.277800000000000011e+02 1.268333333333333286e+02
1.260133333333333354e+02 1.277800000000000011e+02 1.268333333333333286e+02
1.260133333333333354e+02 1.277800000000000011e+02 1.268333333333333286e+02
1.260133333333333354e+02 1.277800000000000011e+02 1.268333333333333286e+02
1.260133333333333354e+02 1.277800000000000011e+02 1.268333333333333286e+02
1.260133333333333354e+02 1.277800000000000011e+02 1.268333333333333286e+02
1.260133333333333354e+02 1.277800000000000011e+02 1.268333333333333286e+02
1.260133333333333354e+02 1.277800000000000011e+02 1.268333333333333286e+02
1.260133333333333354e+02 1.277800000000000011e+02 1.268333333333333286e+02
1.260133333333333354e+02 1.277800000000000011e+02 1.268333333333333286e+02
1.260133333333333354e+02 1.277800000000000011e+02 1.268333333333333286e+02
1.260133333333333354e+02 1.277800000000000011e+02 1.268333333333333286e+02
1.260133333333333354e+02 1.277800000000000011e+02 1.268333333333333286e+02
1.260133333333333354e+02 1.277800000000000011e+02 1.268333333333333286e+02
1.260133333333333354e+02 1.277800000000000011e+02 1.268333333333333286e+02
1.260133333333333354e+02 1.277800000000000011e+02 1.268333333333333286e+02
1.260133333333333354e+02 1.277800000000000011e+02 1.268333333333333286e+02
1.260133333333333354e+02 1.277800000000000011e+02 1.268333333333333286e+02
1.260133333333333354e+02 1.277800000000000011e+02 1.268333333333333286e+02
1.260133333333333354e+02 1.277800000000000011e+02 1.268333333333333286e+02
1.260133333333333354e+02 1.277800000000000011e+02 1.268333333333333286e+02
1.260133333333333354e+02 1.277800000000000011e+02 1.268333333333333286e+02
1.260133333333333354e+02 1.277800000000000011e+02 1.268333333333333286e+02
1.260133333333333354e+02 1.277800000000000011e+02 1.268333333333333286e+02
1.260133333333333354e+02 1.277800000000000011e+02 1.268333333333333286e+02
1.260133333333333354e+02 1.277800000000000011e+02 1.268333333333333286e+02
1.260133333333333354e+02 1.277800000000000011e+02 1.268333333333333286e+02
1.260133333333333354e+02 1.277800000000000011e+02 1.268333333333333286e+02
1.260133333333333354e+02 1.277800000000000011e+02 1.268333333333333286e+02
1.260133333333333354e+02 1.277800000000000011e+02 1.268333333333333286e+02
1.260133333333333354e+02 1.277800000000000011e+02 1.268333333333333286e+02
1.260133333333333354e+02 1.277800000000000011e+02 1.268333333333333286e+02
1.260133333333333354e+02 1.277800000000000011e+02 1.268333333333333286e+02
1.260133333333333354e+02 1.277800000000000011e+02 1.268333333333333286e+02
1.260133333333333354e+02 1.277800000000000011e+02 1.268333333333333286e+02
1.260133333333333354e+02 1.277800000000000011e+02 1.268333333333333286e+02
1.260133333333333354e+02 1.277800000000000011e+02 1.268333333333333286e+02
1.260133333333333354e+02 1.277800000000000011e+02 1.268333333333333286e+02
1.260133333333333354e+02 1.277800000000000011e+02 1.268333333333333286e+02
1.260133333333333354e+02 1.277800000000000011e+02 1.268333333333333286e+02
1.260133333333333354e+02 1.277800000000000011e+02 1.268333333333333286e+02
1.260133333333333354e+02 1.277800000000000011e+02 1.268333333333333286e+02
1.260133333333333354e+02 1.277800000000000011e+02 1.268333333333333286e+02
1.260133333333333354e+02 1.277800000000000011e+02 1.268333333333333286e+02
1.260133333333333354e+02 1.277800000000000011e+02 1.268333333333333286e+02
1.260133333333333354e+02 1.277800000000000011e+02 1.268333333333333286e+02
1.260133333333333354e+02 1.277800000000000011e+02 1.268333333333333286e+02
1.260133333333333354e+02 1.277800000000000011e+02 1.268333333333333286e+02
1.260133333333333354e+02 1.277800000000000011e+02 1.268333333333333286e+02
1.260133333333333354e+02 1.277800000000000011e+02 1.268333333333333286e+02
1.260133333333333354e+02 1.277800000000000011e+02 1.268333333333333286e+02
1.260133333333333354e+02 1.277800000000000011e+02 1.268333333333333286e+02
1.260133333333333354e+02 1.277800000000000011e+02 1.268333333333333286e+02
1.260133333333333354e+02 1.277800000000000011e+02 1.268333333333333286e+02
1.260133333333333354e+02 1.277800000000000011e+02 1.268333333333333286e+02
1.260133333333333354e+02 1.277800000000000011e+02 1.268333333333333286e+02
1.260133333333333354e+02 1.277800000000000011e+02 1.268333333333333286e+02
1.260133333333333354e+02 1.277800000000000011e+02 1.268333333333333286e+02
1.260133333333333354e+02 1.277800000000000011e+02 1.268333333333333286e+02
1.260133333333333354e+02 1.277800000000000011e+02 1.268333333333333286e+02
1.260133333333333354e+02 1.277800000000000011e+02 1.268333333333333286e+02
1.260133333333333354e+02 1.277800000000000011e+02 1.268333333333333286e+02
1.260133333333333354e+02 1.277800000000000011e+02 1.268333333333333286e+02
1.260133333333333354e+02 1.277800000000000011e+02 1.268333333333333286e+02
1.260133333333333354e+02 1.277800000000000011e+02 1.268333333333333286e+02
1.260133333333333354e+02 1.277800000000000011e+02 1.268333333333333286e+02
1.260133333333333354e+02 1.277800000000000011e+02 1.268333333333333286e+02
1.260133333333333354e+02 1.277800000000000011e+02 1.268333333333333286e+02
1.260133333333333354e+02 1.277800000000000011e+02 1.268333333333333286e+02
1.260133333333333354e+02 1.277800000000000011e+02 1.268333333333333286e+02
1.260133333333333354e+02 1.277800000000000011e+02 1.268333333333333286e+02
1.260133333333333354e+02 1.277800000000000011e+02 1.268333333333333286e+02
1.260133333333333354e+02 1.277800000000000011e+02 1.268333333333333286e+02
1.260133333333333354e+02 1.277800000000000011e+02 1.268333333333333286e+02
1.260133333333333354e+02 1.277800000000000011e+02 1.268333333333333286e+02
1.260133333333333354e+02 1.277800000000000011e+02 1.268333333333333286e+02
1.260133333333333354e+02 1.277800000000000011e+02 1.268333333333333286e+02
1.260133333333333354e+02 1.277800000000000011e+02 1.268333333333333286e+02
1.260133333333333354e+02 1.277800000000000011e+02 1.268333333333333286e+02
1.260133333333333354e+02 1.277800000000000011e+02 1.268333333333333286e+02
1.260133333333333354e+02 1.277800000000000011e+02 1.268333333333333286e+02
1.260133333333333354e+02 1.277800000000000011e+02 1.268333333333333286e+02
1.260133333333333354e+02 1.277800000000000011e+02 1.268333333333333286e+02
1.260133333333333354e+02 1.277800000000000011e+02 1.268333333333333286e+02
1.260133333333333354e+02 1.277800000000000011e+02 1.268333333333333286e+02
1.260133333333333354e+02 1.277800000000000011e+02 1.268333333333333286e+02
1.260133333333333354e+02 1.277800000000000011e+02 1.268333333333333286e+02
1.260133333333333354e+02 1.277800000000000011e+02 1.268333333333333286e+02
1.260133333333333354e+02 1.277800000000000011e+02 1.268333333333333286e+02
1.260133333333333354e+02 1.277800000000000011e+02 1.268333333333333286e+02
1.260133333333333354e+02 1.277800000000000011e+02 1.268333333333333286e+02
1.260133333333333354e+02 1.277800000000000011e+02 1.268333333333333286e+02
1.260133333333333354e+02 1.277800000000000011e+02 1.268333333333333286e+02
1.260133333333333354e+02 1.277800000000000011e+02 1.268333333333333286e+02
1.260133333333333354e+02 1.277800000000000011e+02 1.268333333333333286e+02
1.260133333333333354e+02 1.277800000000000011e+02 1.268333333333333286e+02
1.260133333333333354e+02 1.277800000000000011e+02 1.268333333333333286e+02
1.260133333333333354e+02 1.277800000000000011e+02 1.268333333333333286e+02
1.260133333333333354e+02 1.277800000000000011e+02 1.268333333333333286e+02
1.260133333333333354e+02 1.277800000000000011e+02 1.268333333333333286e+02
1.260133333333333354e+02 1.277800000000000011e+02 1.268333333333333286e+02
1.260133333333333354e+02 1.277800000000000011e+02 1.268333333333333286e+02
1.260133333333333354e+02 1.277800000000000011e+02 1.268333333333333286e+02
1.260133333333333354e+02 1.277800000000000011e+02 1.268333333333333286e+02
1.260133333333333354e+02 1.277800000000000011e+02 1.268333333333333286e+02
1.260133333333333354e+02 1.277800000000000011e+02 1.268333333333333286e+02
1.260133333333333354e+02 1.277800000000000011e+02 1.268333333333333286e+02
1.260133333333333354e+02 1.277800000000000011e+02 1.268333333333333286e+02
1.260133333333333354e+02 1.277800000000000011e+02 1.268333333333333286e+02
1.260133333333333354e+02 1.277800000000000011e+02 1.268333333333333286e+02
1.260133333333333354e+02 1.277800000000000011e+02 1.268333333333333286e+02
1.260133333333333354e+02 1.277800000000000011e+02 1.268333333333333286e+02
1.260133333333333354e+02 1.277800000000000011e+02 1.268333333333333286e+02
1.260133333333333354e+02 1.277800000000000011e+02 1.268333333333333286e+02
1.260133333333333354e+02 1.277800000000000011e+02 1.268333333333333286e+02
1.260133333333333354e+02 1.277800000000000011e+02 1.268333333333333286e+02
1.260133333333333354e+02 1.277800000000000011e+02 1.268333333333333286e+02
1.260133333333333354e+02 1.277800000000000011e+02 1.268333333333333286e+02
1.260133333333333354e+02 1.277800000000000011e+02 1.268333333333333286e+02
1.260133333333333354e+02 1.277800000000000011e+02 1.268333333333333286e+02
1.260133333333333354e+02 1.277800000000000011e+02 1.268333333333333286e+02
1.260133333333333354e+02 1.277800000000000011e+02 1.268333333333333286e+02
1.260133333333333354e+02 1.277800000000000011e+02 1.268333333333333286e+02
1.260133333333333354e+02 1.277800000000000011e+02 1.268333333333333286e+02
1.260133333333333354e+02 1.277800000000000011e+02 1.268333333333333286e+02
1.260133333333333354e+02 1.277800000000000011e+02 1.268333333333333286e+02
1.260133333333333354e+02 1.277800000000000011e+02 1.268333333333333286e+02
1.260133333333333354e+02 1.277800000000000011e+02 1.268333333333333286e+02
1.260133333333333354e+02 1.277800000000000011e+02 1.268333333333333286e+02
1.260133333333333354e+02 1.277800000000000011e+02 1.268333333333333286e+02
1.260133333333333354e+02 1.277800000000000011e+02 1.268333333333333286e+02
1.260133333333333354e+02 1.277800000000000011e+02 1.268333333333333286e+02
1.260133333333333354e+02 1.277800000000000011e+02 1.268333333333333286e+02
1.260133333333333354e+02 1.277800000000000011e+02 1.268333333333333286e+02
1.260133333333333354e+02 1.277800000000000011e+02 1.268333333333333286e+02
1.260133333333333354e+02 1.277800000000000011e+02 1.268333333333333286e+02
1.260133333333333354e+02 1.277800000000000011e+02 1.268333333333333286e+02
1.260133333333333354e+02 1.277800000000000011e+02 1.268333333333333286e+02
1.260133333333333354e+02 1.277800000000000011e+02 1.268333333333333286e+02
1.260133333333333354e+02 1.277800000000000011e+02 1.268333333333333286e+02
1.260133333333333354e+02 1.277800000000000011e+02 1.268333333333333286e+02
1.260133333333333354e+02 1.277800000000000011e+02 1.268333333333333286e+02
1.260133333333333354e+02 1.277800000000000011e+02 1.268333333333333286e+02
1.260133333333333354e+02 1.277800000000000011e+02 1.268333333333333286e+02
1.260133333333333354e+02 1.277800000000000011e+02 1.268333333333333286e+02
1.260133333333333354e+02 1.277800000000000011e+02 1.268333333333333286e+02
1.260133333333333354e+02 1.277800000000000011e+02 1.268333333333333286e+02
1.260133333333333354e+02 1.277800000000000011e+02 1.268333333333333286e+02
1.260133333333333354e+02 1.277800000000000011e+02 1.268333333333333286e+02
1.260133333333333354e+02 1.277800000000000011e+02 1.268333333333333286e+02
1.260133333333333354e+02 1.277800000000000011e+02 1.268333333333333286e+02
1.260133333333333354e+02 1.277800000000000011e+02 1.268333333333333286e+02
1.260133333333333354e+02 1.277800000000000011e+02 1.268333333333333286e+02
1.260133333333333354e+02 1.277800000000000011e+02 1.268333333333333286e+02
1.260133333333333354e+02 1.277800000000000011e+02 1.268333333333333286e+02
1.260133333333333354e+02 1.277800000000000011e+02 1.268333333333333286e+02
1.260133333333333354e+02 1.277800000000000011e+02 1.268333333333333286e+02
1.260133333333333354e+02 1.277800000000000011e+02 1.268333333333333286e+02
1.260133333333333354e+02 1.277800000000000011e+02 1.268333333333333286e+02
1.260133333333333354e+02 1.277800000000000011e+02 1.268333333333333286e+02
1.260133333333333354e+02 1.277800000000000011e+02 1.268333333333333286e+02
1.260133333333333354e+02 1.277800000000000011e+02 1.268333333333333286e+02
1.260133333333333354e+02 1.277800000000000011e+02 1.268333333333333286e+02
1.260133333333333354e+02 1.277800000000000011e+02 1.268333333333333286e+02
1.260133333333333354e+02 1.277800000000000011e+02 1.268333333333333286e+02
1.260133333333333354e+02 1.277800000000000011e+02 1.268333333333333286e+02
1.260133333333333354e+02 1.277800000000000011e+02 1.268333333333333286e+02
1.260133333333333354e+02 1.277800000000000011e+02 1.268333333333333286e+02
1.260133333333333354e+02 1.277800000000000011e+02 1.268333333333333286e+02
1.260133333333333354e+02 1.277800000000000011e+02 1.268333333333333286e+02
1.260133333333333354e+02 1.277800000000000011e+02 1.268333333333333286e+02
1.260133333333333354e+02 1.277800000000000011e+02 1.268333333333333286e+02
1.260133333333333354e+02 1.277800000000000011e+02 1.268333333333333286e+02
1.260133333333333354e+02 1.277800000000000011e+02 1.268333333333333286e+02
1.260133333333333354e+02 1.277800000000000011e+02 1.268333333333333286e+02
1.260133333333333354e+02 1.277800000000000011e+02 1.268333333333333286e+02
1.260133333333333354e+02 1.277800000000000011e+02 1.268333333333333286e+02
1.260133333333333354e+02 1.277800000000000011e+02 1.268333333333333286e+02
1.260133333333333354e+02 1.277800000000000011e+02 1.268333333333333286e+02
1.260133333333333354e+02 1.277800000000000011e+02 1.268333333333333286e+02
1.260133333333333354e+02 1.277800000000000011e+02 1.268333333333333286e+02
1.260133333333333354e+02 1.277800000000000011e+02 1.268333333333333286e+02
1.260133333333333354e+02 1.277800000000000011e+02 1.268333333333333286e+02
1.260133333333333354e+02 1.277800000000000011e+02 1.268333333333333286e+02
1.260133333333333354e+02 1.277800000000000011e+02 1.268333333333333286e+02
1.260133333333333354e+02 1.277800000000000011e+02 1.268333333333333286e+02
1.260133333333333354e+02 1.277800000000000011e+02 1.268333333333333286e+02
1.260133333333333354e+02 1.277800000000000011e+02 1.268333333333333286e+02
1.260133333333333354e+02 1.277800000000000011e+02 1.268333333333333286e+02
1.260133333333333354e+02 1.277800000000000011e+02 1.268333333333333286e+02
1.260133333333333354e+02 1.277800000000000011e+02 1.268333333333333286e+02
1.260133333333333354e+02 1.277800000000000011e+02 1.268333333333333286e+02
1.260133333333333354e+02 1.277800000000000011e+02 1.268333333333333286e+02
1.260133333333333354e+02 1.277800000000000011e+02 1.268333333333333286e+02
1.260133333333333354e+02 1.277800000000000011e+02 1.268333333333333286e+02
1.260133333333333354e+02 1.277800000000000011e+02 1.268333333333333286e+02
1.260133333333333354e+02 1.277800000000000011e+02 1.268333333333333286e+02
1.260133333333333354e+02 1.277800000000000011e+02 1.268333333333333286e+02
1.260133333333333354e+02 1.277800000000000011e+02 1.268333333333333286e+02
1.260133333333333354e+02 1.277800000000000011e+02 1.268333333333333286e+02
1.260133333333333354e+02 1.277800000000000011e+02 1.268333333333333286e+02
1.260133333333333354e+02 1.277800000000000011e+02 1.268333333333333286e+02
1.260133333333333354e+02 1.277800000000000011e+02 1.268333333333333286e+02
1.260133333333333354e+02 1.277800000000000011e+02 1.268333333333333286e+02
1.260133333333333354e+02 1.277800000000000011e+02 1.268333333333333286e+02
1.260133333333333354e+02 1.277800000000000011e+02 1.268333333333333286e+02
1.260133333333333354e+02 1.277800000000000011e+02 1.268333333333333286e+02
1.260133333333333354e+02 1.277800000000000011e+02 1.268333333333333286e+02
1.260133333333333354e+02 1.277800000000000011e+02 1.268333333333333286e+02
1.260133333333333354e+02 1.277800000000000011e+02 1.268333333333333286e+02
1.260133333333333354e+02 1.277800000000000011e+02 1.268333333333333286e+02
1.260133333333333354e+02 1.277800000000000011e+02 1.268333333333333286e+02
1.260133333333333354e+02 1.277800000000000011e+02 1.268333333333333286e+02
1.260133333333333354e+02 1.277800000000000011e+02 1.268333333333333286e+02
1.260133333333333354e+02 1.277800000000000011e+02 1.268333333333333286e+02
1.260133333333333354e+02 1.277800000000000011e+02 1.268333333333333286e+02
1.260133333333333354e+02 1.277800000000000011e+02 1.268333333333333286e+02
1.260133333333333354e+02 1.277800000000000011e+02 1.268333333333333286e+02
1.260133333333333354e+02 1.277800000000000011e+02 1.268333333333333286e+02
1.260133333333333354e+02 1.277800000000000011e+02 1.268333333333333286e+02
1.260133333333333354e+02 1.277800000000000011e+02 1.268333333333333286e+02
1.260133333333333354e+02 1.277800000000000011e+02 1.268333333333333286e+02
1.260133333333333354e+02 1.277800000000000011e+02 1.268333333333333286e+02
1.260133333333333354e+02 1.277800000000000011e+02 1.268333333333333286e+02
1.260133333333333354e+02 1.277800000000000011e+02 1.268333333333333286e+02
1.260133333333333354e+02 1.277800000000000011e+02 1.268333333333333286e+02
1.260133333333333354e+02 1.277800000000000011e+02 1.268333333333333286e+02
1.260133333333333354e+02 1.277800000000000011e+02 1.268333333333333286e+02
1.260133333333333354e+02 1.277800000000000011e+02 1.268333333333333286e+02
1.260133333333333354e+02 1.277800000000000011e+02 1.268333333333333286e+02
1.260133333333333354e+02 1.277800000000000011e+02 1.268333333333333286e+02
1.260133333333333354e+02 1.277800000000000011e+02 1.268333333333333286e+02
1.260133333333333354e+02 1.277800000000000011e+02 1.268333333333333286e+02
1.260133333333333354e+02 1.277800000000000011e+02 1.268333333333333286e+02
1.260133333333333354e+02 1.277800000000000011e+02 1.268333333333333286e+02
1.260133333333333354e+02 1.277800000000000011e+02 1.268333333333333286e+02
1.260133333333333354e+02 1.277800000000000011e+02 1.268333333333333286e+02
1.260133333333333354e+02 1.277800000000000011e+02 1.268333333333333286e+02
1.260133333333333354e+02 1.277800000000000011e+02 1.268333333333333286e+02
1.260133333333333354e+02 1.277800000000000011e+02 1.268333333333333286e+02
1.260133333333333354e+02 1.277800000000000011e+02 1.268333333333333286e+02
1.260133333333333354e+02 1.277800000000000011e+02 1.268333333333333286e+02
1.260133333333333354e+02 1.277800000000000011e+02 1.268333333333333286e+02
1.260133333333333354e+02 1.277800000000000011e+02 1.268333333333333286e+02
1.260133333333333354e+02 1.277800000000000011e+02 1.268333333333333286e+02
1.260133333333333354e+02 1.277800000000000011e+02 1.268333333333333286e+02
1.260133333333333354e+02 1.277800000000000011e+02 1.268333333333333286e+02
1.260133333333333354e+02 1.277800000000000011e+02 1.268333333333333286e+02
1.260133333333333354e+02 1.277800000000000011e+02 1.268333333333333286e+02
1.260133333333333354e+02 1.277800000000000011e+02 1.268333333333333286e+02
1.260133333333333354e+02 1.277800000000000011e+02 1.268333333333333286e+02
1.260133333333333354e+02 1.277800000000000011e+02 1.268333333333333286e+02
1.260133333333333354e+02 1.277800000000000011e+02 1.268333333333333286e+02
1.260133333333333354e+02 1.277800000000000011e+02 1.268333333333333286e+02
1.260133333333333354e+02 1.277800000000000011e+02 1.268333333333333286e+02
1.260133333333333354e+02 1.277800000000000011e+02 1.268333333333333286e+02
1.260133333333333354e+02 1.277800000000000011e+02 1.268333333333333286e+02
1.260133333333333354e+02 1.277800000000000011e+02 1.268333333333333286e+02
1.260133333333333354e+02 1.277800000000000011e+02 1.268333333333333286e+02
1.260133333333333354e+02 1.277800000000000011e+02 1.268333333333333286e+02
1.260133333333333354e+02 1.277800000000000011e+02 1.268333333333333286e+02
1.260133333333333354e+02 1.277800000000000011e+02 1.268333333333333286e+02
1.260133333333333354e+02 1.277800000000000011e+02 1.268333333333333286e+02
1.260133333333333354e+02 1.277800000000000011e+02 1.268333333333333286e+02
1.260133333333333354e+02 1.277800000000000011e+02 1.268333333333333286e+02
1.260133333333333354e+02 1.277800000000000011e+02 1.268333333333333286e+02
1.260133333333333354e+02 1.277800000000000011e+02 1.268333333333333286e+02
1.260133333333333354e+02 1.277800000000000011e+02 1.268333333333333286e+02
1.260133333333333354e+02 1.277800000000000011e+02 1.268333333333333286e+02
1.260133333333333354e+02 1.277800000000000011e+02 1.268333333333333286e+02
1.260133333333333354e+02 1.277800000000000011e+02 1.268333333333333286e+02
1.260133333333333354e+02 1.277800000000000011e+02 1.268333333333333286e+02
1.260133333333333354e+02 1.277800000000000011e+02 1.268333333333333286e+02
1.260133333333333354e+02 1.277800000000000011e+02 1.268333333333333286e+02
1.260133333333333354e+02 1.277800000000000011e+02 1.268333333333333286e+02
1.260133333333333354e+02 1.277800000000000011e+02 1.268333333333333286e+02
1.260133333333333354e+02 1.277800000000000011e+02 1.268333333333333286e+02
1.260133333333333354e+02 1.277800000000000011e+02 1.268333333333333286e+02
1.260133333333333354e+02 1.277800000000000011e+02 1.268333333333333286e+02
1.260133333333333354e+02 1.277800000000000011e+02 1.268333333333333286e+02
1.260133333333333354e+02 1.277800000000000011e+02 1.268333333333333286e+02
1.260133333333333354e+02 1.277800000000000011e+02 1.268333333333333286e+02
1.260133333333333354e+02 1.277800000000000011e+02 1.268333333333333286e+02
1.260133333333333354e+02 1.277800000000000011e+02 1.268333333333333286e+02
1.260133333333333354e+02 1.277800000000000011e+02 1.268333333333333286e+02
1.260133333333333354e+02 1.277800000000000011e+02 1.268333333333333286e+02
1.260133333333333354e+02 1.277800000000000011e+02 1.268333333333333286e+02
1.260133333333333354e+02 1.277800000000000011e+02 1.268333333333333286e+02
1.260133333333333354e+02 1.277800000000000011e+02 1.268333333333333286e+02
1.260133333333333354e+02 1.277800000000000011e+02 1.268333333333333286e+02
1.260133333333333354e+02 1.277800000000000011e+02 1.268333333333333286e+02
1.260133333333333354e+02 1.277800000000000011e+02 1.268333333333333286e+02
1.260133333333333354e+02 1.277800000000000011e+02 1.268333333333333286e+02
1.260133333333333354e+02 1.277800000000000011e+02 1.268333333333333286e+02
1.260133333333333354e+02 1.277800000000000011e+02 1.268333333333333286e+02
1.260133333333333354e+02 1.277800000000000011e+02 1.268333333333333286e+02
1.260133333333333354e+02 1.277800000000000011e+02 1.268333333333333286e+02
1.260133333333333354e+02 1.277800000000000011e+02 1.268333333333333286e+02
1.260133333333333354e+02 1.277800000000000011e+02 1.268333333333333286e+02
1.260133333333333354e+02 1.277800000000000011e+02 1.268333333333333286e+02
1.260133333333333354e+02 1.277800000000000011e+02 1.268333333333333286e+02
1.260133333333333354e+02 1.277800000000000011e+02 1.268333333333333286e+02
1.260133333333333354e+02 1.277800000000000011e+02 1.268333333333333286e+02
1.260133333333333354e+02 1.277800000000000011e+02 1.268333333333333286e+02
1.260133333333333354e+02 1.277800000000000011e+02 1.268333333333333286e+02
1.260133333333333354e+02 1.277800000000000011e+02 1.268333333333333286e+02
1.260133333333333354e+02 1.277800000000000011e+02 1.268333333333333286e+02
1.260133333333333354e+02 1.277800000000000011e+02 1.268333333333333286e+02
1.260133333333333354e+02 1.277800000000000011e+02 1.268333333333333286e+02
1.260133333333333354e+02 1.277800000000000011e+02 1.268333333333333286e+02
1.260133333333333354e+02 1.277800000000000011e+02 1.268333333333333286e+02
1.260133333333333354e+02 1.277800000000000011e+02 1.268333333333333286e+02
1.260133333333333354e+02 1.277800000000000011e+02 1.268333333333333286e+02
1.260133333333333354e+02 1.277800000000000011e+02 1.268333333333333286e+02
1.260133333333333354e+02 1.277800000000000011e+02 1.268333333333333286e+02
1.260133333333333354e+02 1.277800000000000011e+02 1.268333333333333286e+02
1.260133333333333354e+02 1.277800000000000011e+02 1.268333333333333286e+02
1.260133333333333354e+02 1.277800000000000011e+02 1.268333333333333286e+02
1.260133333333333354e+02 1.277800000000000011e+02 1.268333333333333286e+02
1.260133333333333354e+02 1.277800000000000011e+02 1.268333333333333286e+02
1.260133333333333354e+02 1.277800000000000011e+02 1.268333333333333286e+02
1.260133333333333354e+02 1.277800000000000011e+02 1.268333333333333286e+02
1.260133333333333354e+02 1.277800000000000011e+02 1.268333333333333286e+02
1.260133333333333354e+02 1.277800000000000011e+02 1.268333333333333286e+02
1.260133333333333354e+02 1.277800000000000011e+02 1.268333333333333286e+02
1.260133333333333354e+02 1.277800000000000011e+02 1.268333333333333286e+02
1.260133333333333354e+02 1.277800000000000011e+02 1.268333333333333286e+02
1.260133333333333354e+02 1.277800000000000011e+02 1.268333333333333286e+02
1.260133333333333354e+02 1.277800000000000011e+02 1.268333333333333286e+02
1.260133333333333354e+02 1.277800000000000011e+02 1.268333333333333286e+02
1.260133333333333354e+02 1.277800000000000011e+02 1.268333333333333286e+02
1.260133333333333354e+02 1.277800000000000011e+02 1.268333333333333286e+02
1.260133333333333354e+02 1.277800000000000011e+02 1.268333333333333286e+02
1.260133333333333354e+02 1.277800000000000011e+02 1.268333333333333286e+02
1.260133333333333354e+02 1.277800000000000011e+02 1.268333333333333286e+02
1.260133333333333354e+02 1.277800000000000011e+02 1.268333333333333286e+02
1.260133333333333354e+02 1.277800000000000011e+02 1.268333333333333286e+02
1.260133333333333354e+02 1.277800000000000011e+02 1.268333333333333286e+02
1.260133333333333354e+02 1.277800000000000011e+02 1.268333333333333286e+02
1.260133333333333354e+02 1.277800000000000011e+02 1.268333333333333286e+02
1.260133333333333354e+02 1.277800000000000011e+02 1.268333333333333286e+02
1.260133333333333354e+02 1.277800000000000011e+02 1.268333333333333286e+02
1.260133333333333354e+02 1.277800000000000011e+02 1.268333333333333286e+02
1.260133333333333354e+02 1.277800000000000011e+02 1.268333333333333286e+02
1.260133333333333354e+02 1.277800000000000011e+02 1.268333333333333286e+02
1.260133333333333354e+02 1.277800000000000011e+02 1.268333333333333286e+02
1.260133333333333354e+02 1.277800000000000011e+02 1.268333333333333286e+02
1.260133333333333354e+02 1.277800000000000011e+02 1.268333333333333286e+02
1.260133333333333354e+02 1.277800000000000011e+02 1.268333333333333286e+02
1.260133333333333354e+02 1.277800000000000011e+02 1.268333333333333286e+02
1.260133333333333354e+02 1.277800000000000011e+02 1.268333333333333286e+02
1.260133333333333354e+02 1.277800000000000011e+02 1.268333333333333286e+02
1.260133333333333354e+02 1.277800000000000011e+02 1.268333333333333286e+02
1.260133333333333354e+02 1.277800000000000011e+02 1.268333333333333286e+02
1.260133333333333354e+02 1.277800000000000011e+02 1.268333333333333286e+02
1.260133333333333354e+02 1.277800000000000011e+02 1.268333333333333286e+02
1.260133333333333354e+02 1.277800000000000011e+02 1.268333333333333286e+02
1.260133333333333354e+02 1.277800000000000011e+02 1.268333333333333286e+02
1.260133333333333354e+02 1.277800000000000011e+02 1.268333333333333286e+02
1.260133333333333354e+02 1.277800000000000011e+02 1.268333333333333286e+02
1.260133333333333354e+02 1.277800000000000011e+02 1.268333333333333286e+02
1.260133333333333354e+02 1.277800000000000011e+02 1.268333333333333286e+02
1.260133333333333354e+02 1.277800000000000011e+02 1.268333333333333286e+02
1.260133333333333354e+02 1.277800000000000011e+02 1.268333333333333286e+02
1.260133333333333354e+02 1.277800000000000011e+02 1.268333333333333286e+02
1.260133333333333354e+02 1.277800000000000011e+02 1.268333333333333286e+02
1.260133333333333354e+02 1.277800000000000011e+02 1.268333333333333286e+02
1.260133333333333354e+02 1.277800000000000011e+02 1.268333333333333286e+02
1.260133333333333354e+02 1.277800000000000011e+02 1.268333333333333286e+02
1.260133333333333354e+02 1.277800000000000011e+02 1.268333333333333286e+02
1.260133333333333354e+02 1.277800000000000011e+02 1.268333333333333286e+02
1.260133333333333354e+02 1.277800000000000011e+02 1.268333333333333286e+02
1.260133333333333354e+02 1.277800000000000011e+02 1.268333333333333286e+02
1.260133333333333354e+02 1.277800000000000011e+02 1.268333333333333286e+02
1.260133333333333354e+02 1.277800000000000011e+02 1.268333333333333286e+02
1.260133333333333354e+02 1.277800000000000011e+02 1.268333333333333286e+02
1.260133333333333354e+02 1.277800000000000011e+02 1.268333333333333286e+02
1.260133333333333354e+02 1.277800000000000011e+02 1.268333333333333286e+02
1.260133333333333354e+02 1.277800000000000011e+02 1.268333333333333286e+02
1.260133333333333354e+02 1.277800000000000011e+02 1.268333333333333286e+02
1.260133333333333354e+02 1.277800000000000011e+02 1.268333333333333286e+02
1.260133333333333354e+02 1.277800000000000011e+02 1.268333333333333286e+02
1.260133333333333354e+02 1.277800000000000011e+02 1.268333333333333286e+02
1.260133333333333354e+02 1.277800000000000011e+02 1.268333333333333286e+02
1.260133333333333354e+02 1.277800000000000011e+02 1.268333333333333286e+02
1.260133333333333354e+02 1.277800000000000011e+02 1.268333333333333286e+02
1.260133333333333354e+02 1.277800000000000011e+02 1.268333333333333286e+02
1.260133333333333354e+02 1.277800000000000011e+02 1.268333333333333286e+02
1.260133333333333354e+02 1.277800000000000011e+02 1.268333333333333286e+02
1.260133333333333354e+02 1.277800000000000011e+02 1.268333333333333286e+02
1.260133333333333354e+02 1.277800000000000011e+02 1.268333333333333286e+02
1.260133333333333354e+02 1.277800000000000011e+02 1.268333333333333286e+02
1.260133333333333354e+02 1.277800000000000011e+02 1.268333333333333286e+02
1.260133333333333354e+02 1.277800000000000011e+02 1.268333333333333286e+02
1.260133333333333354e+02 1.277800000000000011e+02 1.268333333333333286e+02
1.260133333333333354e+02 1.277800000000000011e+02 1.268333333333333286e+02
1.260133333333333354e+02 1.277800000000000011e+02 1.268333333333333286e+02
1.260133333333333354e+02 1.277800000000000011e+02 1.268333333333333286e+02
1.260133333333333354e+02 1.277800000000000011e+02 1.268333333333333286e+02
1.260133333333333354e+02 1.277800000000000011e+02 1.268333333333333286e+02
1.260133333333333354e+02 1.277800000000000011e+02 1.268333333333333286e+02
1.260133333333333354e+02 1.277800000000000011e+02 1.268333333333333286e+02
1.260133333333333354e+02 1.277800000000000011e+02 1.268333333333333286e+02
1.260133333333333354e+02 1.277800000000000011e+02 1.268333333333333286e+02
1.260133333333333354e+02 1.277800000000000011e+02 1.268333333333333286e+02
1.260133333333333354e+02 1.277800000000000011e+02 1.268333333333333286e+02
1.260133333333333354e+02 1.277800000000000011e+02 1.268333333333333286e+02
1.260133333333333354e+02 1.277800000000000011e+02 1.268333333333333286e+02
1.260133333333333354e+02 1.277800000000000011e+02 1.268333333333333286e+02
1.260133333333333354e+02 1.277800000000000011e+02 1.268333333333333286e+02
1.260133333333333354e+02 1.277800000000000011e+02 1.268333333333333286e+02
1.260133333333333354e+02 1.277800000000000011e+02 1.268333333333333286e+02
1.260133333333333354e+02 1.277800000000000011e+02 1.268333333333333286e+02
1.260133333333333354e+02 1.277800000000000011e+02 1.268333333333333286e+02
1.260133333333333354e+02 1.277800000000000011e+02 1.268333333333333286e+02
1.260133333333333354e+02 1.277800000000000011e+02 1.268333333333333286e+02
1.260133333333333354e+02 1.277800000000000011e+02 1.268333333333333286e+02
1.260133333333333354e+02 1.277800000000000011e+02 1.268333333333333286e+02
1.260133333333333354e+02 1.277800000000000011e+02 1.268333333333333286e+02
1.260133333333333354e+02 1.277800000000000011e+02 1.268333333333333286e+02
1.260133333333333354e+02 1.277800000000000011e+02 1.268333333333333286e+02
1.260133333333333354e+02 1.277800000000000011e+02 1.268333333333333286e+02
1.260133333333333354e+02 1.277800000000000011e+02 1.268333333333333286e+02
1.260133333333333354e+02 1.277800000000000011e+02 1.268333333333333286e+02
1.260133333333333354e+02 1.277800000000000011e+02 1.268333333333333286e+02
1.260133333333333354e+02 1.277800000000000011e+02 1.268333333333333286e+02
1.260133333333333354e+02 1.277800000000000011e+02 1.268333333333333286e+02
1.260133333333333354e+02 1.277800000000000011e+02 1.268333333333333286e+02
1.260133333333333354e+02 1.277800000000000011e+02 1.268333333333333286e+02
1.260133333333333354e+02 1.277800000000000011e+02 1.268333333333333286e+02
1.260133333333333354e+02 1.277800000000000011e+02 1.268333333333333286e+02
1.260133333333333354e+02 1.277800000000000011e+02 1.268333333333333286e+02
1.260133333333333354e+02 1.277800000000000011e+02 1.268333333333333286e+02
1.260133333333333354e+02 1.277800000000000011e+02 1.268333333333333286e+02
1.260133333333333354e+02 1.277800000000000011e+02 1.268333333333333286e+02
1.260133333333333354e+02 1.277800000000000011e+02 1.268333333333333286e+02
1.260133333333333354e+02 1.277800000000000011e+02 1.268333333333333286e+02
1.260133333333333354e+02 1.277800000000000011e+02 1.268333333333333286e+02
1.260133333333333354e+02 1.277800000000000011e+02 1.268333333333333286e+02
1.260133333333333354e+02 1.277800000000000011e+02 1.268333333333333286e+02
1.260133333333333354e+02 1.277800000000000011e+02 1.268333333333333286e+02
1.260133333333333354e+02 1.277800000000000011e+02 1.268333333333333286e+02
1.260133333333333354e+02 1.277800000000000011e+02 1.268333333333333286e+02
1.260133333333333354e+02 1.277800000000000011e+02 1.268333333333333286e+02
1.260133333333333354e+02 1.277800000000000011e+02 1.268333333333333286e+02
1.260133333333333354e+02 1.277800000000000011e+02 1.268333333333333286e+02
1.260133333333333354e+02 1.277800000000000011e+02 1.268333333333333286e+02
1.260133333333333354e+02 1.277800000000000011e+02 1.268333333333333286e+02
1.260133333333333354e+02 1.277800000000000011e+02 1.268333333333333286e+02
1.260133333333333354e+02 1.277800000000000011e+02 1.268333333333333286e+02
1.260133333333333354e+02 1.277800000000000011e+02 1.268333333333333286e+02
1.260133333333333354e+02 1.277800000000000011e+02 1.268333333333333286e+02
1.260133333333333354e+02 1.277800000000000011e+02 1.268333333333333286e+02
1.260133333333333354e+02 1.277800000000000011e+02 1.268333333333333286e+02
1.260133333333333354e+02 1.277800000000000011e+02 1.268333333333333286e+02
1.260133333333333354e+02 1.277800000000000011e+02 1.268333333333333286e+02
1.260133333333333354e+02 1.277800000000000011e+02 1.268333333333333286e+02
1.260133333333333354e+02 1.277800000000000011e+02 1.268333333333333286e+02
1.260133333333333354e+02 1.277800000000000011e+02 1.268333333333333286e+02
1.260133333333333354e+02 1.277800000000000011e+02 1.268333333333333286e+02
1.260133333333333354e+02 1.277800000000000011e+02 1.268333333333333286e+02
1.260133333333333354e+02 1.277800000000000011e+02 1.268333333333333286e+02
1.260133333333333354e+02 1.277800000000000011e+02 1.268333333333333286e+02
1.260133333333333354e+02 1.277800000000000011e+02 1.268333333333333286e+02
1.260133333333333354e+02 1.277800000000000011e+02 1.268333333333333286e+02
1.260133333333333354e+02 1.277800000000000011e+02 1.268333333333333286e+02
1.260133333333333354e+02 1.277800000000000011e+02 1.268333333333333286e+02
