1.280671140939597308e+02 1.297449664429530287e+02 1.267785234899328799e+02
1.281052631578947398e+02 1.299078947368421098e+02 1.267368421052631646e+02
1.282287581699346504e+02 1.298496732026143832e+02 1.266405228758169983e+02
1.283066666666666720e+02 1.298933333333333451e+02 1.267333333333333343e+02
1.283154362416107404e+02 1.299395973154362309e+02 1.265436241610738222e+02
1.284238410596026370e+02 1.300397350993377472e+02 1.267218543046357553e+02
1.285666666666666629e+02 1.299133333333333269e+02 1.265666666666666629e+02
1.285973154362416153e+02 1.300067114093959617e+02 1.265771812080536876e+02
1.286821192052980223e+02 1.300728476821192032e+02 1.266357615894039697e+02
1.287651006711409423e+02 1.300201342281879135e+02 1.266442953020134183e+02
1.288666666666666742e+02 1.299399999999999977e+02 1.267266666666666737e+02
1.289798657718120865e+02 1.300268456375839037e+02 1.267583892617449663e+02
1.290397350993377472e+02 1.299933774834437088e+02 1.267814569536423903e+02
1.290333333333333314e+02 1.300133333333333212e+02 1.267666666666666657e+02
1.290466666666666526e+02 1.300266666666666708e+02 1.267733333333333263e+02
1.290466666666666526e+02 1.300266666666666708e+02 1.267733333333333263e+02
1.290800000000000125e+02 1.300333333333333314e+02 1.267600000000000051e+02
1.291333333333333258e+02 1.300333333333333314e+02 1.267800000000000011e+02
1.291999999999999886e+02 1.299533333333333474e+02 1.267999999999999972e+02
1.292199999999999989e+02 1.299600000000000080e+02 1.267733333333333263e+02
1.292199999999999989e+02 1.299600000000000080e+02 1.267733333333333263e+02
1.292066666666666777e+02 1.299666666666666686e+02 1.268400000000000034e+02
1.292066666666666777e+02 1.299666666666666686e+02 1.268400000000000034e+02
1.292066666666666777e+02 1.299666666666666686e+02 1.268400000000000034e+02
1.292066666666666777e+02 1.299666666666666686e+02 1.268400000000000034e+02
1.292066666666666777e+02 1.299666666666666686e+02 1.268400000000000034e+02
1.292066666666666777e+02 1.299666666666666686e+02 1.268400000000000034e+02
1.292066666666666777e+02 1.299666666666666686e+02 1.268400000000000034e+02
1.292066666666666777e+02 1.299666666666666686e+02 1.268400000000000034e+02
1.292066666666666777e+02 1.299666666666666686e+02 1.268400000000000034e+02
1.292066666666666777e+02 1.299666666666666686e+02 1.268400000000000034e+02
1.292066666666666777e+02 1.299666666666666686e+02 1.268400000000000034e+02
1.292066666666666777e+02 1.299666666666666686e+02 1.268400000000000034e+02
1.292066666666666777e+02 1.299666666666666686e+02 1.268400000000000034e+02
1.292066666666666777e+02 1.299666666666666686e+02 1.268400000000000034e+02
1.292066666666666777e+02 1.299666666666666686e+02 1.268400000000000034e+02
1.292066666666666777e+02 1.299666666666666686e+02 1.268400000000000034e+02
1.292066666666666777e+02 1.299666666666666686e+02 1.268400000000000034e+02
1.292066666666666777e+02 1.299666666666666686e+02 1.268400000000000034e+02
1.292066666666666777e+02 1.299666666666666686e+02 1.268400000000000034e+02
1.292066666666666777e+02 1.299666666666666686e+02 1.268400000000000034e+02
1.292066666666666777e+02 1.299666666666666686e+02 1.268400000000000034e+02
1.292066666666666777e+02 1.299666666666666686e+02 1.268400000000000034e+02
1.292066666666666777e+02 1.299666666666666686e+02 1.268400000000000034e+02
1.292066666666666777e+02 1.299666666666666686e+02 1.268400000000000034e+02
1.292066666666666777e+02 1.299666666666666686e+02 1.268400000000000034e+02
1.292066666666666777e+02 1.299666666666666686e+02 1.268400000000000034e+02
1.292066666666666777e+02 1.299666666666666686e+02 1.268400000000000034e+02
1.292066666666666777e+02 1.299666666666666686e+02 1.268400000000000034e+02
1.292066666666666777e+02 1.299666666666666686e+02 1.268400000000000034e+02
1.292066666666666777e+02 1.299666666666666686e+02 1.268400000000000034e+02
1.292066666666666777e+02 1.299666666666666686e+02 1.268400000000000034e+02
1.292066666666666777e+02 1.299666666666666686e+02 1.268400000000000034e+02
1.292066666666666777e+02 1.299666666666666686e+02 1.268400000000000034e+02
1.292066666666666777e+02 1.299666666666666686e+02 1.268400000000000034e+02
1.292066666666666777e+02 1.299666666666666686e+02 1.268400000000000034e+02
1.292066666666666777e+02 1.299666666666666686e+02 1.268400000000000034e+02
1.292066666666666777e+02 1.299666666666666686e+02 1.268400000000000034e+02
1.292066666666666777e+02 1.299666666666666686e+02 1.268400000000000034e+02
1.292066666666666777e+02 1.299666666666666686e+02 1.268400000000000034e+02
1.292066666666666777e+02 1.299666666666666686e+02 1.268400000000000034e+02
1.292066666666666777e+02 1.299666666666666686e+02 1.268400000000000034e+02
1.292066666666666777e+02 1.299666666666666686e+02 1.268400000000000034e+02
1.292066666666666777e+02 1.299666666666666686e+02 1.268400000000000034e+02
1.292066666666666777e+02 1.299666666666666686e+02 1.268400000000000034e+02
1.292066666666666777e+02 1.299666666666666686e+02 1.268400000000000034e+02
1.292066666666666777e+02 1.299666666666666686e+02 1.268400000000000034e+02
1.292066666666666777e+02 1.299666666666666686e+02 1.268400000000000034e+02
1.292066666666666777e+02 1.299666666666666686e+02 1.268400000000000034e+02
1.292066666666666777e+02 1.299666666666666686e+02 1.268400000000000034e+02
1.292066666666666777e+02 1.299666666666666686e+02 1.268400000000000034e+02
1.292066666666666777e+02 1.299666666666666686e+02 1.268400000000000034e+02
1.292066666666666777e+02 1.299666666666666686e+02 1.268400000000000034e+02
1.292066666666666777e+02 1.299666666666666686e+02 1.268400000000000034e+02
1.292066666666666777e+02 1.299666666666666686e+02 1.268400000000000034e+02
1.292066666666666777e+02 1.299666666666666686e+02 1.268400000000000034e+02
1.292066666666666777e+02 1.299666666666666686e+02 1.268400000000000034e+02
1.292066666666666777e+02 1.299666666666666686e+02 1.268400000000000034e+02
1.292066666666666777e+02 1.299666666666666686e+02 1.268400000000000034e+02
1.292066666666666777e+02 1.299666666666666686e+02 1.268400000000000034e+02
1.292066666666666777e+02 1.299666666666666686e+02 1.268400000000000034e+02
1.292066666666666777e+02 1.299666666666666686e+02 1.268400000000000034e+02
1.292066666666666777e+02 1.299666666666666686e+02 1.268400000000000034e+02
1.292066666666666777e+02 1.299666666666666686e+02 1.268400000000000034e+02
1.292066666666666777e+02 1.299666666666666686e+02 1.268400000000000034e+02
1.292066666666666777e+02 1.299666666666666686e+02 1.268400000000000034e+02
1.292066666666666777e+02 1.299666666666666686e+02 1.268400000000000034e+02
1.292066666666666777e+02 1.299666666666666686e+02 1.268400000000000034e+02
1.292066666666666777e+02 1.299666666666666686e+02 1.268400000000000034e+02
1.292066666666666777e+02 1.299666666666666686e+02 1.268400000000000034e+02
1.292066666666666777e+02 1.299666666666666686e+02 1.268400000000000034e+02
1.292066666666666777e+02 1.299666666666666686e+02 1.268400000000000034e+02
1.292066666666666777e+02 1.299666666666666686e+02 1.268400000000000034e+02
1.292066666666666777e+02 1.299666666666666686e+02 1.268400000000000034e+02
1.292066666666666777e+02 1.299666666666666686e+02 1.268400000000000034e+02
1.292066666666666777e+02 1.299666666666666686e+02 1.268400000000000034e+02
1.292066666666666777e+02 1.299666666666666686e+02 1.268400000000000034e+02
1.292066666666666777e+02 1.299666666666666686e+02 1.268400000000000034e+02
1.292066666666666777e+02 1.299666666666666686e+02 1.268400000000000034e+02
1.292066666666666777e+02 1.299666666666666686e+02 1.268400000000000034e+02
1.292066666666666777e+02 1.299666666666666686e+02 1.268400000000000034e+02
1.292066666666666777e+02 1.299666666666666686e+02 1.268400000000000034e+02
1.292066666666666777e+02 1.299666666666666686e+02 1.268400000000000034e+02
1.292066666666666777e+02 1.299666666666666686e+02 1.268400000000000034e+02
1.292066666666666777e+02 1.299666666666666686e+02 1.268400000000000034e+02
1.292066666666666777e+02 1.299666666666666686e+02 1.268400000000000034e+02
1.292066666666666777e+02 1.299666666666666686e+02 1.268400000000000034e+02
1.292066666666666777e+02 1.299666666666666686e+02 1.268400000000000034e+02
1.292066666666666777e+02 1.299666666666666686e+02 1.268400000000000034e+02
1.292066666666666777e+02 1.299666666666666686e+02 1.268400000000000034e+02
1.292066666666666777e+02 1.299666666666666686e+02 1.268400000000000034e+02
1.292066666666666777e+02 1.299666666666666686e+02 1.268400000000000034e+02
1.292066666666666777e+02 1.299666666666666686e+02 1.268400000000000034e+02
1.292066666666666777e+02 1.299666666666666686e+02 1.268400000000000034e+02
1.292066666666666777e+02 1.299666666666666686e+02 1.268400000000000034e+02
1.292066666666666777e+02 1.299666666666666686e+02 1.268400000000000034e+02
1.292066666666666777e+02 1.299666666666666686e+02 1.268400000000000034e+02
1.292066666666666777e+02 1.299666666666666686e+02 1.268400000000000034e+02
1.292066666666666777e+02 1.299666666666666686e+02 1.268400000000000034e+02
1.292066666666666777e+02 1.299666666666666686e+02 1.268400000000000034e+02
1.292066666666666777e+02 1.299666666666666686e+02 1.268400000000000034e+02
1.292066666666666777e+02 1.299666666666666686e+02 1.268400000000000034e+02
1.292066666666666777e+02 1.299666666666666686e+02 1.268400000000000034e+02
1.292066666666666777e+02 1.299666666666666686e+02 1.268400000000000034e+02
1.292066666666666777e+02 1.299666666666666686e+02 1.268400000000000034e+02
1.292066666666666777e+02 1.299666666666666686e+02 1.268400000000000034e+02
1.292066666666666777e+02 1.299666666666666686e+02 1.268400000000000034e+02
1.292066666666666777e+02 1.299666666666666686e+02 1.268400000000000034e+02
1.292066666666666777e+02 1.299666666666666686e+02 1.268400000000000034e+02
1.292066666666666777e+02 1.299666666666666686e+02 1.268400000000000034e+02
1.292066666666666777e+02 1.299666666666666686e+02 1.268400000000000034e+02
1.292066666666666777e+02 1.299666666666666686e+02 1.268400000000000034e+02
1.292066666666666777e+02 1.299666666666666686e+02 1.268400000000000034e+02
1.292066666666666777e+02 1.299666666666666686e+02 1.268400000000000034e+02
1.292066666666666777e+02 1.299666666666666686e+02 1.268400000000000034e+02
1.292066666666666777e+02 1.299666666666666686e+02 1.268400000000000034e+02
1.292066666666666777e+02 1.299666666666666686e+02 1.268400000000000034e+02
1.292066666666666777e+02 1.299666666666666686e+02 1.268400000000000034e+02
1.292066666666666777e+02 1.299666666666666686e+02 1.268400000000000034e+02
1.292066666666666777e+02 1.299666666666666686e+02 1.268400000000000034e+02
1.292066666666666777e+02 1.299666666666666686e+02 1.268400000000000034e+02
1.292066666666666777e+02 1.299666666666666686e+02 1.268400000000000034e+02
1.292066666666666777e+02 1.299666666666666686e+02 1.268400000000000034e+02
1.292066666666666777e+02 1.299666666666666686e+02 1.268400000000000034e+02
1.292066666666666777e+02 1.299666666666666686e+02 1.268400000000000034e+02
1.292066666666666777e+02 1.299666666666666686e+02 1.268400000000000034e+02
1.292066666666666777e+02 1.299666666666666686e+02 1.268400000000000034e+02
1.292066666666666777e+02 1.299666666666666686e+02 1.268400000000000034e+02
1.292066666666666777e+02 1.299666666666666686e+02 1.268400000000000034e+02
1.292066666666666777e+02 1.299666666666666686e+02 1.268400000000000034e+02
1.292066666666666777e+02 1.299666666666666686e+02 1.268400000000000034e+02
1.292066666666666777e+02 1.299666666666666686e+02 1.268400000000000034e+02
1.292066666666666777e+02 1.299666666666666686e+02 1.268400000000000034e+02
1.292066666666666777e+02 1.299666666666666686e+02 1.268400000000000034e+02
1.292066666666666777e+02 1.299666666666666686e+02 1.268400000000000034e+02
1.292066666666666777e+02 1.299666666666666686e+02 1.268400000000000034e+02
1.292066666666666777e+02 1.299666666666666686e+02 1.268400000000000034e+02
1.292066666666666777e+02 1.299666666666666686e+02 1.268400000000000034e+02
1.292066666666666777e+02 1.299666666666666686e+02 1.268400000000000034e+02
1.292066666666666777e+02 1.299666666666666686e+02 1.268400000000000034e+02
1.292066666666666777e+02 1.299666666666666686e+02 1.268400000000000034e+02
1.292066666666666777e+02 1.299666666666666686e+02 1.268400000000000034e+02
1.292066666666666777e+02 1.299666666666666686e+02 1.268400000000000034e+02
1.292066666666666777e+02 1.299666666666666686e+02 1.268400000000000034e+02
1.292066666666666777e+02 1.299666666666666686e+02 1.268400000000000034e+02
1.292066666666666777e+02 1.299666666666666686e+02 1.268400000000000034e+02
1.292066666666666777e+02 1.299666666666666686e+02 1.268400000000000034e+02
1.292066666666666777e+02 1.299666666666666686e+02 1.268400000000000034e+02
1.292066666666666777e+02 1.299666666666666686e+02 1.268400000000000034e+02
1.292066666666666777e+02 1.299666666666666686e+02 1.268400000000000034e+02
1.292066666666666777e+02 1.299666666666666686e+02 1.268400000000000034e+02
1.292066666666666777e+02 1.299666666666666686e+02 1.268400000000000034e+02
1.292066666666666777e+02 1.299666666666666686e+02 1.268400000000000034e+02
1.292066666666666777e+02 1.299666666666666686e+02 1.268400000000000034e+02
1.292066666666666777e+02 1.299666666666666686e+02 1.268400000000000034e+02
1.292066666666666777e+02 1.299666666666666686e+02 1.268400000000000034e+02
1.292066666666666777e+02 1.299666666666666686e+02 1.268400000000000034e+02
1.292066666666666777e+02 1.299666666666666686e+02 1.268400000000000034e+02
1.292066666666666777e+02 1.299666666666666686e+02 1.268400000000000034e+02
1.292066666666666777e+02 1.299666666666666686e+02 1.268400000000000034e+02
1.292066666666666777e+02 1.299666666666666686e+02 1.268400000000000034e+02
1.292066666666666777e+02 1.299666666666666686e+02 1.268400000000000034e+02
1.292066666666666777e+02 1.299666666666666686e+02 1.268400000000000034e+02
1.292066666666666777e+02 1.299666666666666686e+02 1.268400000000000034e+02
1.292066666666666777e+02 1.299666666666666686e+02 1.268400000000000034e+02
1.292066666666666777e+02 1.299666666666666686e+02 1.268400000000000034e+02
1.292066666666666777e+02 1.299666666666666686e+02 1.268400000000000034e+02
1.292066666666666777e+02 1.299666666666666686e+02 1.268400000000000034e+02
1.292066666666666777e+02 1.299666666666666686e+02 1.268400000000000034e+02
1.292066666666666777e+02 1.299666666666666686e+02 1.268400000000000034e+02
1.292066666666666777e+02 1.299666666666666686e+02 1.268400000000000034e+02
1.292066666666666777e+02 1.299666666666666686e+02 1.268400000000000034e+02
1.292066666666666777e+02 1.299666666666666686e+02 1.268400000000000034e+02
1.292066666666666777e+02 1.299666666666666686e+02 1.268400000000000034e+02
1.292066666666666777e+02 1.299666666666666686e+02 1.268400000000000034e+02
1.292066666666666777e+02 1.299666666666666686e+02 1.268400000000000034e+02
1.292066666666666777e+02 1.299666666666666686e+02 1.268400000000000034e+02
1.292066666666666777e+02 1.299666666666666686e+02 1.268400000000000034e+02
1.292066666666666777e+02 1.299666666666666686e+02 1.268400000000000034e+02
1.292066666666666777e+02 1.299666666666666686e+02 1.268400000000000034e+02
1.292066666666666777e+02 1.299666666666666686e+02 1.268400000000000034e+02
1.292066666666666777e+02 1.299666666666666686e+02 1.268400000000000034e+02
1.292066666666666777e+02 1.299666666666666686e+02 1.268400000000000034e+02
1.292066666666666777e+02 1.299666666666666686e+02 1.268400000000000034e+02
1.292066666666666777e+02 1.299666666666666686e+02 1.268400000000000034e+02
1.292066666666666777e+02 1.299666666666666686e+02 1.268400000000000034e+02
1.292066666666666777e+02 1.299666666666666686e+02 1.268400000000000034e+02
1.292066666666666777e+02 1.299666666666666686e+02 1.268400000000000034e+02
1.292066666666666777e+02 1.299666666666666686e+02 1.268400000000000034e+02
1.292066666666666777e+02 1.299666666666666686e+02 1.268400000000000034e+02
1.292066666666666777e+02 1.299666666666666686e+02 1.268400000000000034e+02
1.292066666666666777e+02 1.299666666666666686e+02 1.268400000000000034e+02
1.292066666666666777e+02 1.299666666666666686e+02 1.268400000000000034e+02
1.292066666666666777e+02 1.299666666666666686e+02 1.268400000000000034e+02
1.292066666666666777e+02 1.299666666666666686e+02 1.268400000000000034e+02
1.292066666666666777e+02 1.299666666666666686e+02 1.268400000000000034e+02
1.292066666666666777e+02 1.299666666666666686e+02 1.268400000000000034e+02
1.292066666666666777e+02 1.299666666666666686e+02 1.268400000000000034e+02
1.292066666666666777e+02 1.299666666666666686e+02 1.268400000000000034e+02
1.292066666666666777e+02 1.299666666666666686e+02 1.268400000000000034e+02
1.292066666666666777e+02 1.299666666666666686e+02 1.268400000000000034e+02
1.292066666666666777e+02 1.299666666666666686e+02 1.268400000000000034e+02
1.292066666666666777e+02 1.299666666666666686e+02 1.268400000000000034e+02
1.292066666666666777e+02 1.299666666666666686e+02 1.268400000000000034e+02
1.292066666666666777e+02 1.299666666666666686e+02 1.268400000000000034e+02
1.292066666666666777e+02 1.299666666666666686e+02 1.268400000000000034e+02
1.292066666666666777e+02 1.299666666666666686e+02 1.268400000000000034e+02
1.292066666666666777e+02 1.299666666666666686e+02 1.268400000000000034e+02
1.292066666666666777e+02 1.299666666666666686e+02 1.268400000000000034e+02
1.292066666666666777e+02 1.299666666666666686e+02 1.268400000000000034e+02
1.292066666666666777e+02 1.299666666666666686e+02 1.268400000000000034e+02
1.292066666666666777e+02 1.299666666666666686e+02 1.268400000000000034e+02
1.292066666666666777e+02 1.299666666666666686e+02 1.268400000000000034e+02
1.292066666666666777e+02 1.299666666666666686e+02 1.268400000000000034e+02
1.292066666666666777e+02 1.299666666666666686e+02 1.268400000000000034e+02
1.292066666666666777e+02 1.299666666666666686e+02 1.268400000000000034e+02
1.292066666666666777e+02 1.299666666666666686e+02 1.268400000000000034e+02
1.292066666666666777e+02 1.299666666666666686e+02 1.268400000000000034e+02
1.292066666666666777e+02 1.299666666666666686e+02 1.268400000000000034e+02
1.292066666666666777e+02 1.299666666666666686e+02 1.268400000000000034e+02
1.292066666666666777e+02 1.299666666666666686e+02 1.268400000000000034e+02
1.292066666666666777e+02 1.299666666666666686e+02 1.268400000000000034e+02
1.292066666666666777e+02 1.299666666666666686e+02 1.268400000000000034e+02
1.292066666666666777e+02 1.299666666666666686e+02 1.268400000000000034e+02
1.292066666666666777e+02 1.299666666666666686e+02 1.268400000000000034e+02
1.292066666666666777e+02 1.299666666666666686e+02 1.268400000000000034e+02
1.292066666666666777e+02 1.299666666666666686e+02 1.268400000000000034e+02
1.292066666666666777e+02 1.299666666666666686e+02 1.268400000000000034e+02
1.292066666666666777e+02 1.299666666666666686e+02 1.268400000000000034e+02
1.292066666666666777e+02 1.299666666666666686e+02 1.268400000000000034e+02
1.292066666666666777e+02 1.299666666666666686e+02 1.268400000000000034e+02
1.292066666666666777e+02 1.299666666666666686e+02 1.268400000000000034e+02
1.292066666666666777e+02 1.299666666666666686e+02 1.268400000000000034e+02
1.292066666666666777e+02 1.299666666666666686e+02 1.268400000000000034e+02
1.292066666666666777e+02 1.299666666666666686e+02 1.268400000000000034e+02
1.292066666666666777e+02 1.299666666666666686e+02 1.268400000000000034e+02
1.292066666666666777e+02 1.299666666666666686e+02 1.268400000000000034e+02
1.292066666666666777e+02 1.299666666666666686e+02 1.268400000000000034e+02
1.292066666666666777e+02 1.299666666666666686e+02 1.268400000000000034e+02
1.292066666666666777e+02 1.299666666666666686e+02 1.268400000000000034e+02
1.292066666666666777e+02 1.299666666666666686e+02 1.268400000000000034e+02
1.292066666666666777e+02 1.299666666666666686e+02 1.268400000000000034e+02
1.292066666666666777e+02 1.299666666666666686e+02 1.268400000000000034e+02
1.292066666666666777e+02 1.299666666666666686e+02 1.268400000000000034e+02
1.292066666666666777e+02 1.299666666666666686e+02 1.268400000000000034e+02
1.292066666666666777e+02 1.299666666666666686e+02 1.268400000000000034e+02
1.292066666666666777e+02 1.299666666666666686e+02 1.268400000000000034e+02
1.292066666666666777e+02 1.299666666666666686e+02 1.268400000000000034e+02
1.292066666666666777e+02 1.299666666666666686e+02 1.268400000000000034e+02
1.292066666666666777e+02 1.299666666666666686e+02 1.268400000000000034e+02
1.292066666666666777e+02 1.299666666666666686e+02 1.268400000000000034e+02
1.292066666666666777e+02 1.299666666666666686e+02 1.268400000000000034e+02
1.292066666666666777e+02 1.299666666666666686e+02 1.268400000000000034e+02
1.292066666666666777e+02 1.299666666666666686e+02 1.268400000000000034e+02
1.292066666666666777e+02 1.299666666666666686e+02 1.268400000000000034e+02
1.292066666666666777e+02 1.299666666666666686e+02 1.268400000000000034e+02
1.292066666666666777e+02 1.299666666666666686e+02 1.268400000000000034e+02
1.292066666666666777e+02 1.299666666666666686e+02 1.268400000000000034e+02
1.292066666666666777e+02 1.299666666666666686e+02 1.268400000000000034e+02
1.292066666666666777e+02 1.299666666666666686e+02 1.268400000000000034e+02
1.292066666666666777e+02 1.299666666666666686e+02 1.268400000000000034e+02
1.292066666666666777e+02 1.299666666666666686e+02 1.268400000000000034e+02
1.292066666666666777e+02 1.299666666666666686e+02 1.268400000000000034e+02
1.292066666666666777e+02 1.299666666666666686e+02 1.268400000000000034e+02
1.292066666666666777e+02 1.299666666666666686e+02 1.268400000000000034e+02
1.292066666666666777e+02 1.299666666666666686e+02 1.268400000000000034e+02
1.292066666666666777e+02 1.299666666666666686e+02 1.268400000000000034e+02
1.292066666666666777e+02 1.299666666666666686e+02 1.268400000000000034e+02
1.292066666666666777e+02 1.299666666666666686e+02 1.268400000000000034e+02
1.292066666666666777e+02 1.299666666666666686e+02 1.268400000000000034e+02
1.292066666666666777e+02 1.299666666666666686e+02 1.268400000000000034e+02
1.292066666666666777e+02 1.299666666666666686e+02 1.268400000000000034e+02
1.292066666666666777e+02 1.299666666666666686e+02 1.268400000000000034e+02
1.292066666666666777e+02 1.299666666666666686e+02 1.268400000000000034e+02
1.292066666666666777e+02 1.299666666666666686e+02 1.268400000000000034e+02
1.292066666666666777e+02 1.299666666666666686e+02 1.268400000000000034e+02
1.292066666666666777e+02 1.299666666666666686e+02 1.268400000000000034e+02
1.292066666666666777e+02 1.299666666666666686e+02 1.268400000000000034e+02
1.292066666666666777e+02 1.299666666666666686e+02 1.268400000000000034e+02
1.292066666666666777e+02 1.299666666666666686e+02 1.268400000000000034e+02
1.292066666666666777e+02 1.299666666666666686e+02 1.268400000000000034e+02
1.292066666666666777e+02 1.299666666666666686e+02 1.268400000000000034e+02
1.292066666666666777e+02 1.299666666666666686e+02 1.268400000000000034e+02
1.292066666666666777e+02 1.299666666666666686e+02 1.268400000000000034e+02
1.292066666666666777e+02 1.299666666666666686e+02 1.268400000000000034e+02
1.292066666666666777e+02 1.299666666666666686e+02 1.268400000000000034e+02
1.292066666666666777e+02 1.299666666666666686e+02 1.268400000000000034e+02
1.292066666666666777e+02 1.299666666666666686e+02 1.268400000000000034e+02
1.292066666666666777e+02 1.299666666666666686e+02 1.268400000000000034e+02
1.292066666666666777e+02 1.299666666666666686e+02 1.268400000000000034e+02
1.292066666666666777e+02 1.299666666666666686e+02 1.268400000000000034e+02
1.292066666666666777e+02 1.299666666666666686e+02 1.268400000000000034e+02
1.292066666666666777e+02 1.299666666666666686e+02 1.268400000000000034e+02
1.292066666666666777e+02 1.299666666666666686e+02 1.268400000000000034e+02
1.292066666666666777e+02 1.299666666666666686e+02 1.268400000000000034e+02
1.292066666666666777e+02 1.299666666666666686e+02 1.268400000000000034e+02
1.292066666666666777e+02 1.299666666666666686e+02 1.268400000000000034e+02
1.292066666666666777e+02 1.299666666666666686e+02 1.268400000000000034e+02
1.292066666666666777e+02 1.299666666666666686e+02 1.268400000000000034e+02
1.292066666666666777e+02 1.299666666666666686e+02 1.268400000000000034e+02
1.292066666666666777e+02 1.299666666666666686e+02 1.268400000000000034e+02
1.292066666666666777e+02 1.299666666666666686e+02 1.268400000000000034e+02
1.292066666666666777e+02 1.299666666666666686e+02 1.268400000000000034e+02
1.292066666666666777e+02 1.299666666666666686e+02 1.268400000000000034e+02
1.292066666666666777e+02 1.299666666666666686e+02 1.268400000000000034e+02
1.292066666666666777e+02 1.299666666666666686e+02 1.268400000000000034e+02
1.292066666666666777e+02 1.299666666666666686e+02 1.268400000000000034e+02
1.292066666666666777e+02 1.299666666666666686e+02 1.268400000000000034e+02
1.292066666666666777e+02 1.299666666666666686e+02 1.268400000000000034e+02
1.292066666666666777e+02 1.299666666666666686e+02 1.268400000000000034e+02
1.292066666666666777e+02 1.299666666666666686e+02 1.268400000000000034e+02
1.292066666666666777e+02 1.299666666666666686e+02 1.268400000000000034e+02
1.292066666666666777e+02 1.299666666666666686e+02 1.268400000000000034e+02
1.292066666666666777e+02 1.299666666666666686e+02 1.268400000000000034e+02
1.292066666666666777e+02 1.299666666666666686e+02 1.268400000000000034e+02
1.292066666666666777e+02 1.299666666666666686e+02 1.268400000000000034e+02
1.292066666666666777e+02 1.299666666666666686e+02 1.268400000000000034e+02
1.292066666666666777e+02 1.299666666666666686e+02 1.268400000000000034e+02
1.292066666666666777e+02 1.299666666666666686e+02 1.268400000000000034e+02
1.292066666666666777e+02 1.299666666666666686e+02 1.268400000000000034e+02
1.292066666666666777e+02 1.299666666666666686e+02 1.268400000000000034e+02
1.292066666666666777e+02 1.299666666666666686e+02 1.268400000000000034e+02
1.292066666666666777e+02 1.299666666666666686e+02 1.268400000000000034e+02
1.292066666666666777e+02 1.299666666666666686e+02 1.268400000000000034e+02
1.292066666666666777e+02 1.299666666666666686e+02 1.268400000000000034e+02
1.292066666666666777e+02 1.299666666666666686e+02 1.268400000000000034e+02
1.292066666666666777e+02 1.299666666666666686e+02 1.268400000000000034e+02
1.292066666666666777e+02 1.299666666666666686e+02 1.268400000000000034e+02
1.292066666666666777e+02 1.299666666666666686e+02 1.268400000000000034e+02
1.292066666666666777e+02 1.299666666666666686e+02 1.268400000000000034e+02
1.292066666666666777e+02 1.299666666666666686e+02 1.268400000000000034e+02
1.292066666666666777e+02 1.299666666666666686e+02 1.268400000000000034e+02
1.292066666666666777e+02 1.299666666666666686e+02 1.268400000000000034e+02
1.292066666666666777e+02 1.299666666666666686e+02 1.268400000000000034e+02
1.292066666666666777e+02 1.299666666666666686e+02 1.268400000000000034e+02
1.292066666666666777e+02 1.299666666666666686e+02 1.268400000000000034e+02
1.292066666666666777e+02 1.299666666666666686e+02 1.268400000000000034e+02
1.292066666666666777e+02 1.299666666666666686e+02 1.268400000000000034e+02
1.292066666666666777e+02 1.299666666666666686e+02 1.268400000000000034e+02
1.292066666666666777e+02 1.299666666666666686e+02 1.268400000000000034e+02
1.292066666666666777e+02 1.299666666666666686e+02 1.268400000000000034e+02
1.292066666666666777e+02 1.299666666666666686e+02 1.268400000000000034e+02
1.292066666666666777e+02 1.299666666666666686e+02 1.268400000000000034e+02
1.292066666666666777e+02 1.299666666666666686e+02 1.268400000000000034e+02
1.292066666666666777e+02 1.299666666666666686e+02 1.268400000000000034e+02
1.292066666666666777e+02 1.299666666666666686e+02 1.268400000000000034e+02
1.292066666666666777e+02 1.299666666666666686e+02 1.268400000000000034e+02
1.292066666666666777e+02 1.299666666666666686e+02 1.268400000000000034e+02
1.292066666666666777e+02 1.299666666666666686e+02 1.268400000000000034e+02
1.292066666666666777e+02 1.299666666666666686e+02 1.268400000000000034e+02
1.292066666666666777e+02 1.299666666666666686e+02 1.268400000000000034e+02
1.292066666666666777e+02 1.299666666666666686e+02 1.268400000000000034e+02
1.292066666666666777e+02 1.299666666666666686e+02 1.268400000000000034e+02
1.292066666666666777e+02 1.299666666666666686e+02 1.268400000000000034e+02
1.292066666666666777e+02 1.299666666666666686e+02 1.268400000000000034e+02
1.292066666666666777e+02 1.299666666666666686e+02 1.268400000000000034e+02
1.292066666666666777e+02 1.299666666666666686e+02 1.268400000000000034e+02
1.292066666666666777e+02 1.299666666666666686e+02 1.268400000000000034e+02
1.292066666666666777e+02 1.299666666666666686e+02 1.268400000000000034e+02
1.292066666666666777e+02 1.299666666666666686e+02 1.268400000000000034e+02
1.292066666666666777e+02 1.299666666666666686e+02 1.268400000000000034e+02
1.292066666666666777e+02 1.299666666666666686e+02 1.268400000000000034e+02
1.292066666666666777e+02 1.299666666666666686e+02 1.268400000000000034e+02
1.292066666666666777e+02 1.299666666666666686e+02 1.268400000000000034e+02
1.292066666666666777e+02 1.299666666666666686e+02 1.268400000000000034e+02
1.292066666666666777e+02 1.299666666666666686e+02 1.268400000000000034e+02
1.292066666666666777e+02 1.299666666666666686e+02 1.268400000000000034e+02
1.292066666666666777e+02 1.299666666666666686e+02 1.268400000000000034e+02
1.292066666666666777e+02 1.299666666666666686e+02 1.268400000000000034e+02
1.292066666666666777e+02 1.299666666666666686e+02 1.268400000000000034e+02
1.292066666666666777e+02 1.299666666666666686e+02 1.268400000000000034e+02
1.292066666666666777e+02 1.299666666666666686e+02 1.268400000000000034e+02
1.292066666666666777e+02 1.299666666666666686e+02 1.268400000000000034e+02
1.292066666666666777e+02 1.299666666666666686e+02 1.268400000000000034e+02
1.292066666666666777e+02 1.299666666666666686e+02 1.268400000000000034e+02
1.292066666666666777e+02 1.299666666666666686e+02 1.268400000000000034e+02
1.292066666666666777e+02 1.299666666666666686e+02 1.268400000000000034e+02
1.292066666666666777e+02 1.299666666666666686e+02 1.268400000000000034e+02
1.292066666666666777e+02 1.299666666666666686e+02 1.268400000000000034e+02
1.292066666666666777e+02 1.299666666666666686e+02 1.268400000000000034e+02
1.292066666666666777e+02 1.299666666666666686e+02 1.268400000000000034e+02
1.292066666666666777e+02 1.299666666666666686e+02 1.268400000000000034e+02
1.292066666666666777e+02 1.299666666666666686e+02 1.268400000000000034e+02
1.292066666666666777e+02 1.299666666666666686e+02 1.268400000000000034e+02
1.292066666666666777e+02 1.299666666666666686e+02 1.268400000000000034e+02
1.292066666666666777e+02 1.299666666666666686e+02 1.268400000000000034e+02
1.292066666666666777e+02 1.299666666666666686e+02 1.268400000000000034e+02
1.292066666666666777e+02 1.299666666666666686e+02 1.268400000000000034e+02
1.292066666666666777e+02 1.299666666666666686e+02 1.268400000000000034e+02
1.292066666666666777e+02 1.299666666666666686e+02 1.268400000000000034e+02
1.292066666666666777e+02 1.299666666666666686e+02 1.268400000000000034e+02
1.292066666666666777e+02 1.299666666666666686e+02 1.268400000000000034e+02
1.292066666666666777e+02 1.299666666666666686e+02 1.268400000000000034e+02
1.292066666666666777e+02 1.299666666666666686e+02 1.268400000000000034e+02
1.292066666666666777e+02 1.299666666666666686e+02 1.268400000000000034e+02
1.292066666666666777e+02 1.299666666666666686e+02 1.268400000000000034e+02
1.292066666666666777e+02 1.299666666666666686e+02 1.268400000000000034e+02
1.292066666666666777e+02 1.299666666666666686e+02 1.268400000000000034e+02
1.292066666666666777e+02 1.299666666666666686e+02 1.268400000000000034e+02
1.292066666666666777e+02 1.299666666666666686e+02 1.268400000000000034e+02
1.292066666666666777e+02 1.299666666666666686e+02 1.268400000000000034e+02
1.292066666666666777e+02 1.299666666666666686e+02 1.268400000000000034e+02
1.292066666666666777e+02 1.299666666666666686e+02 1.268400000000000034e+02
1.292066666666666777e+02 1.299666666666666686e+02 1.268400000000000034e+02
1.292066666666666777e+02 1.299666666666666686e+02 1.268400000000000034e+02
1.292066666666666777e+02 1.299666666666666686e+02 1.268400000000000034e+02
1.292066666666666777e+02 1.299666666666666686e+02 1.268400000000000034e+02
1.292066666666666777e+02 1.299666666666666686e+02 1.268400000000000034e+02
1.292066666666666777e+02 1.299666666666666686e+02 1.268400000000000034e+02
1.292066666666666777e+02 1.299666666666666686e+02 1.268400000000000034e+02
1.292066666666666777e+02 1.299666666666666686e+02 1.268400000000000034e+02
1.292066666666666777e+02 1.299666666666666686e+02 1.268400000000000034e+02
1.292066666666666777e+02 1.299666666666666686e+02 1.268400000000000034e+02
1.292066666666666777e+02 1.299666666666666686e+02 1.268400000000000034e+02
1.292066666666666777e+02 1.299666666666666686e+02 1.268400000000000034e+02
1.292066666666666777e+02 1.299666666666666686e+02 1.268400000000000034e+02
1.292066666666666777e+02 1.299666666666666686e+02 1.268400000000000034e+02
1.292066666666666777e+02 1.299666666666666686e+02 1.268400000000000034e+02
1.292066666666666777e+02 1.299666666666666686e+02 1.268400000000000034e+02
1.292066666666666777e+02 1.299666666666666686e+02 1.268400000000000034e+02
1.292066666666666777e+02 1.299666666666666686e+02 1.268400000000000034e+02
1.292066666666666777e+02 1.299666666666666686e+02 1.268400000000000034e+02
1.292066666666666777e+02 1.299666666666666686e+02 1.268400000000000034e+02
1.292066666666666777e+02 1.299666666666666686e+02 1.268400000000000034e+02
1.292066666666666777e+02 1.299666666666666686e+02 1.268400000000000034e+02
1.292066666666666777e+02 1.299666666666666686e+02 1.268400000000000034e+02
1.292066666666666777e+02 1.299666666666666686e+02 1.268400000000000034e+02
1.292066666666666777e+02 1.299666666666666686e+02 1.268400000000000034e+02
1.292066666666666777e+02 1.299666666666666686e+02 1.268400000000000034e+02
1.292066666666666777e+02 1.299666666666666686e+02 1.268400000000000034e+02
1.292066666666666777e+02 1.299666666666666686e+02 1.268400000000000034e+02
1.292066666666666777e+02 1.299666666666666686e+02 1.268400000000000034e+02
1.292066666666666777e+02 1.299666666666666686e+02 1.268400000000000034e+02
1.292066666666666777e+02 1.299666666666666686e+02 1.268400000000000034e+02
1.292066666666666777e+02 1.299666666666666686e+02 1.268400000000000034e+02
1.292066666666666777e+02 1.299666666666666686e+02 1.268400000000000034e+02
1.292066666666666777e+02 1.299666666666666686e+02 1.268400000000000034e+02
1.292066666666666777e+02 1.299666666666666686e+02 1.268400000000000034e+02
1.292066666666666777e+02 1.299666666666666686e+02 1.268400000000000034e+02
1.292066666666666777e+02 1.299666666666666686e+02 1.268400000000000034e+02
1.292066666666666777e+02 1.299666666666666686e+02 1.268400000000000034e+02
1.292066666666666777e+02 1.299666666666666686e+02 1.268400000000000034e+02
1.292066666666666777e+02 1.299666666666666686e+02 1.268400000000000034e+02
1.292066666666666777e+02 1.299666666666666686e+02 1.268400000000000034e+02
1.292066666666666777e+02 1.299666666666666686e+02 1.268400000000000034e+02
1.292066666666666777e+02 1.299666666666666686e+02 1.268400000000000034e+02
1.292066666666666777e+02 1.299666666666666686e+02 1.268400000000000034e+02
1.292066666666666777e+02 1.299666666666666686e+02 1.268400000000000034e+02
1.292066666666666777e+02 1.299666666666666686e+02 1.268400000000000034e+02
1.292066666666666777e+02 1.299666666666666686e+02 1.268400000000000034e+02
1.292066666666666777e+02 1.299666666666666686e+02 1.268400000000000034e+02
1.292066666666666777e+02 1.299666666666666686e+02 1.268400000000000034e+02
1.292066666666666777e+02 1.299666666666666686e+02 1.268400000000000034e+02
1.292066666666666777e+02 1.299666666666666686e+02 1.268400000000000034e+02
1.292066666666666777e+02 1.299666666666666686e+02 1.268400000000000034e+02
1.292066666666666777e+02 1.299666666666666686e+02 1.268400000000000034e+02
1.292066666666666777e+02 1.299666666666666686e+02 1.268400000000000034e+02
1.292066666666666777e+02 1.299666666666666686e+02 1.268400000000000034e+02
1.292066666666666777e+02 1.299666666666666686e+02 1.268400000000000034e+02
1.292066666666666777e+02 1.299666666666666686e+02 1.268400000000000034e+02
1.292066666666666777e+02 1.299666666666666686e+02 1.268400000000000034e+02
1.292066666666666777e+02 1.299666666666666686e+02 1.268400000000000034e+02
1.292066666666666777e+02 1.299666666666666686e+02 1.268400000000000034e+02
1.292066666666666777e+02 1.299666666666666686e+02 1.268400000000000034e+02
1.292066666666666777e+02 1.299666666666666686e+02 1.268400000000000034e+02
1.292066666666666777e+02 1.299666666666666686e+02 1.268400000000000034e+02
1.292066666666666777e+02 1.299666666666666686e+02 1.268400000000000034e+02
1.292066666666666777e+02 1.299666666666666686e+02 1.268400000000000034e+02
1.292066666666666777e+02 1.299666666666666686e+02 1.268400000000000034e+02
1.292066666666666777e+02 1.299666666666666686e+02 1.268400000000000034e+02
1.292066666666666777e+02 1.299666666666666686e+02 1.268400000000000034e+02
1.292066666666666777e+02 1.299666666666666686e+02 1.268400000000000034e+02
1.292066666666666777e+02 1.299666666666666686e+02 1.268400000000000034e+02
1.292066666666666777e+02 1.299666666666666686e+02 1.268400000000000034e+02
1.292066666666666777e+02 1.299666666666666686e+02 1.268400000000000034e+02
1.292066666666666777e+02 1.299666666666666686e+02 1.268400000000000034e+02
1.292066666666666777e+02 1.299666666666666686e+02 1.268400000000000034e+02
1.292066666666666777e+02 1.299666666666666686e+02 1.268400000000000034e+02
1.292066666666666777e+02 1.299666666666666686e+02 1.268400000000000034e+02
1.292066666666666777e+02 1.299666666666666686e+02 1.268400000000000034e+02
