1.289235668789808926e+02 1.280445859872611436e+02 1.284904458598726080e+02
1.289597315436241729e+02 1.279530201342281828e+02 1.287986577181208077e+02
1.289477124183006538e+02 1.279346405228758101e+02 1.287254901960784252e+02
1.289084967320261512e+02 1.279869281045751563e+02 1.286993464052287663e+02
1.288961038961039094e+02 1.279350649350649292e+02 1.287337662337662323e+02
1.289664429530201346e+02 1.278791946308724903e+02 1.286845637583892596e+02
1.287763157894736707e+02 1.279276315789473699e+02 1.286381578947368496e+02
1.289199999999999875e+02 1.279200000000000017e+02 1.284666666666666686e+02
1.289470198675496704e+02 1.280397350993377472e+02 1.282649006622516481e+02
1.288543046357615935e+02 1.281192052980132416e+02 1.282251655629139009e+02
1.286622516556291487e+02 1.280596026490066208e+02 1.283708609271523073e+02
1.286928104575163445e+02 1.280000000000000000e+02 1.283398692810457646e+02
1.287350993377483519e+02 1.278476821192053023e+02 1.280264900662251648e+02
1.286866666666666674e+02 1.277933333333333366e+02 1.281066666666666549e+02
1.288571428571428612e+02 1.277597402597402549e+02 1.282142857142857224e+02
1.290933333333333337e+02 1.276333333333333400e+02 1.282599999999999909e+02
1.292838709677419331e+02 1.277354838709677409e+02 1.282516129032258050e+02
1.293137254901960773e+02 1.276470588235294059e+02 1.283398692810457646e+02
1.292800000000000011e+02 1.276400000000000006e+02 1.285866666666666731e+02
1.292384105960264833e+02 1.276357615894039697e+02 1.286291390728476927e+02
1.291399999999999864e+02 1.276599999999999966e+02 1.286866666666666674e+02
1.289493670886076018e+02 1.276455696202531698e+02 1.286202531645569707e+02
1.287189542483660034e+02 1.276928104575163445e+02 1.286339869281045765e+02
1.285714285714285836e+02 1.276428571428571388e+02 1.285129870129870255e+02
1.284933333333333394e+02 1.277266666666666737e+02 1.285866666666666731e+02
1.285133333333333212e+02 1.276599999999999966e+02 1.285133333333333212e+02
1.284834437086092578e+02 1.274172185430463600e+02 1.283311258278145601e+02
1.284013157894736707e+02 1.273947368421052602e+02 1.284144736842105203e+02
1.283947368421052602e+02 1.275394736842105203e+02 1.283157894736842195e+02
1.282925170068027114e+02 1.273809523809523796e+02 1.283061224489795791e+02
1.282614379084967311e+02 1.274313725490196134e+02 1.282483660130718874e+02
1.282953020134228268e+02 1.273355704697986539e+02 1.282684563758389231e+02
1.284575163398692723e+02 1.273267973856209210e+02 1.282810457516339966e+02
1.287500000000000000e+02 1.272297297297297405e+02 1.282500000000000000e+02
1.287828947368421098e+02 1.271644736842105203e+02 1.282697368421052602e+02
1.288600000000000136e+02 1.271933333333333280e+02 1.282400000000000091e+02
1.287908496732026151e+02 1.271372549019607874e+02 1.280392156862745026e+02
1.288199999999999932e+02 1.270933333333333337e+02 1.281266666666666652e+02
1.289066666666666663e+02 1.271333333333333400e+02 1.280800000000000125e+02
1.288972602739725914e+02 1.270753424657534225e+02 1.281917808219178028e+02
1.287635135135135158e+02 1.270540540540540491e+02 1.280675675675675791e+02
1.287947019867549727e+02 1.269403973509933792e+02 1.281258278145695328e+02
1.287400000000000091e+02 1.270066666666666606e+02 1.281999999999999886e+02
1.288133333333333326e+02 1.271733333333333320e+02 1.281866666666666674e+02
1.288322147651006730e+02 1.272281879194630818e+02 1.281946308724832306e+02
1.288278145695364287e+02 1.272052980132450273e+02 1.281523178807946977e+02
1.288636363636363740e+02 1.271818181818181870e+02 1.280844155844155807e+02
1.287933333333333223e+02 1.272933333333333366e+02 1.281066666666666549e+02
1.288724832214765001e+02 1.271543624161073893e+02 1.280268456375839037e+02
1.288133333333333326e+02 1.269666666666666686e+02 1.280000000000000000e+02
1.287770270270270316e+02 1.269797297297297263e+02 1.281283783783783861e+02
1.288421052631578902e+02 1.271118421052631646e+02 1.280986842105263293e+02
1.288799999999999955e+02 1.271666666666666714e+02 1.282466666666666697e+02
1.288223684210526301e+02 1.271052631578947398e+02 1.283026315789473699e+02
1.288133333333333326e+02 1.270199999999999960e+02 1.283000000000000114e+02
1.287046979865771732e+02 1.270268456375838895e+02 1.282751677852349133e+02
1.285743243243243228e+02 1.267770270270270316e+02 1.280810810810810949e+02
1.286266666666666652e+02 1.266400000000000006e+02 1.280133333333333212e+02
1.287012987012986969e+02 1.266623376623376629e+02 1.281233766233766289e+02
1.287152317880794783e+02 1.267086092715231729e+02 1.281721854304635713e+02
1.287466666666666697e+02 1.267133333333333383e+02 1.282933333333333223e+02
1.286375838926174424e+02 1.265302013422818845e+02 1.281208053691275097e+02
1.285800000000000125e+02 1.264800000000000040e+02 1.281999999999999886e+02
1.286470588235294201e+02 1.264771241830065378e+02 1.283202614379084991e+02
1.286466666666666754e+02 1.263933333333333309e+02 1.280800000000000125e+02
1.286200000000000045e+02 1.264733333333333292e+02 1.280200000000000102e+02
1.286351351351351298e+02 1.263648648648648702e+02 1.280135135135135158e+02
1.286066666666666549e+02 1.262600000000000051e+02 1.280800000000000125e+02
1.286363636363636260e+02 1.264090909090909065e+02 1.281363636363636260e+02
1.289127516778523557e+02 1.264832214765100673e+02 1.280805369127516826e+02
1.287852348993288558e+02 1.264630872483221538e+02 1.281140939597315480e+02
1.289668874172185440e+02 1.263708609271523216e+02 1.280066225165562912e+02
1.290397350993377472e+02 1.263642384105960303e+02 1.281655629139072801e+02
1.291437908496731950e+02 1.262810457516339824e+02 1.280718954248366117e+02
1.293199999999999932e+02 1.261466666666666612e+02 1.281399999999999864e+02
1.293947368421052602e+02 1.261513157894736850e+02 1.279013157894736850e+02
1.293866666666666561e+02 1.261400000000000006e+02 1.279599999999999937e+02
1.292550335570469713e+02 1.261006711409395962e+02 1.279798657718120865e+02
1.292229729729729684e+02 1.261216216216216282e+02 1.280472972972972912e+02
1.291399999999999864e+02 1.260866666666666731e+02 1.281399999999999864e+02
1.291324503311258241e+02 1.258741721854304672e+02 1.281589403973509889e+02
1.290405405405405475e+02 1.258783783783783718e+02 1.280540540540540633e+02
1.290333333333333314e+02 1.259266666666666623e+02 1.280999999999999943e+02
1.290331125827814560e+02 1.260596026490066208e+02 1.281192052980132416e+02
1.288079470198675551e+02 1.260728476821192032e+02 1.280662251655629120e+02
1.288235294117646959e+02 1.261830065359477118e+02 1.281307189542483798e+02
1.289605263157894797e+02 1.262302631578947398e+02 1.279342105263157947e+02
1.287870967741935431e+02 1.261870967741935488e+02 1.280322580645161281e+02
1.290457516339869244e+02 1.261176470588235361e+02 1.280326797385620807e+02
1.292599999999999909e+02 1.260333333333333314e+02 1.281066666666666549e+02
1.292649006622516481e+02 1.260794701986754944e+02 1.280132450331125824e+02
1.291241830065359579e+02 1.261111111111111143e+02 1.280261437908496873e+02
1.292039473684210407e+02 1.261052631578947398e+02 1.280065789473684106e+02
1.291523178807946977e+02 1.260463576158940384e+02 1.279735099337748352e+02
1.291999999999999886e+02 1.262000000000000028e+02 1.280466666666666526e+02
1.291891891891891930e+02 1.262297297297297263e+02 1.281959459459459367e+02
1.292435897435897516e+02 1.262307692307692264e+02 1.280769230769230660e+02
1.292818791946308750e+02 1.263288590604026780e+02 1.279597315436241587e+02
1.292980132450331041e+02 1.264105960264900688e+02 1.278807947019867584e+02
1.293223684210526301e+02 1.263552631578947398e+02 1.279934210526315752e+02
1.292467532467532578e+02 1.263116883116883145e+02 1.279155844155844193e+02
1.291466666666666754e+02 1.262600000000000051e+02 1.278466666666666640e+02
1.291523178807946977e+02 1.262052980132450273e+02 1.278543046357615935e+02
1.290927152317880768e+02 1.263973509933774864e+02 1.278543046357615935e+02
1.289933774834437088e+02 1.262450331125827745e+02 1.276158940397350960e+02
1.290066225165562912e+02 1.262185430463576097e+02 1.275099337748344368e+02
1.290065359477124218e+02 1.260980392156862706e+02 1.275098039215686327e+02
1.287114093959731633e+02 1.262080536912751683e+02 1.275033557046979809e+02
1.286711409395973078e+02 1.262550335570469855e+02 1.272885906040268509e+02
1.286399999999999864e+02 1.261466666666666612e+02 1.272533333333333303e+02
1.286711409395973078e+02 1.261744966442953029e+02 1.271275167785234856e+02
1.286026490066225278e+02 1.261986754966887361e+02 1.272317880794701921e+02
1.285723684210526301e+02 1.261381578947368354e+02 1.271973684210526301e+02
1.286601307189542354e+02 1.258888888888888857e+02 1.269673202614379051e+02
1.286399999999999864e+02 1.258599999999999994e+02 1.269200000000000017e+02
1.286322580645161224e+02 1.256709677419354847e+02 1.268903225806451616e+02
1.285394736842105203e+02 1.256907894736842053e+02 1.268684210526315752e+02
1.284415584415584419e+02 1.256818181818181870e+02 1.268376623376623371e+02
1.286092715231788191e+02 1.259801324503311264e+02 1.270132450331125824e+02
1.285302013422818845e+02 1.259194630872483174e+02 1.269798657718120865e+02
1.284966887417218686e+02 1.259072847682119232e+02 1.268940397350993408e+02
1.285657894736841911e+02 1.258486842105263150e+02 1.267039473684210549e+02
1.286622516556291203e+02 1.258013245033112639e+02 1.267218543046357695e+02
1.286644295302013177e+02 1.256912751677852356e+02 1.269127516778523557e+02
1.286466666666666754e+02 1.256599999999999966e+02 1.268733333333333348e+02
1.286558441558441643e+02 1.257272727272727337e+02 1.269740259740259773e+02
1.288199999999999932e+02 1.256400000000000006e+02 1.269933333333333394e+02
1.289285714285714164e+02 1.255389610389610340e+02 1.270259740259740227e+02
1.287908496732026151e+02 1.255751633986928084e+02 1.269673202614379051e+02
1.289415584415584419e+02 1.256363636363636402e+02 1.269090909090909065e+02
1.290529801324503296e+02 1.256556291390728433e+02 1.268675496688741759e+02
1.289266666666666765e+02 1.256666666666666714e+02 1.268733333333333348e+02
1.288355263157894797e+02 1.255592105263157947e+02 1.268026315789473699e+02
1.289605263157894797e+02 1.254802631578947398e+02 1.268684210526315752e+02
1.290384615384615472e+02 1.256217948717948758e+02 1.269551282051282044e+02
1.290596026490066208e+02 1.256092715231788048e+02 1.270596026490066208e+02
1.290469798657718172e+02 1.256308724832214807e+02 1.269664429530201346e+02
1.290657894736842195e+02 1.255855263157894797e+02 1.271184210526315752e+02
1.292631578947368496e+02 1.255921052631578902e+02 1.271513157894736850e+02
1.292333333333333201e+02 1.255333333333333314e+02 1.272066666666666634e+02
1.289934640522875782e+02 1.255359477124183059e+02 1.273529411764705941e+02
1.290580645161290363e+02 1.254903225806451559e+02 1.273225806451612954e+02
1.290592105263157805e+02 1.254144736842105203e+02 1.272434210526315752e+02
1.290194805194805099e+02 1.253181818181818130e+02 1.273051948051948017e+02
1.290512820512820440e+02 1.254935897435897374e+02 1.272307692307692264e+02
1.290921052631578902e+02 1.254671052631578902e+02 1.272039473684210549e+02
1.292434210526315894e+02 1.256644736842105203e+02 1.271644736842105203e+02
1.291933333333333280e+02 1.257533333333333303e+02 1.271466666666666612e+02
1.293221476510067021e+02 1.256375838926174566e+02 1.272281879194630818e+02
1.292875816993464184e+02 1.256339869281045765e+02 1.273071895424836555e+02
1.294509803921568505e+02 1.256928104575163445e+02 1.272875816993464042e+02
1.294295302013422884e+02 1.255973154362416153e+02 1.272416107382550337e+02
1.292837837837837753e+02 1.256013513513513544e+02 1.273040540540540491e+02
1.293618421052631504e+02 1.255526315789473699e+02 1.271842105263157947e+02
1.293333333333333428e+02 1.255666666666666629e+02 1.271533333333333360e+02
1.292857142857142776e+02 1.256753246753246742e+02 1.270194805194805241e+02
1.293245033112582689e+02 1.256291390728476784e+02 1.271192052980132416e+02
1.295066666666666606e+02 1.257133333333333383e+02 1.272199999999999989e+02
1.296623376623376487e+02 1.257012987012986969e+02 1.272662337662337677e+02
1.298026315789473699e+02 1.256644736842105203e+02 1.271184210526315752e+02
1.298000000000000114e+02 1.258322580645161253e+02 1.270903225806451644e+02
1.296580645161290306e+02 1.256903225806451587e+02 1.269741935483870918e+02
1.298866666666666561e+02 1.256666666666666714e+02 1.269599999999999937e+02
1.300065359477124218e+02 1.255816993464052302e+02 1.270718954248365975e+02
1.299210526315789593e+02 1.256776315789473699e+02 1.270723684210526301e+02
1.300588235294117680e+02 1.256666666666666714e+02 1.272091503267973849e+02
1.302052980132450273e+02 1.256688741721854257e+02 1.269602649006622528e+02
1.303133333333333326e+02 1.257533333333333303e+02 1.269200000000000017e+02
1.301986754966887361e+02 1.258410596026490111e+02 1.270596026490066208e+02
1.302400000000000091e+02 1.257600000000000051e+02 1.270799999999999983e+02
1.301390728476821153e+02 1.256754966887417169e+02 1.271324503311258241e+02
1.300657894736842195e+02 1.256710526315789451e+02 1.271250000000000000e+02
1.300653594771241899e+02 1.258169934640522882e+02 1.269934640522875782e+02
1.299256756756756772e+02 1.257027027027027088e+02 1.271081081081081123e+02
1.298278145695364287e+02 1.257947019867549727e+02 1.270198675496688736e+02
1.298013245033112639e+02 1.257549668874172255e+02 1.271986754966887361e+02
1.297814569536423903e+02 1.259337748344370880e+02 1.272781456953642447e+02
1.296644736842105203e+02 1.258750000000000000e+02 1.270986842105263150e+02
1.296824324324324209e+02 1.260000000000000000e+02 1.272094594594594525e+02
1.298157894736842195e+02 1.260657894736842053e+02 1.272500000000000000e+02
1.297400000000000091e+02 1.261533333333333360e+02 1.271466666666666612e+02
1.296447368421052602e+02 1.261513157894736850e+02 1.271907894736842053e+02
1.297908496732026151e+02 1.260980392156862706e+02 1.272287581699346362e+02
1.297828947368421098e+02 1.262039473684210549e+02 1.272565789473684248e+02
1.299477124183006538e+02 1.261568627450980387e+02 1.273790849673202672e+02
1.299605263157894797e+02 1.260723684210526301e+02 1.275000000000000000e+02
1.300466666666666526e+02 1.260933333333333337e+02 1.273466666666666640e+02
1.300472972972972912e+02 1.261081081081081123e+02 1.273108108108108070e+02
1.300189873417721458e+02 1.260443037974683591e+02 1.272974683544303787e+02
1.300986842105263293e+02 1.259802631578947398e+02 1.271842105263157947e+02
1.299868421052631504e+02 1.258750000000000000e+02 1.272500000000000000e+02
1.300263157894736707e+02 1.260065789473684248e+02 1.271447368421052602e+02
1.300939597315436345e+02 1.259932885906040241e+02 1.271140939597315480e+02
1.299933774834437088e+02 1.258079470198675551e+02 1.270993377483443680e+02
1.299333333333333371e+02 1.255933333333333337e+02 1.270933333333333337e+02
1.298859060402684520e+02 1.253691275167785193e+02 1.271342281879194616e+02
1.297382550335570386e+02 1.255503355704697981e+02 1.272617449664429472e+02
1.296558441558441643e+02 1.257922077922077904e+02 1.273116883116883145e+02
1.295098039215686185e+02 1.257647058823529420e+02 1.272549019607843093e+02
1.295000000000000000e+02 1.258733333333333348e+02 1.270866666666666731e+02
1.295816993464052302e+02 1.257973856209150370e+02 1.270718954248365975e+02
1.297086092715231871e+02 1.256688741721854257e+02 1.272384105960264833e+02
1.296274509803921546e+02 1.256470588235294059e+02 1.271764705882352899e+02
1.296776315789473699e+02 1.255789473684210549e+02 1.271184210526315752e+02
1.297647058823529278e+02 1.256797385620915009e+02 1.271241830065359437e+02
1.297631578947368496e+02 1.256513157894736850e+02 1.271973684210526301e+02
1.296753246753246742e+02 1.258701298701298725e+02 1.269220779220779178e+02
1.297400000000000091e+02 1.256866666666666674e+02 1.268933333333333309e+02
1.297199999999999989e+02 1.255999999999999943e+02 1.268733333333333348e+02
1.296733333333333462e+02 1.256133333333333297e+02 1.267800000000000011e+02
1.295570469798657598e+02 1.256845637583892596e+02 1.265436241610738222e+02
1.294199999999999875e+02 1.258066666666666720e+02 1.264200000000000017e+02
1.295733333333333235e+02 1.258400000000000034e+02 1.264000000000000057e+02
1.296143790849673110e+02 1.257973856209150370e+02 1.263921568627450966e+02
1.297434210526315894e+02 1.258223684210526301e+02 1.263684210526315752e+02
1.297548387096774150e+02 1.257806451612903231e+02 1.264709677419354819e+02
1.297631578947368496e+02 1.258947368421052602e+02 1.264539473684210549e+02
1.298120805369127595e+02 1.257516778523489904e+02 1.264496644295302019e+02
1.297337662337662323e+02 1.257987012987013031e+02 1.265779220779220822e+02
1.298145695364238463e+02 1.256953642384105905e+02 1.265496688741721840e+02
1.299480519480519547e+02 1.255649350649350708e+02 1.264415584415584419e+02
1.298552631578947398e+02 1.254868421052631646e+02 1.266381578947368354e+02
1.298410596026490111e+02 1.253973509933774864e+02 1.263973509933774864e+02
1.298974358974358836e+02 1.252564102564102626e+02 1.264487179487179418e+02
1.299799999999999898e+02 1.254000000000000057e+02 1.263933333333333309e+02
1.301644736842105203e+02 1.255263157894736850e+02 1.264671052631578902e+02
1.300576923076923208e+02 1.254679487179487154e+02 1.262884615384615330e+02
1.301523178807946977e+02 1.255364238410596016e+02 1.262384105960264833e+02
1.301578947368421098e+02 1.255921052631578902e+02 1.261578947368421098e+02
1.302287581699346504e+02 1.254444444444444429e+02 1.260849673202614412e+02
1.302875816993464184e+02 1.254248366013071916e+02 1.260915032679738630e+02
1.302094594594594525e+02 1.254189189189189193e+02 1.261756756756756772e+02
1.301710526315789593e+02 1.253289473684210549e+02 1.262500000000000000e+02
1.301088435374149697e+02 1.253673469387755119e+02 1.261428571428571388e+02
1.302770270270270316e+02 1.252635135135135158e+02 1.261621621621621614e+02
1.303815789473684106e+02 1.253421052631578902e+02 1.262105263157894797e+02
1.303245033112582689e+02 1.252980132450331183e+02 1.262980132450331183e+02
1.303758389261745094e+02 1.252147651006711442e+02 1.263020134228187885e+02
1.305986842105263293e+02 1.250789473684210549e+02 1.261578947368421098e+02
1.308300653594771177e+02 1.251764705882352899e+02 1.261176470588235361e+02
1.309256756756756772e+02 1.251081081081081123e+02 1.261959459459459509e+02
1.308486842105263293e+02 1.250723684210526301e+02 1.262368421052631646e+02
1.309419354838709637e+02 1.251161290322580584e+02 1.262193548387096769e+02
1.308986486486486456e+02 1.250067567567567579e+02 1.259797297297297263e+02
1.308223684210526301e+02 1.250723684210526301e+02 1.257697368421052602e+02
1.307933333333333223e+02 1.249800000000000040e+02 1.257133333333333383e+02
1.308733333333333348e+02 1.249666666666666686e+02 1.258266666666666680e+02
1.309155844155844193e+02 1.248961038961038952e+02 1.258701298701298725e+02
1.309383561643835492e+02 1.249315068493150704e+02 1.258082191780821972e+02
1.309084967320261512e+02 1.249803921568627487e+02 1.257124183006535958e+02
1.306933333333333280e+02 1.247800000000000011e+02 1.257133333333333383e+02
1.306845637583892596e+02 1.248791946308724903e+02 1.256241610738255048e+02
1.306578947368421098e+02 1.247302631578947398e+02 1.255855263157894797e+02
1.306644736842105203e+02 1.246710526315789451e+02 1.257500000000000000e+02
1.306266666666666652e+02 1.245266666666666708e+02 1.259266666666666623e+02
1.304736842105263293e+02 1.244210526315789451e+02 1.259078947368421098e+02
1.302400000000000091e+02 1.244399999999999977e+02 1.259266666666666623e+02
1.303947368421052602e+02 1.244539473684210549e+02 1.260328947368421098e+02
1.304117647058823479e+02 1.246143790849673252e+02 1.260522875816993462e+02
1.304429530201342118e+02 1.245771812080537018e+02 1.258791946308724761e+02
1.303529411764705799e+02 1.246535947712418277e+02 1.257908496732026009e+02
1.302649006622516481e+02 1.245099337748344368e+02 1.256821192052980081e+02
1.301610738255033652e+02 1.243892617449664471e+02 1.256912751677852356e+02
1.301612903225806406e+02 1.244193548387096797e+02 1.256774193548387046e+02
1.300993377483443680e+02 1.244105960264900688e+02 1.257417218543046289e+02
1.302244897959183731e+02 1.244285714285714306e+02 1.256190476190476204e+02
1.301644736842105203e+02 1.244144736842105203e+02 1.257368421052631646e+02
1.301381578947368496e+02 1.243618421052631646e+02 1.255986842105263150e+02
1.300526315789473699e+02 1.243750000000000000e+02 1.257039473684210549e+02
1.301677852348993270e+02 1.244630872483221538e+02 1.257449664429530145e+02
1.301428571428571388e+02 1.244285714285714306e+02 1.259545454545454533e+02
1.301776315789473699e+02 1.244802631578947398e+02 1.260197368421052602e+02
1.302614379084967311e+02 1.245294117647058840e+02 1.261045751633986924e+02
1.302635135135135158e+02 1.244121621621621614e+02 1.261148648648648702e+02
1.304666666666666686e+02 1.244800000000000040e+02 1.259666666666666686e+02
1.304451612903225737e+02 1.245354838709677381e+02 1.258516129032258135e+02
1.303581081081080981e+02 1.244054054054054035e+02 1.257500000000000000e+02
1.302913907284768129e+02 1.243708609271523216e+02 1.256953642384105905e+02
1.302800000000000011e+02 1.242600000000000051e+02 1.256133333333333297e+02
1.302967741935483730e+02 1.243806451612903174e+02 1.255548387096774263e+02
1.301644736842105203e+02 1.246184210526315752e+02 1.257039473684210549e+02
1.301830065359477260e+02 1.244117647058823479e+02 1.256993464052287521e+02
1.301764705882353041e+02 1.244771241830065378e+02 1.256209150326797328e+02
1.303289473684210407e+02 1.243421052631578902e+02 1.255723684210526301e+02
1.304605263157894797e+02 1.244013157894736850e+02 1.256644736842105203e+02
1.303576158940397249e+02 1.245894039735099312e+02 1.255364238410596016e+02
1.302500000000000000e+02 1.245526315789473699e+02 1.257434210526315752e+02
1.302818791946308750e+02 1.245637583892617499e+02 1.256979865771812115e+02
1.302903225806451530e+02 1.244774193548387160e+02 1.255870967741935544e+02
1.303870967741935374e+02 1.244193548387096797e+02 1.255806451612903203e+02
1.304666666666666686e+02 1.243266666666666680e+02 1.256133333333333297e+02
1.304258064516129139e+02 1.243612903225806434e+02 1.255225806451612840e+02
1.303489932885906057e+02 1.243288590604026780e+02 1.255637583892617499e+02
1.303947368421052602e+02 1.242631578947368354e+02 1.255263157894736850e+02
1.304199999999999875e+02 1.243733333333333348e+02 1.256133333333333297e+02
1.306580645161290306e+02 1.245225806451612840e+02 1.257354838709677409e+02
1.307284768211920607e+02 1.244105960264900688e+02 1.257086092715231729e+02
1.307364864864864842e+02 1.243581081081081123e+02 1.256486486486486456e+02
1.307615894039735167e+02 1.244503311258278160e+02 1.254503311258278160e+02
1.307763157894736707e+02 1.244276315789473699e+02 1.254407894736842053e+02
1.306089743589743648e+02 1.243910256410256352e+02 1.255641025641025692e+02
1.305894039735099454e+02 1.243509933774834479e+02 1.256887417218542993e+02
1.305960264900662366e+02 1.243642384105960303e+02 1.257218543046357553e+02
1.305723684210526301e+02 1.244078947368421098e+02 1.256250000000000000e+02
1.305733333333333235e+02 1.244066666666666663e+02 1.255066666666666606e+02
1.306621621621621614e+02 1.244797297297297263e+02 1.256351351351351298e+02
1.305838926174496635e+02 1.245033557046979809e+02 1.256711409395973220e+02
1.304900662251655490e+02 1.245231788079470192e+02 1.258211920529801375e+02
1.304000000000000057e+02 1.245290322580645181e+02 1.256580645161290306e+02
1.303202614379084991e+02 1.247908496732026151e+02 1.257385620915032689e+02
1.304362416107382501e+02 1.248255033557046971e+02 1.256979865771812115e+02
1.304736842105263293e+02 1.245723684210526301e+02 1.254539473684210549e+02
1.306107382550335672e+02 1.247919463087248317e+02 1.254563758389261778e+02
1.306118421052631504e+02 1.247631578947368354e+02 1.256250000000000000e+02
1.305526315789473699e+02 1.247565789473684248e+02 1.256842105263157947e+02
1.304133333333333269e+02 1.247600000000000051e+02 1.256066666666666691e+02
1.304802631578947398e+02 1.248092105263157947e+02 1.256118421052631646e+02
1.303137254901960773e+02 1.248627450980392126e+02 1.255228758169934622e+02
1.302702702702702595e+02 1.247770270270270316e+02 1.255405405405405475e+02
1.302214765100671059e+02 1.247718120805369182e+02 1.254496644295302019e+02
1.301854304635761537e+02 1.247284768211920465e+02 1.254039735099337776e+02
1.302466666666666697e+02 1.247933333333333366e+02 1.253666666666666600e+02
1.300197368421052602e+02 1.247039473684210549e+02 1.255986842105263150e+02
1.301006711409395962e+02 1.248187919463087212e+02 1.255570469798657740e+02
1.301677852348993270e+02 1.248456375838926107e+02 1.255100671140939568e+02
1.301486486486486456e+02 1.249324324324324351e+02 1.253986486486486456e+02
1.298000000000000114e+02 1.248866666666666703e+02 1.253266666666666680e+02
1.297302631578947398e+02 1.249671052631578902e+02 1.253289473684210549e+02
1.294701986754966754e+02 1.248940397350993408e+02 1.253973509933774864e+02
1.293973509933774722e+02 1.249668874172185440e+02 1.254370860927152336e+02
1.292800000000000011e+02 1.248333333333333286e+02 1.254066666666666663e+02
1.293071895424836555e+02 1.248823529411764639e+02 1.253398692810457504e+02
1.293026315789473699e+02 1.248750000000000000e+02 1.252960526315789451e+02
1.291721854304635713e+02 1.247483443708609201e+02 1.253708609271523216e+02
1.290909090909090935e+02 1.246948051948051983e+02 1.252272727272727337e+02
1.290066666666666606e+02 1.247933333333333366e+02 1.253266666666666680e+02
1.289072847682119232e+02 1.246688741721854257e+02 1.254503311258278160e+02
1.288461538461538396e+02 1.246282051282051242e+02 1.254679487179487154e+02
1.287933333333333223e+02 1.246866666666666674e+02 1.254133333333333269e+02
1.288543046357615935e+02 1.246158940397350960e+02 1.253841059602649040e+02
1.289354838709677438e+02 1.245354838709677381e+02 1.253032258064516071e+02
1.290399999999999920e+02 1.243333333333333286e+02 1.252333333333333343e+02
1.289133333333333269e+02 1.243333333333333286e+02 1.253133333333333326e+02
1.287483443708609343e+02 1.242450331125827745e+02 1.252781456953642447e+02
1.286754966887417311e+02 1.243311258278145743e+02 1.252582781456953711e+02
1.287516778523489904e+02 1.242818791946308750e+02 1.253355704697986539e+02
1.286399999999999864e+02 1.242466666666666697e+02 1.253933333333333309e+02
1.287800000000000011e+02 1.244133333333333269e+02 1.254200000000000017e+02
1.288627450980392268e+02 1.244313725490196134e+02 1.254379084967320210e+02
1.289740259740259773e+02 1.246753246753246742e+02 1.252922077922077904e+02
1.289602649006622528e+02 1.245562913907284752e+02 1.251523178807946977e+02
1.289483870967741836e+02 1.242903225806451672e+02 1.250709677419354904e+02
1.289477124183006538e+02 1.243790849673202672e+02 1.248823529411764639e+02
1.290130718954248437e+02 1.241241830065359437e+02 1.247843137254901933e+02
1.289797297297297405e+02 1.242297297297297263e+02 1.249121621621621614e+02
1.290657894736842195e+02 1.241710526315789451e+02 1.249342105263157947e+02
1.290872483221476443e+02 1.242281879194630818e+02 1.248926174496644279e+02
1.290728476821192032e+02 1.243112582781457007e+02 1.249470198675496704e+02
1.289934640522875782e+02 1.242549019607843093e+02 1.249019607843137294e+02
1.290000000000000000e+02 1.242214765100671201e+02 1.250402684563758413e+02
1.287615894039735167e+02 1.241125827814569504e+02 1.252649006622516623e+02
1.289266666666666765e+02 1.240199999999999960e+02 1.252600000000000051e+02
1.287019867549668959e+02 1.238675496688741759e+02 1.253245033112582831e+02
1.288051948051948159e+02 1.238506493506493484e+02 1.252922077922077904e+02
1.288066666666666720e+02 1.237733333333333263e+02 1.251400000000000006e+02
1.288543046357615935e+02 1.237284768211920465e+02 1.251324503311258241e+02
1.287581699346405344e+02 1.238758169934640563e+02 1.251111111111111143e+02
1.287417218543046431e+02 1.239337748344370880e+02 1.249602649006622528e+02
1.286973684210526301e+02 1.239934210526315752e+02 1.250263157894736850e+02
1.287666666666666799e+02 1.240066666666666606e+02 1.250866666666666731e+02
1.288926174496644421e+02 1.240872483221476443e+02 1.252281879194630818e+02
1.289276315789473699e+02 1.239276315789473699e+02 1.252236842105263150e+02
1.287666666666666799e+02 1.238333333333333286e+02 1.253199999999999932e+02
1.286375838926174424e+02 1.237248322147651010e+02 1.251744966442953029e+02
1.287315436241610769e+02 1.236979865771812115e+02 1.251476510067114134e+02
1.287320261437908471e+02 1.237581699346405202e+02 1.251568627450980387e+02
1.288133333333333326e+02 1.237533333333333303e+02 1.250866666666666731e+02
1.288600000000000136e+02 1.238533333333333388e+02 1.251133333333333297e+02
1.287612903225806349e+02 1.240064516129032199e+02 1.249806451612903260e+02
1.287843137254901933e+02 1.239150326797385588e+02 1.250392156862745168e+02
1.286776315789473699e+02 1.239078947368421098e+02 1.250855263157894797e+02
1.286797385620915009e+02 1.238758169934640563e+02 1.249869281045751563e+02
1.286601307189542354e+02 1.239934640522875782e+02 1.249869281045751563e+02
1.288211920529801375e+02 1.241788079470198625e+02 1.250066225165562912e+02
1.288400000000000034e+02 1.240000000000000000e+02 1.249266666666666623e+02
1.289333333333333371e+02 1.242666666666666657e+02 1.249266666666666623e+02
1.292302631578947398e+02 1.244934210526315752e+02 1.250065789473684248e+02
1.292715231788079393e+02 1.244370860927152336e+02 1.248741721854304672e+02
1.293243243243243228e+02 1.246013513513513544e+02 1.249459459459459509e+02
1.292781456953642305e+02 1.245430463576158928e+02 1.248476821192053023e+02
1.292745098039215748e+02 1.244705882352941160e+02 1.247124183006535958e+02
1.293092105263157805e+02 1.245855263157894797e+02 1.247828947368421098e+02
1.294133333333333269e+02 1.245000000000000000e+02 1.249066666666666663e+02
1.295032258064516100e+02 1.244322580645161338e+02 1.248903225806451616e+02
1.294105960264900546e+02 1.244701986754966896e+02 1.249602649006622528e+02
1.294313725490196134e+02 1.244901960784313673e+02 1.249542483660130756e+02
1.294729729729729684e+02 1.243783783783783718e+02 1.248851351351351298e+02
1.296599999999999966e+02 1.243466666666666640e+02 1.249066666666666663e+02
1.296666666666666572e+02 1.243333333333333286e+02 1.249200000000000017e+02
1.296577181208053560e+02 1.244496644295302019e+02 1.249463087248322211e+02
1.296066666666666549e+02 1.245866666666666731e+02 1.247399999999999949e+02
1.295686274509803866e+02 1.246928104575163445e+02 1.245882352941176521e+02
1.294539473684210407e+02 1.248092105263157947e+02 1.244210526315789451e+02
1.294183006535947698e+02 1.248169934640522882e+02 1.243006535947712479e+02
1.293741496598639458e+02 1.246870748299319729e+02 1.242312925170068070e+02
1.293377483443708513e+02 1.246026490066225136e+02 1.241854304635761537e+02
1.292322580645161167e+02 1.245741935483871003e+02 1.241096774193548384e+02
1.292133333333333383e+02 1.245933333333333337e+02 1.240400000000000063e+02
1.291298701298701417e+02 1.244935064935064872e+02 1.240844155844155807e+02
1.290065789473684106e+02 1.245328947368421098e+02 1.242763157894736850e+02
1.289738562091503127e+02 1.246209150326797328e+02 1.243137254901960773e+02
1.289533333333333474e+02 1.246466666666666612e+02 1.241866666666666674e+02
1.289466666666666583e+02 1.246133333333333297e+02 1.242999999999999972e+02
1.290753424657534367e+02 1.247328767123287605e+02 1.242260273972602675e+02
1.291258278145695328e+02 1.247019867549668817e+02 1.241324503311258241e+02
1.291513157894736707e+02 1.246973684210526301e+02 1.241644736842105203e+02
1.291523178807946977e+02 1.246291390728476784e+02 1.243377483443708655e+02
1.292649006622516481e+02 1.245695364238410576e+02 1.244834437086092720e+02
1.293660130718954235e+02 1.246797385620915009e+02 1.244313725490196134e+02
1.292818791946308750e+02 1.246979865771812115e+02 1.243758389261744952e+02
1.292500000000000000e+02 1.247039473684210549e+02 1.242960526315789451e+02
1.292352941176470722e+02 1.247254901960784252e+02 1.242418300653594798e+02
1.291250000000000000e+02 1.248618421052631646e+02 1.242828947368421098e+02
1.290135135135135158e+02 1.247770270270270316e+02 1.244189189189189193e+02
1.289932885906040383e+02 1.247181208053691250e+02 1.245100671140939568e+02
1.291589403973509889e+02 1.248145695364238463e+02 1.244768211920529808e+02
1.291973684210526301e+02 1.248552631578947398e+02 1.244078947368421098e+02
1.293026315789473699e+02 1.249407894736842053e+02 1.243289473684210549e+02
1.292666666666666799e+02 1.252000000000000028e+02 1.241933333333333280e+02
1.292756410256410220e+02 1.253205128205128176e+02 1.241153846153846132e+02
1.291298701298701417e+02 1.254545454545454533e+02 1.240000000000000000e+02
1.289932432432432563e+02 1.253783783783783718e+02 1.240675675675675649e+02
1.290529801324503296e+02 1.255960264900662224e+02 1.242052980132450273e+02
1.291202531645569707e+02 1.256265822784810098e+02 1.243481012658227911e+02
1.290394736842105203e+02 1.256973684210526301e+02 1.244868421052631646e+02
1.290999999999999943e+02 1.258066666666666720e+02 1.245266666666666708e+02
1.291148648648648702e+02 1.257770270270270316e+02 1.244391891891891930e+02
1.291946308724832306e+02 1.258724832214765144e+02 1.244966442953020191e+02
1.292317880794701921e+02 1.257814569536423903e+02 1.243509933774834479e+02
1.292317880794701921e+02 1.258344370860927199e+02 1.241854304635761537e+02
1.293933333333333451e+02 1.257533333333333303e+02 1.241599999999999966e+02
1.295844155844155807e+02 1.258376623376623371e+02 1.242922077922077904e+02
1.294829931972789154e+02 1.258843537414965965e+02 1.242857142857142918e+02
1.296399999999999864e+02 1.260133333333333354e+02 1.242933333333333366e+02
1.297814569536423903e+02 1.259867549668874176e+02 1.242384105960264833e+02
1.298881578947368496e+02 1.261644736842105203e+02 1.240855263157894797e+02
1.299108280254777128e+02 1.260828025477706973e+02 1.242356687898089120e+02
1.299602649006622528e+02 1.260662251655629120e+02 1.242119205298013185e+02
1.300340136054421691e+02 1.260136054421768677e+02 1.241428571428571388e+02
1.302987012987013031e+02 1.262207792207792210e+02 1.240324675324675354e+02
1.302960526315789593e+02 1.262368421052631646e+02 1.239736842105263150e+02
1.302582781456953569e+02 1.261986754966887361e+02 1.240331125827814560e+02
1.304133333333333269e+02 1.261933333333333280e+02 1.240466666666666669e+02
1.303400000000000034e+02 1.261400000000000006e+02 1.240733333333333377e+02
1.302770270270270316e+02 1.262027027027027088e+02 1.239594594594594525e+02
1.301933333333333280e+02 1.262000000000000028e+02 1.239933333333333394e+02
1.301351351351351298e+02 1.261486486486486456e+02 1.241351351351351298e+02
1.301812080536912788e+02 1.259932885906040241e+02 1.240671140939597308e+02
1.302733333333333405e+02 1.260799999999999983e+02 1.240933333333333337e+02
1.303881578947368496e+02 1.262302631578947398e+02 1.242894736842105203e+02
1.304295302013422884e+02 1.263624161073825434e+02 1.242550335570469855e+02
1.304539473684210407e+02 1.264144736842105203e+02 1.244144736842105203e+02
1.304701986754966754e+02 1.265430463576158928e+02 1.243046357615894095e+02
1.302052980132450273e+02 1.265099337748344368e+02 1.242649006622516623e+02
1.301895424836601194e+02 1.264248366013071916e+02 1.242875816993464042e+02
1.303061224489795791e+02 1.264081632653061291e+02 1.243401360544217624e+02
1.304012738853503208e+02 1.265350318471337516e+02 1.243184713375796235e+02
1.302922077922077904e+02 1.265844155844155807e+02 1.242077922077922096e+02
1.303774834437085985e+02 1.266490066225165521e+02 1.241854304635761537e+02
1.303486842105263293e+02 1.266776315789473699e+02 1.242105263157894797e+02
1.302960526315789593e+02 1.267434210526315752e+02 1.242171052631578902e+02
1.302266666666666595e+02 1.267133333333333383e+02 1.241800000000000068e+02
1.302466666666666697e+02 1.265999999999999943e+02 1.241800000000000068e+02
1.303333333333333428e+02 1.265714285714285694e+02 1.240476190476190510e+02
1.304423076923076792e+02 1.264679487179487154e+02 1.240128205128205110e+02
1.303486842105263293e+02 1.265789473684210549e+02 1.241052631578947398e+02
1.303223684210526301e+02 1.267631578947368354e+02 1.242039473684210549e+02
1.302697368421052602e+02 1.266973684210526301e+02 1.240986842105263150e+02
1.302800000000000011e+02 1.266400000000000006e+02 1.240866666666666731e+02
1.302631578947368496e+02 1.268157894736842053e+02 1.242039473684210549e+02
1.302913907284768129e+02 1.269271523178807968e+02 1.242913907284768271e+02
1.302631578947368496e+02 1.269276315789473699e+02 1.242368421052631646e+02
1.303708609271523073e+02 1.269867549668874176e+02 1.242582781456953711e+02
1.303790849673202672e+02 1.270718954248365975e+02 1.243071895424836555e+02
1.302894736842105203e+02 1.269671052631578902e+02 1.243684210526315752e+02
1.303400000000000034e+02 1.270866666666666731e+02 1.243733333333333348e+02
1.301258278145695328e+02 1.270066225165562912e+02 1.244238410596026512e+02
1.301006711409395962e+02 1.269463087248322211e+02 1.244429530201342260e+02
1.301959459459459367e+02 1.269864864864864842e+02 1.244594594594594525e+02
1.301493506493506516e+02 1.268831168831168839e+02 1.244545454545454533e+02
1.299139072847682144e+02 1.269205298013245056e+02 1.244304635761589424e+02
1.300794701986754944e+02 1.269139072847682144e+02 1.243907284768211952e+02
1.301140939597315480e+02 1.268657718120805384e+02 1.243892617449664471e+02
1.301192052980132416e+02 1.269403973509933792e+02 1.244238410596026512e+02
1.301225806451612925e+02 1.269806451612903260e+02 1.243612903225806434e+02
1.301381578947368496e+02 1.270000000000000000e+02 1.242631578947368354e+02
1.301372549019607732e+02 1.268888888888888857e+02 1.242679738562091529e+02
1.302418300653594656e+02 1.268562091503267908e+02 1.242614379084967311e+02
1.300728476821192032e+02 1.268543046357615935e+02 1.242317880794701921e+02
1.299139072847682144e+02 1.270596026490066208e+02 1.242715231788079535e+02
