1.260066225165562912e+02 1.273112582781457007e+02 1.261059602649006592e+02
1.260067114093959759e+02 1.271946308724832164e+02 1.260402684563758413e+02
1.259470198675496704e+02 1.272384105960264833e+02 1.260264900662251648e+02
1.258993288590604038e+02 1.271744966442953029e+02 1.260201342281879135e+02
1.258187919463087212e+02 1.272080536912751683e+02 1.261342281879194616e+02
1.257046979865771874e+02 1.271543624161073893e+02 1.261275167785234856e+02
1.257682119205298079e+02 1.271788079470198625e+02 1.261920529801324449e+02
1.257600000000000051e+02 1.271400000000000006e+02 1.263799999999999955e+02
1.259133333333333269e+02 1.271066666666666691e+02 1.263933333333333309e+02
1.258807947019867584e+02 1.271390728476821153e+02 1.263642384105960303e+02
1.259200000000000017e+02 1.271466666666666612e+02 1.263466666666666640e+02
1.258859060402684520e+02 1.271879194630872547e+02 1.263557046979865817e+02
1.260264900662251648e+02 1.272582781456953711e+02 1.262913907284768271e+02
1.260066225165562912e+02 1.273509933774834479e+02 1.262516556291390799e+02
1.260263157894736850e+02 1.273552631578947398e+02 1.262105263157894797e+02
1.259205298013245056e+02 1.272582781456953711e+02 1.261788079470198625e+02
1.259466666666666725e+02 1.272800000000000011e+02 1.261400000000000006e+02
1.259671052631578902e+02 1.272368421052631646e+02 1.260526315789473699e+02
1.259731543624161105e+02 1.272080536912751683e+02 1.260604026845637549e+02
1.259078947368421098e+02 1.270723684210526301e+02 1.260789473684210549e+02
1.260000000000000000e+02 1.271776315789473699e+02 1.259539473684210549e+02
1.261764705882352899e+02 1.273006535947712479e+02 1.260915032679738630e+02
1.261710526315789451e+02 1.272039473684210549e+02 1.261315789473684248e+02
1.261854304635761537e+02 1.271854304635761537e+02 1.261523178807946977e+02
1.263137254901960773e+02 1.271764705882352899e+02 1.261830065359477118e+02
1.261879194630872547e+02 1.272751677852348990e+02 1.263020134228187885e+02
1.263599999999999994e+02 1.272666666666666657e+02 1.262600000000000051e+02
1.262600000000000051e+02 1.274399999999999977e+02 1.261133333333333297e+02
1.263799999999999955e+02 1.275400000000000063e+02 1.261333333333333400e+02
1.262875816993464042e+02 1.275555555555555571e+02 1.261503267973856168e+02
1.262617449664429472e+02 1.275704697986577116e+02 1.262147651006711442e+02
1.261854304635761537e+02 1.275894039735099312e+02 1.263576158940397391e+02
1.261333333333333400e+02 1.274399999999999977e+02 1.262999999999999972e+02
1.260065789473684248e+02 1.274802631578947398e+02 1.262236842105263150e+02
1.259530201342281828e+02 1.275704697986577116e+02 1.262214765100671201e+02
1.260333333333333314e+02 1.276133333333333297e+02 1.263333333333333286e+02
1.260000000000000000e+02 1.275600000000000023e+02 1.262466666666666697e+02
1.260723684210526301e+02 1.276250000000000000e+02 1.261973684210526301e+02
1.261599999999999966e+02 1.275999999999999943e+02 1.262399999999999949e+02
1.261298701298701275e+02 1.276038961038961048e+02 1.262402597402597451e+02
1.262119205298013185e+02 1.275364238410596016e+02 1.261986754966887361e+02
1.261543624161073893e+02 1.276308724832214807e+02 1.261275167785234856e+02
1.262171052631578902e+02 1.276513157894736850e+02 1.261842105263157947e+02
1.263533333333333388e+02 1.277133333333333383e+02 1.262199999999999989e+02
1.263046357615894095e+02 1.276556291390728433e+02 1.262317880794701921e+02
1.263557046979865817e+02 1.276375838926174566e+02 1.263557046979865817e+02
1.263933333333333309e+02 1.276400000000000006e+02 1.262600000000000051e+02
1.263557046979865817e+02 1.276442953020134183e+02 1.262214765100671201e+02
1.262582781456953711e+02 1.277152317880794641e+02 1.262384105960264833e+02
1.263799999999999955e+02 1.277266666666666737e+02 1.262133333333333383e+02
1.264133333333333269e+02 1.277266666666666737e+02 1.261666666666666714e+02
1.264466666666666725e+02 1.277333333333333343e+02 1.261866666666666674e+02
1.265133333333333354e+02 1.277199999999999989e+02 1.262933333333333366e+02
1.265430463576158928e+02 1.277417218543046289e+02 1.263245033112582831e+02
1.265199999999999960e+02 1.276866666666666674e+02 1.263799999999999955e+02
1.265364238410596016e+02 1.276953642384105905e+02 1.264635761589403984e+02
1.265496688741721840e+02 1.277086092715231729e+02 1.264635761589403984e+02
1.265000000000000000e+02 1.275799999999999983e+02 1.265466666666666669e+02
1.264933333333333394e+02 1.276133333333333297e+02 1.265733333333333377e+02
1.264533333333333331e+02 1.276599999999999966e+02 1.264800000000000040e+02
1.264444444444444429e+02 1.276209150326797328e+02 1.265555555555555571e+02
1.264093959731543606e+02 1.276308724832214807e+02 1.266040268456375770e+02
1.264161073825503365e+02 1.275369127516778462e+02 1.266241610738255048e+02
1.264200000000000017e+02 1.276200000000000045e+02 1.265666666666666629e+02
1.264503311258278160e+02 1.277549668874172255e+02 1.264437086092715248e+02
1.264765100671140914e+02 1.277785234899328799e+02 1.264496644295302019e+02
1.264429530201342260e+02 1.276241610738255048e+02 1.264362416107382501e+02
1.265167785234899327e+02 1.275436241610738222e+02 1.264697986577181155e+02
1.264733333333333292e+02 1.275199999999999960e+02 1.264266666666666623e+02
1.265562913907284752e+02 1.275695364238410576e+02 1.264635761589403984e+02
1.265816993464052302e+02 1.276405228758169983e+02 1.264313725490196134e+02
1.264333333333333371e+02 1.275000000000000000e+02 1.263333333333333286e+02
1.263398692810457504e+02 1.274509803921568647e+02 1.261830065359477118e+02
1.263466666666666640e+02 1.275533333333333275e+02 1.262000000000000028e+02
1.263199999999999932e+02 1.274133333333333269e+02 1.262000000000000028e+02
1.265098039215686327e+02 1.274444444444444429e+02 1.261503267973856168e+02
1.264599999999999937e+02 1.274466666666666725e+02 1.262199999999999989e+02
1.264966887417218544e+02 1.274503311258278160e+02 1.263443708609271567e+02
1.266428571428571388e+02 1.275129870129870113e+02 1.262662337662337677e+02
1.266666666666666714e+02 1.275666666666666629e+02 1.262600000000000051e+02
1.268266666666666680e+02 1.275933333333333337e+02 1.263066666666666720e+02
1.266066666666666691e+02 1.276333333333333400e+02 1.263066666666666720e+02
1.266066666666666691e+02 1.276733333333333320e+02 1.262933333333333366e+02
1.266733333333333320e+02 1.276866666666666674e+02 1.263333333333333286e+02
1.266357615894039697e+02 1.277350993377483377e+02 1.263841059602649040e+02
1.265430463576158928e+02 1.278874172185430496e+02 1.263576158940397391e+02
1.264967320261437891e+02 1.277320261437908471e+02 1.263006535947712479e+02
1.265816993464052302e+02 1.277450980392156907e+02 1.263594771241830017e+02
1.266241610738255048e+02 1.277248322147651010e+02 1.263288590604026780e+02
1.265882352941176521e+02 1.276535947712418277e+02 1.264575163398692865e+02
1.265369127516778462e+02 1.276241610738255048e+02 1.264630872483221538e+02
1.266644736842105203e+02 1.276118421052631646e+02 1.265065789473684248e+02
1.266666666666666714e+02 1.276800000000000068e+02 1.265133333333333354e+02
1.266821192052980081e+02 1.277682119205298079e+02 1.264768211920529808e+02
1.267368421052631646e+02 1.279144736842105203e+02 1.264934210526315752e+02
1.267266666666666737e+02 1.278933333333333309e+02 1.265333333333333314e+02
1.267785234899328799e+02 1.279194630872483174e+02 1.265704697986577116e+02
1.267763157894736850e+02 1.279210526315789451e+02 1.266118421052631646e+02
1.268289473684210549e+02 1.279342105263157947e+02 1.266776315789473699e+02
1.268496732026143832e+02 1.280718954248366117e+02 1.265947712418300597e+02
1.268823529411764639e+02 1.280130718954248437e+02 1.266013071895424815e+02
1.268881578947368354e+02 1.279934210526315752e+02 1.266447368421052602e+02
1.267814569536423903e+02 1.279735099337748352e+02 1.264900662251655632e+02
1.267880794701986815e+02 1.280397350993377472e+02 1.264172185430463600e+02
1.268675496688741759e+02 1.280529801324503296e+02 1.264569536423841072e+02
1.268199999999999932e+02 1.280600000000000023e+02 1.263799999999999955e+02
1.268815789473684248e+02 1.280921052631578902e+02 1.264276315789473699e+02
1.267615894039735167e+02 1.282119205298013185e+02 1.264834437086092720e+02
1.267218543046357553e+02 1.283046357615893953e+02 1.263841059602649040e+02
1.266800000000000068e+02 1.283133333333333326e+02 1.264933333333333394e+02
1.267133333333333383e+02 1.283133333333333326e+02 1.265666666666666629e+02
1.266357615894039697e+02 1.283377483443708513e+02 1.265629139072847664e+02
1.267651006711409423e+02 1.283624161073825576e+02 1.265167785234899327e+02
1.268013245033112639e+02 1.283774834437085985e+02 1.264437086092715248e+02
1.268590604026845625e+02 1.283221476510067021e+02 1.264093959731543606e+02
1.268066666666666720e+02 1.284000000000000057e+02 1.264533333333333331e+02
1.267466666666666697e+02 1.284266666666666765e+02 1.264866666666666646e+02
1.266423841059602609e+02 1.284039735099337634e+02 1.264834437086092720e+02
1.265733333333333377e+02 1.284799999999999898e+02 1.265133333333333354e+02
1.263907284768211952e+02 1.284304635761589282e+02 1.265033112582781456e+02
1.264266666666666623e+02 1.284066666666666663e+02 1.265666666666666629e+02
1.264333333333333371e+02 1.283133333333333326e+02 1.265533333333333275e+02
1.263466666666666640e+02 1.282733333333333405e+02 1.265199999999999960e+02
1.262715231788079535e+02 1.282715231788079393e+02 1.266821192052980081e+02
1.262751677852348990e+02 1.282214765100671059e+02 1.266040268456375770e+02
1.262302631578947398e+02 1.282039473684210407e+02 1.265328947368421098e+02
1.261879194630872547e+02 1.282348993288590577e+02 1.264832214765100673e+02
1.261699346405228823e+02 1.282941176470588118e+02 1.265032679738562109e+02
1.261333333333333400e+02 1.282933333333333223e+02 1.265733333333333377e+02
1.260592105263157947e+02 1.282763157894736707e+02 1.265592105263157947e+02
1.260600000000000023e+02 1.281999999999999886e+02 1.265799999999999983e+02
1.260000000000000000e+02 1.281999999999999886e+02 1.267199999999999989e+02
1.260066666666666606e+02 1.282133333333333383e+02 1.266933333333333280e+02
1.260460526315789451e+02 1.282500000000000000e+02 1.267368421052631646e+02
1.260596026490066208e+02 1.283509933774834337e+02 1.266887417218542993e+02
1.260065359477124218e+02 1.284183006535947698e+02 1.267450980392156907e+02
1.259477124183006538e+02 1.284248366013071916e+02 1.267843137254901933e+02
1.259602649006622528e+02 1.283973509933774722e+02 1.267748344370860991e+02
1.260794701986754944e+02 1.285231788079470334e+02 1.268543046357615935e+02
1.260529801324503296e+02 1.285364238410596158e+02 1.268278145695364287e+02
1.260133333333333354e+02 1.285999999999999943e+02 1.268266666666666680e+02
1.259266666666666623e+02 1.286866666666666674e+02 1.269000000000000057e+02
1.259072847682119232e+02 1.288410596026490111e+02 1.268211920529801375e+02
1.260065789473684248e+02 1.288947368421052602e+02 1.268355263157894797e+02
1.260662251655629120e+02 1.288807947019867584e+02 1.267350993377483377e+02
1.261390728476821153e+02 1.289602649006622528e+02 1.268278145695364287e+02
1.259934210526315752e+02 1.288618421052631504e+02 1.268026315789473699e+02
1.259668874172185440e+02 1.288344370860927199e+02 1.267814569536423903e+02
1.258666666666666600e+02 1.288199999999999932e+02 1.267733333333333263e+02
1.258741721854304672e+02 1.289403973509933792e+02 1.266688741721854257e+02
1.259666666666666686e+02 1.288066666666666720e+02 1.266333333333333400e+02
1.259932885906040241e+02 1.288590604026845767e+02 1.266912751677852356e+02
1.260333333333333314e+02 1.288000000000000114e+02 1.267199999999999989e+02
1.260326797385620949e+02 1.289019607843137294e+02 1.268300653594771177e+02
1.260064935064935128e+02 1.289675324675324646e+02 1.267597402597402549e+02
1.260927152317880768e+02 1.290596026490066208e+02 1.267748344370860991e+02
1.261744966442953029e+02 1.291610738255033652e+02 1.267114093959731491e+02
1.261409395973154375e+02 1.290738255033556925e+02 1.268187919463087212e+02
1.261599999999999966e+02 1.291999999999999886e+02 1.269000000000000057e+02
1.262199999999999989e+02 1.290666666666666629e+02 1.269266666666666623e+02
1.262617449664429472e+02 1.290939597315436345e+02 1.269932885906040241e+02
1.263750000000000000e+02 1.292302631578947398e+02 1.269802631578947398e+02
1.263933333333333309e+02 1.293066666666666720e+02 1.269666666666666686e+02
1.264172185430463600e+02 1.292980132450331041e+02 1.269735099337748352e+02
1.263973509933774864e+02 1.292715231788079393e+02 1.269602649006622528e+02
1.263881578947368354e+02 1.292236842105263293e+02 1.270000000000000000e+02
1.263245033112582831e+02 1.292450331125827745e+02 1.270066225165562912e+02
1.264304635761589424e+02 1.294304635761589282e+02 1.269735099337748352e+02
1.263892617449664471e+02 1.294697986577181155e+02 1.270469798657718172e+02
1.265466666666666669e+02 1.295600000000000023e+02 1.270133333333333354e+02
1.265364238410596016e+02 1.296026490066225278e+02 1.270993377483443680e+02
1.265999999999999943e+02 1.296999999999999886e+02 1.270400000000000063e+02
1.266133333333333297e+02 1.295266666666666708e+02 1.270733333333333377e+02
1.266357615894039697e+02 1.294834437086092578e+02 1.270728476821192032e+02
1.267086092715231729e+02 1.295562913907284894e+02 1.270331125827814560e+02
1.267449664429530145e+02 1.295302013422818845e+02 1.269932885906040241e+02
1.268609271523178847e+02 1.294503311258278018e+02 1.269668874172185440e+02
1.268223684210526301e+02 1.293947368421052602e+02 1.271184210526315752e+02
1.268266666666666680e+02 1.293466666666666640e+02 1.270000000000000000e+02
1.269139072847682144e+02 1.293245033112582689e+02 1.269072847682119232e+02
1.267947019867549727e+02 1.293112582781456865e+02 1.269139072847682144e+02
1.268278145695364287e+02 1.294304635761589282e+02 1.269139072847682144e+02
1.267999999999999972e+02 1.294399999999999977e+02 1.269133333333333269e+02
1.267666666666666657e+02 1.295533333333333417e+02 1.268599999999999994e+02
1.267999999999999972e+02 1.296599999999999966e+02 1.268733333333333348e+02
1.267999999999999972e+02 1.296800000000000068e+02 1.268533333333333388e+02
1.266933333333333280e+02 1.296800000000000068e+02 1.268333333333333286e+02
1.266315789473684248e+02 1.298486842105263293e+02 1.268750000000000000e+02
1.266912751677852356e+02 1.298859060402684520e+02 1.268523489932885866e+02
1.267284768211920465e+02 1.298344370860927199e+02 1.268807947019867584e+02
1.267880794701986815e+02 1.299205298013245056e+02 1.270264900662251648e+02
1.267350993377483377e+02 1.300331125827814560e+02 1.270596026490066208e+02
1.266644736842105203e+02 1.301052631578947398e+02 1.270855263157894797e+02
1.265592105263157947e+02 1.300723684210526301e+02 1.269934210526315752e+02
1.265933333333333337e+02 1.300933333333333337e+02 1.270466666666666669e+02
1.265704697986577116e+02 1.300604026845637691e+02 1.270872483221476443e+02
1.265231788079470192e+02 1.301456953642384065e+02 1.272185430463576097e+02
1.265503355704697981e+02 1.301543624161073751e+02 1.270805369127516826e+02
1.265973154362416153e+02 1.301006711409395962e+02 1.271409395973154375e+02
1.265466666666666669e+02 1.301066666666666549e+02 1.271733333333333320e+02
1.265496688741721840e+02 1.301721854304635713e+02 1.271125827814569504e+02
1.265761589403973488e+02 1.301589403973509889e+02 1.270927152317880768e+02
1.264276315789473699e+02 1.301315789473684106e+02 1.270065789473684248e+02
1.264133333333333269e+02 1.301666666666666572e+02 1.270666666666666629e+02
1.264039735099337776e+02 1.301390728476821153e+02 1.271589403973509889e+02
1.264333333333333371e+02 1.300933333333333337e+02 1.271800000000000068e+02
1.263199999999999932e+02 1.300533333333333417e+02 1.271466666666666612e+02
1.263378378378378386e+02 1.298648648648648702e+02 1.272094594594594525e+02
1.263137254901960773e+02 1.299542483660130756e+02 1.272287581699346362e+02
1.263758389261744952e+02 1.299530201342281828e+02 1.272617449664429472e+02
1.263400000000000034e+02 1.299000000000000057e+02 1.272733333333333263e+02
1.263486842105263150e+02 1.299868421052631504e+02 1.273684210526315752e+02
1.262913907284768271e+02 1.300132450331125824e+02 1.274238410596026512e+02
1.262052980132450273e+02 1.299668874172185440e+02 1.273841059602649040e+02
1.261390728476821153e+02 1.299072847682119232e+02 1.272847682119205359e+02
1.261133333333333297e+02 1.298333333333333428e+02 1.272133333333333383e+02
1.261315789473684248e+02 1.299473684210526301e+02 1.272631578947368354e+02
1.261456953642384065e+02 1.299735099337748352e+02 1.272317880794701921e+02
1.262466666666666697e+02 1.300333333333333314e+02 1.272533333333333303e+02
1.262800000000000011e+02 1.300333333333333314e+02 1.272133333333333383e+02
1.262466666666666697e+02 1.298799999999999955e+02 1.272000000000000028e+02
1.261733333333333320e+02 1.298466666666666640e+02 1.271466666666666612e+02
1.262384105960264833e+02 1.298013245033112639e+02 1.271721854304635713e+02
1.262119205298013185e+02 1.295364238410596158e+02 1.271721854304635713e+02
1.261333333333333400e+02 1.296133333333333439e+02 1.272866666666666617e+02
1.260268456375838895e+02 1.295369127516778462e+02 1.271812080536912788e+02
1.259533333333333331e+02 1.294666666666666686e+02 1.272266666666666737e+02
1.259602649006622528e+02 1.294503311258278018e+02 1.271986754966887361e+02
1.260533333333333275e+02 1.295266666666666708e+02 1.270733333333333377e+02
1.259867549668874176e+02 1.296158940397351103e+02 1.270264900662251648e+02
1.259266666666666623e+02 1.296399999999999864e+02 1.270199999999999960e+02
1.260331125827814560e+02 1.296092715231788191e+02 1.271125827814569504e+02
1.261059602649006592e+02 1.296953642384106047e+02 1.271059602649006592e+02
1.261133333333333297e+02 1.295600000000000023e+02 1.271400000000000006e+02
1.261390728476821153e+02 1.295695364238410718e+02 1.271390728476821153e+02
1.261733333333333320e+02 1.295733333333333235e+02 1.271266666666666652e+02
1.262434210526315752e+02 1.296184210526315894e+02 1.270197368421052602e+02
1.263947368421052602e+02 1.296184210526315894e+02 1.270197368421052602e+02
1.263289473684210549e+02 1.295723684210526301e+02 1.269802631578947398e+02
1.262980132450331183e+02 1.295496688741721982e+02 1.269403973509933792e+02
1.263973509933774864e+02 1.294701986754966754e+02 1.268940397350993408e+02
1.264228187919463124e+02 1.294832214765100673e+02 1.270067114093959759e+02
1.264172185430463600e+02 1.295562913907284894e+02 1.270331125827814560e+02
1.263245033112582831e+02 1.295562913907284894e+02 1.271059602649006592e+02
1.262697368421052602e+02 1.294802631578947398e+02 1.271052631578947398e+02
1.263246753246753258e+02 1.295129870129870255e+02 1.271558441558441501e+02
1.263333333333333286e+02 1.296266666666666652e+02 1.270999999999999943e+02
1.262763157894736850e+02 1.295921052631578902e+02 1.270657894736842053e+02
1.263157894736842053e+02 1.295394736842105203e+02 1.270657894736842053e+02
1.263133333333333326e+02 1.295999999999999943e+02 1.270066666666666606e+02
1.263178807947019919e+02 1.296556291390728575e+02 1.270728476821192032e+02
1.262847682119205359e+02 1.295827814569536542e+02 1.269867549668874176e+02
1.263137254901960773e+02 1.295098039215686185e+02 1.269084967320261370e+02
1.263400000000000034e+02 1.295600000000000023e+02 1.268599999999999994e+02
1.263311258278145743e+02 1.295960264900662366e+02 1.269337748344370880e+02
1.263443708609271567e+02 1.295629139072847806e+02 1.270000000000000000e+02
1.263624161073825434e+02 1.297919463087248459e+02 1.270268456375838895e+02
1.263400000000000034e+02 1.297266666666666595e+02 1.270866666666666731e+02
1.263046357615894095e+02 1.297019867549668959e+02 1.270264900662251648e+02
1.261456953642384065e+02 1.295894039735099454e+02 1.270264900662251648e+02
1.260596026490066208e+02 1.296423841059602751e+02 1.268940397350993408e+02
1.261118421052631646e+02 1.296250000000000000e+02 1.269736842105263150e+02
1.261599999999999966e+02 1.297400000000000091e+02 1.269599999999999937e+02
1.261589403973509889e+02 1.296423841059602751e+02 1.269801324503311264e+02
1.262818791946308750e+02 1.297181208053691250e+02 1.268926174496644279e+02
1.264078947368421098e+02 1.296644736842105203e+02 1.268815789473684248e+02
1.264183006535947698e+02 1.297254901960784252e+02 1.269934640522875782e+02
1.263841059602649040e+02 1.297483443708609343e+02 1.270927152317880768e+02
1.264313725490196134e+02 1.297189542483660034e+02 1.270130718954248437e+02
1.264966887417218544e+02 1.296953642384106047e+02 1.269867549668874176e+02
1.264666666666666686e+02 1.296533333333333360e+02 1.269466666666666725e+02
1.266200000000000045e+02 1.296666666666666572e+02 1.269933333333333394e+02
1.267483443708609201e+02 1.296821192052980223e+02 1.270264900662251648e+02
1.266866666666666674e+02 1.296933333333333280e+02 1.271133333333333297e+02
1.266466666666666612e+02 1.297733333333333405e+02 1.270600000000000023e+02
1.265799999999999983e+02 1.297133333333333383e+02 1.271599999999999966e+02
1.265733333333333377e+02 1.297599999999999909e+02 1.272066666666666634e+02
1.265608108108108070e+02 1.297972972972972912e+02 1.272770270270270316e+02
1.264466666666666725e+02 1.298666666666666742e+02 1.271066666666666691e+02
1.265496688741721840e+02 1.298807947019867584e+02 1.271655629139072801e+02
1.266291390728476784e+02 1.299139072847682144e+02 1.270728476821192032e+02
1.266578947368421098e+02 1.301052631578947398e+02 1.271118421052631646e+02
1.266291390728476784e+02 1.303046357615893953e+02 1.271721854304635713e+02
1.265165562913907280e+02 1.303046357615893953e+02 1.271523178807946977e+02
1.264701986754966896e+02 1.303311258278145601e+02 1.271986754966887361e+02
1.264966442953020191e+02 1.300738255033556925e+02 1.271610738255033510e+02
1.265033112582781456e+02 1.300529801324503296e+02 1.271523178807946977e+02
1.266092715231788048e+02 1.299933774834437088e+02 1.271854304635761537e+02
1.266866666666666674e+02 1.300600000000000023e+02 1.271533333333333360e+02
1.266308724832214807e+02 1.300738255033556925e+02 1.271476510067114134e+02
1.265199999999999960e+02 1.300466666666666526e+02 1.271733333333333320e+02
1.265099337748344368e+02 1.300331125827814560e+02 1.271324503311258241e+02
1.264333333333333371e+02 1.300999999999999943e+02 1.271400000000000006e+02
1.264429530201342260e+02 1.301073825503355579e+02 1.271476510067114134e+02
1.265266666666666708e+02 1.302533333333333303e+02 1.271333333333333400e+02
1.265999999999999943e+02 1.301466666666666754e+02 1.271333333333333400e+02
1.265503355704697981e+02 1.302550335570469713e+02 1.271879194630872547e+02
1.265608108108108070e+02 1.301959459459459367e+02 1.271418918918918877e+02
1.266601307189542496e+02 1.301045751633986924e+02 1.272091503267973849e+02
1.266133333333333297e+02 1.300666666666666629e+02 1.272199999999999989e+02
1.265827814569536400e+02 1.300927152317880768e+02 1.272251655629139009e+02
1.265629139072847664e+02 1.302715231788079393e+02 1.272317880794701921e+02
1.265033112582781456e+02 1.302450331125827745e+02 1.273245033112582831e+02
1.264765100671140914e+02 1.303087248322147786e+02 1.273087248322147644e+02
1.265065789473684248e+02 1.302302631578947398e+02 1.272763157894736850e+02
1.265400000000000063e+02 1.303266666666666538e+02 1.273066666666666720e+02
1.266133333333333297e+02 1.303866666666666561e+02 1.272733333333333263e+02
1.265960264900662224e+02 1.302913907284768129e+02 1.272317880794701921e+02
1.265666666666666629e+02 1.303266666666666538e+02 1.272000000000000028e+02
1.266821192052980081e+02 1.303907284768211809e+02 1.271324503311258241e+02
1.266535947712418277e+02 1.303333333333333428e+02 1.270457516339869244e+02
1.265960264900662224e+02 1.303708609271523073e+02 1.270596026490066208e+02
1.265960264900662224e+02 1.303642384105960161e+02 1.271854304635761537e+02
1.266174496644295289e+02 1.302818791946308750e+02 1.271812080536912788e+02
1.266184210526315752e+02 1.302105263157894797e+02 1.271118421052631646e+02
1.265231788079470192e+02 1.302384105960264833e+02 1.270927152317880768e+02
1.264671052631578902e+02 1.302763157894736707e+02 1.270526315789473699e+02
1.264370860927152336e+02 1.302980132450331041e+02 1.270331125827814560e+02
1.265266666666666708e+02 1.302066666666666777e+02 1.271200000000000045e+02
1.264666666666666686e+02 1.301466666666666754e+02 1.271066666666666691e+02
1.264210526315789451e+02 1.302302631578947398e+02 1.269671052631578902e+02
1.264266666666666623e+02 1.302066666666666777e+02 1.270533333333333275e+02
1.264399999999999977e+02 1.302533333333333303e+02 1.270733333333333377e+02
1.263918918918918877e+02 1.303513513513513544e+02 1.270810810810810807e+02
1.263466666666666640e+02 1.303133333333333326e+02 1.269733333333333292e+02
1.264333333333333371e+02 1.302533333333333303e+02 1.270199999999999960e+02
1.263223684210526301e+02 1.302171052631578902e+02 1.270000000000000000e+02
1.263815789473684248e+02 1.302697368421052602e+02 1.270657894736842053e+02
1.264933333333333394e+02 1.302666666666666799e+02 1.270333333333333314e+02
1.265328947368421098e+02 1.303552631578947398e+02 1.271052631578947398e+02
1.265921052631578902e+02 1.302697368421052602e+02 1.269802631578947398e+02
1.265894039735099312e+02 1.302384105960264833e+02 1.270397350993377472e+02
1.267483443708609201e+02 1.302251655629139009e+02 1.270397350993377472e+02
1.267733333333333263e+02 1.300466666666666526e+02 1.270266666666666708e+02
1.268199999999999932e+02 1.300333333333333314e+02 1.270866666666666731e+02
1.267666666666666657e+02 1.300066666666666606e+02 1.270466666666666669e+02
1.267600000000000051e+02 1.300399999999999920e+02 1.270600000000000023e+02
1.269536423841059616e+02 1.300264900662251648e+02 1.269337748344370880e+02
1.269399999999999977e+02 1.300533333333333417e+02 1.269133333333333269e+02
1.269602649006622528e+02 1.300132450331125824e+02 1.269139072847682144e+02
1.270529801324503296e+02 1.300264900662251648e+02 1.270529801324503296e+02
1.268866666666666703e+02 1.300399999999999920e+02 1.270000000000000000e+02
1.268344370860927199e+02 1.298079470198675551e+02 1.270397350993377472e+02
1.269403973509933792e+02 1.296953642384106047e+02 1.269470198675496704e+02
1.269133333333333269e+02 1.296866666666666674e+02 1.268799999999999955e+02
1.270533333333333275e+02 1.296466666666666754e+02 1.267600000000000051e+02
1.270728476821192032e+02 1.296357615894039839e+02 1.267483443708609201e+02
1.270666666666666629e+02 1.295933333333333337e+02 1.267533333333333303e+02
1.270927152317880768e+02 1.294503311258278018e+02 1.267350993377483377e+02
1.270933333333333337e+02 1.294666666666666686e+02 1.267533333333333303e+02
1.271140939597315480e+02 1.294563758389261636e+02 1.267651006711409423e+02
1.271933333333333280e+02 1.293799999999999955e+02 1.265733333333333377e+02
1.270999999999999943e+02 1.293933333333333451e+02 1.265666666666666629e+02
1.269735099337748352e+02 1.293576158940397249e+02 1.265894039735099312e+02
1.269533333333333331e+02 1.294000000000000057e+02 1.266066666666666691e+02
1.270134228187919518e+02 1.294161073825503365e+02 1.265973154362416153e+02
1.269602649006622528e+02 1.292980132450331041e+02 1.265827814569536400e+02
1.266821192052980081e+02 1.291125827814569504e+02 1.265562913907284752e+02
1.265827814569536400e+02 1.290794701986754944e+02 1.266291390728476784e+02
1.265600000000000023e+02 1.291533333333333360e+02 1.265933333333333337e+02
1.265695364238410576e+02 1.291192052980132416e+02 1.265827814569536400e+02
1.265751633986928084e+02 1.290261437908496873e+02 1.266013071895424815e+02
1.266092715231788048e+02 1.290132450331125824e+02 1.265165562913907280e+02
1.267133333333333383e+02 1.290399999999999920e+02 1.265266666666666708e+02
1.265629139072847664e+02 1.290529801324503296e+02 1.265827814569536400e+02
1.264635761589403984e+02 1.290463576158940384e+02 1.264966887417218544e+02
1.264934210526315752e+02 1.289868421052631504e+02 1.266118421052631646e+02
1.265000000000000000e+02 1.288933333333333451e+02 1.265933333333333337e+02
1.264599999999999937e+02 1.290000000000000000e+02 1.264399999999999977e+02
1.264640522875816941e+02 1.290522875816993462e+02 1.264117647058823479e+02
1.264503311258278160e+02 1.291192052980132416e+02 1.263708609271523216e+02
1.264503311258278160e+02 1.291192052980132416e+02 1.263311258278145743e+02
1.263599999999999994e+02 1.290200000000000102e+02 1.262600000000000051e+02
1.264144736842105203e+02 1.291052631578947398e+02 1.263421052631578902e+02
1.263486842105263150e+02 1.291578947368421098e+02 1.263552631578947398e+02
1.264539473684210549e+02 1.291381578947368496e+02 1.263947368421052602e+02
1.264901960784313673e+02 1.291764705882353041e+02 1.263725490196078454e+02
1.265933333333333337e+02 1.291399999999999864e+02 1.264000000000000057e+02
1.266308724832214807e+02 1.291476510067114134e+02 1.263154362416107404e+02
1.266078431372549034e+02 1.291764705882353041e+02 1.263333333333333286e+02
1.264836601307189596e+02 1.291241830065359579e+02 1.263790849673202672e+02
1.264733333333333292e+02 1.291200000000000045e+02 1.264200000000000017e+02
1.265503355704697981e+02 1.291006711409395962e+02 1.264832214765100673e+02
1.264437086092715248e+02 1.292119205298013185e+02 1.266026490066225136e+02
1.265263157894736850e+02 1.292828947368421098e+02 1.265921052631578902e+02
1.265364238410596016e+02 1.293377483443708513e+02 1.265562913907284752e+02
1.265986842105263150e+02 1.293815789473684106e+02 1.265526315789473699e+02
1.266513157894736850e+02 1.294276315789473699e+02 1.264868421052631646e+02
1.266357615894039697e+02 1.294635761589403842e+02 1.264966887417218544e+02
1.266225165562913872e+02 1.294900662251655490e+02 1.266688741721854257e+02
1.266400000000000006e+02 1.294733333333333292e+02 1.266733333333333320e+02
1.265704697986577116e+02 1.294563758389261636e+02 1.267382550335570528e+02
1.265234899328859086e+02 1.294093959731543748e+02 1.266107382550335529e+02
1.266066666666666691e+02 1.294666666666666686e+02 1.266533333333333360e+02
1.265733333333333377e+02 1.295000000000000000e+02 1.267866666666666617e+02
1.265533333333333275e+02 1.294666666666666686e+02 1.267466666666666697e+02
1.264666666666666686e+02 1.294000000000000057e+02 1.268400000000000034e+02
1.263333333333333286e+02 1.293333333333333428e+02 1.269000000000000057e+02
1.263154362416107404e+02 1.291879194630872405e+02 1.268255033557046971e+02
1.262066666666666634e+02 1.291466666666666754e+02 1.268333333333333286e+02
1.262266666666666737e+02 1.291866666666666674e+02 1.268066666666666720e+02
1.263154362416107404e+02 1.291275167785234999e+02 1.267382550335570528e+02
1.262600000000000051e+02 1.291333333333333258e+02 1.267133333333333383e+02
1.262450331125827745e+02 1.291324503311258241e+02 1.266556291390728433e+02
1.262649006622516623e+02 1.290927152317880768e+02 1.266688741721854257e+02
1.262828947368421098e+02 1.291513157894736707e+02 1.266644736842105203e+02
1.262617449664429472e+02 1.291744966442952887e+02 1.265033557046979809e+02
1.262763157894736850e+02 1.291907894736842195e+02 1.265131578947368354e+02
1.262733333333333263e+02 1.291066666666666549e+02 1.265733333333333377e+02
1.262352941176470580e+02 1.291633986928104605e+02 1.266928104575163445e+02
1.261533333333333360e+02 1.290999999999999943e+02 1.267066666666666634e+02
1.260915032679738630e+02 1.290784313725490335e+02 1.266797385620915009e+02
1.260263157894736850e+02 1.291315789473684106e+02 1.266710526315789451e+02
1.260657894736842053e+02 1.290986842105263293e+02 1.267631578947368354e+02
1.259731543624161105e+02 1.291275167785234999e+02 1.267785234899328799e+02
1.260986842105263150e+02 1.291315789473684106e+02 1.267500000000000000e+02
1.260799999999999983e+02 1.291933333333333280e+02 1.267800000000000011e+02
1.260939597315436203e+02 1.291744966442952887e+02 1.268120805369127453e+02
1.261184210526315752e+02 1.290657894736842195e+02 1.269144736842105203e+02
1.260198675496688736e+02 1.290927152317880768e+02 1.268675496688741759e+02
1.259530201342281828e+02 1.291744966442952887e+02 1.268590604026845625e+02
1.259866666666666646e+02 1.293133333333333326e+02 1.268933333333333309e+02
1.258716216216216282e+02 1.294121621621621614e+02 1.269932432432432421e+02
1.258523489932885866e+02 1.294228187919462982e+02 1.270738255033557067e+02
1.258187919463087212e+02 1.295436241610738364e+02 1.270671140939597308e+02
1.256842105263157947e+02 1.295592105263157805e+02 1.269934210526315752e+02
1.256887417218542993e+02 1.294635761589403842e+02 1.269470198675496704e+02
1.257019867549668817e+02 1.293576158940397249e+02 1.268609271523178847e+02
1.256577181208053702e+02 1.293221476510067021e+02 1.267382550335570528e+02
1.256066666666666691e+02 1.295000000000000000e+02 1.269333333333333371e+02
1.255827814569536400e+02 1.294900662251655490e+02 1.269337748344370880e+02
1.256241610738255048e+02 1.294899328859060290e+02 1.269865771812080482e+02
1.255266666666666708e+02 1.295133333333333212e+02 1.270733333333333377e+02
1.253066666666666720e+02 1.293533333333333246e+02 1.270799999999999983e+02
1.251655629139072801e+02 1.293443708609271425e+02 1.270662251655629120e+02
1.251073825503355721e+02 1.293489932885906057e+02 1.270805369127516826e+02
1.252384105960264833e+02 1.293907284768211809e+02 1.271258278145695328e+02
1.252751677852348990e+02 1.293691275167785193e+02 1.270268456375838895e+02
1.254266666666666623e+02 1.294333333333333371e+02 1.271866666666666674e+02
1.253355704697986539e+02 1.294496644295302019e+02 1.272281879194630818e+02
1.252847682119205359e+02 1.295165562913907422e+02 1.272781456953642447e+02
1.252715231788079535e+02 1.293576158940397249e+02 1.272913907284768271e+02
1.251854304635761537e+02 1.294172185430463458e+02 1.272715231788079535e+02
1.251973684210526301e+02 1.294868421052631504e+02 1.273684210526315752e+02
1.252550335570469855e+02 1.296040268456375770e+02 1.273892617449664471e+02
1.254078947368421098e+02 1.295921052631578902e+02 1.274802631578947398e+02
1.254054054054054035e+02 1.296621621621621614e+02 1.274797297297297263e+02
1.253533333333333388e+02 1.296999999999999886e+02 1.274599999999999937e+02
1.254133333333333269e+02 1.295666666666666629e+02 1.275133333333333354e+02
1.254466666666666725e+02 1.295666666666666629e+02 1.275999999999999943e+02
1.254768211920529808e+02 1.297748344370860991e+02 1.276026490066225136e+02
1.256953642384105905e+02 1.298874172185430496e+02 1.276821192052980081e+02
1.256907894736842053e+02 1.299802631578947398e+02 1.275789473684210549e+02
1.257019867549668817e+02 1.298874172185430496e+02 1.275827814569536400e+02
1.257382550335570528e+02 1.298926174496644421e+02 1.275234899328859086e+02
1.258456375838926107e+02 1.299463087248322211e+02 1.276241610738255048e+02
1.258874172185430496e+02 1.299735099337748352e+02 1.275827814569536400e+02
1.257583892617449663e+02 1.300000000000000000e+02 1.275973154362416153e+02
1.257947019867549727e+02 1.300198675496688736e+02 1.274834437086092720e+02
1.257933333333333366e+02 1.300266666666666708e+02 1.275333333333333314e+02
1.258145695364238463e+02 1.300264900662251648e+02 1.275827814569536400e+02
1.257066666666666634e+02 1.301399999999999864e+02 1.275000000000000000e+02
1.256710526315789451e+02 1.301842105263157805e+02 1.274407894736842053e+02
1.255789473684210549e+02 1.300131578947368496e+02 1.273552631578947398e+02
1.255466666666666669e+02 1.299600000000000080e+02 1.273066666666666720e+02
1.255165562913907280e+02 1.300529801324503296e+02 1.271655629139072801e+02
1.255098039215686327e+02 1.300980392156862706e+02 1.272483660130719016e+02
1.255167785234899327e+02 1.300536912751677789e+02 1.274630872483221538e+02
1.254399999999999977e+02 1.300600000000000023e+02 1.273933333333333309e+02
1.255266666666666708e+02 1.300533333333333417e+02 1.273799999999999955e+02
1.256291390728476784e+02 1.301125827814569504e+02 1.273311258278145743e+02
1.256862745098039227e+02 1.300784313725490335e+02 1.274705882352941160e+02
1.257382550335570528e+02 1.301208053691275097e+02 1.275033557046979809e+02
1.257450980392156907e+02 1.301895424836601194e+02 1.274444444444444429e+02
1.257880794701986815e+02 1.301059602649006592e+02 1.274039735099337776e+02
1.257828947368421098e+02 1.301118421052631504e+02 1.273618421052631646e+02
1.258211920529801375e+02 1.300860927152317856e+02 1.272251655629139009e+02
1.257483443708609201e+02 1.302119205298013185e+02 1.271523178807946977e+02
1.257718120805369182e+02 1.301409395973154233e+02 1.272214765100671201e+02
1.257284768211920465e+02 1.300860927152317856e+02 1.271390728476821153e+02
1.257666666666666657e+02 1.301333333333333258e+02 1.272066666666666634e+02
1.258066666666666720e+02 1.302133333333333383e+02 1.271466666666666612e+02
1.259333333333333371e+02 1.301399999999999864e+02 1.271266666666666652e+02
1.260131578947368354e+02 1.301776315789473699e+02 1.270065789473684248e+02
1.260402684563758413e+02 1.300402684563758271e+02 1.270536912751677789e+02
1.260592105263157947e+02 1.300723684210526301e+02 1.271842105263157947e+02
1.261830065359477118e+02 1.300588235294117680e+02 1.271503267973856168e+02
1.260728476821192032e+02 1.301192052980132416e+02 1.271192052980132416e+02
1.260533333333333275e+02 1.302333333333333201e+02 1.271800000000000068e+02
1.261133333333333297e+02 1.302066666666666777e+02 1.271066666666666691e+02
1.262348993288590577e+02 1.302818791946308750e+02 1.270067114093959759e+02
1.262980132450331183e+02 1.302715231788079393e+02 1.269933774834437088e+02
1.261655629139072801e+02 1.303112582781456865e+02 1.269602649006622528e+02
1.262781456953642447e+02 1.303509933774834337e+02 1.270397350993377472e+02
1.262467532467532436e+02 1.302792207792207932e+02 1.268896103896103966e+02
1.261409395973154375e+02 1.303087248322147786e+02 1.268255033557046971e+02
1.262466666666666697e+02 1.301800000000000068e+02 1.268133333333333326e+02
1.262894736842105203e+02 1.300592105263157805e+02 1.268223684210526301e+02
1.262483221476510096e+02 1.300335570469798654e+02 1.267852348993288558e+02
1.262847682119205359e+02 1.300529801324503296e+02 1.266423841059602609e+02
