1.268799999999999955e+02 1.269666666666666686e+02 1.291399999999999864e+02
1.268543046357615935e+02 1.269801324503311264e+02 1.291523178807946977e+02
1.268344370860927199e+02 1.270529801324503296e+02 1.292251655629139009e+02
1.268199999999999932e+02 1.270533333333333275e+02 1.291200000000000045e+02
1.267947019867549727e+02 1.270264900662251648e+02 1.291920529801324449e+02
1.268666666666666600e+02 1.271200000000000045e+02 1.291800000000000068e+02
1.268799999999999955e+02 1.271800000000000068e+02 1.291999999999999886e+02
1.269066666666666663e+02 1.271666666666666714e+02 1.292199999999999989e+02
1.269066666666666663e+02 1.271666666666666714e+02 1.292199999999999989e+02
1.269133333333333269e+02 1.271333333333333400e+02 1.292400000000000091e+02
1.268874172185430496e+02 1.271324503311258241e+02 1.292649006622516481e+02
1.268933333333333309e+02 1.271533333333333360e+02 1.292733333333333405e+02
1.268543046357615935e+02 1.271589403973509889e+02 1.292251655629139009e+02
1.268266666666666680e+02 1.270933333333333337e+02 1.291999999999999886e+02
1.268013245033112639e+02 1.270927152317880768e+02 1.292052980132450273e+02
1.267933333333333366e+02 1.271666666666666714e+02 1.293000000000000114e+02
1.267615894039735167e+02 1.271721854304635713e+02 1.293245033112582689e+02
1.267549668874172255e+02 1.271854304635761537e+02 1.292980132450331041e+02
1.267733333333333263e+02 1.271933333333333280e+02 1.293133333333333326e+02
1.267483443708609201e+02 1.272317880794701921e+02 1.293046357615893953e+02
1.267333333333333343e+02 1.272133333333333383e+02 1.293733333333333348e+02
1.267733333333333263e+02 1.271933333333333280e+02 1.293866666666666561e+02
1.267583892617449663e+02 1.271946308724832164e+02 1.292953020134228268e+02
1.267483443708609201e+02 1.272119205298013185e+02 1.293377483443708513e+02
1.267852348993288558e+02 1.271610738255033510e+02 1.293691275167785193e+02
1.267417218543046289e+02 1.271655629139072801e+02 1.294039735099337634e+02
1.267466666666666697e+02 1.271066666666666691e+02 1.293733333333333348e+02
1.267315436241610769e+02 1.271342281879194616e+02 1.293959731543624230e+02
1.267399999999999949e+02 1.271133333333333297e+02 1.293666666666666742e+02
1.267019867549668817e+02 1.271788079470198625e+02 1.293642384105960161e+02
1.267248322147651010e+02 1.272080536912751683e+02 1.293087248322147786e+02
1.268187919463087212e+02 1.271409395973154375e+02 1.292885906040268367e+02
1.268133333333333326e+02 1.271266666666666652e+02 1.293066666666666720e+02
1.267483443708609201e+02 1.271258278145695328e+02 1.292317880794701921e+02
1.267399999999999949e+02 1.271400000000000006e+02 1.292533333333333303e+02
1.267000000000000028e+02 1.270933333333333337e+02 1.292800000000000011e+02
1.267266666666666737e+02 1.271466666666666612e+02 1.292400000000000091e+02
1.267266666666666737e+02 1.271266666666666652e+02 1.292599999999999909e+02
1.267086092715231729e+02 1.272119205298013185e+02 1.292450331125827745e+02
1.266733333333333320e+02 1.272600000000000051e+02 1.293066666666666720e+02
1.267284768211920465e+02 1.272185430463576097e+02 1.292516556291390657e+02
1.267533333333333303e+02 1.272333333333333343e+02 1.291999999999999886e+02
1.266933333333333280e+02 1.272399999999999949e+02 1.292133333333333383e+02
1.267516778523489904e+02 1.272617449664429472e+02 1.291946308724832306e+02
1.267449664429530145e+02 1.272550335570469855e+02 1.292080536912751541e+02
1.267466666666666697e+02 1.271866666666666674e+02 1.292599999999999909e+02
1.267399999999999949e+02 1.271200000000000045e+02 1.292800000000000011e+02
1.267533333333333303e+02 1.270666666666666629e+02 1.292066666666666777e+02
1.268533333333333388e+02 1.270199999999999960e+02 1.290999999999999943e+02
1.268599999999999994e+02 1.270066666666666606e+02 1.290866666666666731e+02
1.268741721854304672e+02 1.270264900662251648e+02 1.292251655629139009e+02
1.268799999999999955e+02 1.270199999999999960e+02 1.291933333333333280e+02
1.268543046357615935e+02 1.269205298013245056e+02 1.291390728476821153e+02
1.268799999999999955e+02 1.269000000000000057e+02 1.291733333333333462e+02
1.268741721854304672e+02 1.269403973509933792e+02 1.292317880794701921e+02
1.268940397350993408e+02 1.269470198675496704e+02 1.292781456953642305e+02
1.268807947019867584e+02 1.269867549668874176e+02 1.292185430463576097e+02
1.269000000000000057e+02 1.269733333333333292e+02 1.292133333333333383e+02
1.269060402684563797e+02 1.270067114093959759e+02 1.292348993288590577e+02
1.268859060402684520e+02 1.270201342281879135e+02 1.292281879194630960e+02
1.268066666666666720e+02 1.268933333333333309e+02 1.291999999999999886e+02
1.267814569536423903e+02 1.268874172185430496e+02 1.291721854304635713e+02
1.268333333333333286e+02 1.269066666666666663e+02 1.290933333333333337e+02
1.268799999999999955e+02 1.268866666666666703e+02 1.290733333333333235e+02
1.270000000000000000e+02 1.269271523178807968e+02 1.291258278145695328e+02
1.269666666666666686e+02 1.269200000000000017e+02 1.290933333333333337e+02
1.270397350993377472e+02 1.268741721854304672e+02 1.290728476821192032e+02
1.269536423841059616e+02 1.268874172185430496e+02 1.290529801324503296e+02
1.269599999999999937e+02 1.269333333333333371e+02 1.290800000000000125e+02
1.268866666666666703e+02 1.270199999999999960e+02 1.290399999999999920e+02
1.269194630872483174e+02 1.270469798657718172e+02 1.290536912751677789e+02
1.269266666666666623e+02 1.269599999999999937e+02 1.290666666666666629e+02
1.269466666666666725e+02 1.269933333333333394e+02 1.289666666666666686e+02
1.269933333333333394e+02 1.269599999999999937e+02 1.289600000000000080e+02
1.269666666666666686e+02 1.269666666666666686e+02 1.289399999999999977e+02
1.270933333333333337e+02 1.269733333333333292e+02 1.289333333333333371e+02
1.271066666666666691e+02 1.269200000000000017e+02 1.289333333333333371e+02
1.270333333333333314e+02 1.268799999999999955e+02 1.288066666666666720e+02
1.270066225165562912e+02 1.268145695364238463e+02 1.289271523178807968e+02
1.269867549668874176e+02 1.268013245033112639e+02 1.289536423841059616e+02
1.270066666666666606e+02 1.267199999999999989e+02 1.288933333333333451e+02
1.269735099337748352e+02 1.267947019867549727e+02 1.289072847682119232e+02
1.270333333333333314e+02 1.268533333333333388e+02 1.288933333333333451e+02
1.269599999999999937e+02 1.267666666666666657e+02 1.289866666666666788e+02
1.269337748344370880e+02 1.267880794701986815e+02 1.289536423841059616e+02
1.269533333333333331e+02 1.268400000000000034e+02 1.288733333333333348e+02
1.269800000000000040e+02 1.268666666666666600e+02 1.289000000000000057e+02
1.269333333333333371e+02 1.268599999999999994e+02 1.288733333333333348e+02
1.269666666666666686e+02 1.268066666666666720e+02 1.289466666666666583e+02
1.269266666666666623e+02 1.268133333333333326e+02 1.289266666666666765e+02
1.269399999999999977e+02 1.267933333333333366e+02 1.289333333333333371e+02
1.269266666666666623e+02 1.268133333333333326e+02 1.289600000000000080e+02
1.268933333333333309e+02 1.268599999999999994e+02 1.288600000000000136e+02
1.269066666666666663e+02 1.269000000000000057e+02 1.287666666666666799e+02
1.269602649006622528e+02 1.268741721854304672e+02 1.287549668874172255e+02
1.269399999999999977e+02 1.268599999999999994e+02 1.288066666666666720e+02
1.269536423841059616e+02 1.268675496688741759e+02 1.287814569536423903e+02
1.269801324503311264e+02 1.268211920529801375e+02 1.288013245033112639e+02
1.270133333333333354e+02 1.268799999999999955e+02 1.288000000000000114e+02
1.269802631578947398e+02 1.268684210526315752e+02 1.288157894736842195e+02
1.269599999999999937e+02 1.268466666666666640e+02 1.288199999999999932e+02
1.270199999999999960e+02 1.268533333333333388e+02 1.288066666666666720e+02
1.270666666666666629e+02 1.268666666666666600e+02 1.287933333333333223e+02
1.270529801324503296e+02 1.269139072847682144e+02 1.287947019867549727e+02
1.270799999999999983e+02 1.269533333333333331e+02 1.288133333333333326e+02
1.270397350993377472e+02 1.269536423841059616e+02 1.287682119205298079e+02
1.270067114093959759e+02 1.269865771812080482e+02 1.287583892617449806e+02
1.269867549668874176e+02 1.269337748344370880e+02 1.287549668874172255e+02
1.270939597315436203e+02 1.270067114093959759e+02 1.287852348993288558e+02
1.271324503311258241e+02 1.269801324503311264e+02 1.288543046357615935e+02
1.270993377483443680e+02 1.269801324503311264e+02 1.289933774834437088e+02
1.270264900662251648e+02 1.269205298013245056e+02 1.289735099337748352e+02
1.270400000000000063e+02 1.269200000000000017e+02 1.289533333333333474e+02
1.270402684563758413e+02 1.269261744966442933e+02 1.289731543624160963e+02
1.270198675496688736e+02 1.269271523178807968e+02 1.289668874172185440e+02
1.270333333333333314e+02 1.269466666666666725e+02 1.289399999999999977e+02
1.270333333333333314e+02 1.269399999999999977e+02 1.289333333333333371e+02
1.270333333333333314e+02 1.269399999999999977e+02 1.289666666666666686e+02
1.271266666666666652e+02 1.269333333333333371e+02 1.289933333333333394e+02
1.271390728476821153e+02 1.269337748344370880e+02 1.289801324503311264e+02
1.271133333333333297e+02 1.269200000000000017e+02 1.290200000000000102e+02
1.271466666666666612e+02 1.269466666666666725e+02 1.289933333333333394e+02
1.270933333333333337e+02 1.269533333333333331e+02 1.289000000000000057e+02
1.270993377483443680e+02 1.269867549668874176e+02 1.288807947019867584e+02
1.271133333333333297e+02 1.269933333333333394e+02 1.288866666666666561e+02
1.271133333333333297e+02 1.269800000000000040e+02 1.288600000000000136e+02
1.271390728476821153e+02 1.269933774834437088e+02 1.288675496688741759e+02
1.271456953642384065e+02 1.270066225165562912e+02 1.289072847682119232e+02
1.271333333333333400e+02 1.269800000000000040e+02 1.288600000000000136e+02
1.271733333333333320e+02 1.270333333333333314e+02 1.289333333333333371e+02
1.271599999999999966e+02 1.270000000000000000e+02 1.290000000000000000e+02
1.271466666666666612e+02 1.270000000000000000e+02 1.289933333333333394e+02
1.270728476821192032e+02 1.269470198675496704e+02 1.289403973509933792e+02
1.271133333333333297e+02 1.269133333333333269e+02 1.289866666666666788e+02
1.270794701986754944e+02 1.269006622516556320e+02 1.289470198675496704e+02
1.271466666666666612e+02 1.268933333333333309e+02 1.288600000000000136e+02
1.271733333333333320e+02 1.269333333333333371e+02 1.288733333333333348e+02
1.271400000000000006e+02 1.269533333333333331e+02 1.289333333333333371e+02
1.271666666666666714e+02 1.269533333333333331e+02 1.288799999999999955e+02
1.272119205298013185e+02 1.269602649006622528e+02 1.289139072847682144e+02
1.271842105263157947e+02 1.269210526315789451e+02 1.288684210526315894e+02
1.271866666666666674e+02 1.268933333333333309e+02 1.288533333333333246e+02
1.272199999999999989e+02 1.268733333333333348e+02 1.288333333333333428e+02
1.271866666666666674e+02 1.268466666666666640e+02 1.288333333333333428e+02
1.271733333333333320e+02 1.267866666666666617e+02 1.289066666666666663e+02
1.270600000000000023e+02 1.267533333333333303e+02 1.287933333333333223e+02
1.270533333333333275e+02 1.268066666666666720e+02 1.288333333333333428e+02
1.270400000000000063e+02 1.267933333333333366e+02 1.288400000000000034e+02
1.270198675496688736e+02 1.269205298013245056e+02 1.288741721854304672e+02
1.270201342281879135e+02 1.269865771812080482e+02 1.288322147651006730e+02
1.269866666666666646e+02 1.270333333333333314e+02 1.289333333333333371e+02
1.269866666666666646e+02 1.270000000000000000e+02 1.289666666666666686e+02
1.269866666666666646e+02 1.270733333333333377e+02 1.289866666666666788e+02
1.269337748344370880e+02 1.271059602649006592e+02 1.289867549668874176e+02
1.269333333333333371e+02 1.271066666666666691e+02 1.289533333333333474e+02
1.270201342281879135e+02 1.270402684563758413e+02 1.289798657718120865e+02
1.270600000000000023e+02 1.270600000000000023e+02 1.289266666666666765e+02
1.270860927152317856e+02 1.270794701986754944e+02 1.289602649006622528e+02
1.270799999999999983e+02 1.271200000000000045e+02 1.289533333333333474e+02
1.271006711409395962e+02 1.270939597315436203e+02 1.289060402684563655e+02
1.271266666666666652e+02 1.270266666666666708e+02 1.289466666666666583e+02
1.271342281879194616e+02 1.270402684563758413e+02 1.289395973154362309e+02
1.271466666666666612e+02 1.270266666666666708e+02 1.290000000000000000e+02
1.272483221476510096e+02 1.270268456375838895e+02 1.289463087248322211e+02
1.272147651006711442e+02 1.270134228187919518e+02 1.289060402684563655e+02
1.272066666666666634e+02 1.270466666666666669e+02 1.289266666666666765e+02
1.271933333333333280e+02 1.270266666666666708e+02 1.289399999999999977e+02
1.271456953642384065e+02 1.270860927152317856e+02 1.288940397350993408e+02
1.271523178807946977e+02 1.270529801324503296e+02 1.288874172185430496e+02
1.271733333333333320e+02 1.270533333333333275e+02 1.289000000000000057e+02
1.271879194630872547e+02 1.270939597315436203e+02 1.289194630872483174e+02
1.272185430463576097e+02 1.270927152317880768e+02 1.289470198675496704e+02
1.272133333333333383e+02 1.271333333333333400e+02 1.289933333333333394e+02
1.272199999999999989e+02 1.270799999999999983e+02 1.289199999999999875e+02
1.272399999999999949e+02 1.270466666666666669e+02 1.289533333333333474e+02
1.272133333333333383e+02 1.270666666666666629e+02 1.289866666666666788e+02
1.272133333333333383e+02 1.270400000000000063e+02 1.289600000000000080e+02
1.271333333333333400e+02 1.271066666666666691e+02 1.289333333333333371e+02
1.271666666666666714e+02 1.270999999999999943e+02 1.289466666666666583e+02
1.272000000000000028e+02 1.270933333333333337e+02 1.289000000000000057e+02
1.271466666666666612e+02 1.270600000000000023e+02 1.289799999999999898e+02
1.271006711409395962e+02 1.269932885906040241e+02 1.290134228187919518e+02
1.270999999999999943e+02 1.269866666666666646e+02 1.290466666666666526e+02
1.271192052980132416e+02 1.270000000000000000e+02 1.290927152317880768e+02
1.271258278145695328e+02 1.270198675496688736e+02 1.290993377483443680e+02
1.271333333333333400e+02 1.269599999999999937e+02 1.290466666666666526e+02
1.271066666666666691e+02 1.269399999999999977e+02 1.291266666666666652e+02
1.271208053691275097e+02 1.269127516778523557e+02 1.290805369127516826e+02
1.270872483221476443e+02 1.269731543624161105e+02 1.291342281879194616e+02
1.271066666666666691e+02 1.270466666666666669e+02 1.291333333333333258e+02
1.270993377483443680e+02 1.270728476821192032e+02 1.291059602649006592e+02
1.271066666666666691e+02 1.270066666666666606e+02 1.290999999999999943e+02
1.271059602649006592e+02 1.270000000000000000e+02 1.290529801324503296e+02
1.271533333333333360e+02 1.270066666666666606e+02 1.290000000000000000e+02
1.271599999999999966e+02 1.269800000000000040e+02 1.289600000000000080e+02
1.271599999999999966e+02 1.270066666666666606e+02 1.289666666666666686e+02
1.271400000000000006e+02 1.270533333333333275e+02 1.290399999999999920e+02
1.271258278145695328e+02 1.270264900662251648e+02 1.289668874172185440e+02
1.271533333333333360e+02 1.269800000000000040e+02 1.289866666666666788e+02
1.271800000000000068e+02 1.270666666666666629e+02 1.289600000000000080e+02
1.271854304635761537e+02 1.271059602649006592e+02 1.289867549668874176e+02
1.271666666666666714e+02 1.270733333333333377e+02 1.289799999999999898e+02
1.271800000000000068e+02 1.270666666666666629e+02 1.289733333333333292e+02
1.271788079470198625e+02 1.270794701986754944e+02 1.290000000000000000e+02
1.271933333333333280e+02 1.270666666666666629e+02 1.290200000000000102e+02
1.272266666666666737e+02 1.270733333333333377e+02 1.290266666666666708e+02
1.272483221476510096e+02 1.271140939597315480e+02 1.289932885906040383e+02
1.272185430463576097e+02 1.270860927152317856e+02 1.289205298013245056e+02
1.271866666666666674e+02 1.270533333333333275e+02 1.288933333333333451e+02
1.271400000000000006e+02 1.270600000000000023e+02 1.288866666666666561e+02
1.271466666666666612e+02 1.270466666666666669e+02 1.288466666666666640e+02
1.271866666666666674e+02 1.270400000000000063e+02 1.288400000000000034e+02
1.272317880794701921e+02 1.270198675496688736e+02 1.287814569536423903e+02
1.272533333333333303e+02 1.270133333333333354e+02 1.288666666666666742e+02
1.271920529801324449e+02 1.270662251655629120e+02 1.288609271523178847e+02
1.271733333333333320e+02 1.271800000000000068e+02 1.289466666666666583e+02
1.272066666666666634e+02 1.271599999999999966e+02 1.289399999999999977e+02
1.271800000000000068e+02 1.271533333333333360e+02 1.289600000000000080e+02
1.271059602649006592e+02 1.271324503311258241e+02 1.288741721854304672e+02
1.271133333333333297e+02 1.271733333333333320e+02 1.289266666666666765e+02
1.270132450331125824e+02 1.271059602649006592e+02 1.288145695364238463e+02
1.268533333333333388e+02 1.271066666666666691e+02 1.288066666666666720e+02
1.268456375838926107e+02 1.270268456375838895e+02 1.287852348993288558e+02
1.267800000000000011e+02 1.270799999999999983e+02 1.288400000000000034e+02
1.268066666666666720e+02 1.270999999999999943e+02 1.289333333333333371e+02
1.268066666666666720e+02 1.271599999999999966e+02 1.289866666666666788e+02
1.268733333333333348e+02 1.271333333333333400e+02 1.289266666666666765e+02
1.268866666666666703e+02 1.271466666666666612e+02 1.289733333333333292e+02
1.268807947019867584e+02 1.271258278145695328e+02 1.290132450331125824e+02
1.268866666666666703e+02 1.271333333333333400e+02 1.290066666666666606e+02
1.268815789473684248e+02 1.271447368421052602e+02 1.290131578947368496e+02
1.268533333333333388e+02 1.271733333333333320e+02 1.289266666666666765e+02
1.268543046357615935e+02 1.271258278145695328e+02 1.288741721854304672e+02
1.268741721854304672e+02 1.271986754966887361e+02 1.289668874172185440e+02
1.268866666666666703e+02 1.272000000000000028e+02 1.288666666666666742e+02
1.268400000000000034e+02 1.272266666666666737e+02 1.289000000000000057e+02
1.268533333333333388e+02 1.272466666666666697e+02 1.288600000000000136e+02
1.267800000000000011e+02 1.272466666666666697e+02 1.289266666666666765e+02
1.267086092715231729e+02 1.272119205298013185e+02 1.289403973509933792e+02
1.266866666666666674e+02 1.272333333333333343e+02 1.289333333333333371e+02
1.266866666666666674e+02 1.272133333333333383e+02 1.289799999999999898e+02
1.267399999999999949e+02 1.272133333333333383e+02 1.289733333333333292e+02
1.267733333333333263e+02 1.272066666666666634e+02 1.289666666666666686e+02
1.267382550335570528e+02 1.272214765100671201e+02 1.290402684563758271e+02
1.267133333333333383e+02 1.271866666666666674e+02 1.290999999999999943e+02
1.267549668874172255e+02 1.271854304635761537e+02 1.290728476821192032e+02
1.267466666666666697e+02 1.272333333333333343e+02 1.290133333333333212e+02
1.267417218543046289e+02 1.272317880794701921e+02 1.290463576158940384e+02
1.267933333333333366e+02 1.271599999999999966e+02 1.290533333333333417e+02
1.267733333333333263e+02 1.272266666666666737e+02 1.290266666666666708e+02
1.268675496688741759e+02 1.272119205298013185e+02 1.291390728476821153e+02
1.269205298013245056e+02 1.272052980132450273e+02 1.291788079470198625e+02
1.268933333333333309e+02 1.272199999999999989e+02 1.292466666666666697e+02
1.268609271523178847e+02 1.271258278145695328e+02 1.292516556291390657e+02
1.268609271523178847e+02 1.271125827814569504e+02 1.292649006622516481e+02
1.268666666666666600e+02 1.271400000000000006e+02 1.292400000000000091e+02
1.269072847682119232e+02 1.271523178807946977e+02 1.291920529801324449e+02
1.268466666666666640e+02 1.271599999999999966e+02 1.292266666666666595e+02
1.268466666666666640e+02 1.271666666666666714e+02 1.292199999999999989e+02
1.268211920529801375e+02 1.271456953642384065e+02 1.291589403973509889e+02
1.268533333333333388e+02 1.271733333333333320e+02 1.292133333333333383e+02
1.268421052631578902e+02 1.272828947368421098e+02 1.292302631578947398e+02
1.268355263157894797e+02 1.272171052631578902e+02 1.292960526315789593e+02
1.268066666666666720e+02 1.271133333333333297e+02 1.291999999999999886e+02
1.268199999999999932e+02 1.271466666666666612e+02 1.292133333333333383e+02
1.268675496688741759e+02 1.271258278145695328e+02 1.291986754966887361e+02
1.268476821192053023e+02 1.271721854304635713e+02 1.292317880794701921e+02
1.268733333333333348e+02 1.271133333333333297e+02 1.292733333333333405e+02
1.268733333333333348e+02 1.271200000000000045e+02 1.293133333333333326e+02
1.269205298013245056e+02 1.271125827814569504e+02 1.292582781456953569e+02
1.267999999999999972e+02 1.270666666666666629e+02 1.292666666666666799e+02
1.267733333333333263e+02 1.270799999999999983e+02 1.292199999999999989e+02
1.267947019867549727e+02 1.270529801324503296e+02 1.292913907284768129e+02
1.267866666666666617e+02 1.270866666666666731e+02 1.292400000000000091e+02
1.268133333333333326e+02 1.271466666666666612e+02 1.292400000000000091e+02
1.267999999999999972e+02 1.271200000000000045e+02 1.292533333333333303e+02
1.267999999999999972e+02 1.271333333333333400e+02 1.292199999999999989e+02
1.267999999999999972e+02 1.271599999999999966e+02 1.292400000000000091e+02
1.267947019867549727e+02 1.271788079470198625e+02 1.291721854304635713e+02
1.267666666666666657e+02 1.271200000000000045e+02 1.291533333333333360e+02
1.267449664429530145e+02 1.271476510067114134e+02 1.291677852348993270e+02
1.268079470198675551e+02 1.270662251655629120e+02 1.290860927152317856e+02
1.267733333333333263e+02 1.270466666666666669e+02 1.291266666666666652e+02
1.267600000000000051e+02 1.270933333333333337e+02 1.290666666666666629e+02
1.267533333333333303e+02 1.271066666666666691e+02 1.291266666666666652e+02
1.268079470198675551e+02 1.270860927152317856e+02 1.291456953642384065e+02
1.268266666666666680e+02 1.270333333333333314e+02 1.291133333333333439e+02
1.267866666666666617e+02 1.270333333333333314e+02 1.290800000000000125e+02
1.267615894039735167e+02 1.270198675496688736e+02 1.290860927152317856e+02
1.267382550335570528e+02 1.271208053691275097e+02 1.291073825503355579e+02
1.266912751677852356e+02 1.270738255033557067e+02 1.291073825503355579e+02
1.267615894039735167e+02 1.271125827814569504e+02 1.290860927152317856e+02
1.267000000000000028e+02 1.271599999999999966e+02 1.290800000000000125e+02
1.267333333333333343e+02 1.271466666666666612e+02 1.290600000000000023e+02
1.267066666666666634e+02 1.270933333333333337e+02 1.290533333333333417e+02
1.266599999999999966e+02 1.271333333333333400e+02 1.289266666666666765e+02
1.266800000000000068e+02 1.271800000000000068e+02 1.289933333333333394e+02
1.266599999999999966e+02 1.271800000000000068e+02 1.290000000000000000e+02
1.265799999999999983e+02 1.271666666666666714e+02 1.290133333333333212e+02
1.265266666666666708e+02 1.271466666666666612e+02 1.289466666666666583e+02
1.265333333333333314e+02 1.270999999999999943e+02 1.289866666666666788e+02
1.265165562913907280e+02 1.271125827814569504e+02 1.289536423841059616e+02
1.265298013245033104e+02 1.271324503311258241e+02 1.289139072847682144e+02
1.265600000000000023e+02 1.270866666666666731e+02 1.289133333333333269e+02
1.265400000000000063e+02 1.270600000000000023e+02 1.288799999999999955e+02
1.265894039735099312e+02 1.269735099337748352e+02 1.288807947019867584e+02
1.266200000000000045e+02 1.270266666666666708e+02 1.288733333333333348e+02
1.266066666666666691e+02 1.270799999999999983e+02 1.289000000000000057e+02
1.266066666666666691e+02 1.270333333333333314e+02 1.288400000000000034e+02
1.265827814569536400e+02 1.269933774834437088e+02 1.289205298013245056e+02
1.265466666666666669e+02 1.270199999999999960e+02 1.289466666666666583e+02
1.265562913907284752e+02 1.270066225165562912e+02 1.289536423841059616e+02
1.265496688741721840e+02 1.270198675496688736e+02 1.289801324503311264e+02
1.265400000000000063e+02 1.270000000000000000e+02 1.289799999999999898e+02
1.265266666666666708e+02 1.270199999999999960e+02 1.290066666666666606e+02
1.265695364238410576e+02 1.270331125827814560e+02 1.289933774834437088e+02
1.265298013245033104e+02 1.270331125827814560e+02 1.289403973509933792e+02
1.265400000000000063e+02 1.270533333333333275e+02 1.289600000000000080e+02
1.265033112582781456e+02 1.269735099337748352e+02 1.288741721854304672e+02
1.264599999999999937e+02 1.269333333333333371e+02 1.288666666666666742e+02
1.265033112582781456e+02 1.269271523178807968e+02 1.288675496688741759e+02
1.265000000000000000e+02 1.268666666666666600e+02 1.288933333333333451e+02
1.265099337748344368e+02 1.269072847682119232e+02 1.288609271523178847e+02
1.265133333333333354e+02 1.269000000000000057e+02 1.288866666666666561e+02
1.265199999999999960e+02 1.269333333333333371e+02 1.288666666666666742e+02
1.264399999999999977e+02 1.269333333333333371e+02 1.287866666666666617e+02
1.265466666666666669e+02 1.269399999999999977e+02 1.287800000000000011e+02
1.265364238410596016e+02 1.269801324503311264e+02 1.287814569536423903e+02
1.265033557046979809e+02 1.269664429530201346e+02 1.288255033557047113e+02
1.265430463576158928e+02 1.270132450331125824e+02 1.288476821192053023e+02
1.265131578947368354e+02 1.270328947368421098e+02 1.288552631578947398e+02
1.265430463576158928e+02 1.270331125827814560e+02 1.288940397350993408e+02
1.265333333333333314e+02 1.269800000000000040e+02 1.289133333333333269e+02
1.265333333333333314e+02 1.269933333333333394e+02 1.289466666666666583e+02
1.265562913907284752e+02 1.269933774834437088e+02 1.289271523178807968e+02
1.265466666666666669e+02 1.270066666666666606e+02 1.289199999999999875e+02
1.265333333333333314e+02 1.269800000000000040e+02 1.289600000000000080e+02
1.265266666666666708e+02 1.270266666666666708e+02 1.290000000000000000e+02
1.265231788079470192e+02 1.270596026490066208e+02 1.289933774834437088e+02
1.265600000000000023e+02 1.270733333333333377e+02 1.289466666666666583e+02
1.265533333333333275e+02 1.270933333333333337e+02 1.289866666666666788e+02
1.265799999999999983e+02 1.271400000000000006e+02 1.290466666666666526e+02
1.265533333333333275e+02 1.271133333333333297e+02 1.290133333333333212e+02
1.265799999999999983e+02 1.271266666666666652e+02 1.290000000000000000e+02
1.265364238410596016e+02 1.270860927152317856e+02 1.290993377483443680e+02
1.265866666666666731e+02 1.271200000000000045e+02 1.290733333333333235e+02
1.266158940397350960e+02 1.271655629139072801e+02 1.290860927152317856e+02
1.266333333333333400e+02 1.272000000000000028e+02 1.289333333333333371e+02
1.265827814569536400e+02 1.271788079470198625e+02 1.289403973509933792e+02
1.266174496644295289e+02 1.271812080536912788e+02 1.289328859060402692e+02
1.267000000000000028e+02 1.271400000000000006e+02 1.289333333333333371e+02
1.267333333333333343e+02 1.271133333333333297e+02 1.288866666666666561e+02
1.267350993377483377e+02 1.270860927152317856e+02 1.289139072847682144e+02
1.267533333333333303e+02 1.270733333333333377e+02 1.288733333333333348e+02
1.267350993377483377e+02 1.271258278145695328e+02 1.289006622516556320e+02
1.267266666666666737e+02 1.271933333333333280e+02 1.289399999999999977e+02
1.267133333333333383e+02 1.272066666666666634e+02 1.289399999999999977e+02
1.266599999999999966e+02 1.272199999999999989e+02 1.289600000000000080e+02
1.266490066225165521e+02 1.271589403973509889e+02 1.289867549668874176e+02
1.266622516556291345e+02 1.272251655629139009e+02 1.290264900662251648e+02
1.266688741721854257e+02 1.272251655629139009e+02 1.289602649006622528e+02
1.266400000000000006e+02 1.271333333333333400e+02 1.289866666666666788e+02
1.265999999999999943e+02 1.271200000000000045e+02 1.290333333333333314e+02
1.266400000000000006e+02 1.271933333333333280e+02 1.290133333333333212e+02
1.266333333333333400e+02 1.271400000000000006e+02 1.289866666666666788e+02
1.266333333333333400e+02 1.271800000000000068e+02 1.289733333333333292e+02
1.266291390728476784e+02 1.271854304635761537e+02 1.289536423841059616e+02
1.266066666666666691e+02 1.271533333333333360e+02 1.290000000000000000e+02
1.265695364238410576e+02 1.271721854304635713e+02 1.289801324503311264e+02
1.265733333333333377e+02 1.271933333333333280e+02 1.289600000000000080e+02
1.265704697986577116e+02 1.271812080536912788e+02 1.289194630872483174e+02
1.265533333333333275e+02 1.272133333333333383e+02 1.288600000000000136e+02
1.265704697986577116e+02 1.272348993288590577e+02 1.288523489932885866e+02
1.265430463576158928e+02 1.272516556291390799e+02 1.288874172185430496e+02
1.265466666666666669e+02 1.272533333333333303e+02 1.288733333333333348e+02
1.265033112582781456e+02 1.271854304635761537e+02 1.288675496688741759e+02
1.265266666666666708e+02 1.271866666666666674e+02 1.288466666666666640e+02
1.265430463576158928e+02 1.272450331125827745e+02 1.288211920529801375e+02
1.265733333333333377e+02 1.271933333333333280e+02 1.288266666666666538e+02
1.265666666666666629e+02 1.271266666666666652e+02 1.288400000000000034e+02
1.265066666666666606e+02 1.271666666666666714e+02 1.288199999999999932e+02
1.265533333333333275e+02 1.271866666666666674e+02 1.288000000000000114e+02
1.265496688741721840e+02 1.272251655629139009e+02 1.288079470198675551e+02
1.265894039735099312e+02 1.272317880794701921e+02 1.288079470198675551e+02
1.265761589403973488e+02 1.272450331125827745e+02 1.288145695364238463e+02
1.264866666666666646e+02 1.272199999999999989e+02 1.287733333333333405e+02
1.265328947368421098e+02 1.272500000000000000e+02 1.288486842105263293e+02
1.265199999999999960e+02 1.272933333333333366e+02 1.288466666666666640e+02
1.265231788079470192e+02 1.272781456953642447e+02 1.288476821192053023e+02
1.265666666666666629e+02 1.273133333333333326e+02 1.288666666666666742e+02
1.265973154362416153e+02 1.273288590604026780e+02 1.288322147651006730e+02
1.266308724832214807e+02 1.273489932885906057e+02 1.288389261744966348e+02
1.266200000000000045e+02 1.273799999999999955e+02 1.287866666666666617e+02
1.267284768211920465e+02 1.273245033112582831e+02 1.288675496688741759e+02
1.267133333333333383e+02 1.273266666666666680e+02 1.289000000000000057e+02
1.267333333333333343e+02 1.272933333333333366e+02 1.288266666666666538e+02
1.267947019867549727e+02 1.272715231788079535e+02 1.288675496688741759e+02
1.267866666666666617e+02 1.273599999999999994e+02 1.288533333333333246e+02
1.267333333333333343e+02 1.272866666666666617e+02 1.288000000000000114e+02
1.268145695364238463e+02 1.272649006622516623e+02 1.287814569536423903e+02
1.267947019867549727e+02 1.272582781456953711e+02 1.288211920529801375e+02
1.267933333333333366e+02 1.272466666666666697e+02 1.287933333333333223e+02
1.267600000000000051e+02 1.272800000000000011e+02 1.287666666666666799e+02
1.267333333333333343e+02 1.272733333333333263e+02 1.286866666666666674e+02
1.267600000000000051e+02 1.272399999999999949e+02 1.287333333333333201e+02
1.266778523489932837e+02 1.272953020134228126e+02 1.287181208053691250e+02
1.265866666666666731e+02 1.272800000000000011e+02 1.287266666666666595e+02
1.265866666666666731e+02 1.272733333333333263e+02 1.287533333333333303e+02
1.265533333333333275e+02 1.272800000000000011e+02 1.287133333333333383e+02
1.265333333333333314e+02 1.272399999999999949e+02 1.287933333333333223e+02
1.265199999999999960e+02 1.272266666666666737e+02 1.287666666666666799e+02
1.265266666666666708e+02 1.271733333333333320e+02 1.287199999999999989e+02
1.265400000000000063e+02 1.271533333333333360e+02 1.287333333333333201e+02
1.265695364238410576e+02 1.271920529801324449e+02 1.287019867549668959e+02
1.266092715231788048e+02 1.271986754966887361e+02 1.286688741721854399e+02
1.266066666666666691e+02 1.271533333333333360e+02 1.286999999999999886e+02
1.265999999999999943e+02 1.271466666666666612e+02 1.286933333333333280e+02
1.265933333333333337e+02 1.271599999999999966e+02 1.287533333333333303e+02
1.266107382550335529e+02 1.271744966442953029e+02 1.287248322147650867e+02
1.265866666666666731e+02 1.271733333333333320e+02 1.287266666666666595e+02
1.265733333333333377e+02 1.272000000000000028e+02 1.287133333333333383e+02
1.265400000000000063e+02 1.271866666666666674e+02 1.287866666666666617e+02
1.265666666666666629e+02 1.271733333333333320e+02 1.288066666666666720e+02
1.266066666666666691e+02 1.271733333333333320e+02 1.287666666666666799e+02
1.266688741721854257e+02 1.271258278145695328e+02 1.288278145695364287e+02
1.266466666666666612e+02 1.271866666666666674e+02 1.287933333333333223e+02
1.266066666666666691e+02 1.271266666666666652e+02 1.288199999999999932e+02
1.266291390728476784e+02 1.270993377483443680e+02 1.289271523178807968e+02
1.266599999999999966e+02 1.271266666666666652e+02 1.289466666666666583e+02
1.266688741721854257e+02 1.271059602649006592e+02 1.289271523178807968e+02
1.266333333333333400e+02 1.271133333333333297e+02 1.289600000000000080e+02
1.266442953020134183e+02 1.272080536912751683e+02 1.289597315436241729e+02
1.266599999999999966e+02 1.272333333333333343e+02 1.289399999999999977e+02
1.266754966887417169e+02 1.271456953642384065e+02 1.289271523178807968e+02
1.266333333333333400e+02 1.271866666666666674e+02 1.289133333333333269e+02
1.265999999999999943e+02 1.272266666666666737e+02 1.289333333333333371e+02
1.266133333333333297e+02 1.272266666666666737e+02 1.289266666666666765e+02
1.266466666666666612e+02 1.272399999999999949e+02 1.289399999999999977e+02
1.266933333333333280e+02 1.272266666666666737e+02 1.290133333333333212e+02
1.266333333333333400e+02 1.272199999999999989e+02 1.290399999999999920e+02
1.266266666666666652e+02 1.271933333333333280e+02 1.290666666666666629e+02
1.265600000000000023e+02 1.271599999999999966e+02 1.291866666666666674e+02
1.266622516556291345e+02 1.272119205298013185e+02 1.291258278145695328e+02
1.267333333333333343e+02 1.272133333333333383e+02 1.291333333333333258e+02
1.267266666666666737e+02 1.272600000000000051e+02 1.291533333333333360e+02
1.267666666666666657e+02 1.272399999999999949e+02 1.291066666666666549e+02
1.266887417218542993e+02 1.272847682119205359e+02 1.290794701986754944e+02
1.267284768211920465e+02 1.272516556291390799e+02 1.291456953642384065e+02
1.267466666666666697e+02 1.272666666666666657e+02 1.291399999999999864e+02
1.267549668874172255e+02 1.273112582781457007e+02 1.291721854304635713e+02
1.267066666666666777e+02 1.271933333333333280e+02 1.291333333333333258e+02
1.267019867549668817e+02 1.271589403973510031e+02 1.291390728476821153e+02
1.267199999999999989e+02 1.271533333333333360e+02 1.290800000000000125e+02
1.267600000000000051e+02 1.270999999999999943e+02 1.290666666666666629e+02
1.267800000000000011e+02 1.270533333333333275e+02 1.290533333333333417e+02
1.268133333333333326e+02 1.271400000000000006e+02 1.290666666666666629e+02
1.268609271523178847e+02 1.271258278145695328e+02 1.291059602649006592e+02
1.268120805369127453e+02 1.271006711409395962e+02 1.291006711409395962e+02
1.267800000000000011e+02 1.271200000000000045e+02 1.290333333333333314e+02
1.267933333333333366e+02 1.271333333333333400e+02 1.290600000000000023e+02
1.267800000000000011e+02 1.271133333333333297e+02 1.290866666666666731e+02
1.267066666666666634e+02 1.270600000000000023e+02 1.290800000000000125e+02
1.267199999999999989e+02 1.269866666666666646e+02 1.290600000000000023e+02
1.266599999999999966e+02 1.270000000000000000e+02 1.291133333333333439e+02
1.266333333333333400e+02 1.270199999999999960e+02 1.291066666666666549e+02
1.266357615894039697e+02 1.270662251655629120e+02 1.291059602649006592e+02
1.265838926174496635e+02 1.271409395973154375e+02 1.290134228187919518e+02
1.266733333333333320e+02 1.271266666666666652e+02 1.289666666666666686e+02
1.266733333333333320e+02 1.270999999999999943e+02 1.290466666666666526e+02
1.266733333333333320e+02 1.271599999999999966e+02 1.289666666666666686e+02
1.266887417218542993e+02 1.272185430463576097e+02 1.290264900662251648e+02
1.267152317880794641e+02 1.271986754966887361e+02 1.289867549668874176e+02
1.267466666666666697e+02 1.271533333333333360e+02 1.290200000000000102e+02
1.267866666666666617e+02 1.270933333333333337e+02 1.290399999999999920e+02
1.267549668874172113e+02 1.271059602649006592e+02 1.291390728476821153e+02
1.267933333333333366e+02 1.271133333333333297e+02 1.291200000000000045e+02
1.267651006711409423e+02 1.271073825503355721e+02 1.291610738255033652e+02
1.267066666666666777e+02 1.271066666666666549e+02 1.292266666666666595e+02
1.267199999999999989e+02 1.270533333333333275e+02 1.291933333333333280e+02
1.266800000000000068e+02 1.270733333333333377e+02 1.291599999999999966e+02
1.266400000000000006e+02 1.270933333333333337e+02 1.291733333333333462e+02
1.266733333333333320e+02 1.270933333333333337e+02 1.291866666666666674e+02
1.266599999999999966e+02 1.271266666666666652e+02 1.291533333333333360e+02
1.265999999999999943e+02 1.271333333333333400e+02 1.291066666666666549e+02
1.265066666666666606e+02 1.271599999999999966e+02 1.289933333333333394e+02
1.265629139072847664e+02 1.271721854304635713e+02 1.290132450331125824e+02
1.265999999999999943e+02 1.271866666666666674e+02 1.289866666666666788e+02
1.266092715231788048e+02 1.271589403973509889e+02 1.289337748344370880e+02
1.265333333333333314e+02 1.271666666666666714e+02 1.289533333333333474e+02
1.265570469798657740e+02 1.272617449664429472e+02 1.289731543624160963e+02
1.265496688741721840e+02 1.272119205298013185e+02 1.290463576158940384e+02
1.265333333333333314e+02 1.272199999999999989e+02 1.289799999999999898e+02
1.265430463576158928e+02 1.271854304635761537e+02 1.290198675496688736e+02
1.265666666666666629e+02 1.272066666666666634e+02 1.289799999999999898e+02
1.265866666666666731e+02 1.272000000000000028e+02 1.289600000000000080e+02
1.265600000000000023e+02 1.271866666666666674e+02 1.289399999999999977e+02
1.265503355704697981e+02 1.271946308724832164e+02 1.290134228187919518e+02
1.265231788079470192e+02 1.272384105960264833e+02 1.290860927152317856e+02
1.265666666666666629e+02 1.271666666666666714e+02 1.290733333333333235e+02
1.265894039735099312e+02 1.271456953642384065e+02 1.290794701986754944e+02
