1.263378378378378386e+02 1.291891891891891930e+02 1.263108108108108070e+02
1.262281879194630818e+02 1.291275167785234999e+02 1.262885906040268509e+02
1.261842105263157947e+02 1.294342105263157805e+02 1.262565789473684248e+02
1.260600000000000023e+02 1.295800000000000125e+02 1.262999999999999972e+02
1.260324675324675354e+02 1.296558441558441643e+02 1.263246753246753258e+02
1.261655629139072801e+02 1.295496688741721982e+02 1.263311258278145743e+02
1.261324503311258241e+02 1.295165562913907422e+02 1.263841059602649040e+02
1.260866666666666731e+02 1.294266666666666765e+02 1.265333333333333314e+02
1.260526315789473699e+02 1.294144736842105203e+02 1.265328947368421098e+02
1.260392156862745168e+02 1.294183006535947698e+02 1.265686274509803866e+02
1.259161290322580697e+02 1.295032258064516100e+02 1.265999999999999943e+02
1.259230769230769198e+02 1.295641025641025692e+02 1.266089743589743648e+02
1.259411764705882320e+02 1.295228758169934622e+02 1.265424836601307135e+02
1.259466666666666725e+02 1.295999999999999943e+02 1.266400000000000006e+02
1.259802631578947398e+02 1.295328947368421098e+02 1.266578947368421098e+02
1.261390728476821153e+02 1.295298013245033246e+02 1.267152317880794641e+02
1.261390728476821153e+02 1.295165562913907422e+02 1.267417218543046289e+02
1.260952380952381020e+02 1.295510204081632537e+02 1.266530612244897895e+02
1.259935064935064872e+02 1.295649350649350708e+02 1.264805194805194759e+02
1.260544217687074848e+02 1.296258503401360542e+02 1.264761904761904816e+02
1.259668874172185440e+02 1.295033112582781598e+02 1.265695364238410576e+02
1.259328859060402692e+02 1.295100671140939710e+02 1.263892617449664471e+02
1.258657718120805384e+02 1.296107382550335672e+02 1.264228187919463124e+02
1.259019607843137294e+02 1.296143790849673110e+02 1.265228758169934622e+02
1.259096774193548356e+02 1.295225806451612982e+02 1.264838709677419359e+02
1.259271523178807968e+02 1.294966887417218402e+02 1.264834437086092720e+02
1.260463576158940384e+02 1.296092715231788191e+02 1.265562913907284752e+02
1.258145695364238463e+02 1.296887417218543135e+02 1.264437086092715248e+02
1.258486842105263150e+02 1.296710526315789593e+02 1.263815789473684248e+02
1.257337662337662323e+02 1.296038961038960906e+02 1.264675324675324646e+02
1.256174496644295289e+02 1.297248322147650867e+02 1.264899328859060432e+02
1.256554054054054035e+02 1.298243243243243228e+02 1.264797297297297263e+02
1.258243243243243228e+02 1.297837837837837753e+02 1.262837837837837895e+02
1.259133333333333269e+02 1.297333333333333201e+02 1.262533333333333303e+02
1.259539473684210549e+02 1.297828947368421098e+02 1.261644736842105203e+02
1.258376623376623371e+02 1.297012987012986969e+02 1.260129870129870113e+02
1.258496732026143832e+02 1.296993464052287663e+02 1.259934640522875782e+02
1.258278145695364287e+02 1.297350993377483519e+02 1.259735099337748352e+02
1.259933333333333394e+02 1.297133333333333383e+02 1.260333333333333314e+02
1.259220779220779178e+02 1.296233766233766289e+02 1.262077922077922096e+02
1.260266666666666708e+02 1.299266666666666765e+02 1.261200000000000045e+02
1.260389610389610340e+02 1.298571428571428612e+02 1.261428571428571388e+02
1.261250000000000000e+02 1.298289473684210407e+02 1.261447368421052602e+02
1.260198675496688736e+02 1.296556291390728575e+02 1.261655629139072801e+02
1.258866666666666703e+02 1.297266666666666595e+02 1.261133333333333297e+02
1.258223684210526301e+02 1.298026315789473699e+02 1.259802631578947398e+02
1.259800000000000040e+02 1.299533333333333474e+02 1.259933333333333394e+02
1.260196078431372513e+02 1.300392156862745026e+02 1.260196078431372513e+02
1.260662251655629120e+02 1.301920529801324449e+02 1.260264900662251648e+02
1.258758169934640563e+02 1.301633986928104605e+02 1.260326797385620949e+02
1.258026315789473699e+02 1.301513157894736707e+02 1.260723684210526301e+02
1.258108108108108070e+02 1.303378378378378386e+02 1.262027027027027088e+02
1.257843137254901933e+02 1.303921568627451109e+02 1.261307189542483655e+02
1.258355263157894797e+02 1.305263157894736707e+02 1.261776315789473699e+02
1.257986577181208077e+02 1.305637583892617499e+02 1.262080536912751683e+02
1.259539473684210549e+02 1.305197368421052602e+02 1.261052631578947398e+02
1.258666666666666600e+02 1.304799999999999898e+02 1.261266666666666652e+02
1.258466666666666640e+02 1.304666666666666686e+02 1.260933333333333337e+02
1.258645161290322534e+02 1.305096774193548299e+02 1.260000000000000000e+02
1.257199999999999989e+02 1.304600000000000080e+02 1.258866666666666703e+02
1.256266666666666652e+02 1.306599999999999966e+02 1.260400000000000063e+02
1.255000000000000000e+02 1.305608108108108070e+02 1.260810810810810807e+02
1.253866666666666703e+02 1.305866666666666731e+02 1.260533333333333275e+02
1.253355704697986539e+02 1.305637583892617499e+02 1.259932885906040241e+02
1.253881578947368354e+02 1.305855263157894797e+02 1.259276315789473699e+02
1.254039735099337776e+02 1.304834437086092578e+02 1.259735099337748352e+02
1.252980132450331183e+02 1.306026490066225278e+02 1.258278145695364287e+02
1.252617449664429472e+02 1.306442953020134325e+02 1.257583892617449663e+02
1.251200000000000045e+02 1.306200000000000045e+02 1.258933333333333309e+02
1.251744966442953029e+02 1.305637583892617499e+02 1.258456375838926107e+02
1.252384105960264833e+02 1.305827814569536542e+02 1.258278145695364287e+02
1.251045751633986924e+02 1.305686274509803866e+02 1.257124183006535958e+02
1.250596026490066208e+02 1.307086092715231871e+02 1.254966887417218544e+02
1.248926174496644279e+02 1.307046979865771732e+02 1.252550335570469855e+02
1.247718120805369182e+02 1.308657718120805384e+02 1.252483221476510096e+02
1.247266666666666737e+02 1.310133333333333212e+02 1.251666666666666714e+02
1.246158940397350960e+02 1.311523178807946977e+02 1.250331125827814560e+02
1.246778523489932837e+02 1.310872483221476443e+02 1.250402684563758413e+02
1.245751633986928084e+02 1.310261437908496873e+02 1.249738562091503269e+02
1.244797297297297263e+02 1.309729729729729684e+02 1.249594594594594525e+02
1.244437086092715248e+02 1.311721854304635713e+02 1.248344370860927199e+02
1.243509933774834479e+02 1.311920529801324449e+02 1.246357615894039697e+02
1.241946308724832164e+02 1.313288590604026922e+02 1.246778523489932837e+02
1.241390728476821153e+02 1.315033112582781598e+02 1.245761589403973488e+02
1.240135135135135158e+02 1.318445945945945823e+02 1.244729729729729684e+02
1.239000000000000057e+02 1.319866666666666788e+02 1.243466666666666640e+02
1.238013245033112639e+02 1.320397350993377472e+02 1.242516556291390799e+02
1.237066666666666634e+02 1.320800000000000125e+02 1.241733333333333320e+02
1.235570469798657740e+02 1.321946308724832306e+02 1.239731543624161105e+02
1.234933333333333394e+02 1.322466666666666697e+02 1.238333333333333286e+02
1.234635761589403984e+02 1.321788079470198625e+02 1.238675496688741759e+02
1.235333333333333314e+02 1.321733333333333462e+02 1.236800000000000068e+02
1.235302013422818845e+02 1.320201342281879135e+02 1.235973154362416153e+02
1.234866666666666646e+02 1.321533333333333360e+02 1.235600000000000023e+02
1.233178807947019919e+02 1.321324503311258241e+02 1.235430463576158928e+02
1.233733333333333348e+02 1.320000000000000000e+02 1.234800000000000040e+02
1.232281879194630960e+02 1.321342281879194616e+02 1.235838926174496635e+02
1.232913907284768271e+02 1.320397350993377472e+02 1.234966887417218544e+02
1.233947368421052602e+02 1.320131578947368496e+02 1.234013157894736850e+02
1.232434210526315752e+02 1.321118421052631504e+02 1.234473684210526301e+02
1.230394736842105203e+02 1.322631578947368496e+02 1.234868421052631646e+02
1.228133333333333326e+02 1.322199999999999989e+02 1.234866666666666646e+02
1.229470198675496704e+02 1.322649006622516481e+02 1.234039735099337776e+02
1.230198675496688736e+02 1.323841059602648897e+02 1.233509933774834479e+02
1.229391891891891930e+02 1.323918918918919019e+02 1.231621621621621614e+02
1.229200000000000017e+02 1.324466666666666583e+02 1.229866666666666646e+02
1.228724832214765144e+02 1.323154362416107404e+02 1.229731543624161105e+02
1.226933333333333280e+02 1.321466666666666754e+02 1.229733333333333292e+02
1.225866666666666731e+02 1.320533333333333417e+02 1.228599999999999994e+02
1.224228187919463124e+02 1.320067114093959617e+02 1.228456375838926107e+02
1.222781456953642447e+02 1.321721854304635713e+02 1.227880794701986815e+02
1.223289473684210549e+02 1.323421052631578902e+02 1.227500000000000000e+02
1.223605442176870781e+02 1.321836734693877418e+02 1.224829931972789154e+02
1.222684563758389231e+02 1.320805369127516826e+02 1.223355704697986539e+02
1.222987012987013031e+02 1.322207792207792068e+02 1.223636363636363598e+02
1.222662337662337677e+02 1.323246753246753258e+02 1.224220779220779178e+02
1.223660130718954235e+02 1.323529411764705799e+02 1.223725490196078454e+02
1.223486842105263150e+02 1.323618421052631504e+02 1.223092105263157947e+02
1.224480519480519547e+02 1.322922077922077904e+02 1.222467532467532436e+02
1.223594771241830017e+02 1.322679738562091529e+02 1.223202614379084991e+02
1.223506493506493484e+02 1.324610389610389518e+02 1.221233766233766289e+02
1.223181818181818130e+02 1.324545454545454675e+02 1.219090909090909065e+02
1.222582781456953711e+02 1.325033112582781598e+02 1.218344370860927199e+02
1.221764705882352899e+02 1.324248366013071916e+02 1.218562091503267908e+02
1.222302631578947398e+02 1.326118421052631504e+02 1.217039473684210549e+02
1.221428571428571388e+02 1.325779220779220680e+02 1.215844155844155807e+02
1.222885906040268509e+02 1.325436241610738364e+02 1.215436241610738222e+02
1.224768211920529808e+02 1.326688741721854399e+02 1.214039735099337776e+02
1.224599999999999937e+02 1.326866666666666674e+02 1.212866666666666617e+02
1.226513157894736850e+02 1.327697368421052602e+02 1.212105263157894797e+02
1.227199999999999989e+02 1.327933333333333223e+02 1.211466666666666612e+02
1.228211920529801375e+02 1.329602649006622528e+02 1.212450331125827745e+02
1.229419354838709637e+02 1.330258064516129082e+02 1.211870967741935488e+02
1.231788079470198625e+02 1.331920529801324449e+02 1.210264900662251648e+02
1.231610738255033510e+02 1.332348993288590577e+02 1.210671140939597308e+02
1.232185430463576097e+02 1.333377483443708513e+02 1.209139072847682144e+02
1.231589403973509889e+02 1.332781456953642305e+02 1.209006622516556320e+02
1.232040816326530575e+02 1.333333333333333428e+02 1.208979591836734642e+02
1.231776315789473699e+02 1.333815789473684106e+02 1.209539473684210549e+02
1.232297297297297263e+02 1.334054054054054177e+02 1.210067567567567579e+02
1.229664429530201346e+02 1.334966442953020191e+02 1.209932885906040241e+02
1.230259740259740227e+02 1.335454545454545325e+02 1.210000000000000000e+02
1.231633986928104605e+02 1.335555555555555429e+02 1.209607843137254832e+02
1.230794701986754944e+02 1.335298013245033246e+02 1.209271523178807968e+02
1.230331125827814560e+02 1.335298013245033246e+02 1.210264900662251648e+02
1.231184210526315752e+02 1.335197368421052602e+02 1.210197368421052602e+02
1.232800000000000011e+02 1.335333333333333314e+02 1.209733333333333292e+02
1.232399999999999949e+02 1.333400000000000034e+02 1.208533333333333388e+02
1.233266666666666680e+02 1.334199999999999875e+02 1.209333333333333371e+02
1.234172185430463600e+02 1.333377483443708513e+02 1.209536423841059616e+02
1.236928104575163445e+02 1.334379084967320352e+02 1.208758169934640563e+02
1.239333333333333371e+02 1.334466666666666583e+02 1.207866666666666617e+02
1.241059602649006592e+02 1.333377483443708513e+02 1.205496688741721840e+02
1.240198675496688736e+02 1.332185430463576097e+02 1.206688741721854257e+02
1.239477124183006538e+02 1.331895424836601194e+02 1.206470588235294059e+02
1.240933333333333337e+02 1.332800000000000011e+02 1.206666666666666714e+02
1.240714285714285694e+02 1.333376623376623513e+02 1.206103896103896034e+02
1.241710526315789451e+02 1.334407894736842195e+02 1.206644736842105203e+02
1.242972972972972912e+02 1.334324324324324209e+02 1.205472972972972912e+02
1.243741496598639458e+02 1.335034013605442169e+02 1.206598639455782376e+02
1.243973509933774864e+02 1.333973509933774722e+02 1.205099337748344368e+02
1.246351351351351298e+02 1.334932432432432563e+02 1.205202702702702737e+02
1.248355263157894797e+02 1.333618421052631504e+02 1.204473684210526301e+02
1.246733333333333320e+02 1.333400000000000034e+02 1.203666666666666600e+02
1.246800000000000068e+02 1.333733333333333348e+02 1.202733333333333263e+02
1.246887417218542993e+02 1.333046357615893953e+02 1.201125827814569504e+02
1.247466666666666697e+02 1.331733333333333462e+02 1.199066666666666663e+02
1.247933333333333366e+02 1.332400000000000091e+02 1.197999999999999972e+02
1.247814569536423903e+02 1.332582781456953569e+02 1.197350993377483377e+02
1.247843137254901933e+02 1.334509803921568505e+02 1.195032679738562109e+02
1.250536912751677789e+02 1.335167785234899327e+02 1.193758389261744952e+02
1.251756756756756772e+02 1.334729729729729684e+02 1.193445945945945965e+02
1.254000000000000057e+02 1.333600000000000136e+02 1.194333333333333371e+02
1.254932432432432421e+02 1.333445945945945823e+02 1.195000000000000000e+02
1.255771812080536876e+02 1.333154362416107404e+02 1.194362416107382501e+02
1.254210526315789451e+02 1.334342105263157805e+02 1.192565789473684248e+02
1.253825503355704711e+02 1.334832214765100673e+02 1.192751677852348990e+02
1.254768211920529808e+02 1.335033112582781598e+02 1.193576158940397391e+02
1.254391891891891930e+02 1.335878378378378386e+02 1.193243243243243228e+02
1.254093959731543606e+02 1.334899328859060290e+02 1.193087248322147644e+02
1.253424657534246620e+02 1.335136986301369859e+02 1.191986301369862957e+02
1.255000000000000000e+02 1.335675675675675791e+02 1.190540540540540491e+02
1.256081081081081123e+02 1.335000000000000000e+02 1.190000000000000000e+02
1.258013245033112639e+02 1.336158940397351103e+02 1.189072847682119232e+02
1.259599999999999937e+02 1.335999999999999943e+02 1.189266666666666623e+02
1.259602649006622528e+02 1.337350993377483519e+02 1.189271523178807968e+02
1.260662251655629120e+02 1.337682119205298079e+02 1.190000000000000000e+02
1.260986842105263150e+02 1.338486842105263293e+02 1.189868421052631646e+02
1.260328947368421098e+02 1.340394736842105203e+02 1.189539473684210549e+02
1.260723684210526301e+02 1.339934210526315894e+02 1.190394736842105203e+02
1.260270270270270316e+02 1.341554054054054177e+02 1.190337837837837895e+02
1.261052631578947398e+02 1.341710526315789593e+02 1.189802631578947398e+02
1.259533333333333331e+02 1.342266666666666595e+02 1.190000000000000000e+02
1.259399999999999977e+02 1.342866666666666617e+02 1.188733333333333348e+02
1.259533333333333331e+02 1.343600000000000136e+02 1.189599999999999937e+02
1.259736842105263150e+02 1.345855263157894797e+02 1.189736842105263150e+02
1.258400000000000034e+02 1.343866666666666561e+02 1.188199999999999932e+02
1.256535947712418277e+02 1.344967320261438033e+02 1.186862745098039227e+02
1.255810810810810807e+02 1.345945945945945823e+02 1.186959459459459509e+02
1.256733333333333320e+02 1.346733333333333462e+02 1.186066666666666691e+02
1.257615894039735167e+02 1.346490066225165663e+02 1.185298013245033104e+02
1.257549668874172255e+02 1.346556291390728575e+02 1.184635761589403984e+02
1.258066666666666720e+02 1.346200000000000045e+02 1.183733333333333348e+02
1.258523489932885866e+02 1.347583892617449806e+02 1.183020134228187885e+02
1.258791946308724903e+02 1.348187919463087212e+02 1.182550335570469855e+02
1.258888888888888857e+02 1.348627450980392268e+02 1.181307189542483655e+02
1.260986842105263150e+02 1.348881578947368496e+02 1.181184210526315752e+02
1.261776315789473699e+02 1.347171052631578902e+02 1.179407894736842053e+02
1.261400000000000006e+02 1.345466666666666526e+02 1.178266666666666680e+02
1.261599999999999966e+02 1.343866666666666561e+02 1.177199999999999989e+02
1.261812080536912788e+02 1.344161073825503365e+02 1.176577181208053702e+02
1.261830065359477118e+02 1.343986928104575043e+02 1.174836601307189596e+02
1.262348993288590577e+02 1.344093959731543748e+02 1.174295302013422884e+02
1.261283783783783718e+02 1.344797297297297405e+02 1.173040540540540491e+02
1.260945945945945965e+02 1.344864864864864842e+02 1.172094594594594525e+02
1.260067114093959759e+02 1.345771812080537018e+02 1.172483221476510096e+02
1.259866666666666646e+02 1.345333333333333314e+02 1.171133333333333297e+02
1.259666666666666686e+02 1.345266666666666708e+02 1.169866666666666646e+02
1.258692810457516345e+02 1.347254901960784252e+02 1.169934640522875782e+02
1.258013245033112639e+02 1.347086092715231871e+02 1.168741721854304672e+02
1.259127516778523557e+02 1.347919463087248459e+02 1.166644295302013461e+02
1.260266666666666708e+02 1.347733333333333405e+02 1.166200000000000045e+02
1.261409395973154375e+02 1.347651006711409423e+02 1.166174496644295289e+02
1.261744966442953029e+02 1.347449664429530287e+02 1.164966442953020191e+02
1.262199999999999989e+02 1.346933333333333280e+02 1.164933333333333394e+02
1.263154362416107404e+02 1.346979865771812115e+02 1.164362416107382501e+02
1.261390728476821153e+02 1.346953642384106047e+02 1.163245033112582831e+02
1.262516556291390799e+02 1.349006622516556320e+02 1.161589403973509889e+02
1.262147651006711442e+02 1.349865771812080482e+02 1.161946308724832164e+02
1.262333333333333343e+02 1.351866666666666674e+02 1.161266666666666652e+02
1.261372549019607874e+02 1.351111111111111143e+02 1.160130718954248437e+02
1.259463087248322211e+02 1.351610738255033652e+02 1.160268456375838895e+02
1.258918918918918877e+02 1.352500000000000000e+02 1.158310810810810807e+02
1.258750000000000000e+02 1.353289473684210407e+02 1.157434210526315752e+02
1.258675496688741759e+02 1.353311258278145601e+02 1.157417218543046289e+02
1.258874172185430496e+02 1.355033112582781598e+02 1.157284768211920465e+02
1.259391891891891930e+02 1.354324324324324209e+02 1.155608108108108070e+02
1.259066666666666663e+02 1.354533333333333474e+02 1.155400000000000063e+02
1.258724832214765144e+02 1.355503355704697981e+02 1.155637583892617499e+02
1.259328859060402692e+02 1.355973154362416153e+02 1.154630872483221538e+02
1.258648648648648702e+02 1.355472972972972912e+02 1.154391891891891930e+02
1.258807947019867584e+02 1.356092715231788191e+02 1.153112582781457007e+02
1.259866666666666646e+02 1.354600000000000080e+02 1.153066666666666720e+02
1.260849673202614412e+02 1.354052287581699261e+02 1.152679738562091529e+02
1.261466666666666612e+02 1.353400000000000034e+02 1.152399999999999949e+02
1.262684563758389231e+02 1.353288590604026922e+02 1.152080536912751683e+02
1.262972972972972912e+02 1.352837837837837753e+02 1.153783783783783718e+02
1.263648648648648702e+02 1.353918918918919019e+02 1.152297297297297263e+02
1.262236842105263150e+02 1.355921052631578902e+02 1.151644736842105203e+02
1.261476510067114134e+02 1.356979865771812115e+02 1.149798657718120865e+02
1.260993377483443680e+02 1.359470198675496704e+02 1.148278145695364287e+02
1.260201342281879135e+02 1.360201342281879135e+02 1.150805369127516826e+02
1.261315789473684248e+02 1.359342105263157805e+02 1.151250000000000000e+02
1.261315789473684248e+02 1.359736842105263293e+02 1.151184210526315752e+02
1.259733333333333292e+02 1.358799999999999955e+02 1.151599999999999966e+02
1.259664429530201346e+02 1.358724832214765001e+02 1.150067114093959759e+02
1.259934210526315752e+02 1.357697368421052602e+02 1.150460526315789451e+02
1.261589403973509889e+02 1.356953642384106047e+02 1.149801324503311264e+02
1.261073825503355721e+02 1.356442953020134325e+02 1.149664429530201346e+02
1.262266666666666737e+02 1.355933333333333337e+02 1.150733333333333377e+02
1.262631578947368354e+02 1.356250000000000000e+02 1.150328947368421098e+02
1.261125827814569504e+02 1.358344370860927199e+02 1.148874172185430496e+02
1.262000000000000028e+02 1.359399999999999977e+02 1.148199999999999932e+02
1.262828947368421098e+02 1.359934210526315894e+02 1.147236842105263150e+02
1.262828947368421098e+02 1.361973684210526301e+02 1.146644736842105203e+02
1.263509933774834479e+02 1.362119205298013185e+02 1.146754966887417169e+02
1.263378378378378386e+02 1.363716216216216139e+02 1.147297297297297263e+02
1.263660130718954235e+02 1.362941176470588118e+02 1.145816993464052302e+02
1.263178807947019919e+02 1.361721854304635713e+02 1.145761589403973488e+02
1.264630872483221538e+02 1.362348993288590577e+02 1.145234899328859086e+02
1.262333333333333343e+02 1.363799999999999955e+02 1.145199999999999960e+02
1.262500000000000000e+02 1.363918918918919019e+02 1.144391891891891930e+02
1.262600000000000051e+02 1.364799999999999898e+02 1.144599999999999937e+02
1.263333333333333286e+02 1.365200000000000102e+02 1.145199999999999960e+02
1.263509933774834479e+02 1.365894039735099454e+02 1.144834437086092720e+02
1.263400000000000034e+02 1.366399999999999864e+02 1.142933333333333366e+02
1.262147651006711442e+02 1.365369127516778462e+02 1.141812080536912788e+02
1.262214765100671201e+02 1.365167785234899327e+02 1.140201342281879135e+02
1.260993377483443680e+02 1.367218543046357695e+02 1.139735099337748352e+02
1.261161290322580584e+02 1.366193548387096826e+02 1.137870967741935431e+02
1.262119205298013185e+02 1.366225165562914015e+02 1.137682119205298079e+02
1.262763157894736850e+02 1.368552631578947398e+02 1.136644736842105203e+02
1.263841059602649040e+02 1.367748344370860991e+02 1.135960264900662224e+02
1.264899328859060432e+02 1.368993288590604038e+02 1.134228187919463124e+02
1.264610389610389660e+02 1.370519480519480453e+02 1.133116883116883145e+02
1.263933333333333309e+02 1.370466666666666526e+02 1.131533333333333360e+02
1.262763157894736850e+02 1.369276315789473699e+02 1.128750000000000000e+02
1.262828947368421098e+02 1.369802631578947398e+02 1.129276315789473699e+02
1.261870967741935488e+02 1.369741935483870918e+02 1.128967741935483815e+02
1.261589403973509889e+02 1.368609271523178847e+02 1.126423841059602609e+02
1.261447368421052602e+02 1.367894736842105203e+02 1.125921052631578902e+02
1.262000000000000028e+02 1.369533333333333474e+02 1.125799999999999983e+02
1.260066225165562912e+02 1.371324503311258241e+02 1.125165562913907280e+02
1.259266666666666623e+02 1.372533333333333303e+02 1.125333333333333314e+02
1.258278145695364287e+02 1.372847682119205217e+02 1.124701986754966896e+02
1.257364864864864842e+02 1.375135135135135158e+02 1.124324324324324351e+02
1.255733333333333377e+02 1.373866666666666561e+02 1.123266666666666680e+02
1.256052631578947398e+02 1.372368421052631504e+02 1.122763157894736850e+02
1.256666666666666714e+02 1.372400000000000091e+02 1.122666666666666657e+02
1.256711409395973220e+02 1.370805369127516826e+02 1.122416107382550337e+02
1.255466666666666669e+02 1.373333333333333428e+02 1.124333333333333371e+02
1.255342465753424648e+02 1.373972602739725914e+02 1.123972602739726057e+02
1.255165562913907280e+02 1.375496688741721982e+02 1.122384105960264833e+02
1.255065789473684248e+02 1.374868421052631504e+02 1.122039473684210549e+02
1.254496644295302019e+02 1.374966442953020191e+02 1.121812080536912788e+02
1.253907284768211952e+02 1.374900662251655490e+02 1.121390728476821153e+02
1.253464052287581723e+02 1.374967320261438033e+02 1.120261437908496731e+02
1.254635761589403984e+02 1.374701986754966754e+02 1.118344370860927199e+02
1.254054054054054035e+02 1.375337837837837753e+02 1.118445945945945965e+02
1.253774834437086128e+02 1.375099337748344510e+02 1.116092715231788048e+02
1.253466666666666640e+02 1.376133333333333439e+02 1.115000000000000000e+02
1.254466666666666725e+02 1.375999999999999943e+02 1.115266666666666708e+02
1.256241610738255048e+02 1.376644295302013461e+02 1.113557046979865817e+02
1.255197368421052602e+02 1.376118421052631504e+02 1.112631578947368354e+02
1.254496644295302019e+02 1.375033557046979809e+02 1.112416107382550337e+02
1.253557046979865817e+02 1.376375838926174424e+02 1.112214765100671201e+02
1.253020134228187885e+02 1.376241610738254906e+02 1.112013422818791923e+02
1.252399999999999949e+02 1.376800000000000068e+02 1.113266666666666680e+02
1.251666666666666714e+02 1.377666666666666799e+02 1.112399999999999949e+02
1.251986754966887361e+02 1.377483443708609343e+02 1.111125827814569504e+02
1.253161290322580612e+02 1.378451612903225794e+02 1.108129032258064512e+02
1.253246753246753258e+02 1.378051948051948159e+02 1.106948051948051983e+02
1.252185430463576097e+02 1.378145695364238463e+02 1.107748344370860991e+02
1.251677852348993270e+02 1.378053691275167694e+02 1.108120805369127453e+02
1.251096774193548384e+02 1.378774193548387075e+02 1.107096774193548328e+02
1.250671140939597308e+02 1.378322147651006730e+02 1.108255033557046971e+02
1.250733333333333377e+02 1.379066666666666663e+02 1.107000000000000028e+02
1.249266666666666623e+02 1.380866666666666731e+02 1.109133333333333269e+02
1.248940397350993408e+02 1.381523178807946977e+02 1.107880794701986815e+02
1.247434210526315752e+02 1.383223684210526301e+02 1.106315789473684248e+02
1.245328947368421098e+02 1.383355263157894797e+02 1.105855263157894797e+02
1.244451612903225737e+02 1.385225806451612982e+02 1.105999999999999943e+02
1.243691275167785193e+02 1.386577181208053560e+02 1.106308724832214807e+02
1.243825503355704711e+02 1.386510067114093943e+02 1.105570469798657740e+02
1.242500000000000000e+02 1.388750000000000000e+02 1.105460526315789451e+02
1.241655629139072801e+02 1.389602649006622528e+02 1.105827814569536400e+02
1.241666666666666714e+02 1.388866666666666561e+02 1.104399999999999977e+02
1.240132450331125824e+02 1.389668874172185440e+02 1.104238410596026512e+02
1.240675675675675649e+02 1.389459459459459367e+02 1.104729729729729684e+02
1.240927152317880768e+02 1.390728476821192032e+02 1.102913907284768271e+02
1.238807947019867584e+02 1.392052980132450273e+02 1.102847682119205359e+02
1.240000000000000000e+02 1.391233766233766289e+02 1.102207792207792210e+02
1.239934640522875782e+02 1.391960784313725412e+02 1.101503267973856168e+02
1.239666666666666686e+02 1.392333333333333201e+02 1.099866666666666646e+02
1.239115646258503460e+02 1.392585034013605423e+02 1.099251700680272137e+02
1.238333333333333286e+02 1.392866666666666617e+02 1.098199999999999932e+02
1.240131578947368354e+02 1.394144736842105203e+02 1.098552631578947398e+02
1.241052631578947398e+02 1.393157894736842195e+02 1.099144736842105203e+02
1.240680272108843525e+02 1.393673469387755119e+02 1.097278911564625901e+02
1.243157894736842053e+02 1.392828947368421098e+02 1.096776315789473699e+02
1.242733333333333263e+02 1.393933333333333451e+02 1.096933333333333280e+02
1.241677852348993270e+02 1.394228187919462982e+02 1.096577181208053702e+02
1.242733333333333263e+02 1.394733333333333292e+02 1.096266666666666652e+02
1.242450331125827745e+02 1.395033112582781598e+02 1.096357615894039697e+02
1.242745098039215748e+02 1.396143790849673110e+02 1.096601307189542496e+02
1.242312925170068070e+02 1.396326530612244881e+02 1.094285714285714306e+02
1.242666666666666657e+02 1.394933333333333394e+02 1.093066666666666720e+02
1.242133333333333383e+02 1.395066666666666606e+02 1.092199999999999989e+02
1.241351351351351298e+02 1.395472972972972912e+02 1.093851351351351298e+02
1.240529801324503296e+02 1.395496688741721982e+02 1.094635761589403984e+02
1.240463576158940384e+02 1.397218543046357695e+02 1.093841059602649040e+02
1.239090909090909065e+02 1.398571428571428612e+02 1.094285714285714306e+02
1.238456375838926107e+02 1.400134228187919518e+02 1.092684563758389231e+02
1.238400000000000034e+02 1.402333333333333201e+02 1.092666666666666657e+02
1.238255033557046971e+02 1.403020134228187885e+02 1.093087248322147644e+02
1.239133333333333269e+02 1.403666666666666742e+02 1.094000000000000057e+02
1.238266666666666680e+02 1.404666666666666686e+02 1.093133333333333326e+02
1.238675496688741759e+02 1.406953642384106047e+02 1.092847682119205359e+02
1.237181208053691250e+02 1.409060402684563655e+02 1.094496644295302019e+02
1.235394736842105203e+02 1.409539473684210407e+02 1.094671052631578902e+02
1.236052631578947398e+02 1.410986842105263293e+02 1.095263157894736850e+02
1.236291390728476784e+02 1.412119205298013185e+02 1.093907284768211952e+02
1.236315789473684248e+02 1.413026315789473699e+02 1.093026315789473699e+02
1.236778523489932837e+02 1.414697986577181155e+02 1.093288590604026780e+02
1.239333333333333371e+02 1.416333333333333258e+02 1.094466666666666725e+02
1.241216216216216282e+02 1.415945945945945823e+02 1.095202702702702737e+02
1.242399999999999949e+02 1.417199999999999989e+02 1.097666666666666657e+02
1.242281879194630818e+02 1.418322147651006730e+02 1.098322147651006730e+02
1.242266666666666737e+02 1.418666666666666742e+02 1.098933333333333309e+02
1.243178807947019919e+02 1.417019867549668959e+02 1.098609271523178847e+02
1.242466666666666697e+02 1.417466666666666697e+02 1.099266666666666623e+02
1.243175675675675649e+02 1.416283783783783861e+02 1.096621621621621614e+02
1.243026315789473699e+02 1.417828947368421098e+02 1.097039473684210549e+02
1.243933333333333309e+02 1.418666666666666742e+02 1.096466666666666612e+02
1.244466666666666725e+02 1.419466666666666583e+02 1.096933333333333280e+02
1.245234899328859086e+02 1.420335570469798654e+02 1.097583892617449663e+02
1.246291390728476784e+02 1.421390728476821153e+02 1.098940397350993408e+02
1.248533333333333388e+02 1.421200000000000045e+02 1.099133333333333269e+02
1.250733333333333377e+02 1.420533333333333417e+02 1.096066666666666691e+02
1.251354838709677466e+02 1.420838709677419445e+02 1.095612903225806463e+02
1.254740259740259773e+02 1.421233766233766289e+02 1.094870129870129887e+02
1.254178082191780845e+02 1.420821917808219155e+02 1.093356164383561691e+02
1.255298013245033104e+02 1.420529801324503296e+02 1.092317880794701921e+02
1.256732026143790790e+02 1.420588235294117680e+02 1.092156862745098067e+02
1.258724832214765144e+02 1.421812080536912788e+02 1.092550335570469855e+02
1.260533333333333275e+02 1.421933333333333280e+02 1.090999999999999943e+02
1.259933774834437088e+02 1.421655629139072801e+02 1.091125827814569504e+02
1.259735099337748352e+02 1.421788079470198625e+02 1.091192052980132416e+02
1.262418300653594798e+02 1.422810457516339682e+02 1.091045751633986924e+02
1.262697368421052602e+02 1.424210526315789593e+02 1.090000000000000000e+02
1.262649006622516623e+02 1.425894039735099454e+02 1.089933774834437088e+02
1.263571428571428612e+02 1.426363636363636260e+02 1.090064935064935128e+02
1.264313725490196134e+02 1.427189542483660034e+02 1.089477124183006538e+02
1.263400000000000034e+02 1.427466666666666697e+02 1.089466666666666725e+02
1.263443708609271567e+02 1.427483443708609343e+02 1.089403973509933792e+02
1.263576158940397391e+02 1.427218543046357695e+02 1.087549668874172255e+02
1.262810457516339824e+02 1.429411764705882320e+02 1.087777777777777715e+02
1.263333333333333286e+02 1.430266666666666708e+02 1.086733333333333320e+02
1.262614379084967311e+02 1.431307189542483798e+02 1.087189542483660176e+02
1.263758389261744952e+02 1.432147651006711442e+02 1.086174496644295289e+02
1.264266666666666623e+02 1.432866666666666617e+02 1.085666666666666629e+02
1.263725490196078454e+02 1.433594771241830017e+02 1.085163398692810404e+02
1.262450331125827745e+02 1.433576158940397249e+02 1.084105960264900688e+02
1.261111111111111143e+02 1.432941176470588118e+02 1.081111111111111143e+02
1.261073825503355721e+02 1.432348993288590577e+02 1.081140939597315480e+02
1.260533333333333275e+02 1.432266666666666595e+02 1.080600000000000023e+02
1.259733333333333292e+02 1.433000000000000114e+02 1.079733333333333292e+02
1.259281045751634025e+02 1.433333333333333428e+02 1.079934640522875782e+02
1.260000000000000000e+02 1.432617449664429614e+02 1.079530201342281828e+02
1.260264900662251648e+02 1.432781456953642305e+02 1.079470198675496704e+02
1.262039473684210549e+02 1.434736842105263293e+02 1.080197368421052602e+02
1.260066666666666606e+02 1.435333333333333314e+02 1.080266666666666708e+02
1.259466666666666725e+02 1.436133333333333439e+02 1.080933333333333337e+02
1.258581081081081123e+02 1.434797297297297405e+02 1.081756756756756772e+02
1.260000000000000000e+02 1.434166666666666572e+02 1.082371794871794890e+02
1.261842105263157947e+02 1.433684210526315894e+02 1.083223684210526301e+02
1.261721854304635713e+02 1.435827814569536542e+02 1.081986754966887361e+02
1.262697368421052602e+02 1.436381578947368496e+02 1.081578947368421098e+02
1.260522875816993462e+02 1.436535947712418420e+02 1.080196078431372513e+02
1.260324675324675354e+02 1.436428571428571388e+02 1.079220779220779178e+02
1.261699346405228823e+02 1.437189542483660034e+02 1.079673202614379051e+02
1.262999999999999972e+02 1.437133333333333383e+02 1.079800000000000040e+02
1.262147651006711442e+02 1.438523489932885866e+02 1.078389261744966490e+02
1.261564625850340207e+02 1.437823129251700607e+02 1.076666666666666714e+02
1.261721854304635713e+02 1.438145695364238463e+02 1.076622516556291345e+02
1.261854304635761537e+02 1.439139072847682144e+02 1.077417218543046289e+02
1.262715231788079535e+02 1.440596026490066208e+02 1.077748344370860991e+02
1.262434210526315752e+02 1.443026315789473699e+02 1.077763157894736850e+02
1.262600000000000051e+02 1.444133333333333269e+02 1.076733333333333320e+02
1.263421052631578902e+02 1.445592105263157805e+02 1.077368421052631646e+02
1.262483660130719016e+02 1.446797385620915009e+02 1.076928104575163445e+02
1.263087248322147644e+02 1.446912751677852214e+02 1.076845637583892596e+02
1.263509933774834479e+02 1.448211920529801375e+02 1.077284768211920465e+02
1.262903225806451672e+02 1.449290322580645238e+02 1.075225806451612840e+02
1.264399999999999977e+02 1.452133333333333383e+02 1.074399999999999977e+02
1.263750000000000000e+02 1.451513157894736707e+02 1.075723684210526301e+02
1.264117647058823479e+02 1.451437908496731950e+02 1.075620915032679790e+02
1.264736842105263150e+02 1.452697368421052602e+02 1.075065789473684248e+02
1.264093959731543606e+02 1.453087248322147786e+02 1.074429530201342260e+02
1.263815789473684248e+02 1.455460526315789593e+02 1.073486842105263150e+02
1.265066666666666606e+02 1.457933333333333223e+02 1.074200000000000017e+02
1.264934210526315752e+02 1.459868421052631504e+02 1.073815789473684248e+02
1.264144736842105203e+02 1.459276315789473699e+02 1.075000000000000000e+02
1.264834437086092720e+02 1.459933774834437088e+02 1.075099337748344368e+02
1.263973509933774864e+02 1.462450331125827745e+02 1.074105960264900688e+02
1.264834437086092720e+02 1.460860927152317856e+02 1.074304635761589424e+02
1.265838926174496635e+02 1.462080536912751541e+02 1.072617449664429472e+02
1.267482993197278915e+02 1.463469387755102105e+02 1.074149659863945629e+02
1.267905405405405475e+02 1.464054054054054177e+02 1.073986486486486456e+02
1.267905405405405475e+02 1.463445945945945823e+02 1.073716216216216282e+02
1.266158940397350960e+02 1.465298013245033246e+02 1.073046357615894095e+02
1.266200000000000045e+02 1.465866666666666731e+02 1.073533333333333388e+02
1.265503355704697981e+02 1.466979865771812115e+02 1.072348993288590577e+02
1.264635761589403984e+02 1.469735099337748352e+02 1.071589403973509889e+02
1.266066666666666691e+02 1.469733333333333292e+02 1.071800000000000068e+02
1.266466666666666612e+02 1.470666666666666629e+02 1.072066666666666634e+02
1.266599999999999966e+02 1.471733333333333462e+02 1.071800000000000068e+02
1.265592105263157947e+02 1.472894736842105203e+02 1.071710526315789451e+02
1.265675675675675649e+02 1.473243243243243228e+02 1.070270270270270316e+02
1.265256410256410220e+02 1.475448717948717956e+02 1.071666666666666714e+02
1.264701986754966896e+02 1.474966887417218402e+02 1.074304635761589424e+02
1.264304635761589424e+02 1.475695364238410718e+02 1.073841059602649040e+02
1.263221476510067163e+02 1.476308724832214807e+02 1.073020134228187885e+02
1.262119205298013185e+02 1.477417218543046431e+02 1.073576158940397391e+02
1.259801324503311264e+02 1.478013245033112639e+02 1.072980132450331183e+02
1.260261437908496731e+02 1.477777777777777715e+02 1.074836601307189596e+02
1.258823529411764639e+02 1.475816993464052302e+02 1.074379084967320210e+02
1.257500000000000000e+02 1.476052631578947398e+02 1.074736842105263150e+02
1.258344370860927199e+02 1.475430463576159070e+02 1.075430463576158928e+02
1.257302631578947398e+02 1.475526315789473699e+02 1.075263157894736850e+02
1.257733333333333263e+02 1.478533333333333246e+02 1.075733333333333377e+02
1.259328859060402692e+02 1.477651006711409423e+02 1.075570469798657740e+02
1.259668874172185440e+02 1.477218543046357695e+02 1.075695364238410576e+02
1.258562091503267908e+02 1.478627450980392268e+02 1.076797385620915009e+02
1.257597402597402549e+02 1.478701298701298583e+02 1.076298701298701275e+02
1.257647058823529420e+02 1.478366013071895395e+02 1.075816993464052302e+02
1.258431372549019613e+02 1.478888888888888857e+02 1.075882352941176521e+02
1.259019607843137294e+02 1.480588235294117680e+02 1.076078431372549034e+02
1.259019607843137294e+02 1.478954248366013076e+02 1.076666666666666714e+02
1.258235294117647101e+02 1.477320261437908471e+02 1.074771241830065378e+02
1.258866666666666703e+02 1.477599999999999909e+02 1.073400000000000034e+02
1.258940397350993408e+02 1.478741721854304672e+02 1.072715231788079535e+02
1.259006622516556320e+02 1.479072847682119232e+02 1.073774834437086128e+02
1.257000000000000028e+02 1.479600000000000080e+02 1.075199999999999960e+02
1.258150684931506902e+02 1.480342465753424790e+02 1.074452054794520564e+02
1.257171052631578902e+02 1.480723684210526301e+02 1.072960526315789451e+02
1.258199999999999932e+02 1.481733333333333462e+02 1.071599999999999966e+02
1.257999999999999972e+02 1.481733333333333462e+02 1.072266666666666737e+02
1.257733333333333263e+02 1.482599999999999909e+02 1.071266666666666652e+02
1.257697368421052602e+02 1.482565789473684106e+02 1.071447368421052602e+02
