1.274362416107382501e+02 1.291140939597315196e+02 1.279127516778523557e+02
1.273959731543624230e+02 1.291610738255033652e+02 1.278724832214765001e+02
1.273716216216216282e+02 1.291891891891891930e+02 1.278783783783783861e+02
1.273178807947019777e+02 1.291456953642384065e+02 1.278543046357615935e+02
1.273288590604026780e+02 1.291476510067114134e+02 1.278389261744966490e+02
1.273333333333333286e+02 1.291466666666666754e+02 1.278533333333333246e+02
1.273422818791946298e+02 1.291476510067114134e+02 1.278389261744966490e+02
1.273245033112582689e+02 1.291456953642384065e+02 1.278211920529801233e+02
1.273716216216216282e+02 1.292229729729729684e+02 1.278040540540540633e+02
1.273666666666666600e+02 1.292333333333333201e+02 1.277866666666666617e+02
1.273445945945945965e+02 1.291959459459459651e+02 1.278581081081081123e+02
1.273624161073825576e+02 1.291879194630872405e+02 1.278657718120805384e+02
1.273624161073825576e+02 1.291879194630872405e+02 1.278657718120805384e+02
1.273624161073825576e+02 1.291879194630872405e+02 1.278657718120805384e+02
1.273624161073825576e+02 1.291879194630872405e+02 1.278657718120805384e+02
1.273624161073825576e+02 1.291879194630872405e+02 1.278657718120805384e+02
1.273624161073825576e+02 1.291879194630872405e+02 1.278657718120805384e+02
1.273624161073825576e+02 1.291879194630872405e+02 1.278657718120805384e+02
1.273624161073825576e+02 1.291879194630872405e+02 1.278657718120805384e+02
1.273624161073825576e+02 1.291879194630872405e+02 1.278657718120805384e+02
1.273624161073825576e+02 1.291879194630872405e+02 1.278657718120805384e+02
1.273624161073825576e+02 1.291879194630872405e+02 1.278657718120805384e+02
1.273624161073825576e+02 1.291879194630872405e+02 1.278657718120805384e+02
1.273624161073825576e+02 1.291879194630872405e+02 1.278657718120805384e+02
1.273624161073825576e+02 1.291879194630872405e+02 1.278657718120805384e+02
1.273624161073825576e+02 1.291879194630872405e+02 1.278657718120805384e+02
1.273624161073825576e+02 1.291879194630872405e+02 1.278657718120805384e+02
1.273624161073825576e+02 1.291879194630872405e+02 1.278657718120805384e+02
1.273624161073825576e+02 1.291879194630872405e+02 1.278657718120805384e+02
1.273624161073825576e+02 1.291879194630872405e+02 1.278657718120805384e+02
1.273624161073825576e+02 1.291879194630872405e+02 1.278657718120805384e+02
1.273624161073825576e+02 1.291879194630872405e+02 1.278657718120805384e+02
1.273624161073825576e+02 1.291879194630872405e+02 1.278657718120805384e+02
1.273624161073825576e+02 1.291879194630872405e+02 1.278657718120805384e+02
1.273624161073825576e+02 1.291879194630872405e+02 1.278657718120805384e+02
1.273624161073825576e+02 1.291879194630872405e+02 1.278657718120805384e+02
1.273624161073825576e+02 1.291879194630872405e+02 1.278657718120805384e+02
1.273624161073825576e+02 1.291879194630872405e+02 1.278657718120805384e+02
1.273624161073825576e+02 1.291879194630872405e+02 1.278657718120805384e+02
1.273624161073825576e+02 1.291879194630872405e+02 1.278657718120805384e+02
1.273624161073825576e+02 1.291879194630872405e+02 1.278657718120805384e+02
1.273624161073825576e+02 1.291879194630872405e+02 1.278657718120805384e+02
1.273624161073825576e+02 1.291879194630872405e+02 1.278657718120805384e+02
1.273624161073825576e+02 1.291879194630872405e+02 1.278657718120805384e+02
1.273624161073825576e+02 1.291879194630872405e+02 1.278657718120805384e+02
1.273624161073825576e+02 1.291879194630872405e+02 1.278657718120805384e+02
1.273624161073825576e+02 1.291879194630872405e+02 1.278657718120805384e+02
1.273624161073825576e+02 1.291879194630872405e+02 1.278657718120805384e+02
1.273624161073825576e+02 1.291879194630872405e+02 1.278657718120805384e+02
1.273624161073825576e+02 1.291879194630872405e+02 1.278657718120805384e+02
1.273624161073825576e+02 1.291879194630872405e+02 1.278657718120805384e+02
1.273624161073825576e+02 1.291879194630872405e+02 1.278657718120805384e+02
1.273624161073825576e+02 1.291879194630872405e+02 1.278657718120805384e+02
1.273624161073825576e+02 1.291879194630872405e+02 1.278657718120805384e+02
1.273624161073825576e+02 1.291879194630872405e+02 1.278657718120805384e+02
1.273624161073825576e+02 1.291879194630872405e+02 1.278657718120805384e+02
1.273624161073825576e+02 1.291879194630872405e+02 1.278657718120805384e+02
1.273624161073825576e+02 1.291879194630872405e+02 1.278657718120805384e+02
1.273624161073825576e+02 1.291879194630872405e+02 1.278657718120805384e+02
1.273624161073825576e+02 1.291879194630872405e+02 1.278657718120805384e+02
1.273624161073825576e+02 1.291879194630872405e+02 1.278657718120805384e+02
1.273624161073825576e+02 1.291879194630872405e+02 1.278657718120805384e+02
1.273624161073825576e+02 1.291879194630872405e+02 1.278657718120805384e+02
1.273624161073825576e+02 1.291879194630872405e+02 1.278657718120805384e+02
1.273624161073825576e+02 1.291879194630872405e+02 1.278657718120805384e+02
1.273624161073825576e+02 1.291879194630872405e+02 1.278657718120805384e+02
1.273624161073825576e+02 1.291879194630872405e+02 1.278657718120805384e+02
1.273624161073825576e+02 1.291879194630872405e+02 1.278657718120805384e+02
1.273624161073825576e+02 1.291879194630872405e+02 1.278657718120805384e+02
1.273624161073825576e+02 1.291879194630872405e+02 1.278657718120805384e+02
1.273624161073825576e+02 1.291879194630872405e+02 1.278657718120805384e+02
1.273624161073825576e+02 1.291879194630872405e+02 1.278657718120805384e+02
1.273624161073825576e+02 1.291879194630872405e+02 1.278657718120805384e+02
1.273624161073825576e+02 1.291879194630872405e+02 1.278657718120805384e+02
1.273624161073825576e+02 1.291879194630872405e+02 1.278657718120805384e+02
1.273624161073825576e+02 1.291879194630872405e+02 1.278657718120805384e+02
1.273624161073825576e+02 1.291879194630872405e+02 1.278657718120805384e+02
1.273624161073825576e+02 1.291879194630872405e+02 1.278657718120805384e+02
1.273624161073825576e+02 1.291879194630872405e+02 1.278657718120805384e+02
1.273624161073825576e+02 1.291879194630872405e+02 1.278657718120805384e+02
1.273624161073825576e+02 1.291879194630872405e+02 1.278657718120805384e+02
1.273624161073825576e+02 1.291879194630872405e+02 1.278657718120805384e+02
1.273624161073825576e+02 1.291879194630872405e+02 1.278657718120805384e+02
1.273624161073825576e+02 1.291879194630872405e+02 1.278657718120805384e+02
1.273624161073825576e+02 1.291879194630872405e+02 1.278657718120805384e+02
1.273624161073825576e+02 1.291879194630872405e+02 1.278657718120805384e+02
1.273624161073825576e+02 1.291879194630872405e+02 1.278657718120805384e+02
1.273624161073825576e+02 1.291879194630872405e+02 1.278657718120805384e+02
1.273624161073825576e+02 1.291879194630872405e+02 1.278657718120805384e+02
1.273624161073825576e+02 1.291879194630872405e+02 1.278657718120805384e+02
1.273624161073825576e+02 1.291879194630872405e+02 1.278657718120805384e+02
1.273624161073825576e+02 1.291879194630872405e+02 1.278657718120805384e+02
1.273624161073825576e+02 1.291879194630872405e+02 1.278657718120805384e+02
1.273624161073825576e+02 1.291879194630872405e+02 1.278657718120805384e+02
1.273624161073825576e+02 1.291879194630872405e+02 1.278657718120805384e+02
1.273624161073825576e+02 1.291879194630872405e+02 1.278657718120805384e+02
1.273624161073825576e+02 1.291879194630872405e+02 1.278657718120805384e+02
1.273624161073825576e+02 1.291879194630872405e+02 1.278657718120805384e+02
1.273624161073825576e+02 1.291879194630872405e+02 1.278657718120805384e+02
1.273624161073825576e+02 1.291879194630872405e+02 1.278657718120805384e+02
1.273624161073825576e+02 1.291879194630872405e+02 1.278657718120805384e+02
1.273624161073825576e+02 1.291879194630872405e+02 1.278657718120805384e+02
1.273624161073825576e+02 1.291879194630872405e+02 1.278657718120805384e+02
1.273624161073825576e+02 1.291879194630872405e+02 1.278657718120805384e+02
1.273624161073825576e+02 1.291879194630872405e+02 1.278657718120805384e+02
1.273624161073825576e+02 1.291879194630872405e+02 1.278657718120805384e+02
1.273624161073825576e+02 1.291879194630872405e+02 1.278657718120805384e+02
1.273624161073825576e+02 1.291879194630872405e+02 1.278657718120805384e+02
1.273624161073825576e+02 1.291879194630872405e+02 1.278657718120805384e+02
1.273624161073825576e+02 1.291879194630872405e+02 1.278657718120805384e+02
1.273624161073825576e+02 1.291879194630872405e+02 1.278657718120805384e+02
1.273624161073825576e+02 1.291879194630872405e+02 1.278657718120805384e+02
1.273624161073825576e+02 1.291879194630872405e+02 1.278657718120805384e+02
1.273624161073825576e+02 1.291879194630872405e+02 1.278657718120805384e+02
1.273624161073825576e+02 1.291879194630872405e+02 1.278657718120805384e+02
1.273624161073825576e+02 1.291879194630872405e+02 1.278657718120805384e+02
1.273624161073825576e+02 1.291879194630872405e+02 1.278657718120805384e+02
1.273624161073825576e+02 1.291879194630872405e+02 1.278657718120805384e+02
1.273624161073825576e+02 1.291879194630872405e+02 1.278657718120805384e+02
1.273624161073825576e+02 1.291879194630872405e+02 1.278657718120805384e+02
1.273624161073825576e+02 1.291879194630872405e+02 1.278657718120805384e+02
1.273624161073825576e+02 1.291879194630872405e+02 1.278657718120805384e+02
1.273624161073825576e+02 1.291879194630872405e+02 1.278657718120805384e+02
1.273624161073825576e+02 1.291879194630872405e+02 1.278657718120805384e+02
1.273624161073825576e+02 1.291879194630872405e+02 1.278657718120805384e+02
1.273624161073825576e+02 1.291879194630872405e+02 1.278657718120805384e+02
1.273624161073825576e+02 1.291879194630872405e+02 1.278657718120805384e+02
1.273624161073825576e+02 1.291879194630872405e+02 1.278657718120805384e+02
1.273624161073825576e+02 1.291879194630872405e+02 1.278657718120805384e+02
1.273624161073825576e+02 1.291879194630872405e+02 1.278657718120805384e+02
1.273624161073825576e+02 1.291879194630872405e+02 1.278657718120805384e+02
1.273624161073825576e+02 1.291879194630872405e+02 1.278657718120805384e+02
1.273624161073825576e+02 1.291879194630872405e+02 1.278657718120805384e+02
1.273624161073825576e+02 1.291879194630872405e+02 1.278657718120805384e+02
1.273624161073825576e+02 1.291879194630872405e+02 1.278657718120805384e+02
1.273624161073825576e+02 1.291879194630872405e+02 1.278657718120805384e+02
1.273624161073825576e+02 1.291879194630872405e+02 1.278657718120805384e+02
1.273624161073825576e+02 1.291879194630872405e+02 1.278657718120805384e+02
1.273624161073825576e+02 1.291879194630872405e+02 1.278657718120805384e+02
1.273624161073825576e+02 1.291879194630872405e+02 1.278657718120805384e+02
1.273624161073825576e+02 1.291879194630872405e+02 1.278657718120805384e+02
1.273624161073825576e+02 1.291879194630872405e+02 1.278657718120805384e+02
1.273624161073825576e+02 1.291879194630872405e+02 1.278657718120805384e+02
1.273624161073825576e+02 1.291879194630872405e+02 1.278657718120805384e+02
1.273624161073825576e+02 1.291879194630872405e+02 1.278657718120805384e+02
1.273624161073825576e+02 1.291879194630872405e+02 1.278657718120805384e+02
1.273624161073825576e+02 1.291879194630872405e+02 1.278657718120805384e+02
1.273624161073825576e+02 1.291879194630872405e+02 1.278657718120805384e+02
1.273624161073825576e+02 1.291879194630872405e+02 1.278657718120805384e+02
1.273624161073825576e+02 1.291879194630872405e+02 1.278657718120805384e+02
1.273624161073825576e+02 1.291879194630872405e+02 1.278657718120805384e+02
1.273624161073825576e+02 1.291879194630872405e+02 1.278657718120805384e+02
1.273624161073825576e+02 1.291879194630872405e+02 1.278657718120805384e+02
1.273624161073825576e+02 1.291879194630872405e+02 1.278657718120805384e+02
1.273624161073825576e+02 1.291879194630872405e+02 1.278657718120805384e+02
1.273624161073825576e+02 1.291879194630872405e+02 1.278657718120805384e+02
1.273624161073825576e+02 1.291879194630872405e+02 1.278657718120805384e+02
1.273624161073825576e+02 1.291879194630872405e+02 1.278657718120805384e+02
1.273624161073825576e+02 1.291879194630872405e+02 1.278657718120805384e+02
1.273624161073825576e+02 1.291879194630872405e+02 1.278657718120805384e+02
1.273624161073825576e+02 1.291879194630872405e+02 1.278657718120805384e+02
1.273624161073825576e+02 1.291879194630872405e+02 1.278657718120805384e+02
1.273624161073825576e+02 1.291879194630872405e+02 1.278657718120805384e+02
1.273624161073825576e+02 1.291879194630872405e+02 1.278657718120805384e+02
1.273624161073825576e+02 1.291879194630872405e+02 1.278657718120805384e+02
1.273624161073825576e+02 1.291879194630872405e+02 1.278657718120805384e+02
1.273624161073825576e+02 1.291879194630872405e+02 1.278657718120805384e+02
1.273624161073825576e+02 1.291879194630872405e+02 1.278657718120805384e+02
1.273624161073825576e+02 1.291879194630872405e+02 1.278657718120805384e+02
1.273624161073825576e+02 1.291879194630872405e+02 1.278657718120805384e+02
1.273624161073825576e+02 1.291879194630872405e+02 1.278657718120805384e+02
1.273624161073825576e+02 1.291879194630872405e+02 1.278657718120805384e+02
1.273624161073825576e+02 1.291879194630872405e+02 1.278657718120805384e+02
1.273624161073825576e+02 1.291879194630872405e+02 1.278657718120805384e+02
1.273624161073825576e+02 1.291879194630872405e+02 1.278657718120805384e+02
1.273624161073825576e+02 1.291879194630872405e+02 1.278657718120805384e+02
1.273624161073825576e+02 1.291879194630872405e+02 1.278657718120805384e+02
1.273624161073825576e+02 1.291879194630872405e+02 1.278657718120805384e+02
1.273624161073825576e+02 1.291879194630872405e+02 1.278657718120805384e+02
1.273624161073825576e+02 1.291879194630872405e+02 1.278657718120805384e+02
1.273624161073825576e+02 1.291879194630872405e+02 1.278657718120805384e+02
1.273624161073825576e+02 1.291879194630872405e+02 1.278657718120805384e+02
1.273624161073825576e+02 1.291879194630872405e+02 1.278657718120805384e+02
1.273624161073825576e+02 1.291879194630872405e+02 1.278657718120805384e+02
1.273624161073825576e+02 1.291879194630872405e+02 1.278657718120805384e+02
1.273624161073825576e+02 1.291879194630872405e+02 1.278657718120805384e+02
1.273624161073825576e+02 1.291879194630872405e+02 1.278657718120805384e+02
1.273624161073825576e+02 1.291879194630872405e+02 1.278657718120805384e+02
1.273624161073825576e+02 1.291879194630872405e+02 1.278657718120805384e+02
1.273624161073825576e+02 1.291879194630872405e+02 1.278657718120805384e+02
1.273624161073825576e+02 1.291879194630872405e+02 1.278657718120805384e+02
1.273624161073825576e+02 1.291879194630872405e+02 1.278657718120805384e+02
1.273624161073825576e+02 1.291879194630872405e+02 1.278657718120805384e+02
1.273624161073825576e+02 1.291879194630872405e+02 1.278657718120805384e+02
1.273624161073825576e+02 1.291879194630872405e+02 1.278657718120805384e+02
1.273624161073825576e+02 1.291879194630872405e+02 1.278657718120805384e+02
1.273624161073825576e+02 1.291879194630872405e+02 1.278657718120805384e+02
1.273624161073825576e+02 1.291879194630872405e+02 1.278657718120805384e+02
1.273624161073825576e+02 1.291879194630872405e+02 1.278657718120805384e+02
1.273624161073825576e+02 1.291879194630872405e+02 1.278657718120805384e+02
1.273624161073825576e+02 1.291879194630872405e+02 1.278657718120805384e+02
1.273624161073825576e+02 1.291879194630872405e+02 1.278657718120805384e+02
1.273624161073825576e+02 1.291879194630872405e+02 1.278657718120805384e+02
1.273624161073825576e+02 1.291879194630872405e+02 1.278657718120805384e+02
1.273624161073825576e+02 1.291879194630872405e+02 1.278657718120805384e+02
1.273624161073825576e+02 1.291879194630872405e+02 1.278657718120805384e+02
1.273624161073825576e+02 1.291879194630872405e+02 1.278657718120805384e+02
1.273624161073825576e+02 1.291879194630872405e+02 1.278657718120805384e+02
1.273624161073825576e+02 1.291879194630872405e+02 1.278657718120805384e+02
1.273624161073825576e+02 1.291879194630872405e+02 1.278657718120805384e+02
1.273624161073825576e+02 1.291879194630872405e+02 1.278657718120805384e+02
1.273624161073825576e+02 1.291879194630872405e+02 1.278657718120805384e+02
1.273624161073825576e+02 1.291879194630872405e+02 1.278657718120805384e+02
1.273624161073825576e+02 1.291879194630872405e+02 1.278657718120805384e+02
1.273624161073825576e+02 1.291879194630872405e+02 1.278657718120805384e+02
1.273624161073825576e+02 1.291879194630872405e+02 1.278657718120805384e+02
1.273624161073825576e+02 1.291879194630872405e+02 1.278657718120805384e+02
1.273624161073825576e+02 1.291879194630872405e+02 1.278657718120805384e+02
1.273624161073825576e+02 1.291879194630872405e+02 1.278657718120805384e+02
1.273624161073825576e+02 1.291879194630872405e+02 1.278657718120805384e+02
1.273624161073825576e+02 1.291879194630872405e+02 1.278657718120805384e+02
1.273624161073825576e+02 1.291879194630872405e+02 1.278657718120805384e+02
1.273624161073825576e+02 1.291879194630872405e+02 1.278657718120805384e+02
1.273624161073825576e+02 1.291879194630872405e+02 1.278657718120805384e+02
1.273624161073825576e+02 1.291879194630872405e+02 1.278657718120805384e+02
1.273624161073825576e+02 1.291879194630872405e+02 1.278657718120805384e+02
1.273624161073825576e+02 1.291879194630872405e+02 1.278657718120805384e+02
1.273624161073825576e+02 1.291879194630872405e+02 1.278657718120805384e+02
1.273624161073825576e+02 1.291879194630872405e+02 1.278657718120805384e+02
1.273624161073825576e+02 1.291879194630872405e+02 1.278657718120805384e+02
1.273624161073825576e+02 1.291879194630872405e+02 1.278657718120805384e+02
1.273624161073825576e+02 1.291879194630872405e+02 1.278657718120805384e+02
1.273624161073825576e+02 1.291879194630872405e+02 1.278657718120805384e+02
1.273624161073825576e+02 1.291879194630872405e+02 1.278657718120805384e+02
1.273624161073825576e+02 1.291879194630872405e+02 1.278657718120805384e+02
1.273624161073825576e+02 1.291879194630872405e+02 1.278657718120805384e+02
1.273624161073825576e+02 1.291879194630872405e+02 1.278657718120805384e+02
1.273624161073825576e+02 1.291879194630872405e+02 1.278657718120805384e+02
1.273624161073825576e+02 1.291879194630872405e+02 1.278657718120805384e+02
1.273624161073825576e+02 1.291879194630872405e+02 1.278657718120805384e+02
1.273624161073825576e+02 1.291879194630872405e+02 1.278657718120805384e+02
1.273624161073825576e+02 1.291879194630872405e+02 1.278657718120805384e+02
1.273624161073825576e+02 1.291879194630872405e+02 1.278657718120805384e+02
1.273624161073825576e+02 1.291879194630872405e+02 1.278657718120805384e+02
1.273624161073825576e+02 1.291879194630872405e+02 1.278657718120805384e+02
1.273624161073825576e+02 1.291879194630872405e+02 1.278657718120805384e+02
1.273624161073825576e+02 1.291879194630872405e+02 1.278657718120805384e+02
1.273624161073825576e+02 1.291879194630872405e+02 1.278657718120805384e+02
1.273624161073825576e+02 1.291879194630872405e+02 1.278657718120805384e+02
1.273624161073825576e+02 1.291879194630872405e+02 1.278657718120805384e+02
1.273624161073825576e+02 1.291879194630872405e+02 1.278657718120805384e+02
1.273624161073825576e+02 1.291879194630872405e+02 1.278657718120805384e+02
1.273624161073825576e+02 1.291879194630872405e+02 1.278657718120805384e+02
1.273624161073825576e+02 1.291879194630872405e+02 1.278657718120805384e+02
1.273624161073825576e+02 1.291879194630872405e+02 1.278657718120805384e+02
1.273624161073825576e+02 1.291879194630872405e+02 1.278657718120805384e+02
1.273624161073825576e+02 1.291879194630872405e+02 1.278657718120805384e+02
1.273624161073825576e+02 1.291879194630872405e+02 1.278657718120805384e+02
1.273624161073825576e+02 1.291879194630872405e+02 1.278657718120805384e+02
1.273624161073825576e+02 1.291879194630872405e+02 1.278657718120805384e+02
1.273624161073825576e+02 1.291879194630872405e+02 1.278657718120805384e+02
1.273624161073825576e+02 1.291879194630872405e+02 1.278657718120805384e+02
1.273624161073825576e+02 1.291879194630872405e+02 1.278657718120805384e+02
1.273624161073825576e+02 1.291879194630872405e+02 1.278657718120805384e+02
1.273624161073825576e+02 1.291879194630872405e+02 1.278657718120805384e+02
1.273624161073825576e+02 1.291879194630872405e+02 1.278657718120805384e+02
1.273624161073825576e+02 1.291879194630872405e+02 1.278657718120805384e+02
1.273624161073825576e+02 1.291879194630872405e+02 1.278657718120805384e+02
1.273624161073825576e+02 1.291879194630872405e+02 1.278657718120805384e+02
1.273624161073825576e+02 1.291879194630872405e+02 1.278657718120805384e+02
1.273624161073825576e+02 1.291879194630872405e+02 1.278657718120805384e+02
1.273624161073825576e+02 1.291879194630872405e+02 1.278657718120805384e+02
1.273624161073825576e+02 1.291879194630872405e+02 1.278657718120805384e+02
1.273624161073825576e+02 1.291879194630872405e+02 1.278657718120805384e+02
1.273624161073825576e+02 1.291879194630872405e+02 1.278657718120805384e+02
1.273624161073825576e+02 1.291879194630872405e+02 1.278657718120805384e+02
1.273624161073825576e+02 1.291879194630872405e+02 1.278657718120805384e+02
1.273624161073825576e+02 1.291879194630872405e+02 1.278657718120805384e+02
1.273624161073825576e+02 1.291879194630872405e+02 1.278657718120805384e+02
1.273624161073825576e+02 1.291879194630872405e+02 1.278657718120805384e+02
1.273624161073825576e+02 1.291879194630872405e+02 1.278657718120805384e+02
1.273624161073825576e+02 1.291879194630872405e+02 1.278657718120805384e+02
1.273624161073825576e+02 1.291879194630872405e+02 1.278657718120805384e+02
1.273624161073825576e+02 1.291879194630872405e+02 1.278657718120805384e+02
1.273624161073825576e+02 1.291879194630872405e+02 1.278657718120805384e+02
1.273624161073825576e+02 1.291879194630872405e+02 1.278657718120805384e+02
1.273624161073825576e+02 1.291879194630872405e+02 1.278657718120805384e+02
1.273624161073825576e+02 1.291879194630872405e+02 1.278657718120805384e+02
1.273624161073825576e+02 1.291879194630872405e+02 1.278657718120805384e+02
1.273624161073825576e+02 1.291879194630872405e+02 1.278657718120805384e+02
1.273624161073825576e+02 1.291879194630872405e+02 1.278657718120805384e+02
1.273624161073825576e+02 1.291879194630872405e+02 1.278657718120805384e+02
1.273624161073825576e+02 1.291879194630872405e+02 1.278657718120805384e+02
1.273624161073825576e+02 1.291879194630872405e+02 1.278657718120805384e+02
1.273624161073825576e+02 1.291879194630872405e+02 1.278657718120805384e+02
1.273624161073825576e+02 1.291879194630872405e+02 1.278657718120805384e+02
1.273624161073825576e+02 1.291879194630872405e+02 1.278657718120805384e+02
1.273624161073825576e+02 1.291879194630872405e+02 1.278657718120805384e+02
1.273624161073825576e+02 1.291879194630872405e+02 1.278657718120805384e+02
1.273624161073825576e+02 1.291879194630872405e+02 1.278657718120805384e+02
1.273624161073825576e+02 1.291879194630872405e+02 1.278657718120805384e+02
1.273624161073825576e+02 1.291879194630872405e+02 1.278657718120805384e+02
1.273624161073825576e+02 1.291879194630872405e+02 1.278657718120805384e+02
1.273624161073825576e+02 1.291879194630872405e+02 1.278657718120805384e+02
1.273624161073825576e+02 1.291879194630872405e+02 1.278657718120805384e+02
1.273624161073825576e+02 1.291879194630872405e+02 1.278657718120805384e+02
1.273624161073825576e+02 1.291879194630872405e+02 1.278657718120805384e+02
1.273624161073825576e+02 1.291879194630872405e+02 1.278657718120805384e+02
1.273624161073825576e+02 1.291879194630872405e+02 1.278657718120805384e+02
1.273624161073825576e+02 1.291879194630872405e+02 1.278657718120805384e+02
1.273624161073825576e+02 1.291879194630872405e+02 1.278657718120805384e+02
1.273624161073825576e+02 1.291879194630872405e+02 1.278657718120805384e+02
1.273624161073825576e+02 1.291879194630872405e+02 1.278657718120805384e+02
1.273624161073825576e+02 1.291879194630872405e+02 1.278657718120805384e+02
1.273624161073825576e+02 1.291879194630872405e+02 1.278657718120805384e+02
1.273624161073825576e+02 1.291879194630872405e+02 1.278657718120805384e+02
1.273624161073825576e+02 1.291879194630872405e+02 1.278657718120805384e+02
1.273624161073825576e+02 1.291879194630872405e+02 1.278657718120805384e+02
1.273624161073825576e+02 1.291879194630872405e+02 1.278657718120805384e+02
1.273624161073825576e+02 1.291879194630872405e+02 1.278657718120805384e+02
1.273624161073825576e+02 1.291879194630872405e+02 1.278657718120805384e+02
1.273624161073825576e+02 1.291879194630872405e+02 1.278657718120805384e+02
1.273624161073825576e+02 1.291879194630872405e+02 1.278657718120805384e+02
1.273624161073825576e+02 1.291879194630872405e+02 1.278657718120805384e+02
1.273624161073825576e+02 1.291879194630872405e+02 1.278657718120805384e+02
1.273624161073825576e+02 1.291879194630872405e+02 1.278657718120805384e+02
1.273624161073825576e+02 1.291879194630872405e+02 1.278657718120805384e+02
1.273624161073825576e+02 1.291879194630872405e+02 1.278657718120805384e+02
1.273624161073825576e+02 1.291879194630872405e+02 1.278657718120805384e+02
1.273624161073825576e+02 1.291879194630872405e+02 1.278657718120805384e+02
1.273624161073825576e+02 1.291879194630872405e+02 1.278657718120805384e+02
1.273624161073825576e+02 1.291879194630872405e+02 1.278657718120805384e+02
1.273624161073825576e+02 1.291879194630872405e+02 1.278657718120805384e+02
1.273624161073825576e+02 1.291879194630872405e+02 1.278657718120805384e+02
1.273624161073825576e+02 1.291879194630872405e+02 1.278657718120805384e+02
1.273624161073825576e+02 1.291879194630872405e+02 1.278657718120805384e+02
1.273624161073825576e+02 1.291879194630872405e+02 1.278657718120805384e+02
1.273624161073825576e+02 1.291879194630872405e+02 1.278657718120805384e+02
1.273624161073825576e+02 1.291879194630872405e+02 1.278657718120805384e+02
1.273624161073825576e+02 1.291879194630872405e+02 1.278657718120805384e+02
1.273624161073825576e+02 1.291879194630872405e+02 1.278657718120805384e+02
1.273624161073825576e+02 1.291879194630872405e+02 1.278657718120805384e+02
1.273624161073825576e+02 1.291879194630872405e+02 1.278657718120805384e+02
1.273624161073825576e+02 1.291879194630872405e+02 1.278657718120805384e+02
1.273624161073825576e+02 1.291879194630872405e+02 1.278657718120805384e+02
1.273624161073825576e+02 1.291879194630872405e+02 1.278657718120805384e+02
1.273624161073825576e+02 1.291879194630872405e+02 1.278657718120805384e+02
1.273624161073825576e+02 1.291879194630872405e+02 1.278657718120805384e+02
1.273624161073825576e+02 1.291879194630872405e+02 1.278657718120805384e+02
1.273624161073825576e+02 1.291879194630872405e+02 1.278657718120805384e+02
1.273624161073825576e+02 1.291879194630872405e+02 1.278657718120805384e+02
1.273624161073825576e+02 1.291879194630872405e+02 1.278657718120805384e+02
1.273624161073825576e+02 1.291879194630872405e+02 1.278657718120805384e+02
1.273624161073825576e+02 1.291879194630872405e+02 1.278657718120805384e+02
1.273624161073825576e+02 1.291879194630872405e+02 1.278657718120805384e+02
1.273624161073825576e+02 1.291879194630872405e+02 1.278657718120805384e+02
1.273624161073825576e+02 1.291879194630872405e+02 1.278657718120805384e+02
1.273624161073825576e+02 1.291879194630872405e+02 1.278657718120805384e+02
1.273624161073825576e+02 1.291879194630872405e+02 1.278657718120805384e+02
1.273624161073825576e+02 1.291879194630872405e+02 1.278657718120805384e+02
1.273624161073825576e+02 1.291879194630872405e+02 1.278657718120805384e+02
1.273624161073825576e+02 1.291879194630872405e+02 1.278657718120805384e+02
1.273624161073825576e+02 1.291879194630872405e+02 1.278657718120805384e+02
1.273624161073825576e+02 1.291879194630872405e+02 1.278657718120805384e+02
1.273624161073825576e+02 1.291879194630872405e+02 1.278657718120805384e+02
1.273624161073825576e+02 1.291879194630872405e+02 1.278657718120805384e+02
1.273624161073825576e+02 1.291879194630872405e+02 1.278657718120805384e+02
1.273624161073825576e+02 1.291879194630872405e+02 1.278657718120805384e+02
1.273624161073825576e+02 1.291879194630872405e+02 1.278657718120805384e+02
1.273624161073825576e+02 1.291879194630872405e+02 1.278657718120805384e+02
1.273624161073825576e+02 1.291879194630872405e+02 1.278657718120805384e+02
1.273624161073825576e+02 1.291879194630872405e+02 1.278657718120805384e+02
1.273624161073825576e+02 1.291879194630872405e+02 1.278657718120805384e+02
1.273624161073825576e+02 1.291879194630872405e+02 1.278657718120805384e+02
1.273624161073825576e+02 1.291879194630872405e+02 1.278657718120805384e+02
1.273624161073825576e+02 1.291879194630872405e+02 1.278657718120805384e+02
1.273624161073825576e+02 1.291879194630872405e+02 1.278657718120805384e+02
1.273624161073825576e+02 1.291879194630872405e+02 1.278657718120805384e+02
1.273624161073825576e+02 1.291879194630872405e+02 1.278657718120805384e+02
1.273624161073825576e+02 1.291879194630872405e+02 1.278657718120805384e+02
1.273624161073825576e+02 1.291879194630872405e+02 1.278657718120805384e+02
1.273624161073825576e+02 1.291879194630872405e+02 1.278657718120805384e+02
1.273624161073825576e+02 1.291879194630872405e+02 1.278657718120805384e+02
1.273624161073825576e+02 1.291879194630872405e+02 1.278657718120805384e+02
1.273624161073825576e+02 1.291879194630872405e+02 1.278657718120805384e+02
1.273624161073825576e+02 1.291879194630872405e+02 1.278657718120805384e+02
1.273624161073825576e+02 1.291879194630872405e+02 1.278657718120805384e+02
1.273624161073825576e+02 1.291879194630872405e+02 1.278657718120805384e+02
1.273624161073825576e+02 1.291879194630872405e+02 1.278657718120805384e+02
1.273624161073825576e+02 1.291879194630872405e+02 1.278657718120805384e+02
1.273624161073825576e+02 1.291879194630872405e+02 1.278657718120805384e+02
1.273624161073825576e+02 1.291879194630872405e+02 1.278657718120805384e+02
1.273624161073825576e+02 1.291879194630872405e+02 1.278657718120805384e+02
1.273624161073825576e+02 1.291879194630872405e+02 1.278657718120805384e+02
1.273624161073825576e+02 1.291879194630872405e+02 1.278657718120805384e+02
1.273624161073825576e+02 1.291879194630872405e+02 1.278657718120805384e+02
1.273624161073825576e+02 1.291879194630872405e+02 1.278657718120805384e+02
1.273624161073825576e+02 1.291879194630872405e+02 1.278657718120805384e+02
1.273624161073825576e+02 1.291879194630872405e+02 1.278657718120805384e+02
1.273624161073825576e+02 1.291879194630872405e+02 1.278657718120805384e+02
1.273624161073825576e+02 1.291879194630872405e+02 1.278657718120805384e+02
1.273624161073825576e+02 1.291879194630872405e+02 1.278657718120805384e+02
1.273624161073825576e+02 1.291879194630872405e+02 1.278657718120805384e+02
1.273624161073825576e+02 1.291879194630872405e+02 1.278657718120805384e+02
1.273624161073825576e+02 1.291879194630872405e+02 1.278657718120805384e+02
1.273624161073825576e+02 1.291879194630872405e+02 1.278657718120805384e+02
1.273624161073825576e+02 1.291879194630872405e+02 1.278657718120805384e+02
1.273624161073825576e+02 1.291879194630872405e+02 1.278657718120805384e+02
1.273624161073825576e+02 1.291879194630872405e+02 1.278657718120805384e+02
1.273624161073825576e+02 1.291879194630872405e+02 1.278657718120805384e+02
1.273624161073825576e+02 1.291879194630872405e+02 1.278657718120805384e+02
1.273624161073825576e+02 1.291879194630872405e+02 1.278657718120805384e+02
1.273624161073825576e+02 1.291879194630872405e+02 1.278657718120805384e+02
1.273624161073825576e+02 1.291879194630872405e+02 1.278657718120805384e+02
1.273624161073825576e+02 1.291879194630872405e+02 1.278657718120805384e+02
1.273624161073825576e+02 1.291879194630872405e+02 1.278657718120805384e+02
1.273624161073825576e+02 1.291879194630872405e+02 1.278657718120805384e+02
1.273624161073825576e+02 1.291879194630872405e+02 1.278657718120805384e+02
1.273624161073825576e+02 1.291879194630872405e+02 1.278657718120805384e+02
1.273624161073825576e+02 1.291879194630872405e+02 1.278657718120805384e+02
1.273624161073825576e+02 1.291879194630872405e+02 1.278657718120805384e+02
1.273624161073825576e+02 1.291879194630872405e+02 1.278657718120805384e+02
1.273624161073825576e+02 1.291879194630872405e+02 1.278657718120805384e+02
1.273624161073825576e+02 1.291879194630872405e+02 1.278657718120805384e+02
1.273624161073825576e+02 1.291879194630872405e+02 1.278657718120805384e+02
1.273624161073825576e+02 1.291879194630872405e+02 1.278657718120805384e+02
1.273624161073825576e+02 1.291879194630872405e+02 1.278657718120805384e+02
1.273624161073825576e+02 1.291879194630872405e+02 1.278657718120805384e+02
1.273624161073825576e+02 1.291879194630872405e+02 1.278657718120805384e+02
1.273624161073825576e+02 1.291879194630872405e+02 1.278657718120805384e+02
1.273624161073825576e+02 1.291879194630872405e+02 1.278657718120805384e+02
1.273624161073825576e+02 1.291879194630872405e+02 1.278657718120805384e+02
1.273624161073825576e+02 1.291879194630872405e+02 1.278657718120805384e+02
1.273624161073825576e+02 1.291879194630872405e+02 1.278657718120805384e+02
1.273624161073825576e+02 1.291879194630872405e+02 1.278657718120805384e+02
1.273624161073825576e+02 1.291879194630872405e+02 1.278657718120805384e+02
1.273624161073825576e+02 1.291879194630872405e+02 1.278657718120805384e+02
1.273624161073825576e+02 1.291879194630872405e+02 1.278657718120805384e+02
1.273624161073825576e+02 1.291879194630872405e+02 1.278657718120805384e+02
1.273624161073825576e+02 1.291879194630872405e+02 1.278657718120805384e+02
1.273624161073825576e+02 1.291879194630872405e+02 1.278657718120805384e+02
1.273624161073825576e+02 1.291879194630872405e+02 1.278657718120805384e+02
1.273624161073825576e+02 1.291879194630872405e+02 1.278657718120805384e+02
1.273624161073825576e+02 1.291879194630872405e+02 1.278657718120805384e+02
1.273624161073825576e+02 1.291879194630872405e+02 1.278657718120805384e+02
1.273624161073825576e+02 1.291879194630872405e+02 1.278657718120805384e+02
1.273624161073825576e+02 1.291879194630872405e+02 1.278657718120805384e+02
1.273624161073825576e+02 1.291879194630872405e+02 1.278657718120805384e+02
1.273624161073825576e+02 1.291879194630872405e+02 1.278657718120805384e+02
1.273624161073825576e+02 1.291879194630872405e+02 1.278657718120805384e+02
1.273624161073825576e+02 1.291879194630872405e+02 1.278657718120805384e+02
1.273624161073825576e+02 1.291879194630872405e+02 1.278657718120805384e+02
1.273624161073825576e+02 1.291879194630872405e+02 1.278657718120805384e+02
1.273624161073825576e+02 1.291879194630872405e+02 1.278657718120805384e+02
1.273624161073825576e+02 1.291879194630872405e+02 1.278657718120805384e+02
1.273624161073825576e+02 1.291879194630872405e+02 1.278657718120805384e+02
1.273624161073825576e+02 1.291879194630872405e+02 1.278657718120805384e+02
1.273624161073825576e+02 1.291879194630872405e+02 1.278657718120805384e+02
1.273624161073825576e+02 1.291879194630872405e+02 1.278657718120805384e+02
1.273624161073825576e+02 1.291879194630872405e+02 1.278657718120805384e+02
1.273624161073825576e+02 1.291879194630872405e+02 1.278657718120805384e+02
1.273624161073825576e+02 1.291879194630872405e+02 1.278657718120805384e+02
1.273624161073825576e+02 1.291879194630872405e+02 1.278657718120805384e+02
1.273624161073825576e+02 1.291879194630872405e+02 1.278657718120805384e+02
1.273624161073825576e+02 1.291879194630872405e+02 1.278657718120805384e+02
1.273624161073825576e+02 1.291879194630872405e+02 1.278657718120805384e+02
1.273624161073825576e+02 1.291879194630872405e+02 1.278657718120805384e+02
1.273624161073825576e+02 1.291879194630872405e+02 1.278657718120805384e+02
1.273624161073825576e+02 1.291879194630872405e+02 1.278657718120805384e+02
1.273624161073825576e+02 1.291879194630872405e+02 1.278657718120805384e+02
1.273624161073825576e+02 1.291879194630872405e+02 1.278657718120805384e+02
1.273624161073825576e+02 1.291879194630872405e+02 1.278657718120805384e+02
1.273624161073825576e+02 1.291879194630872405e+02 1.278657718120805384e+02
1.273624161073825576e+02 1.291879194630872405e+02 1.278657718120805384e+02
1.273624161073825576e+02 1.291879194630872405e+02 1.278657718120805384e+02
1.273624161073825576e+02 1.291879194630872405e+02 1.278657718120805384e+02
1.273624161073825576e+02 1.291879194630872405e+02 1.278657718120805384e+02
1.273624161073825576e+02 1.291879194630872405e+02 1.278657718120805384e+02
1.273624161073825576e+02 1.291879194630872405e+02 1.278657718120805384e+02
1.273624161073825576e+02 1.291879194630872405e+02 1.278657718120805384e+02
1.273624161073825576e+02 1.291879194630872405e+02 1.278657718120805384e+02
1.273624161073825576e+02 1.291879194630872405e+02 1.278657718120805384e+02
1.273624161073825576e+02 1.291879194630872405e+02 1.278657718120805384e+02
1.273624161073825576e+02 1.291879194630872405e+02 1.278657718120805384e+02
1.273624161073825576e+02 1.291879194630872405e+02 1.278657718120805384e+02
1.273624161073825576e+02 1.291879194630872405e+02 1.278657718120805384e+02
1.273624161073825576e+02 1.291879194630872405e+02 1.278657718120805384e+02
1.273624161073825576e+02 1.291879194630872405e+02 1.278657718120805384e+02
1.273624161073825576e+02 1.291879194630872405e+02 1.278657718120805384e+02
1.273624161073825576e+02 1.291879194630872405e+02 1.278657718120805384e+02
1.273624161073825576e+02 1.291879194630872405e+02 1.278657718120805384e+02
1.273624161073825576e+02 1.291879194630872405e+02 1.278657718120805384e+02
1.273624161073825576e+02 1.291879194630872405e+02 1.278657718120805384e+02
1.273624161073825576e+02 1.291879194630872405e+02 1.278657718120805384e+02
1.273624161073825576e+02 1.291879194630872405e+02 1.278657718120805384e+02
1.273624161073825576e+02 1.291879194630872405e+02 1.278657718120805384e+02
1.273624161073825576e+02 1.291879194630872405e+02 1.278657718120805384e+02
1.273624161073825576e+02 1.291879194630872405e+02 1.278657718120805384e+02
1.273624161073825576e+02 1.291879194630872405e+02 1.278657718120805384e+02
1.273624161073825576e+02 1.291879194630872405e+02 1.278657718120805384e+02
