1.292266666666666595e+02 1.272866666666666617e+02 1.293199999999999932e+02
1.292133333333333383e+02 1.273400000000000034e+02 1.293533333333333246e+02
1.292599999999999909e+02 1.273333333333333286e+02 1.293133333333333326e+02
1.293000000000000114e+02 1.273333333333333286e+02 1.292866666666666617e+02
1.292251655629139009e+02 1.273311258278145743e+02 1.292582781456953569e+02
1.292400000000000091e+02 1.272999999999999972e+02 1.292800000000000011e+02
1.292333333333333201e+02 1.272999999999999972e+02 1.292400000000000091e+02
1.291333333333333258e+02 1.273266666666666680e+02 1.291933333333333280e+02
1.291266666666666652e+02 1.272866666666666617e+02 1.291933333333333280e+02
1.291059602649006592e+02 1.272980132450331183e+02 1.291324503311258241e+02
1.291599999999999966e+02 1.273466666666666640e+02 1.291866666666666674e+02
1.292133333333333383e+02 1.273866666666666703e+02 1.291933333333333280e+02
1.292119205298013185e+02 1.273576158940397391e+02 1.291523178807946977e+02
1.292649006622516481e+02 1.273509933774834479e+02 1.291390728476821153e+02
1.292466666666666697e+02 1.273199999999999932e+02 1.291466666666666754e+02
1.292649006622516481e+02 1.272980132450331183e+02 1.291258278145695328e+02
1.292400000000000091e+02 1.272999999999999972e+02 1.291466666666666754e+02
1.292333333333333201e+02 1.273400000000000034e+02 1.291599999999999966e+02
1.292483221476510096e+02 1.272416107382550337e+02 1.291744966442952887e+02
1.292066666666666777e+02 1.272933333333333366e+02 1.292266666666666595e+02
1.291933333333333280e+02 1.273133333333333326e+02 1.292866666666666617e+02
1.292733333333333405e+02 1.273066666666666720e+02 1.292466666666666697e+02
1.292133333333333383e+02 1.272733333333333263e+02 1.292333333333333201e+02
1.291733333333333462e+02 1.273333333333333286e+02 1.292333333333333201e+02
1.291275167785234999e+02 1.272617449664429472e+02 1.292483221476510096e+02
1.292199999999999989e+02 1.272866666666666617e+02 1.293066666666666720e+02
1.292617449664429614e+02 1.273154362416107404e+02 1.293557046979865675e+02
1.292733333333333405e+02 1.273266666666666680e+02 1.293533333333333246e+02
1.292333333333333201e+02 1.272399999999999949e+02 1.293866666666666561e+02
1.292266666666666595e+02 1.272066666666666634e+02 1.293866666666666561e+02
1.291933333333333280e+02 1.272199999999999989e+02 1.294199999999999875e+02
1.291666666666666572e+02 1.271866666666666674e+02 1.293533333333333246e+02
1.292199999999999989e+02 1.271599999999999966e+02 1.293266666666666538e+02
1.292751677852349133e+02 1.271744966442953029e+02 1.293691275167785193e+02
1.292933333333333223e+02 1.271599999999999966e+02 1.293733333333333348e+02
1.293046357615893953e+02 1.271324503311258241e+02 1.293046357615893953e+02
1.293178807947019777e+02 1.271456953642384065e+02 1.292913907284768129e+02
1.293288590604026922e+02 1.271610738255033510e+02 1.293288590604026922e+02
1.293377483443708513e+02 1.271655629139072801e+02 1.292980132450331041e+02
1.293422818791946440e+02 1.271812080536912788e+02 1.293355704697986539e+02
1.293443708609271425e+02 1.272119205298013185e+02 1.292516556291390657e+02
1.292866666666666617e+02 1.272733333333333263e+02 1.292733333333333405e+02
1.292933333333333223e+02 1.272533333333333303e+02 1.292866666666666617e+02
1.293866666666666561e+02 1.271599999999999966e+02 1.293400000000000034e+02
1.294295302013422884e+02 1.271879194630872547e+02 1.292483221476510096e+02
1.293466666666666640e+02 1.270666666666666629e+02 1.292199999999999989e+02
1.293733333333333348e+02 1.270466666666666669e+02 1.292666666666666799e+02
1.293266666666666538e+02 1.270799999999999983e+02 1.292400000000000091e+02
1.293400000000000034e+02 1.271400000000000006e+02 1.292066666666666777e+02
1.293400000000000034e+02 1.271333333333333400e+02 1.291933333333333280e+02
1.293400000000000034e+02 1.271733333333333320e+02 1.291399999999999864e+02
1.293533333333333246e+02 1.273199999999999932e+02 1.292066666666666777e+02
1.292847682119205217e+02 1.272847682119205359e+02 1.292317880794701921e+02
1.292800000000000011e+02 1.272733333333333263e+02 1.292266666666666595e+02
1.292266666666666595e+02 1.272600000000000051e+02 1.292466666666666697e+02
1.291999999999999886e+02 1.272333333333333343e+02 1.291866666666666674e+02
1.292715231788079393e+02 1.272052980132450273e+02 1.291655629139072801e+02
1.292933333333333223e+02 1.272399999999999949e+02 1.290666666666666629e+02
1.292199999999999989e+02 1.272133333333333383e+02 1.290733333333333235e+02
1.291066666666666549e+02 1.272733333333333263e+02 1.290533333333333417e+02
1.290794701986754944e+02 1.273245033112582831e+02 1.290662251655629120e+02
1.291599999999999966e+02 1.273666666666666600e+02 1.291399999999999864e+02
1.291333333333333258e+02 1.273199999999999932e+02 1.292266666666666595e+02
1.291733333333333462e+02 1.273666666666666600e+02 1.292266666666666595e+02
1.292119205298013185e+02 1.273576158940397391e+02 1.292185430463576097e+02
1.292466666666666697e+02 1.273066666666666720e+02 1.292133333333333383e+02
1.291999999999999886e+02 1.272333333333333343e+02 1.292266666666666595e+02
1.292582781456953569e+02 1.272119205298013185e+02 1.292649006622516481e+02
1.292800000000000011e+02 1.271933333333333280e+02 1.292533333333333303e+02
1.292649006622516481e+02 1.271986754966887361e+02 1.291854304635761537e+02
1.291800000000000068e+02 1.272533333333333303e+02 1.291599999999999966e+02
1.291800000000000068e+02 1.272133333333333383e+02 1.291933333333333280e+02
1.291788079470198625e+02 1.271655629139072801e+02 1.291390728476821153e+02
1.291721854304635713e+02 1.272185430463576097e+02 1.291721854304635713e+02
1.291854304635761537e+02 1.272251655629139009e+02 1.291589403973509889e+02
1.291986754966887361e+02 1.271390728476821153e+02 1.291192052980132416e+02
1.291655629139072801e+02 1.270662251655629120e+02 1.291059602649006592e+02
1.291788079470198625e+02 1.270860927152317856e+02 1.291655629139072801e+02
1.291986754966887361e+02 1.270662251655629120e+02 1.291721854304635713e+02
1.291599999999999966e+02 1.271333333333333400e+02 1.291933333333333280e+02
1.292133333333333383e+02 1.271666666666666714e+02 1.292466666666666697e+02
1.291390728476821153e+02 1.271655629139072801e+02 1.292582781456953569e+02
1.291733333333333462e+02 1.271266666666666652e+02 1.291999999999999886e+02
1.291854304635761537e+02 1.271854304635761537e+02 1.292384105960264833e+02
1.291866666666666674e+02 1.271800000000000068e+02 1.292333333333333201e+02
1.291721854304635713e+02 1.271854304635761537e+02 1.292052980132450273e+02
1.291866666666666674e+02 1.271800000000000068e+02 1.291533333333333360e+02
1.292251655629139009e+02 1.272649006622516623e+02 1.291721854304635713e+02
1.292266666666666595e+02 1.272600000000000051e+02 1.292466666666666697e+02
1.292666666666666799e+02 1.272399999999999949e+02 1.293066666666666720e+02
1.292466666666666697e+02 1.272333333333333343e+02 1.293400000000000034e+02
1.291610738255033652e+02 1.272147651006711442e+02 1.293020134228187885e+02
1.291589403973509889e+02 1.271589403973509889e+02 1.292052980132450273e+02
1.291733333333333462e+02 1.271333333333333400e+02 1.291800000000000068e+02
1.291333333333333258e+02 1.271333333333333400e+02 1.291733333333333462e+02
1.291073825503355579e+02 1.271812080536912788e+02 1.292281879194630960e+02
1.290333333333333314e+02 1.271333333333333400e+02 1.292133333333333383e+02
1.291192052980132416e+02 1.271986754966887361e+02 1.292317880794701921e+02
1.291059602649006592e+02 1.271788079470198625e+02 1.291920529801324449e+02
1.290333333333333314e+02 1.272600000000000051e+02 1.291866666666666674e+02
1.291059602649006592e+02 1.272251655629139009e+02 1.291721854304635713e+02
1.291133333333333439e+02 1.272399999999999949e+02 1.291733333333333462e+02
1.290733333333333235e+02 1.272800000000000011e+02 1.292466666666666697e+02
1.291333333333333258e+02 1.272600000000000051e+02 1.293199999999999932e+02
1.291200000000000045e+02 1.272666666666666657e+02 1.293333333333333428e+02
1.291125827814569504e+02 1.272450331125827745e+02 1.292185430463576097e+02
1.291266666666666652e+02 1.272666666666666657e+02 1.292933333333333223e+02
1.291599999999999966e+02 1.272733333333333263e+02 1.293066666666666720e+02
1.291133333333333439e+02 1.272466666666666697e+02 1.293266666666666538e+02
1.291125827814569504e+02 1.272582781456953711e+02 1.293311258278145601e+02
1.291655629139072801e+02 1.272980132450331183e+02 1.292913907284768129e+02
1.291999999999999886e+02 1.272933333333333366e+02 1.292800000000000011e+02
1.292800000000000011e+02 1.272933333333333366e+02 1.293133333333333326e+02
1.292800000000000011e+02 1.272399999999999949e+02 1.293066666666666720e+02
1.292980132450331041e+02 1.272251655629139009e+02 1.292781456953642305e+02
1.292715231788079393e+02 1.272251655629139009e+02 1.293509933774834337e+02
1.292516556291390657e+02 1.272119205298013185e+02 1.293509933774834337e+02
1.292384105960264833e+02 1.271920529801324449e+02 1.293046357615893953e+02
1.291800000000000068e+02 1.271866666666666674e+02 1.292800000000000011e+02
1.292199999999999989e+02 1.271599999999999966e+02 1.292599999999999909e+02
1.292466666666666697e+02 1.271599999999999966e+02 1.292666666666666799e+02
1.292333333333333201e+02 1.272000000000000028e+02 1.292466666666666697e+02
1.292400000000000091e+02 1.271733333333333320e+02 1.292199999999999989e+02
1.293000000000000114e+02 1.271733333333333320e+02 1.291999999999999886e+02
1.293400000000000034e+02 1.271266666666666652e+02 1.291666666666666572e+02
1.293066666666666720e+02 1.271133333333333297e+02 1.291866666666666674e+02
1.292666666666666799e+02 1.271200000000000045e+02 1.292133333333333383e+02
1.292302631578947398e+02 1.271250000000000000e+02 1.291907894736842195e+02
1.292266666666666595e+02 1.271533333333333360e+02 1.291999999999999886e+02
1.292266666666666595e+02 1.271533333333333360e+02 1.291999999999999886e+02
1.292450331125827745e+02 1.271059602649006592e+02 1.291589403973509889e+02
1.292649006622516481e+02 1.271456953642384065e+02 1.291655629139072801e+02
1.292866666666666617e+02 1.271933333333333280e+02 1.291333333333333258e+02
1.293066666666666720e+02 1.272399999999999949e+02 1.291599999999999966e+02
1.292847682119205217e+02 1.272185430463576097e+02 1.291456953642384065e+02
1.292266666666666595e+02 1.271333333333333400e+02 1.291266666666666652e+02
1.292066666666666777e+02 1.270866666666666731e+02 1.291866666666666674e+02
1.292281879194630960e+02 1.270402684563758413e+02 1.292013422818791923e+02
1.291812080536912788e+02 1.271140939597315480e+02 1.291476510067114134e+02
1.292133333333333383e+02 1.271266666666666652e+02 1.291399999999999864e+02
1.292266666666666595e+02 1.270799999999999983e+02 1.290933333333333337e+02
1.292133333333333383e+02 1.270533333333333275e+02 1.290733333333333235e+02
1.292885906040268367e+02 1.269865771812080482e+02 1.290671140939597308e+02
1.292266666666666595e+02 1.269399999999999977e+02 1.290133333333333212e+02
1.292066666666666777e+02 1.269866666666666646e+02 1.289533333333333474e+02
1.292599999999999909e+02 1.270600000000000023e+02 1.289333333333333371e+02
1.292684563758389231e+02 1.270872483221476443e+02 1.290268456375839037e+02
1.292582781456953569e+02 1.270662251655629120e+02 1.290860927152317856e+02
1.292466666666666697e+02 1.271066666666666691e+02 1.291200000000000045e+02
1.293066666666666720e+02 1.271733333333333320e+02 1.291466666666666754e+02
1.292800000000000011e+02 1.271933333333333280e+02 1.291200000000000045e+02
1.293266666666666538e+02 1.271933333333333280e+02 1.291266666666666652e+02
1.292980132450331041e+02 1.271854304635761537e+02 1.291456953642384065e+02
1.293133333333333326e+02 1.271400000000000006e+02 1.291200000000000045e+02
1.292733333333333405e+02 1.270666666666666629e+02 1.291466666666666754e+02
1.292599999999999909e+02 1.270933333333333337e+02 1.291466666666666754e+02
1.292333333333333201e+02 1.270400000000000063e+02 1.291133333333333439e+02
1.293000000000000114e+02 1.270333333333333314e+02 1.290866666666666731e+02
1.293245033112582689e+02 1.271854304635761537e+02 1.290728476821192032e+02
1.292733333333333405e+02 1.272199999999999989e+02 1.290466666666666526e+02
1.292533333333333303e+02 1.272666666666666657e+02 1.290399999999999920e+02
1.291933333333333280e+02 1.272933333333333366e+02 1.289933333333333394e+02
1.292800000000000011e+02 1.272600000000000051e+02 1.290000000000000000e+02
1.292715231788079393e+02 1.272582781456953711e+02 1.290662251655629120e+02
1.292599999999999909e+02 1.273199999999999932e+02 1.290066666666666606e+02
1.292800000000000011e+02 1.273333333333333286e+02 1.290133333333333212e+02
1.292466666666666697e+02 1.273799999999999955e+02 1.289666666666666686e+02
1.292281879194630960e+02 1.273624161073825434e+02 1.289530201342281828e+02
1.292199999999999989e+02 1.273199999999999932e+02 1.289133333333333269e+02
1.292348993288590577e+02 1.272818791946308750e+02 1.289463087248322211e+02
1.292333333333333201e+02 1.273133333333333326e+02 1.289266666666666765e+02
1.292416107382550194e+02 1.273422818791946298e+02 1.288523489932885866e+02
1.292333333333333201e+02 1.273133333333333326e+02 1.289066666666666663e+02
1.292933333333333223e+02 1.273333333333333286e+02 1.288866666666666561e+02
1.292617449664429614e+02 1.273557046979865817e+02 1.289328859060402692e+02
1.292066666666666777e+02 1.274066666666666663e+02 1.289066666666666663e+02
1.292649006622516481e+02 1.274172185430463600e+02 1.288940397350993408e+02
1.292400000000000091e+02 1.273799999999999955e+02 1.288333333333333428e+02
1.292066666666666777e+02 1.273733333333333348e+02 1.288466666666666640e+02
1.291666666666666572e+02 1.273599999999999994e+02 1.287933333333333223e+02
1.291266666666666652e+02 1.273733333333333348e+02 1.287133333333333383e+02
1.290596026490066208e+02 1.273774834437086128e+02 1.287086092715231871e+02
1.290999999999999943e+02 1.273400000000000034e+02 1.286866666666666674e+02
1.291466666666666754e+02 1.273333333333333286e+02 1.286933333333333280e+02
1.291456953642384065e+02 1.273576158940397391e+02 1.287152317880794783e+02
1.290800000000000125e+02 1.273333333333333286e+02 1.287400000000000091e+02
1.291733333333333462e+02 1.273466666666666640e+02 1.287533333333333303e+02
1.291933333333333280e+02 1.273599999999999994e+02 1.287333333333333201e+02
1.291543624161073751e+02 1.273892617449664471e+02 1.287449664429530287e+02
1.290999999999999943e+02 1.273199999999999932e+02 1.287466666666666697e+02
1.291059602649006592e+02 1.273245033112582831e+02 1.287284768211920607e+02
1.291266666666666652e+02 1.273133333333333326e+02 1.287400000000000091e+02
1.292066666666666777e+02 1.273133333333333326e+02 1.287533333333333303e+02
1.291933333333333280e+02 1.273799999999999955e+02 1.287800000000000011e+02
1.292052980132450273e+02 1.273907284768211952e+02 1.287748344370860991e+02
1.291733333333333462e+02 1.273533333333333388e+02 1.287133333333333383e+02
1.291258278145695328e+02 1.273841059602649040e+02 1.287350993377483519e+02
1.290805369127516826e+02 1.274362416107382501e+02 1.287852348993288558e+02
1.290933333333333337e+02 1.274133333333333269e+02 1.287800000000000011e+02
1.291342281879194616e+02 1.274496644295302019e+02 1.287785234899328941e+02
1.291788079470198625e+02 1.273311258278145743e+02 1.288278145695364287e+02
1.292066666666666777e+02 1.273666666666666600e+02 1.288199999999999932e+02
1.291666666666666572e+02 1.273199999999999932e+02 1.288133333333333326e+02
1.291399999999999864e+02 1.273066666666666720e+02 1.287866666666666617e+02
1.292466666666666697e+02 1.273533333333333388e+02 1.287466666666666697e+02
1.292599999999999909e+02 1.273199999999999932e+02 1.287533333333333303e+02
1.292582781456953569e+02 1.273443708609271567e+02 1.287880794701986815e+02
1.292953020134228268e+02 1.272885906040268509e+02 1.288322147651006730e+02
1.292649006622516481e+02 1.273046357615894095e+02 1.288344370860927199e+02
1.292666666666666799e+02 1.272800000000000011e+02 1.288199999999999932e+02
1.292866666666666617e+02 1.272533333333333303e+02 1.288199999999999932e+02
1.292466666666666697e+02 1.272800000000000011e+02 1.288733333333333348e+02
1.291933333333333280e+02 1.272466666666666697e+02 1.289399999999999977e+02
1.291666666666666572e+02 1.272533333333333303e+02 1.289866666666666788e+02
1.292185430463576097e+02 1.273046357615894095e+02 1.290000000000000000e+02
1.292266666666666595e+02 1.273266666666666680e+02 1.289866666666666788e+02
1.292199999999999989e+02 1.273266666666666680e+02 1.289666666666666686e+02
1.292483221476510096e+02 1.272550335570469855e+02 1.290604026845637691e+02
1.292266666666666595e+02 1.272800000000000011e+02 1.289799999999999898e+02
1.292052980132450273e+02 1.273245033112582831e+02 1.289735099337748352e+02
1.291533333333333360e+02 1.273199999999999932e+02 1.289866666666666788e+02
1.290662251655629120e+02 1.273509933774834479e+02 1.289602649006622528e+02
1.291066666666666549e+02 1.273866666666666703e+02 1.288933333333333451e+02
1.290600000000000023e+02 1.273666666666666600e+02 1.289266666666666765e+02
1.290927152317880768e+02 1.273774834437086128e+02 1.289271523178807968e+02
1.291721854304635713e+02 1.273907284768211952e+02 1.290000000000000000e+02
1.291721854304635713e+02 1.273443708609271567e+02 1.289735099337748352e+02
1.291788079470198625e+02 1.273443708609271567e+02 1.290066225165562912e+02
1.292333333333333201e+02 1.272199999999999989e+02 1.290133333333333212e+02
1.292450331125827745e+02 1.271390728476821153e+02 1.290264900662251648e+02
1.292599999999999909e+02 1.272199999999999989e+02 1.290333333333333314e+02
1.291599999999999966e+02 1.272466666666666697e+02 1.290333333333333314e+02
1.291800000000000068e+02 1.272866666666666617e+02 1.290533333333333417e+02
1.291399999999999864e+02 1.272600000000000051e+02 1.290533333333333417e+02
1.291390728476821153e+02 1.273443708609271567e+02 1.290993377483443680e+02
1.291059602649006592e+02 1.273907284768211952e+02 1.290529801324503296e+02
1.291073825503355579e+02 1.273691275167785193e+02 1.290201342281879135e+02
1.290872483221476443e+02 1.273624161073825434e+02 1.289865771812080482e+02
1.291066666666666549e+02 1.273400000000000034e+02 1.290266666666666708e+02
1.291733333333333462e+02 1.273933333333333309e+02 1.290333333333333314e+02
1.291933333333333280e+02 1.274066666666666663e+02 1.290266666666666708e+02
1.292533333333333303e+02 1.273866666666666703e+02 1.290133333333333212e+02
1.292533333333333303e+02 1.274466666666666725e+02 1.289000000000000057e+02
1.292333333333333201e+02 1.274399999999999977e+02 1.289333333333333371e+02
1.293199999999999932e+02 1.274533333333333331e+02 1.289533333333333474e+02
1.293266666666666538e+02 1.274066666666666663e+02 1.289466666666666583e+02
1.293533333333333246e+02 1.273733333333333348e+02 1.289866666666666788e+02
1.293046357615893953e+02 1.273509933774834479e+02 1.289337748344370880e+02
1.293642384105960161e+02 1.273509933774834479e+02 1.289205298013245056e+02
1.293509933774834337e+02 1.273443708609271567e+02 1.288741721854304672e+02
1.293866666666666561e+02 1.273933333333333309e+02 1.289266666666666765e+02
1.293533333333333246e+02 1.273199999999999932e+02 1.288933333333333451e+02
1.293892617449664328e+02 1.272147651006711442e+02 1.288724832214765001e+02
1.293400000000000034e+02 1.272333333333333343e+02 1.289000000000000057e+02
1.292866666666666617e+02 1.272466666666666697e+02 1.288933333333333451e+02
1.292913907284768129e+02 1.272715231788079535e+02 1.288609271523178847e+02
1.292599999999999909e+02 1.272933333333333366e+02 1.288600000000000136e+02
1.292599999999999909e+02 1.273666666666666600e+02 1.289000000000000057e+02
1.292847682119205217e+02 1.273642384105960303e+02 1.289602649006622528e+02
1.292133333333333383e+02 1.273733333333333348e+02 1.289533333333333474e+02
1.291866666666666674e+02 1.273866666666666703e+02 1.289600000000000080e+02
1.291390728476821153e+02 1.273642384105960303e+02 1.289072847682119232e+02
1.291599999999999966e+02 1.274266666666666623e+02 1.289600000000000080e+02
1.291533333333333360e+02 1.275466666666666669e+02 1.289199999999999875e+02
1.291866666666666674e+02 1.275533333333333275e+02 1.288466666666666640e+02
1.291800000000000068e+02 1.275533333333333275e+02 1.288600000000000136e+02
1.291733333333333462e+02 1.275199999999999960e+02 1.288133333333333326e+02
1.292080536912751541e+02 1.275436241610738222e+02 1.287986577181208077e+02
1.291721854304635713e+02 1.275827814569536400e+02 1.288079470198675551e+02
1.291733333333333462e+02 1.275866666666666731e+02 1.287800000000000011e+02
1.291866666666666674e+02 1.275600000000000023e+02 1.287733333333333405e+02
1.291999999999999886e+02 1.275333333333333314e+02 1.287400000000000091e+02
1.291812080536912788e+02 1.274966442953020191e+02 1.287516778523489904e+02
1.291677852348993270e+02 1.275436241610738222e+02 1.287583892617449806e+02
1.291133333333333439e+02 1.275199999999999960e+02 1.287599999999999909e+02
1.291999999999999886e+02 1.274800000000000040e+02 1.288066666666666720e+02
1.291599999999999966e+02 1.275266666666666708e+02 1.288199999999999932e+02
1.291800000000000068e+02 1.275133333333333354e+02 1.287800000000000011e+02
1.291866666666666674e+02 1.275133333333333354e+02 1.288000000000000114e+02
1.292885906040268367e+02 1.275570469798657740e+02 1.287718120805369040e+02
1.292199999999999989e+02 1.274800000000000040e+02 1.287733333333333405e+02
1.292450331125827745e+02 1.274966887417218544e+02 1.287682119205298079e+02
1.292516556291390657e+02 1.274635761589403984e+02 1.287483443708609343e+02
1.292649006622516481e+02 1.274105960264900688e+02 1.287350993377483519e+02
1.293266666666666538e+02 1.274399999999999977e+02 1.286999999999999886e+02
1.292866666666666617e+02 1.274533333333333331e+02 1.286866666666666674e+02
1.292052980132450273e+02 1.275364238410596016e+02 1.286887417218543135e+02
1.291812080536912788e+02 1.275771812080536876e+02 1.287516778523489904e+02
1.291466666666666754e+02 1.275666666666666629e+02 1.286933333333333280e+02
1.290999999999999943e+02 1.276333333333333400e+02 1.287533333333333303e+02
1.290999999999999943e+02 1.275999999999999943e+02 1.288333333333333428e+02
1.291333333333333258e+02 1.276266666666666652e+02 1.288466666666666640e+02
1.291333333333333258e+02 1.276333333333333400e+02 1.288400000000000034e+02
1.290927152317880768e+02 1.276158940397350960e+02 1.288013245033112639e+02
1.291456953642384065e+02 1.275761589403973488e+02 1.288145695364238463e+02
1.291208053691275097e+02 1.275436241610738222e+02 1.287785234899328941e+02
1.290866666666666731e+02 1.275866666666666731e+02 1.287933333333333223e+02
1.290800000000000125e+02 1.276133333333333297e+02 1.288266666666666538e+02
1.290733333333333235e+02 1.275600000000000023e+02 1.288000000000000114e+02
1.290733333333333235e+02 1.275600000000000023e+02 1.288000000000000114e+02
1.290733333333333235e+02 1.275533333333333275e+02 1.287933333333333223e+02
1.290533333333333417e+02 1.275066666666666606e+02 1.288133333333333326e+02
1.291066666666666549e+02 1.274866666666666646e+02 1.288666666666666742e+02
1.291456953642384065e+02 1.274569536423841072e+02 1.288410596026490111e+02
1.290800000000000125e+02 1.275000000000000000e+02 1.288733333333333348e+02
1.290794701986754944e+02 1.274966887417218544e+02 1.288874172185430496e+02
1.290469798657718172e+02 1.274765100671140914e+02 1.289261744966443075e+02
1.290666666666666629e+02 1.274866666666666646e+02 1.289066666666666663e+02
1.290800000000000125e+02 1.274866666666666646e+02 1.289266666666666765e+02
1.290866666666666731e+02 1.275133333333333354e+02 1.289266666666666765e+02
1.290333333333333314e+02 1.275133333333333354e+02 1.289199999999999875e+02
1.290399999999999920e+02 1.275066666666666606e+02 1.289266666666666765e+02
1.290133333333333212e+02 1.275000000000000000e+02 1.289333333333333371e+02
1.290066666666666606e+02 1.275000000000000000e+02 1.290200000000000102e+02
1.290133333333333212e+02 1.275133333333333354e+02 1.289933333333333394e+02
1.289866666666666788e+02 1.275000000000000000e+02 1.290466666666666526e+02
1.289533333333333474e+02 1.275266666666666708e+02 1.290533333333333417e+02
1.289933333333333394e+02 1.274333333333333371e+02 1.290399999999999920e+02
1.289733333333333292e+02 1.274533333333333331e+02 1.290266666666666708e+02
1.289333333333333371e+02 1.274733333333333292e+02 1.289866666666666788e+02
1.289533333333333474e+02 1.274466666666666725e+02 1.290000000000000000e+02
1.289799999999999898e+02 1.275000000000000000e+02 1.290000000000000000e+02
1.290463576158940384e+02 1.274701986754966896e+02 1.289602649006622528e+02
1.290529801324503296e+02 1.274966887417218544e+02 1.289933774834437088e+02
1.290536912751677789e+02 1.275570469798657740e+02 1.290402684563758271e+02
1.290402684563758271e+02 1.274563758389261778e+02 1.290335570469798654e+02
1.290738255033556925e+02 1.274899328859060432e+02 1.289530201342281828e+02
1.290794701986754944e+02 1.274834437086092720e+02 1.289271523178807968e+02
1.290794701986754944e+02 1.275099337748344368e+02 1.288940397350993408e+02
1.290198675496688736e+02 1.275562913907284752e+02 1.289205298013245056e+02
1.289866666666666788e+02 1.275266666666666708e+02 1.289000000000000057e+02
1.289466666666666583e+02 1.275600000000000023e+02 1.289066666666666663e+02
1.289466666666666583e+02 1.275600000000000023e+02 1.288799999999999955e+02
1.289199999999999875e+02 1.275600000000000023e+02 1.289066666666666663e+02
1.290133333333333212e+02 1.275199999999999960e+02 1.289399999999999977e+02
1.290066666666666606e+02 1.275266666666666708e+02 1.289799999999999898e+02
1.289933774834437088e+02 1.274900662251655632e+02 1.289867549668874176e+02
1.289735099337748352e+02 1.274768211920529808e+02 1.290397350993377472e+02
1.290200000000000102e+02 1.274466666666666725e+02 1.290533333333333417e+02
1.289733333333333292e+02 1.274466666666666725e+02 1.290000000000000000e+02
1.291333333333333258e+02 1.273933333333333309e+02 1.289933333333333394e+02
1.291200000000000045e+02 1.274266666666666623e+02 1.289600000000000080e+02
1.291059602649006592e+02 1.273973509933774864e+02 1.289867549668874176e+02
1.291200000000000045e+02 1.274066666666666663e+02 1.289666666666666686e+02
1.291523178807946977e+02 1.274370860927152336e+02 1.289536423841059616e+02
1.291589403973509889e+02 1.274503311258278160e+02 1.289139072847682144e+02
1.292133333333333383e+02 1.274266666666666623e+02 1.289466666666666583e+02
1.291599999999999966e+02 1.274200000000000017e+02 1.289533333333333474e+02
1.291066666666666549e+02 1.273933333333333309e+02 1.289199999999999875e+02
1.291721854304635713e+02 1.274105960264900688e+02 1.289205298013245056e+02
1.291599999999999966e+02 1.274066666666666663e+02 1.289399999999999977e+02
1.291866666666666674e+02 1.273666666666666600e+02 1.289133333333333269e+02
1.292450331125827745e+02 1.273509933774834479e+02 1.288278145695364287e+02
1.292516556291390657e+02 1.274238410596026512e+02 1.288079470198675551e+02
1.292599999999999909e+02 1.274066666666666663e+02 1.288933333333333451e+02
1.292933333333333223e+02 1.274533333333333331e+02 1.289066666666666663e+02
1.293600000000000136e+02 1.274933333333333394e+02 1.289000000000000057e+02
1.293708609271523073e+02 1.274834437086092720e+02 1.288874172185430496e+02
1.293000000000000114e+02 1.274466666666666725e+02 1.288666666666666742e+02
1.293600000000000136e+02 1.274466666666666725e+02 1.288799999999999955e+02
1.293733333333333348e+02 1.274599999999999937e+02 1.288799999999999955e+02
1.293576158940397249e+02 1.274437086092715248e+02 1.288476821192053023e+02
1.293400000000000034e+02 1.274266666666666623e+02 1.289000000000000057e+02
1.293466666666666640e+02 1.274733333333333292e+02 1.289066666666666663e+02
1.293774834437085985e+02 1.274834437086092720e+02 1.289602649006622528e+02
1.294000000000000057e+02 1.274666666666666686e+02 1.289866666666666788e+02
1.294370860927152194e+02 1.274900662251655632e+02 1.289205298013245056e+02
1.294078947368421098e+02 1.275131578947368354e+02 1.288815789473684106e+02
1.294039735099337634e+02 1.275562913907284752e+02 1.288211920529801375e+02
1.294799999999999898e+02 1.275600000000000023e+02 1.288600000000000136e+02
1.294238410596026370e+02 1.275695364238410576e+02 1.288211920529801375e+02
1.293799999999999955e+02 1.275866666666666731e+02 1.288000000000000114e+02
1.293533333333333246e+02 1.276266666666666652e+02 1.288400000000000034e+02
1.293841059602648897e+02 1.275430463576158928e+02 1.288807947019867584e+02
1.294666666666666686e+02 1.275199999999999960e+02 1.289066666666666663e+02
1.294133333333333269e+02 1.274733333333333292e+02 1.289266666666666765e+02
1.294199999999999875e+02 1.274466666666666725e+02 1.289133333333333269e+02
1.294600000000000080e+02 1.274599999999999937e+02 1.288799999999999955e+02
1.294399999999999977e+02 1.274533333333333331e+02 1.289199999999999875e+02
1.294333333333333371e+02 1.274733333333333292e+02 1.289799999999999898e+02
1.294199999999999875e+02 1.274066666666666663e+02 1.289799999999999898e+02
1.293841059602648897e+02 1.274105960264900688e+02 1.290066225165562912e+02
1.293799999999999955e+02 1.274266666666666623e+02 1.289933333333333394e+02
1.294199999999999875e+02 1.274399999999999977e+02 1.289533333333333474e+02
1.293576158940397249e+02 1.274900662251655632e+02 1.289735099337748352e+02
1.293933333333333451e+02 1.274800000000000040e+02 1.289733333333333292e+02
1.293466666666666640e+02 1.274733333333333292e+02 1.289799999999999898e+02
1.293799999999999955e+02 1.274599999999999937e+02 1.290133333333333212e+02
1.293600000000000136e+02 1.274866666666666646e+02 1.290000000000000000e+02
1.292980132450331041e+02 1.274569536423841072e+02 1.290794701986754944e+02
1.293000000000000114e+02 1.274399999999999977e+02 1.291133333333333439e+02
1.292533333333333303e+02 1.274933333333333394e+02 1.291599999999999966e+02
1.292733333333333405e+02 1.275400000000000063e+02 1.291599999999999966e+02
1.292400000000000091e+02 1.275466666666666669e+02 1.291800000000000068e+02
1.292199999999999989e+02 1.275333333333333314e+02 1.291999999999999886e+02
1.292266666666666595e+02 1.275199999999999960e+02 1.291866666666666674e+02
1.292333333333333201e+02 1.275000000000000000e+02 1.291800000000000068e+02
1.292400000000000091e+02 1.274933333333333394e+02 1.291866666666666674e+02
1.292384105960264833e+02 1.275099337748344368e+02 1.291788079470198625e+02
1.292733333333333405e+02 1.274333333333333371e+02 1.291599999999999966e+02
1.293046357615893953e+02 1.274039735099337776e+02 1.291655629139072801e+02
1.293066666666666720e+02 1.274200000000000017e+02 1.291999999999999886e+02
1.292933333333333223e+02 1.274466666666666725e+02 1.292266666666666595e+02
1.293400000000000034e+02 1.274399999999999977e+02 1.291866666666666674e+02
1.293000000000000114e+02 1.274399999999999977e+02 1.291800000000000068e+02
1.293066666666666720e+02 1.274466666666666725e+02 1.291599999999999966e+02
1.292582781456953569e+02 1.274768211920529808e+02 1.291456953642384065e+02
1.292599999999999909e+02 1.274533333333333331e+02 1.291066666666666549e+02
1.293000000000000114e+02 1.274933333333333394e+02 1.291133333333333439e+02
1.292866666666666617e+02 1.274933333333333394e+02 1.291466666666666754e+02
1.293066666666666720e+02 1.275333333333333314e+02 1.291666666666666572e+02
1.293708609271523073e+02 1.274569536423841072e+02 1.291788079470198625e+02
1.293666666666666742e+02 1.275199999999999960e+02 1.292333333333333201e+02
1.293799999999999955e+02 1.275666666666666629e+02 1.291533333333333360e+02
1.294133333333333269e+02 1.275666666666666629e+02 1.290999999999999943e+02
1.294066666666666663e+02 1.276400000000000006e+02 1.290600000000000023e+02
1.294000000000000057e+02 1.276266666666666652e+02 1.290466666666666526e+02
1.294066666666666663e+02 1.276666666666666714e+02 1.290466666666666526e+02
1.294066666666666663e+02 1.276733333333333320e+02 1.289799999999999898e+02
1.294266666666666765e+02 1.276733333333333320e+02 1.290000000000000000e+02
1.294437086092715106e+02 1.276622516556291345e+02 1.290000000000000000e+02
1.294266666666666765e+02 1.277533333333333303e+02 1.289600000000000080e+02
1.294000000000000057e+02 1.277866666666666617e+02 1.289933333333333394e+02
1.294105960264900546e+02 1.277350993377483377e+02 1.290198675496688736e+02
1.293799999999999955e+02 1.277333333333333343e+02 1.290866666666666731e+02
1.294333333333333371e+02 1.277466666666666697e+02 1.290933333333333337e+02
1.294399999999999977e+02 1.277600000000000051e+02 1.290999999999999943e+02
1.294333333333333371e+02 1.277733333333333263e+02 1.290933333333333337e+02
1.294899328859060290e+02 1.278187919463087212e+02 1.291208053691275097e+02
1.294399999999999977e+02 1.277800000000000011e+02 1.291599999999999966e+02
1.294199999999999875e+02 1.278066666666666720e+02 1.291333333333333258e+02
1.294199999999999875e+02 1.277999999999999972e+02 1.291133333333333439e+02
1.294066666666666663e+02 1.277866666666666617e+02 1.291066666666666549e+02
1.294333333333333371e+02 1.277533333333333303e+02 1.291399999999999864e+02
1.294370860927152194e+02 1.277152317880794641e+02 1.291456953642384065e+02
1.294600000000000080e+02 1.276933333333333280e+02 1.291466666666666754e+02
1.294899328859060290e+02 1.277114093959731491e+02 1.291610738255033652e+02
1.294899328859060290e+02 1.277248322147651010e+02 1.291275167785234999e+02
1.294630872483221538e+02 1.277449664429530145e+02 1.291409395973154233e+02
1.294093959731543748e+02 1.276845637583892596e+02 1.291275167785234999e+02
1.294133333333333269e+02 1.276933333333333280e+02 1.291466666666666754e+02
1.293825503355704711e+02 1.277046979865771874e+02 1.291208053691275097e+02
1.294199999999999875e+02 1.277066666666666634e+02 1.291333333333333258e+02
1.294199999999999875e+02 1.276733333333333320e+02 1.291599999999999966e+02
1.294266666666666765e+02 1.277133333333333383e+02 1.291800000000000068e+02
1.293642384105960161e+02 1.277350993377483377e+02 1.292251655629139009e+02
1.293466666666666640e+02 1.277466666666666697e+02 1.292466666666666697e+02
1.293400000000000034e+02 1.277399999999999949e+02 1.292599999999999909e+02
1.293400000000000034e+02 1.277266666666666737e+02 1.292533333333333303e+02
1.292885906040268367e+02 1.277651006711409423e+02 1.292885906040268367e+02
1.292533333333333303e+02 1.277866666666666617e+02 1.293199999999999932e+02
1.292400000000000091e+02 1.278133333333333326e+02 1.293199999999999932e+02
1.292333333333333201e+02 1.278133333333333326e+02 1.293333333333333428e+02
1.293154362416107404e+02 1.278322147651006730e+02 1.293489932885906057e+02
1.293466666666666640e+02 1.277800000000000011e+02 1.293066666666666720e+02
1.293466666666666640e+02 1.277866666666666617e+02 1.293066666666666720e+02
1.293600000000000136e+02 1.277800000000000011e+02 1.293066666666666720e+02
1.293600000000000136e+02 1.277466666666666697e+02 1.292733333333333405e+02
1.293733333333333348e+02 1.277399999999999949e+02 1.293000000000000114e+02
1.293733333333333348e+02 1.277466666666666697e+02 1.293066666666666720e+02
1.293576158940397249e+02 1.277549668874172255e+02 1.293046357615893953e+02
1.293666666666666742e+02 1.277600000000000051e+02 1.293266666666666538e+02
1.293733333333333348e+02 1.277333333333333343e+02 1.293133333333333326e+02
1.294039735099337634e+02 1.276953642384105905e+02 1.292847682119205217e+02
1.293841059602648897e+02 1.277086092715231729e+02 1.292516556291390657e+02
1.294199999999999875e+02 1.276599999999999966e+02 1.292466666666666697e+02
1.294199999999999875e+02 1.276800000000000068e+02 1.291933333333333280e+02
1.294133333333333269e+02 1.277066666666666634e+02 1.291999999999999886e+02
1.294304635761589282e+02 1.276887417218542993e+02 1.291655629139072801e+02
1.293933333333333451e+02 1.276800000000000068e+02 1.291933333333333280e+02
1.294093959731543748e+02 1.276912751677852356e+02 1.292080536912751541e+02
1.294161073825503365e+02 1.277248322147651010e+02 1.292416107382550194e+02
1.294333333333333371e+02 1.276733333333333320e+02 1.292533333333333303e+02
1.294333333333333371e+02 1.276733333333333320e+02 1.292533333333333303e+02
1.294295302013422884e+02 1.276308724832214807e+02 1.292147651006711442e+02
1.294533333333333474e+02 1.276200000000000045e+02 1.291800000000000068e+02
1.293733333333333348e+02 1.276933333333333280e+02 1.292066666666666777e+02
1.293866666666666561e+02 1.275933333333333337e+02 1.292333333333333201e+02
1.293825503355704711e+02 1.276577181208053702e+02 1.292214765100671059e+02
1.293799999999999955e+02 1.276733333333333320e+02 1.292133333333333383e+02
1.293466666666666640e+02 1.277066666666666634e+02 1.292266666666666595e+02
1.293311258278145601e+02 1.277417218543046289e+02 1.291920529801324449e+02
1.293333333333333428e+02 1.277066666666666634e+02 1.291999999999999886e+02
1.293666666666666742e+02 1.277199999999999989e+02 1.291933333333333280e+02
1.293866666666666561e+02 1.276866666666666674e+02 1.292133333333333383e+02
1.293178807947019777e+02 1.276821192052980081e+02 1.292052980132450273e+02
1.293266666666666538e+02 1.277000000000000028e+02 1.292066666666666777e+02
1.292733333333333405e+02 1.277133333333333383e+02 1.291266666666666652e+02
1.292533333333333303e+02 1.277199999999999989e+02 1.291333333333333258e+02
1.292933333333333223e+02 1.277333333333333343e+02 1.291133333333333439e+02
1.293066666666666720e+02 1.277533333333333303e+02 1.291266666666666652e+02
1.293000000000000114e+02 1.277933333333333366e+02 1.291533333333333360e+02
1.293154362416107404e+02 1.277382550335570528e+02 1.291208053691275097e+02
1.292847682119205217e+02 1.277814569536423903e+02 1.291059602649006592e+02
1.293199999999999932e+02 1.277933333333333366e+02 1.291733333333333462e+02
1.292733333333333405e+02 1.278466666666666640e+02 1.291333333333333258e+02
1.292466666666666697e+02 1.278666666666666600e+02 1.291399999999999864e+02
1.292533333333333303e+02 1.278666666666666600e+02 1.290533333333333417e+02
1.292599999999999909e+02 1.278599999999999994e+02 1.290399999999999920e+02
1.292333333333333201e+02 1.278533333333333388e+02 1.290066666666666606e+02
