1.274765100671140914e+02 1.269328859060402692e+02 1.274832214765100673e+02
1.275298013245033104e+02 1.270198675496688736e+02 1.274834437086092720e+02
1.274105960264900688e+02 1.269735099337748352e+02 1.275364238410596016e+02
1.274093959731543606e+02 1.270604026845637549e+02 1.275973154362416153e+02
1.272913907284768271e+02 1.271059602649006592e+02 1.276158940397350960e+02
1.272185430463576097e+02 1.271788079470198625e+02 1.276821192052980081e+02
1.273133333333333326e+02 1.271733333333333320e+02 1.275866666666666731e+02
1.272399999999999949e+02 1.271800000000000068e+02 1.275733333333333377e+02
1.272251655629139009e+02 1.270927152317880768e+02 1.276092715231788048e+02
1.272333333333333343e+02 1.270066666666666606e+02 1.277533333333333303e+02
1.273533333333333388e+02 1.270400000000000063e+02 1.277533333333333303e+02
1.274666666666666686e+02 1.270266666666666708e+02 1.278466666666666640e+02
1.274533333333333331e+02 1.269599999999999937e+02 1.278133333333333326e+02
1.274900662251655632e+02 1.270397350993377472e+02 1.279139072847682144e+02
1.274370860927152336e+02 1.268741721854304672e+02 1.279072847682119232e+02
1.274496644295302019e+02 1.268791946308724903e+02 1.276845637583892596e+02
1.272999999999999972e+02 1.267866666666666617e+02 1.276533333333333360e+02
1.272483221476510096e+02 1.267583892617449663e+02 1.276510067114093943e+02
1.272933333333333366e+02 1.267133333333333383e+02 1.276866666666666674e+02
1.272565789473684248e+02 1.267171052631578902e+02 1.276315789473684248e+02
1.272317880794701921e+02 1.267350993377483377e+02 1.276026490066225136e+02
1.272617449664429472e+02 1.267046979865771874e+02 1.274899328859060432e+02
1.271721854304635713e+02 1.267019867549668817e+02 1.274635761589403984e+02
1.271655629139072801e+02 1.268013245033112639e+02 1.275033112582781456e+02
1.271533333333333360e+02 1.266400000000000006e+02 1.275733333333333377e+02
1.271073825503355721e+02 1.266711409395973220e+02 1.275637583892617499e+02
1.271208053691275097e+02 1.265637583892617499e+02 1.276308724832214807e+02
1.271476510067114134e+02 1.265704697986577116e+02 1.276040268456375770e+02
1.271610738255033510e+02 1.264697986577181155e+02 1.275167785234899327e+02
1.272214765100671201e+02 1.265167785234899327e+02 1.275973154362416153e+02
1.271986754966887361e+02 1.265033112582781456e+02 1.275099337748344368e+02
1.271854304635761537e+02 1.265099337748344368e+02 1.275827814569536400e+02
1.271333333333333400e+02 1.265066666666666606e+02 1.275600000000000023e+02
1.271133333333333297e+02 1.265000000000000000e+02 1.275466666666666669e+02
1.271258278145695328e+02 1.264834437086092720e+02 1.275562913907284752e+02
1.271066666666666691e+02 1.264800000000000040e+02 1.275466666666666669e+02
1.271066666666666691e+02 1.264800000000000040e+02 1.275466666666666669e+02
1.271066666666666691e+02 1.264800000000000040e+02 1.275466666666666669e+02
1.270933333333333337e+02 1.264800000000000040e+02 1.275466666666666669e+02
1.270999999999999943e+02 1.264266666666666623e+02 1.275466666666666669e+02
1.270933333333333337e+02 1.264333333333333371e+02 1.275733333333333377e+02
1.270933333333333337e+02 1.264333333333333371e+02 1.275733333333333377e+02
1.270933333333333337e+02 1.264333333333333371e+02 1.275733333333333377e+02
1.271133333333333297e+02 1.263666666666666600e+02 1.275533333333333275e+02
1.271133333333333297e+02 1.263733333333333348e+02 1.275533333333333275e+02
1.271133333333333297e+02 1.263733333333333348e+02 1.275533333333333275e+02
1.271133333333333297e+02 1.263733333333333348e+02 1.275533333333333275e+02
1.271133333333333297e+02 1.263733333333333348e+02 1.275533333333333275e+02
1.271133333333333297e+02 1.263733333333333348e+02 1.275533333333333275e+02
1.271133333333333297e+02 1.263733333333333348e+02 1.275533333333333275e+02
1.271133333333333297e+02 1.263733333333333348e+02 1.275533333333333275e+02
1.271133333333333297e+02 1.263733333333333348e+02 1.275533333333333275e+02
1.270866666666666731e+02 1.263666666666666600e+02 1.275600000000000023e+02
1.270866666666666731e+02 1.263666666666666600e+02 1.275600000000000023e+02
1.270866666666666731e+02 1.263666666666666600e+02 1.275600000000000023e+02
1.270866666666666731e+02 1.263666666666666600e+02 1.275600000000000023e+02
1.270866666666666731e+02 1.263666666666666600e+02 1.275600000000000023e+02
1.270866666666666731e+02 1.263666666666666600e+02 1.275600000000000023e+02
1.270866666666666731e+02 1.263666666666666600e+02 1.275600000000000023e+02
1.270866666666666731e+02 1.263666666666666600e+02 1.275600000000000023e+02
1.270866666666666731e+02 1.263666666666666600e+02 1.275600000000000023e+02
1.270866666666666731e+02 1.263666666666666600e+02 1.275600000000000023e+02
1.270866666666666731e+02 1.263666666666666600e+02 1.275600000000000023e+02
1.270866666666666731e+02 1.263666666666666600e+02 1.275600000000000023e+02
1.270866666666666731e+02 1.263666666666666600e+02 1.275600000000000023e+02
1.270866666666666731e+02 1.263666666666666600e+02 1.275600000000000023e+02
1.270866666666666731e+02 1.263666666666666600e+02 1.275600000000000023e+02
1.270866666666666731e+02 1.263666666666666600e+02 1.275600000000000023e+02
1.270866666666666731e+02 1.263666666666666600e+02 1.275600000000000023e+02
1.270866666666666731e+02 1.263666666666666600e+02 1.275600000000000023e+02
1.270866666666666731e+02 1.263666666666666600e+02 1.275600000000000023e+02
1.270866666666666731e+02 1.263666666666666600e+02 1.275600000000000023e+02
1.270866666666666731e+02 1.263666666666666600e+02 1.275600000000000023e+02
1.270866666666666731e+02 1.263666666666666600e+02 1.275600000000000023e+02
1.270866666666666731e+02 1.263666666666666600e+02 1.275600000000000023e+02
1.270866666666666731e+02 1.263666666666666600e+02 1.275600000000000023e+02
1.270866666666666731e+02 1.263666666666666600e+02 1.275600000000000023e+02
1.270866666666666731e+02 1.263666666666666600e+02 1.275600000000000023e+02
1.270866666666666731e+02 1.263666666666666600e+02 1.275600000000000023e+02
1.270866666666666731e+02 1.263666666666666600e+02 1.275600000000000023e+02
1.270866666666666731e+02 1.263666666666666600e+02 1.275600000000000023e+02
1.270866666666666731e+02 1.263666666666666600e+02 1.275600000000000023e+02
1.270866666666666731e+02 1.263666666666666600e+02 1.275600000000000023e+02
1.270866666666666731e+02 1.263666666666666600e+02 1.275600000000000023e+02
1.270866666666666731e+02 1.263666666666666600e+02 1.275600000000000023e+02
1.270866666666666731e+02 1.263666666666666600e+02 1.275600000000000023e+02
1.270866666666666731e+02 1.263666666666666600e+02 1.275600000000000023e+02
1.270866666666666731e+02 1.263666666666666600e+02 1.275600000000000023e+02
1.270866666666666731e+02 1.263666666666666600e+02 1.275600000000000023e+02
1.270866666666666731e+02 1.263666666666666600e+02 1.275600000000000023e+02
1.270866666666666731e+02 1.263666666666666600e+02 1.275600000000000023e+02
1.270866666666666731e+02 1.263666666666666600e+02 1.275600000000000023e+02
1.270866666666666731e+02 1.263666666666666600e+02 1.275600000000000023e+02
1.270866666666666731e+02 1.263666666666666600e+02 1.275600000000000023e+02
1.270866666666666731e+02 1.263666666666666600e+02 1.275600000000000023e+02
1.270866666666666731e+02 1.263666666666666600e+02 1.275600000000000023e+02
1.270866666666666731e+02 1.263666666666666600e+02 1.275600000000000023e+02
1.270866666666666731e+02 1.263666666666666600e+02 1.275600000000000023e+02
1.270866666666666731e+02 1.263666666666666600e+02 1.275600000000000023e+02
1.270866666666666731e+02 1.263666666666666600e+02 1.275600000000000023e+02
1.270866666666666731e+02 1.263666666666666600e+02 1.275600000000000023e+02
1.270866666666666731e+02 1.263666666666666600e+02 1.275600000000000023e+02
1.270866666666666731e+02 1.263666666666666600e+02 1.275600000000000023e+02
1.270866666666666731e+02 1.263666666666666600e+02 1.275600000000000023e+02
1.270866666666666731e+02 1.263666666666666600e+02 1.275600000000000023e+02
1.270866666666666731e+02 1.263666666666666600e+02 1.275600000000000023e+02
1.270866666666666731e+02 1.263666666666666600e+02 1.275600000000000023e+02
1.270866666666666731e+02 1.263666666666666600e+02 1.275600000000000023e+02
1.270866666666666731e+02 1.263666666666666600e+02 1.275600000000000023e+02
1.270866666666666731e+02 1.263666666666666600e+02 1.275600000000000023e+02
1.270866666666666731e+02 1.263666666666666600e+02 1.275600000000000023e+02
1.270866666666666731e+02 1.263666666666666600e+02 1.275600000000000023e+02
1.270866666666666731e+02 1.263666666666666600e+02 1.275600000000000023e+02
1.270866666666666731e+02 1.263666666666666600e+02 1.275600000000000023e+02
1.270866666666666731e+02 1.263666666666666600e+02 1.275600000000000023e+02
1.270866666666666731e+02 1.263666666666666600e+02 1.275600000000000023e+02
1.270866666666666731e+02 1.263666666666666600e+02 1.275600000000000023e+02
1.270866666666666731e+02 1.263666666666666600e+02 1.275600000000000023e+02
1.270866666666666731e+02 1.263666666666666600e+02 1.275600000000000023e+02
1.270866666666666731e+02 1.263666666666666600e+02 1.275600000000000023e+02
1.270866666666666731e+02 1.263666666666666600e+02 1.275600000000000023e+02
1.270866666666666731e+02 1.263666666666666600e+02 1.275600000000000023e+02
1.270866666666666731e+02 1.263666666666666600e+02 1.275600000000000023e+02
1.270866666666666731e+02 1.263666666666666600e+02 1.275600000000000023e+02
1.270866666666666731e+02 1.263666666666666600e+02 1.275600000000000023e+02
1.270866666666666731e+02 1.263666666666666600e+02 1.275600000000000023e+02
1.270866666666666731e+02 1.263666666666666600e+02 1.275600000000000023e+02
1.270866666666666731e+02 1.263666666666666600e+02 1.275600000000000023e+02
1.270866666666666731e+02 1.263666666666666600e+02 1.275600000000000023e+02
1.270866666666666731e+02 1.263666666666666600e+02 1.275600000000000023e+02
1.270866666666666731e+02 1.263666666666666600e+02 1.275600000000000023e+02
1.270866666666666731e+02 1.263666666666666600e+02 1.275600000000000023e+02
1.270866666666666731e+02 1.263666666666666600e+02 1.275600000000000023e+02
1.270866666666666731e+02 1.263666666666666600e+02 1.275600000000000023e+02
1.270866666666666731e+02 1.263666666666666600e+02 1.275600000000000023e+02
1.270866666666666731e+02 1.263666666666666600e+02 1.275600000000000023e+02
1.270866666666666731e+02 1.263666666666666600e+02 1.275600000000000023e+02
1.270866666666666731e+02 1.263666666666666600e+02 1.275600000000000023e+02
1.270866666666666731e+02 1.263666666666666600e+02 1.275600000000000023e+02
1.270866666666666731e+02 1.263666666666666600e+02 1.275600000000000023e+02
1.270866666666666731e+02 1.263666666666666600e+02 1.275600000000000023e+02
1.270866666666666731e+02 1.263666666666666600e+02 1.275600000000000023e+02
1.270866666666666731e+02 1.263666666666666600e+02 1.275600000000000023e+02
1.270866666666666731e+02 1.263666666666666600e+02 1.275600000000000023e+02
1.270866666666666731e+02 1.263666666666666600e+02 1.275600000000000023e+02
1.270866666666666731e+02 1.263666666666666600e+02 1.275600000000000023e+02
1.270866666666666731e+02 1.263666666666666600e+02 1.275600000000000023e+02
1.270866666666666731e+02 1.263666666666666600e+02 1.275600000000000023e+02
1.270866666666666731e+02 1.263666666666666600e+02 1.275600000000000023e+02
1.270866666666666731e+02 1.263666666666666600e+02 1.275600000000000023e+02
1.270866666666666731e+02 1.263666666666666600e+02 1.275600000000000023e+02
1.270866666666666731e+02 1.263666666666666600e+02 1.275600000000000023e+02
1.270866666666666731e+02 1.263666666666666600e+02 1.275600000000000023e+02
1.270866666666666731e+02 1.263666666666666600e+02 1.275600000000000023e+02
1.270866666666666731e+02 1.263666666666666600e+02 1.275600000000000023e+02
1.270866666666666731e+02 1.263666666666666600e+02 1.275600000000000023e+02
1.270866666666666731e+02 1.263666666666666600e+02 1.275600000000000023e+02
1.270866666666666731e+02 1.263666666666666600e+02 1.275600000000000023e+02
1.270866666666666731e+02 1.263666666666666600e+02 1.275600000000000023e+02
1.270866666666666731e+02 1.263666666666666600e+02 1.275600000000000023e+02
1.270866666666666731e+02 1.263666666666666600e+02 1.275600000000000023e+02
1.270866666666666731e+02 1.263666666666666600e+02 1.275600000000000023e+02
1.270866666666666731e+02 1.263666666666666600e+02 1.275600000000000023e+02
1.270866666666666731e+02 1.263666666666666600e+02 1.275600000000000023e+02
1.270866666666666731e+02 1.263666666666666600e+02 1.275600000000000023e+02
1.270866666666666731e+02 1.263666666666666600e+02 1.275600000000000023e+02
1.270866666666666731e+02 1.263666666666666600e+02 1.275600000000000023e+02
1.270866666666666731e+02 1.263666666666666600e+02 1.275600000000000023e+02
1.270866666666666731e+02 1.263666666666666600e+02 1.275600000000000023e+02
1.270866666666666731e+02 1.263666666666666600e+02 1.275600000000000023e+02
1.270866666666666731e+02 1.263666666666666600e+02 1.275600000000000023e+02
1.270866666666666731e+02 1.263666666666666600e+02 1.275600000000000023e+02
1.270866666666666731e+02 1.263666666666666600e+02 1.275600000000000023e+02
1.270866666666666731e+02 1.263666666666666600e+02 1.275600000000000023e+02
1.270866666666666731e+02 1.263666666666666600e+02 1.275600000000000023e+02
1.270866666666666731e+02 1.263666666666666600e+02 1.275600000000000023e+02
1.270866666666666731e+02 1.263666666666666600e+02 1.275600000000000023e+02
1.270866666666666731e+02 1.263666666666666600e+02 1.275600000000000023e+02
1.270866666666666731e+02 1.263666666666666600e+02 1.275600000000000023e+02
1.270866666666666731e+02 1.263666666666666600e+02 1.275600000000000023e+02
1.270866666666666731e+02 1.263666666666666600e+02 1.275600000000000023e+02
1.270866666666666731e+02 1.263666666666666600e+02 1.275600000000000023e+02
1.270866666666666731e+02 1.263666666666666600e+02 1.275600000000000023e+02
1.270866666666666731e+02 1.263666666666666600e+02 1.275600000000000023e+02
1.270866666666666731e+02 1.263666666666666600e+02 1.275600000000000023e+02
1.270866666666666731e+02 1.263666666666666600e+02 1.275600000000000023e+02
1.270866666666666731e+02 1.263666666666666600e+02 1.275600000000000023e+02
1.270866666666666731e+02 1.263666666666666600e+02 1.275600000000000023e+02
1.270866666666666731e+02 1.263666666666666600e+02 1.275600000000000023e+02
1.270866666666666731e+02 1.263666666666666600e+02 1.275600000000000023e+02
1.270866666666666731e+02 1.263666666666666600e+02 1.275600000000000023e+02
1.270866666666666731e+02 1.263666666666666600e+02 1.275600000000000023e+02
1.270866666666666731e+02 1.263666666666666600e+02 1.275600000000000023e+02
1.270866666666666731e+02 1.263666666666666600e+02 1.275600000000000023e+02
1.270866666666666731e+02 1.263666666666666600e+02 1.275600000000000023e+02
1.270866666666666731e+02 1.263666666666666600e+02 1.275600000000000023e+02
1.270866666666666731e+02 1.263666666666666600e+02 1.275600000000000023e+02
1.270866666666666731e+02 1.263666666666666600e+02 1.275600000000000023e+02
1.270866666666666731e+02 1.263666666666666600e+02 1.275600000000000023e+02
1.270866666666666731e+02 1.263666666666666600e+02 1.275600000000000023e+02
1.270866666666666731e+02 1.263666666666666600e+02 1.275600000000000023e+02
1.270866666666666731e+02 1.263666666666666600e+02 1.275600000000000023e+02
1.270866666666666731e+02 1.263666666666666600e+02 1.275600000000000023e+02
1.270866666666666731e+02 1.263666666666666600e+02 1.275600000000000023e+02
1.270866666666666731e+02 1.263666666666666600e+02 1.275600000000000023e+02
1.270866666666666731e+02 1.263666666666666600e+02 1.275600000000000023e+02
1.270866666666666731e+02 1.263666666666666600e+02 1.275600000000000023e+02
1.270866666666666731e+02 1.263666666666666600e+02 1.275600000000000023e+02
1.270866666666666731e+02 1.263666666666666600e+02 1.275600000000000023e+02
1.270866666666666731e+02 1.263666666666666600e+02 1.275600000000000023e+02
1.270866666666666731e+02 1.263666666666666600e+02 1.275600000000000023e+02
1.270866666666666731e+02 1.263666666666666600e+02 1.275600000000000023e+02
1.270866666666666731e+02 1.263666666666666600e+02 1.275600000000000023e+02
1.270866666666666731e+02 1.263666666666666600e+02 1.275600000000000023e+02
1.270866666666666731e+02 1.263666666666666600e+02 1.275600000000000023e+02
1.270866666666666731e+02 1.263666666666666600e+02 1.275600000000000023e+02
1.270866666666666731e+02 1.263666666666666600e+02 1.275600000000000023e+02
1.270866666666666731e+02 1.263666666666666600e+02 1.275600000000000023e+02
1.270866666666666731e+02 1.263666666666666600e+02 1.275600000000000023e+02
1.270866666666666731e+02 1.263666666666666600e+02 1.275600000000000023e+02
1.270866666666666731e+02 1.263666666666666600e+02 1.275600000000000023e+02
1.270866666666666731e+02 1.263666666666666600e+02 1.275600000000000023e+02
1.270866666666666731e+02 1.263666666666666600e+02 1.275600000000000023e+02
1.270866666666666731e+02 1.263666666666666600e+02 1.275600000000000023e+02
1.270866666666666731e+02 1.263666666666666600e+02 1.275600000000000023e+02
1.270866666666666731e+02 1.263666666666666600e+02 1.275600000000000023e+02
1.270866666666666731e+02 1.263666666666666600e+02 1.275600000000000023e+02
1.270866666666666731e+02 1.263666666666666600e+02 1.275600000000000023e+02
1.270866666666666731e+02 1.263666666666666600e+02 1.275600000000000023e+02
1.270866666666666731e+02 1.263666666666666600e+02 1.275600000000000023e+02
1.270866666666666731e+02 1.263666666666666600e+02 1.275600000000000023e+02
1.270866666666666731e+02 1.263666666666666600e+02 1.275600000000000023e+02
1.270866666666666731e+02 1.263666666666666600e+02 1.275600000000000023e+02
1.270866666666666731e+02 1.263666666666666600e+02 1.275600000000000023e+02
1.270866666666666731e+02 1.263666666666666600e+02 1.275600000000000023e+02
1.270866666666666731e+02 1.263666666666666600e+02 1.275600000000000023e+02
1.270866666666666731e+02 1.263666666666666600e+02 1.275600000000000023e+02
1.270866666666666731e+02 1.263666666666666600e+02 1.275600000000000023e+02
1.270866666666666731e+02 1.263666666666666600e+02 1.275600000000000023e+02
1.270866666666666731e+02 1.263666666666666600e+02 1.275600000000000023e+02
1.270866666666666731e+02 1.263666666666666600e+02 1.275600000000000023e+02
1.270866666666666731e+02 1.263666666666666600e+02 1.275600000000000023e+02
1.270866666666666731e+02 1.263666666666666600e+02 1.275600000000000023e+02
1.270866666666666731e+02 1.263666666666666600e+02 1.275600000000000023e+02
1.270866666666666731e+02 1.263666666666666600e+02 1.275600000000000023e+02
1.270866666666666731e+02 1.263666666666666600e+02 1.275600000000000023e+02
1.270866666666666731e+02 1.263666666666666600e+02 1.275600000000000023e+02
1.270866666666666731e+02 1.263666666666666600e+02 1.275600000000000023e+02
1.270866666666666731e+02 1.263666666666666600e+02 1.275600000000000023e+02
1.270866666666666731e+02 1.263666666666666600e+02 1.275600000000000023e+02
1.270866666666666731e+02 1.263666666666666600e+02 1.275600000000000023e+02
1.270866666666666731e+02 1.263666666666666600e+02 1.275600000000000023e+02
1.270866666666666731e+02 1.263666666666666600e+02 1.275600000000000023e+02
1.270866666666666731e+02 1.263666666666666600e+02 1.275600000000000023e+02
1.270866666666666731e+02 1.263666666666666600e+02 1.275600000000000023e+02
1.270866666666666731e+02 1.263666666666666600e+02 1.275600000000000023e+02
1.270866666666666731e+02 1.263666666666666600e+02 1.275600000000000023e+02
1.270866666666666731e+02 1.263666666666666600e+02 1.275600000000000023e+02
1.270866666666666731e+02 1.263666666666666600e+02 1.275600000000000023e+02
1.270866666666666731e+02 1.263666666666666600e+02 1.275600000000000023e+02
1.270866666666666731e+02 1.263666666666666600e+02 1.275600000000000023e+02
1.270866666666666731e+02 1.263666666666666600e+02 1.275600000000000023e+02
1.270866666666666731e+02 1.263666666666666600e+02 1.275600000000000023e+02
1.270866666666666731e+02 1.263666666666666600e+02 1.275600000000000023e+02
1.270866666666666731e+02 1.263666666666666600e+02 1.275600000000000023e+02
1.270866666666666731e+02 1.263666666666666600e+02 1.275600000000000023e+02
1.270866666666666731e+02 1.263666666666666600e+02 1.275600000000000023e+02
1.270866666666666731e+02 1.263666666666666600e+02 1.275600000000000023e+02
1.270866666666666731e+02 1.263666666666666600e+02 1.275600000000000023e+02
1.270866666666666731e+02 1.263666666666666600e+02 1.275600000000000023e+02
1.270866666666666731e+02 1.263666666666666600e+02 1.275600000000000023e+02
1.270866666666666731e+02 1.263666666666666600e+02 1.275600000000000023e+02
1.270866666666666731e+02 1.263666666666666600e+02 1.275600000000000023e+02
1.270866666666666731e+02 1.263666666666666600e+02 1.275600000000000023e+02
1.270866666666666731e+02 1.263666666666666600e+02 1.275600000000000023e+02
1.270866666666666731e+02 1.263666666666666600e+02 1.275600000000000023e+02
1.270866666666666731e+02 1.263666666666666600e+02 1.275600000000000023e+02
1.270866666666666731e+02 1.263666666666666600e+02 1.275600000000000023e+02
1.270866666666666731e+02 1.263666666666666600e+02 1.275600000000000023e+02
1.270866666666666731e+02 1.263666666666666600e+02 1.275600000000000023e+02
1.270866666666666731e+02 1.263666666666666600e+02 1.275600000000000023e+02
1.270866666666666731e+02 1.263666666666666600e+02 1.275600000000000023e+02
1.270866666666666731e+02 1.263666666666666600e+02 1.275600000000000023e+02
1.270866666666666731e+02 1.263666666666666600e+02 1.275600000000000023e+02
1.270866666666666731e+02 1.263666666666666600e+02 1.275600000000000023e+02
1.270866666666666731e+02 1.263666666666666600e+02 1.275600000000000023e+02
1.270866666666666731e+02 1.263666666666666600e+02 1.275600000000000023e+02
1.270866666666666731e+02 1.263666666666666600e+02 1.275600000000000023e+02
1.270866666666666731e+02 1.263666666666666600e+02 1.275600000000000023e+02
1.270866666666666731e+02 1.263666666666666600e+02 1.275600000000000023e+02
1.270866666666666731e+02 1.263666666666666600e+02 1.275600000000000023e+02
1.270866666666666731e+02 1.263666666666666600e+02 1.275600000000000023e+02
1.270866666666666731e+02 1.263666666666666600e+02 1.275600000000000023e+02
1.270866666666666731e+02 1.263666666666666600e+02 1.275600000000000023e+02
1.270866666666666731e+02 1.263666666666666600e+02 1.275600000000000023e+02
1.270866666666666731e+02 1.263666666666666600e+02 1.275600000000000023e+02
1.270866666666666731e+02 1.263666666666666600e+02 1.275600000000000023e+02
1.270866666666666731e+02 1.263666666666666600e+02 1.275600000000000023e+02
1.270866666666666731e+02 1.263666666666666600e+02 1.275600000000000023e+02
1.270866666666666731e+02 1.263666666666666600e+02 1.275600000000000023e+02
1.270866666666666731e+02 1.263666666666666600e+02 1.275600000000000023e+02
1.270866666666666731e+02 1.263666666666666600e+02 1.275600000000000023e+02
1.270866666666666731e+02 1.263666666666666600e+02 1.275600000000000023e+02
1.270866666666666731e+02 1.263666666666666600e+02 1.275600000000000023e+02
1.270866666666666731e+02 1.263666666666666600e+02 1.275600000000000023e+02
1.270866666666666731e+02 1.263666666666666600e+02 1.275600000000000023e+02
1.270866666666666731e+02 1.263666666666666600e+02 1.275600000000000023e+02
1.270866666666666731e+02 1.263666666666666600e+02 1.275600000000000023e+02
1.270866666666666731e+02 1.263666666666666600e+02 1.275600000000000023e+02
1.270866666666666731e+02 1.263666666666666600e+02 1.275600000000000023e+02
1.270866666666666731e+02 1.263666666666666600e+02 1.275600000000000023e+02
1.270866666666666731e+02 1.263666666666666600e+02 1.275600000000000023e+02
1.270866666666666731e+02 1.263666666666666600e+02 1.275600000000000023e+02
1.270866666666666731e+02 1.263666666666666600e+02 1.275600000000000023e+02
1.270866666666666731e+02 1.263666666666666600e+02 1.275600000000000023e+02
1.270866666666666731e+02 1.263666666666666600e+02 1.275600000000000023e+02
1.270866666666666731e+02 1.263666666666666600e+02 1.275600000000000023e+02
1.270866666666666731e+02 1.263666666666666600e+02 1.275600000000000023e+02
1.270866666666666731e+02 1.263666666666666600e+02 1.275600000000000023e+02
1.270866666666666731e+02 1.263666666666666600e+02 1.275600000000000023e+02
1.270866666666666731e+02 1.263666666666666600e+02 1.275600000000000023e+02
1.270866666666666731e+02 1.263666666666666600e+02 1.275600000000000023e+02
1.270866666666666731e+02 1.263666666666666600e+02 1.275600000000000023e+02
1.270866666666666731e+02 1.263666666666666600e+02 1.275600000000000023e+02
1.270866666666666731e+02 1.263666666666666600e+02 1.275600000000000023e+02
1.270866666666666731e+02 1.263666666666666600e+02 1.275600000000000023e+02
1.270866666666666731e+02 1.263666666666666600e+02 1.275600000000000023e+02
1.270866666666666731e+02 1.263666666666666600e+02 1.275600000000000023e+02
1.270866666666666731e+02 1.263666666666666600e+02 1.275600000000000023e+02
1.270866666666666731e+02 1.263666666666666600e+02 1.275600000000000023e+02
1.270866666666666731e+02 1.263666666666666600e+02 1.275600000000000023e+02
1.270866666666666731e+02 1.263666666666666600e+02 1.275600000000000023e+02
1.270866666666666731e+02 1.263666666666666600e+02 1.275600000000000023e+02
1.270866666666666731e+02 1.263666666666666600e+02 1.275600000000000023e+02
1.270866666666666731e+02 1.263666666666666600e+02 1.275600000000000023e+02
1.270866666666666731e+02 1.263666666666666600e+02 1.275600000000000023e+02
1.270866666666666731e+02 1.263666666666666600e+02 1.275600000000000023e+02
1.270866666666666731e+02 1.263666666666666600e+02 1.275600000000000023e+02
1.270866666666666731e+02 1.263666666666666600e+02 1.275600000000000023e+02
1.270866666666666731e+02 1.263666666666666600e+02 1.275600000000000023e+02
1.270866666666666731e+02 1.263666666666666600e+02 1.275600000000000023e+02
1.270866666666666731e+02 1.263666666666666600e+02 1.275600000000000023e+02
1.270866666666666731e+02 1.263666666666666600e+02 1.275600000000000023e+02
1.270866666666666731e+02 1.263666666666666600e+02 1.275600000000000023e+02
1.270866666666666731e+02 1.263666666666666600e+02 1.275600000000000023e+02
1.270866666666666731e+02 1.263666666666666600e+02 1.275600000000000023e+02
1.270866666666666731e+02 1.263666666666666600e+02 1.275600000000000023e+02
1.270866666666666731e+02 1.263666666666666600e+02 1.275600000000000023e+02
1.270866666666666731e+02 1.263666666666666600e+02 1.275600000000000023e+02
1.270866666666666731e+02 1.263666666666666600e+02 1.275600000000000023e+02
1.270866666666666731e+02 1.263666666666666600e+02 1.275600000000000023e+02
1.270866666666666731e+02 1.263666666666666600e+02 1.275600000000000023e+02
1.270866666666666731e+02 1.263666666666666600e+02 1.275600000000000023e+02
1.270866666666666731e+02 1.263666666666666600e+02 1.275600000000000023e+02
1.270866666666666731e+02 1.263666666666666600e+02 1.275600000000000023e+02
1.270866666666666731e+02 1.263666666666666600e+02 1.275600000000000023e+02
1.270866666666666731e+02 1.263666666666666600e+02 1.275600000000000023e+02
1.270866666666666731e+02 1.263666666666666600e+02 1.275600000000000023e+02
1.270866666666666731e+02 1.263666666666666600e+02 1.275600000000000023e+02
1.270866666666666731e+02 1.263666666666666600e+02 1.275600000000000023e+02
1.270866666666666731e+02 1.263666666666666600e+02 1.275600000000000023e+02
1.270866666666666731e+02 1.263666666666666600e+02 1.275600000000000023e+02
1.270866666666666731e+02 1.263666666666666600e+02 1.275600000000000023e+02
1.270866666666666731e+02 1.263666666666666600e+02 1.275600000000000023e+02
1.270866666666666731e+02 1.263666666666666600e+02 1.275600000000000023e+02
1.270866666666666731e+02 1.263666666666666600e+02 1.275600000000000023e+02
1.270866666666666731e+02 1.263666666666666600e+02 1.275600000000000023e+02
1.270866666666666731e+02 1.263666666666666600e+02 1.275600000000000023e+02
1.270866666666666731e+02 1.263666666666666600e+02 1.275600000000000023e+02
1.270866666666666731e+02 1.263666666666666600e+02 1.275600000000000023e+02
1.270866666666666731e+02 1.263666666666666600e+02 1.275600000000000023e+02
1.270866666666666731e+02 1.263666666666666600e+02 1.275600000000000023e+02
1.270866666666666731e+02 1.263666666666666600e+02 1.275600000000000023e+02
1.270866666666666731e+02 1.263666666666666600e+02 1.275600000000000023e+02
1.270866666666666731e+02 1.263666666666666600e+02 1.275600000000000023e+02
1.270866666666666731e+02 1.263666666666666600e+02 1.275600000000000023e+02
1.270866666666666731e+02 1.263666666666666600e+02 1.275600000000000023e+02
1.270866666666666731e+02 1.263666666666666600e+02 1.275600000000000023e+02
1.270866666666666731e+02 1.263666666666666600e+02 1.275600000000000023e+02
1.270866666666666731e+02 1.263666666666666600e+02 1.275600000000000023e+02
1.270866666666666731e+02 1.263666666666666600e+02 1.275600000000000023e+02
1.270866666666666731e+02 1.263666666666666600e+02 1.275600000000000023e+02
1.270866666666666731e+02 1.263666666666666600e+02 1.275600000000000023e+02
1.270866666666666731e+02 1.263666666666666600e+02 1.275600000000000023e+02
1.270866666666666731e+02 1.263666666666666600e+02 1.275600000000000023e+02
1.270866666666666731e+02 1.263666666666666600e+02 1.275600000000000023e+02
1.270866666666666731e+02 1.263666666666666600e+02 1.275600000000000023e+02
1.270866666666666731e+02 1.263666666666666600e+02 1.275600000000000023e+02
1.270866666666666731e+02 1.263666666666666600e+02 1.275600000000000023e+02
1.270866666666666731e+02 1.263666666666666600e+02 1.275600000000000023e+02
1.270866666666666731e+02 1.263666666666666600e+02 1.275600000000000023e+02
1.270866666666666731e+02 1.263666666666666600e+02 1.275600000000000023e+02
1.270866666666666731e+02 1.263666666666666600e+02 1.275600000000000023e+02
1.270866666666666731e+02 1.263666666666666600e+02 1.275600000000000023e+02
1.270866666666666731e+02 1.263666666666666600e+02 1.275600000000000023e+02
1.270866666666666731e+02 1.263666666666666600e+02 1.275600000000000023e+02
1.270866666666666731e+02 1.263666666666666600e+02 1.275600000000000023e+02
1.270866666666666731e+02 1.263666666666666600e+02 1.275600000000000023e+02
1.270866666666666731e+02 1.263666666666666600e+02 1.275600000000000023e+02
1.270866666666666731e+02 1.263666666666666600e+02 1.275600000000000023e+02
1.270866666666666731e+02 1.263666666666666600e+02 1.275600000000000023e+02
1.270866666666666731e+02 1.263666666666666600e+02 1.275600000000000023e+02
1.270866666666666731e+02 1.263666666666666600e+02 1.275600000000000023e+02
1.270866666666666731e+02 1.263666666666666600e+02 1.275600000000000023e+02
1.270866666666666731e+02 1.263666666666666600e+02 1.275600000000000023e+02
1.270866666666666731e+02 1.263666666666666600e+02 1.275600000000000023e+02
1.270866666666666731e+02 1.263666666666666600e+02 1.275600000000000023e+02
1.270866666666666731e+02 1.263666666666666600e+02 1.275600000000000023e+02
1.270866666666666731e+02 1.263666666666666600e+02 1.275600000000000023e+02
1.270866666666666731e+02 1.263666666666666600e+02 1.275600000000000023e+02
1.270866666666666731e+02 1.263666666666666600e+02 1.275600000000000023e+02
1.270866666666666731e+02 1.263666666666666600e+02 1.275600000000000023e+02
1.270866666666666731e+02 1.263666666666666600e+02 1.275600000000000023e+02
1.270866666666666731e+02 1.263666666666666600e+02 1.275600000000000023e+02
1.270866666666666731e+02 1.263666666666666600e+02 1.275600000000000023e+02
1.270866666666666731e+02 1.263666666666666600e+02 1.275600000000000023e+02
1.270866666666666731e+02 1.263666666666666600e+02 1.275600000000000023e+02
1.270866666666666731e+02 1.263666666666666600e+02 1.275600000000000023e+02
1.270866666666666731e+02 1.263666666666666600e+02 1.275600000000000023e+02
1.270866666666666731e+02 1.263666666666666600e+02 1.275600000000000023e+02
1.270866666666666731e+02 1.263666666666666600e+02 1.275600000000000023e+02
1.270866666666666731e+02 1.263666666666666600e+02 1.275600000000000023e+02
1.270866666666666731e+02 1.263666666666666600e+02 1.275600000000000023e+02
1.270866666666666731e+02 1.263666666666666600e+02 1.275600000000000023e+02
1.270866666666666731e+02 1.263666666666666600e+02 1.275600000000000023e+02
1.270866666666666731e+02 1.263666666666666600e+02 1.275600000000000023e+02
1.270866666666666731e+02 1.263666666666666600e+02 1.275600000000000023e+02
1.270866666666666731e+02 1.263666666666666600e+02 1.275600000000000023e+02
1.270866666666666731e+02 1.263666666666666600e+02 1.275600000000000023e+02
1.270866666666666731e+02 1.263666666666666600e+02 1.275600000000000023e+02
1.270866666666666731e+02 1.263666666666666600e+02 1.275600000000000023e+02
1.270866666666666731e+02 1.263666666666666600e+02 1.275600000000000023e+02
1.270866666666666731e+02 1.263666666666666600e+02 1.275600000000000023e+02
1.270866666666666731e+02 1.263666666666666600e+02 1.275600000000000023e+02
1.270866666666666731e+02 1.263666666666666600e+02 1.275600000000000023e+02
1.270866666666666731e+02 1.263666666666666600e+02 1.275600000000000023e+02
1.270866666666666731e+02 1.263666666666666600e+02 1.275600000000000023e+02
1.270866666666666731e+02 1.263666666666666600e+02 1.275600000000000023e+02
1.270866666666666731e+02 1.263666666666666600e+02 1.275600000000000023e+02
1.270866666666666731e+02 1.263666666666666600e+02 1.275600000000000023e+02
1.270866666666666731e+02 1.263666666666666600e+02 1.275600000000000023e+02
1.270866666666666731e+02 1.263666666666666600e+02 1.275600000000000023e+02
1.270866666666666731e+02 1.263666666666666600e+02 1.275600000000000023e+02
1.270866666666666731e+02 1.263666666666666600e+02 1.275600000000000023e+02
1.270866666666666731e+02 1.263666666666666600e+02 1.275600000000000023e+02
1.270866666666666731e+02 1.263666666666666600e+02 1.275600000000000023e+02
1.270866666666666731e+02 1.263666666666666600e+02 1.275600000000000023e+02
1.270866666666666731e+02 1.263666666666666600e+02 1.275600000000000023e+02
1.270866666666666731e+02 1.263666666666666600e+02 1.275600000000000023e+02
1.270866666666666731e+02 1.263666666666666600e+02 1.275600000000000023e+02
1.270866666666666731e+02 1.263666666666666600e+02 1.275600000000000023e+02
1.270866666666666731e+02 1.263666666666666600e+02 1.275600000000000023e+02
1.270866666666666731e+02 1.263666666666666600e+02 1.275600000000000023e+02
1.270866666666666731e+02 1.263666666666666600e+02 1.275600000000000023e+02
1.270866666666666731e+02 1.263666666666666600e+02 1.275600000000000023e+02
1.270866666666666731e+02 1.263666666666666600e+02 1.275600000000000023e+02
1.270866666666666731e+02 1.263666666666666600e+02 1.275600000000000023e+02
1.270866666666666731e+02 1.263666666666666600e+02 1.275600000000000023e+02
1.270866666666666731e+02 1.263666666666666600e+02 1.275600000000000023e+02
1.270866666666666731e+02 1.263666666666666600e+02 1.275600000000000023e+02
1.270866666666666731e+02 1.263666666666666600e+02 1.275600000000000023e+02
1.270866666666666731e+02 1.263666666666666600e+02 1.275600000000000023e+02
1.270866666666666731e+02 1.263666666666666600e+02 1.275600000000000023e+02
1.270866666666666731e+02 1.263666666666666600e+02 1.275600000000000023e+02
1.270866666666666731e+02 1.263666666666666600e+02 1.275600000000000023e+02
1.270866666666666731e+02 1.263666666666666600e+02 1.275600000000000023e+02
1.270866666666666731e+02 1.263666666666666600e+02 1.275600000000000023e+02
1.270866666666666731e+02 1.263666666666666600e+02 1.275600000000000023e+02
1.270866666666666731e+02 1.263666666666666600e+02 1.275600000000000023e+02
1.270866666666666731e+02 1.263666666666666600e+02 1.275600000000000023e+02
1.270866666666666731e+02 1.263666666666666600e+02 1.275600000000000023e+02
1.270866666666666731e+02 1.263666666666666600e+02 1.275600000000000023e+02
1.270866666666666731e+02 1.263666666666666600e+02 1.275600000000000023e+02
1.270866666666666731e+02 1.263666666666666600e+02 1.275600000000000023e+02
1.270866666666666731e+02 1.263666666666666600e+02 1.275600000000000023e+02
1.270866666666666731e+02 1.263666666666666600e+02 1.275600000000000023e+02
1.270866666666666731e+02 1.263666666666666600e+02 1.275600000000000023e+02
1.270866666666666731e+02 1.263666666666666600e+02 1.275600000000000023e+02
1.270866666666666731e+02 1.263666666666666600e+02 1.275600000000000023e+02
1.270866666666666731e+02 1.263666666666666600e+02 1.275600000000000023e+02
1.270866666666666731e+02 1.263666666666666600e+02 1.275600000000000023e+02
1.270866666666666731e+02 1.263666666666666600e+02 1.275600000000000023e+02
1.270866666666666731e+02 1.263666666666666600e+02 1.275600000000000023e+02
1.270866666666666731e+02 1.263666666666666600e+02 1.275600000000000023e+02
1.270866666666666731e+02 1.263666666666666600e+02 1.275600000000000023e+02
1.270866666666666731e+02 1.263666666666666600e+02 1.275600000000000023e+02
1.270866666666666731e+02 1.263666666666666600e+02 1.275600000000000023e+02
1.270866666666666731e+02 1.263666666666666600e+02 1.275600000000000023e+02
1.270866666666666731e+02 1.263666666666666600e+02 1.275600000000000023e+02
1.270866666666666731e+02 1.263666666666666600e+02 1.275600000000000023e+02
1.270866666666666731e+02 1.263666666666666600e+02 1.275600000000000023e+02
1.270866666666666731e+02 1.263666666666666600e+02 1.275600000000000023e+02
1.270866666666666731e+02 1.263666666666666600e+02 1.275600000000000023e+02
1.270866666666666731e+02 1.263666666666666600e+02 1.275600000000000023e+02
1.270866666666666731e+02 1.263666666666666600e+02 1.275600000000000023e+02
1.270866666666666731e+02 1.263666666666666600e+02 1.275600000000000023e+02
1.270866666666666731e+02 1.263666666666666600e+02 1.275600000000000023e+02
1.270866666666666731e+02 1.263666666666666600e+02 1.275600000000000023e+02
1.270866666666666731e+02 1.263666666666666600e+02 1.275600000000000023e+02
1.270866666666666731e+02 1.263666666666666600e+02 1.275600000000000023e+02
