1.266241610738255048e+02 1.281677852348993270e+02 1.273624161073825434e+02
1.266533333333333360e+02 1.281933333333333280e+02 1.272733333333333263e+02
1.265562913907284752e+02 1.282516556291390657e+02 1.271986754966887361e+02
1.265894039735099312e+02 1.282119205298013185e+02 1.271059602649006592e+02
1.266066666666666691e+02 1.282533333333333303e+02 1.270799999999999983e+02
1.266533333333333360e+02 1.282133333333333383e+02 1.270933333333333337e+02
1.266133333333333297e+02 1.282533333333333303e+02 1.270733333333333377e+02
1.265799999999999983e+02 1.281999999999999886e+02 1.270199999999999960e+02
1.266066666666666691e+02 1.282866666666666617e+02 1.269733333333333292e+02
1.265733333333333377e+02 1.283400000000000034e+02 1.270000000000000000e+02
1.266200000000000045e+02 1.282800000000000011e+02 1.269599999999999937e+02
1.267019867549668817e+02 1.281523178807946977e+02 1.268741721854304672e+02
1.267600000000000051e+02 1.281533333333333360e+02 1.268133333333333326e+02
1.266442953020134183e+02 1.281409395973154233e+02 1.267986577181208077e+02
1.266510067114093943e+02 1.282550335570469713e+02 1.268523489932885866e+02
1.266400000000000006e+02 1.283066666666666720e+02 1.268933333333333309e+02
1.267039473684210549e+02 1.283092105263157805e+02 1.268223684210526301e+02
1.266866666666666674e+02 1.284066666666666663e+02 1.268733333333333348e+02
1.266556291390728433e+02 1.284701986754966754e+02 1.269668874172185440e+02
1.267133333333333383e+02 1.284399999999999977e+02 1.268733333333333348e+02
1.267000000000000028e+02 1.284799999999999898e+02 1.269000000000000057e+02
1.267763157894736850e+02 1.284868421052631504e+02 1.269144736842105203e+02
1.267218543046357553e+02 1.284437086092715106e+02 1.269072847682119232e+02
1.267218543046357553e+02 1.284966887417218402e+02 1.269337748344370880e+02
1.267046979865771874e+02 1.285167785234899327e+02 1.269261744966442933e+02
1.266953642384105905e+02 1.285695364238410718e+02 1.268675496688741759e+02
1.267000000000000028e+02 1.285066666666666606e+02 1.268199999999999932e+02
1.267284768211920465e+02 1.285099337748344510e+02 1.267947019867549727e+02
1.266442953020134183e+02 1.284832214765100673e+02 1.267651006711409423e+02
1.266357615894039697e+02 1.284105960264900546e+02 1.267152317880794641e+02
1.266400000000000006e+02 1.283933333333333451e+02 1.266733333333333320e+02
1.266711409395973220e+02 1.283557046979865675e+02 1.266577181208053702e+02
1.267133333333333383e+02 1.283733333333333348e+02 1.266400000000000006e+02
1.267000000000000028e+02 1.283466666666666640e+02 1.266266666666666652e+02
1.267133333333333383e+02 1.283466666666666640e+02 1.266200000000000045e+02
1.267133333333333383e+02 1.283466666666666640e+02 1.266200000000000045e+02
1.267000000000000028e+02 1.283533333333333246e+02 1.265999999999999943e+02
1.267000000000000028e+02 1.283533333333333246e+02 1.265999999999999943e+02
1.267000000000000028e+02 1.283533333333333246e+02 1.265999999999999943e+02
1.267000000000000028e+02 1.283533333333333246e+02 1.265999999999999943e+02
1.267000000000000028e+02 1.283533333333333246e+02 1.265999999999999943e+02
1.267000000000000028e+02 1.283533333333333246e+02 1.265999999999999943e+02
1.267000000000000028e+02 1.283533333333333246e+02 1.265999999999999943e+02
1.267000000000000028e+02 1.283533333333333246e+02 1.265999999999999943e+02
1.267000000000000028e+02 1.283533333333333246e+02 1.265999999999999943e+02
1.267000000000000028e+02 1.283533333333333246e+02 1.265999999999999943e+02
1.267000000000000028e+02 1.283533333333333246e+02 1.265999999999999943e+02
1.267000000000000028e+02 1.283533333333333246e+02 1.265999999999999943e+02
1.267000000000000028e+02 1.283533333333333246e+02 1.265999999999999943e+02
1.267000000000000028e+02 1.283533333333333246e+02 1.265999999999999943e+02
1.267000000000000028e+02 1.283533333333333246e+02 1.265999999999999943e+02
1.267000000000000028e+02 1.283533333333333246e+02 1.265999999999999943e+02
1.267000000000000028e+02 1.283533333333333246e+02 1.265999999999999943e+02
1.267000000000000028e+02 1.283533333333333246e+02 1.265999999999999943e+02
1.267000000000000028e+02 1.283533333333333246e+02 1.265999999999999943e+02
1.267000000000000028e+02 1.283533333333333246e+02 1.265999999999999943e+02
1.267000000000000028e+02 1.283533333333333246e+02 1.265999999999999943e+02
1.267000000000000028e+02 1.283533333333333246e+02 1.265999999999999943e+02
1.267000000000000028e+02 1.283533333333333246e+02 1.265999999999999943e+02
1.267000000000000028e+02 1.283533333333333246e+02 1.265999999999999943e+02
1.267000000000000028e+02 1.283533333333333246e+02 1.265999999999999943e+02
1.267000000000000028e+02 1.283533333333333246e+02 1.265999999999999943e+02
1.267000000000000028e+02 1.283533333333333246e+02 1.265999999999999943e+02
1.267000000000000028e+02 1.283533333333333246e+02 1.265999999999999943e+02
1.267000000000000028e+02 1.283533333333333246e+02 1.265999999999999943e+02
1.267000000000000028e+02 1.283533333333333246e+02 1.265999999999999943e+02
1.267000000000000028e+02 1.283533333333333246e+02 1.265999999999999943e+02
1.267000000000000028e+02 1.283533333333333246e+02 1.265999999999999943e+02
1.267000000000000028e+02 1.283533333333333246e+02 1.265999999999999943e+02
1.267000000000000028e+02 1.283533333333333246e+02 1.265999999999999943e+02
1.267000000000000028e+02 1.283533333333333246e+02 1.265999999999999943e+02
1.267000000000000028e+02 1.283533333333333246e+02 1.265999999999999943e+02
1.267000000000000028e+02 1.283533333333333246e+02 1.265999999999999943e+02
1.267000000000000028e+02 1.283533333333333246e+02 1.265999999999999943e+02
1.267000000000000028e+02 1.283533333333333246e+02 1.265999999999999943e+02
1.267000000000000028e+02 1.283533333333333246e+02 1.265999999999999943e+02
1.267000000000000028e+02 1.283533333333333246e+02 1.265999999999999943e+02
1.267000000000000028e+02 1.283533333333333246e+02 1.265999999999999943e+02
1.267000000000000028e+02 1.283533333333333246e+02 1.265999999999999943e+02
1.267000000000000028e+02 1.283533333333333246e+02 1.265999999999999943e+02
1.267000000000000028e+02 1.283533333333333246e+02 1.265999999999999943e+02
1.267000000000000028e+02 1.283533333333333246e+02 1.265999999999999943e+02
1.267000000000000028e+02 1.283533333333333246e+02 1.265999999999999943e+02
1.267000000000000028e+02 1.283533333333333246e+02 1.265999999999999943e+02
1.267000000000000028e+02 1.283533333333333246e+02 1.265999999999999943e+02
1.267000000000000028e+02 1.283533333333333246e+02 1.265999999999999943e+02
1.267000000000000028e+02 1.283533333333333246e+02 1.265999999999999943e+02
1.267000000000000028e+02 1.283533333333333246e+02 1.265999999999999943e+02
1.267000000000000028e+02 1.283533333333333246e+02 1.265999999999999943e+02
1.267000000000000028e+02 1.283533333333333246e+02 1.265999999999999943e+02
1.267000000000000028e+02 1.283533333333333246e+02 1.265999999999999943e+02
1.267000000000000028e+02 1.283533333333333246e+02 1.265999999999999943e+02
1.267000000000000028e+02 1.283533333333333246e+02 1.265999999999999943e+02
1.267000000000000028e+02 1.283533333333333246e+02 1.265999999999999943e+02
1.267000000000000028e+02 1.283533333333333246e+02 1.265999999999999943e+02
1.267000000000000028e+02 1.283533333333333246e+02 1.265999999999999943e+02
1.267000000000000028e+02 1.283533333333333246e+02 1.265999999999999943e+02
1.267000000000000028e+02 1.283533333333333246e+02 1.265999999999999943e+02
1.267000000000000028e+02 1.283533333333333246e+02 1.265999999999999943e+02
1.267000000000000028e+02 1.283533333333333246e+02 1.265999999999999943e+02
1.267000000000000028e+02 1.283533333333333246e+02 1.265999999999999943e+02
1.267000000000000028e+02 1.283533333333333246e+02 1.265999999999999943e+02
1.267000000000000028e+02 1.283533333333333246e+02 1.265999999999999943e+02
1.267000000000000028e+02 1.283533333333333246e+02 1.265999999999999943e+02
1.267000000000000028e+02 1.283533333333333246e+02 1.265999999999999943e+02
1.267000000000000028e+02 1.283533333333333246e+02 1.265999999999999943e+02
1.267000000000000028e+02 1.283533333333333246e+02 1.265999999999999943e+02
1.267000000000000028e+02 1.283533333333333246e+02 1.265999999999999943e+02
1.267000000000000028e+02 1.283533333333333246e+02 1.265999999999999943e+02
1.267000000000000028e+02 1.283533333333333246e+02 1.265999999999999943e+02
1.267000000000000028e+02 1.283533333333333246e+02 1.265999999999999943e+02
1.267000000000000028e+02 1.283533333333333246e+02 1.265999999999999943e+02
1.267000000000000028e+02 1.283533333333333246e+02 1.265999999999999943e+02
1.267000000000000028e+02 1.283533333333333246e+02 1.265999999999999943e+02
1.267000000000000028e+02 1.283533333333333246e+02 1.265999999999999943e+02
1.267000000000000028e+02 1.283533333333333246e+02 1.265999999999999943e+02
1.267000000000000028e+02 1.283533333333333246e+02 1.265999999999999943e+02
1.267000000000000028e+02 1.283533333333333246e+02 1.265999999999999943e+02
1.267000000000000028e+02 1.283533333333333246e+02 1.265999999999999943e+02
1.267000000000000028e+02 1.283533333333333246e+02 1.265999999999999943e+02
1.267000000000000028e+02 1.283533333333333246e+02 1.265999999999999943e+02
1.267000000000000028e+02 1.283533333333333246e+02 1.265999999999999943e+02
1.267000000000000028e+02 1.283533333333333246e+02 1.265999999999999943e+02
1.267000000000000028e+02 1.283533333333333246e+02 1.265999999999999943e+02
1.267000000000000028e+02 1.283533333333333246e+02 1.265999999999999943e+02
1.267000000000000028e+02 1.283533333333333246e+02 1.265999999999999943e+02
1.267000000000000028e+02 1.283533333333333246e+02 1.265999999999999943e+02
1.267000000000000028e+02 1.283533333333333246e+02 1.265999999999999943e+02
1.267000000000000028e+02 1.283533333333333246e+02 1.265999999999999943e+02
1.267000000000000028e+02 1.283533333333333246e+02 1.265999999999999943e+02
1.267000000000000028e+02 1.283533333333333246e+02 1.265999999999999943e+02
1.267000000000000028e+02 1.283533333333333246e+02 1.265999999999999943e+02
1.267000000000000028e+02 1.283533333333333246e+02 1.265999999999999943e+02
1.267000000000000028e+02 1.283533333333333246e+02 1.265999999999999943e+02
1.267000000000000028e+02 1.283533333333333246e+02 1.265999999999999943e+02
1.267000000000000028e+02 1.283533333333333246e+02 1.265999999999999943e+02
1.267000000000000028e+02 1.283533333333333246e+02 1.265999999999999943e+02
1.267000000000000028e+02 1.283533333333333246e+02 1.265999999999999943e+02
1.267000000000000028e+02 1.283533333333333246e+02 1.265999999999999943e+02
1.267000000000000028e+02 1.283533333333333246e+02 1.265999999999999943e+02
1.267000000000000028e+02 1.283533333333333246e+02 1.265999999999999943e+02
1.267000000000000028e+02 1.283533333333333246e+02 1.265999999999999943e+02
1.267000000000000028e+02 1.283533333333333246e+02 1.265999999999999943e+02
1.267000000000000028e+02 1.283533333333333246e+02 1.265999999999999943e+02
1.267000000000000028e+02 1.283533333333333246e+02 1.265999999999999943e+02
1.267000000000000028e+02 1.283533333333333246e+02 1.265999999999999943e+02
1.267000000000000028e+02 1.283533333333333246e+02 1.265999999999999943e+02
1.267000000000000028e+02 1.283533333333333246e+02 1.265999999999999943e+02
1.267000000000000028e+02 1.283533333333333246e+02 1.265999999999999943e+02
1.267000000000000028e+02 1.283533333333333246e+02 1.265999999999999943e+02
1.267000000000000028e+02 1.283533333333333246e+02 1.265999999999999943e+02
1.267000000000000028e+02 1.283533333333333246e+02 1.265999999999999943e+02
1.267000000000000028e+02 1.283533333333333246e+02 1.265999999999999943e+02
1.267000000000000028e+02 1.283533333333333246e+02 1.265999999999999943e+02
1.267000000000000028e+02 1.283533333333333246e+02 1.265999999999999943e+02
1.267000000000000028e+02 1.283533333333333246e+02 1.265999999999999943e+02
1.267000000000000028e+02 1.283533333333333246e+02 1.265999999999999943e+02
1.267000000000000028e+02 1.283533333333333246e+02 1.265999999999999943e+02
1.267000000000000028e+02 1.283533333333333246e+02 1.265999999999999943e+02
1.267000000000000028e+02 1.283533333333333246e+02 1.265999999999999943e+02
1.267000000000000028e+02 1.283533333333333246e+02 1.265999999999999943e+02
1.267000000000000028e+02 1.283533333333333246e+02 1.265999999999999943e+02
1.267000000000000028e+02 1.283533333333333246e+02 1.265999999999999943e+02
1.267000000000000028e+02 1.283533333333333246e+02 1.265999999999999943e+02
1.267000000000000028e+02 1.283533333333333246e+02 1.265999999999999943e+02
1.267000000000000028e+02 1.283533333333333246e+02 1.265999999999999943e+02
1.267000000000000028e+02 1.283533333333333246e+02 1.265999999999999943e+02
1.267000000000000028e+02 1.283533333333333246e+02 1.265999999999999943e+02
1.267000000000000028e+02 1.283533333333333246e+02 1.265999999999999943e+02
1.267000000000000028e+02 1.283533333333333246e+02 1.265999999999999943e+02
1.267000000000000028e+02 1.283533333333333246e+02 1.265999999999999943e+02
1.267000000000000028e+02 1.283533333333333246e+02 1.265999999999999943e+02
1.267000000000000028e+02 1.283533333333333246e+02 1.265999999999999943e+02
1.267000000000000028e+02 1.283533333333333246e+02 1.265999999999999943e+02
1.267000000000000028e+02 1.283533333333333246e+02 1.265999999999999943e+02
1.267000000000000028e+02 1.283533333333333246e+02 1.265999999999999943e+02
1.267000000000000028e+02 1.283533333333333246e+02 1.265999999999999943e+02
1.267000000000000028e+02 1.283533333333333246e+02 1.265999999999999943e+02
1.267000000000000028e+02 1.283533333333333246e+02 1.265999999999999943e+02
1.267000000000000028e+02 1.283533333333333246e+02 1.265999999999999943e+02
1.267000000000000028e+02 1.283533333333333246e+02 1.265999999999999943e+02
1.267000000000000028e+02 1.283533333333333246e+02 1.265999999999999943e+02
1.267000000000000028e+02 1.283533333333333246e+02 1.265999999999999943e+02
1.267000000000000028e+02 1.283533333333333246e+02 1.265999999999999943e+02
1.267000000000000028e+02 1.283533333333333246e+02 1.265999999999999943e+02
1.267000000000000028e+02 1.283533333333333246e+02 1.265999999999999943e+02
1.267000000000000028e+02 1.283533333333333246e+02 1.265999999999999943e+02
1.267000000000000028e+02 1.283533333333333246e+02 1.265999999999999943e+02
1.267000000000000028e+02 1.283533333333333246e+02 1.265999999999999943e+02
1.267000000000000028e+02 1.283533333333333246e+02 1.265999999999999943e+02
1.267000000000000028e+02 1.283533333333333246e+02 1.265999999999999943e+02
1.267000000000000028e+02 1.283533333333333246e+02 1.265999999999999943e+02
1.267000000000000028e+02 1.283533333333333246e+02 1.265999999999999943e+02
1.267000000000000028e+02 1.283533333333333246e+02 1.265999999999999943e+02
1.267000000000000028e+02 1.283533333333333246e+02 1.265999999999999943e+02
1.267000000000000028e+02 1.283533333333333246e+02 1.265999999999999943e+02
1.267000000000000028e+02 1.283533333333333246e+02 1.265999999999999943e+02
1.267000000000000028e+02 1.283533333333333246e+02 1.265999999999999943e+02
1.267000000000000028e+02 1.283533333333333246e+02 1.265999999999999943e+02
1.267000000000000028e+02 1.283533333333333246e+02 1.265999999999999943e+02
1.267000000000000028e+02 1.283533333333333246e+02 1.265999999999999943e+02
1.267000000000000028e+02 1.283533333333333246e+02 1.265999999999999943e+02
1.267000000000000028e+02 1.283533333333333246e+02 1.265999999999999943e+02
1.267000000000000028e+02 1.283533333333333246e+02 1.265999999999999943e+02
1.267000000000000028e+02 1.283533333333333246e+02 1.265999999999999943e+02
1.267000000000000028e+02 1.283533333333333246e+02 1.265999999999999943e+02
1.267000000000000028e+02 1.283533333333333246e+02 1.265999999999999943e+02
1.267000000000000028e+02 1.283533333333333246e+02 1.265999999999999943e+02
1.267000000000000028e+02 1.283533333333333246e+02 1.265999999999999943e+02
1.267000000000000028e+02 1.283533333333333246e+02 1.265999999999999943e+02
1.267000000000000028e+02 1.283533333333333246e+02 1.265999999999999943e+02
1.267000000000000028e+02 1.283533333333333246e+02 1.265999999999999943e+02
1.267000000000000028e+02 1.283533333333333246e+02 1.265999999999999943e+02
1.267000000000000028e+02 1.283533333333333246e+02 1.265999999999999943e+02
1.267000000000000028e+02 1.283533333333333246e+02 1.265999999999999943e+02
1.267000000000000028e+02 1.283533333333333246e+02 1.265999999999999943e+02
1.267000000000000028e+02 1.283533333333333246e+02 1.265999999999999943e+02
1.267000000000000028e+02 1.283533333333333246e+02 1.265999999999999943e+02
1.267000000000000028e+02 1.283533333333333246e+02 1.265999999999999943e+02
1.267000000000000028e+02 1.283533333333333246e+02 1.265999999999999943e+02
1.267000000000000028e+02 1.283533333333333246e+02 1.265999999999999943e+02
1.267000000000000028e+02 1.283533333333333246e+02 1.265999999999999943e+02
1.267000000000000028e+02 1.283533333333333246e+02 1.265999999999999943e+02
1.267000000000000028e+02 1.283533333333333246e+02 1.265999999999999943e+02
1.267000000000000028e+02 1.283533333333333246e+02 1.265999999999999943e+02
1.267000000000000028e+02 1.283533333333333246e+02 1.265999999999999943e+02
1.267000000000000028e+02 1.283533333333333246e+02 1.265999999999999943e+02
1.267000000000000028e+02 1.283533333333333246e+02 1.265999999999999943e+02
1.267000000000000028e+02 1.283533333333333246e+02 1.265999999999999943e+02
1.267000000000000028e+02 1.283533333333333246e+02 1.265999999999999943e+02
1.267000000000000028e+02 1.283533333333333246e+02 1.265999999999999943e+02
1.267000000000000028e+02 1.283533333333333246e+02 1.265999999999999943e+02
1.267000000000000028e+02 1.283533333333333246e+02 1.265999999999999943e+02
1.267000000000000028e+02 1.283533333333333246e+02 1.265999999999999943e+02
1.267000000000000028e+02 1.283533333333333246e+02 1.265999999999999943e+02
1.267000000000000028e+02 1.283533333333333246e+02 1.265999999999999943e+02
1.267000000000000028e+02 1.283533333333333246e+02 1.265999999999999943e+02
1.267000000000000028e+02 1.283533333333333246e+02 1.265999999999999943e+02
1.267000000000000028e+02 1.283533333333333246e+02 1.265999999999999943e+02
1.267000000000000028e+02 1.283533333333333246e+02 1.265999999999999943e+02
1.267000000000000028e+02 1.283533333333333246e+02 1.265999999999999943e+02
1.267000000000000028e+02 1.283533333333333246e+02 1.265999999999999943e+02
1.267000000000000028e+02 1.283533333333333246e+02 1.265999999999999943e+02
1.267000000000000028e+02 1.283533333333333246e+02 1.265999999999999943e+02
1.267000000000000028e+02 1.283533333333333246e+02 1.265999999999999943e+02
1.267000000000000028e+02 1.283533333333333246e+02 1.265999999999999943e+02
1.267000000000000028e+02 1.283533333333333246e+02 1.265999999999999943e+02
1.267000000000000028e+02 1.283533333333333246e+02 1.265999999999999943e+02
1.267000000000000028e+02 1.283533333333333246e+02 1.265999999999999943e+02
1.267000000000000028e+02 1.283533333333333246e+02 1.265999999999999943e+02
1.267000000000000028e+02 1.283533333333333246e+02 1.265999999999999943e+02
1.267000000000000028e+02 1.283533333333333246e+02 1.265999999999999943e+02
1.267000000000000028e+02 1.283533333333333246e+02 1.265999999999999943e+02
1.267000000000000028e+02 1.283533333333333246e+02 1.265999999999999943e+02
1.267000000000000028e+02 1.283533333333333246e+02 1.265999999999999943e+02
1.267000000000000028e+02 1.283533333333333246e+02 1.265999999999999943e+02
1.267000000000000028e+02 1.283533333333333246e+02 1.265999999999999943e+02
1.267000000000000028e+02 1.283533333333333246e+02 1.265999999999999943e+02
1.267000000000000028e+02 1.283533333333333246e+02 1.265999999999999943e+02
1.267000000000000028e+02 1.283533333333333246e+02 1.265999999999999943e+02
1.267000000000000028e+02 1.283533333333333246e+02 1.265999999999999943e+02
1.267000000000000028e+02 1.283533333333333246e+02 1.265999999999999943e+02
1.267000000000000028e+02 1.283533333333333246e+02 1.265999999999999943e+02
1.267000000000000028e+02 1.283533333333333246e+02 1.265999999999999943e+02
1.267000000000000028e+02 1.283533333333333246e+02 1.265999999999999943e+02
1.267000000000000028e+02 1.283533333333333246e+02 1.265999999999999943e+02
1.267000000000000028e+02 1.283533333333333246e+02 1.265999999999999943e+02
1.267000000000000028e+02 1.283533333333333246e+02 1.265999999999999943e+02
1.267000000000000028e+02 1.283533333333333246e+02 1.265999999999999943e+02
1.267000000000000028e+02 1.283533333333333246e+02 1.265999999999999943e+02
1.267000000000000028e+02 1.283533333333333246e+02 1.265999999999999943e+02
1.267000000000000028e+02 1.283533333333333246e+02 1.265999999999999943e+02
1.267000000000000028e+02 1.283533333333333246e+02 1.265999999999999943e+02
1.267000000000000028e+02 1.283533333333333246e+02 1.265999999999999943e+02
1.267000000000000028e+02 1.283533333333333246e+02 1.265999999999999943e+02
1.267000000000000028e+02 1.283533333333333246e+02 1.265999999999999943e+02
1.267000000000000028e+02 1.283533333333333246e+02 1.265999999999999943e+02
1.267000000000000028e+02 1.283533333333333246e+02 1.265999999999999943e+02
1.267000000000000028e+02 1.283533333333333246e+02 1.265999999999999943e+02
1.267000000000000028e+02 1.283533333333333246e+02 1.265999999999999943e+02
1.267000000000000028e+02 1.283533333333333246e+02 1.265999999999999943e+02
1.267000000000000028e+02 1.283533333333333246e+02 1.265999999999999943e+02
1.267000000000000028e+02 1.283533333333333246e+02 1.265999999999999943e+02
1.267000000000000028e+02 1.283533333333333246e+02 1.265999999999999943e+02
1.267000000000000028e+02 1.283533333333333246e+02 1.265999999999999943e+02
1.267000000000000028e+02 1.283533333333333246e+02 1.265999999999999943e+02
1.267000000000000028e+02 1.283533333333333246e+02 1.265999999999999943e+02
1.267000000000000028e+02 1.283533333333333246e+02 1.265999999999999943e+02
1.267000000000000028e+02 1.283533333333333246e+02 1.265999999999999943e+02
1.267000000000000028e+02 1.283533333333333246e+02 1.265999999999999943e+02
1.267000000000000028e+02 1.283533333333333246e+02 1.265999999999999943e+02
1.267000000000000028e+02 1.283533333333333246e+02 1.265999999999999943e+02
1.267000000000000028e+02 1.283533333333333246e+02 1.265999999999999943e+02
1.267000000000000028e+02 1.283533333333333246e+02 1.265999999999999943e+02
1.267000000000000028e+02 1.283533333333333246e+02 1.265999999999999943e+02
1.267000000000000028e+02 1.283533333333333246e+02 1.265999999999999943e+02
1.267000000000000028e+02 1.283533333333333246e+02 1.265999999999999943e+02
1.267000000000000028e+02 1.283533333333333246e+02 1.265999999999999943e+02
1.267000000000000028e+02 1.283533333333333246e+02 1.265999999999999943e+02
1.267000000000000028e+02 1.283533333333333246e+02 1.265999999999999943e+02
1.267000000000000028e+02 1.283533333333333246e+02 1.265999999999999943e+02
1.267000000000000028e+02 1.283533333333333246e+02 1.265999999999999943e+02
1.267000000000000028e+02 1.283533333333333246e+02 1.265999999999999943e+02
1.267000000000000028e+02 1.283533333333333246e+02 1.265999999999999943e+02
1.267000000000000028e+02 1.283533333333333246e+02 1.265999999999999943e+02
1.267000000000000028e+02 1.283533333333333246e+02 1.265999999999999943e+02
1.267000000000000028e+02 1.283533333333333246e+02 1.265999999999999943e+02
1.267000000000000028e+02 1.283533333333333246e+02 1.265999999999999943e+02
1.267000000000000028e+02 1.283533333333333246e+02 1.265999999999999943e+02
1.267000000000000028e+02 1.283533333333333246e+02 1.265999999999999943e+02
1.267000000000000028e+02 1.283533333333333246e+02 1.265999999999999943e+02
1.267000000000000028e+02 1.283533333333333246e+02 1.265999999999999943e+02
1.267000000000000028e+02 1.283533333333333246e+02 1.265999999999999943e+02
1.267000000000000028e+02 1.283533333333333246e+02 1.265999999999999943e+02
1.267000000000000028e+02 1.283533333333333246e+02 1.265999999999999943e+02
1.267000000000000028e+02 1.283533333333333246e+02 1.265999999999999943e+02
1.267000000000000028e+02 1.283533333333333246e+02 1.265999999999999943e+02
1.267000000000000028e+02 1.283533333333333246e+02 1.265999999999999943e+02
1.267000000000000028e+02 1.283533333333333246e+02 1.265999999999999943e+02
1.267000000000000028e+02 1.283533333333333246e+02 1.265999999999999943e+02
1.267000000000000028e+02 1.283533333333333246e+02 1.265999999999999943e+02
1.267000000000000028e+02 1.283533333333333246e+02 1.265999999999999943e+02
1.267000000000000028e+02 1.283533333333333246e+02 1.265999999999999943e+02
1.267000000000000028e+02 1.283533333333333246e+02 1.265999999999999943e+02
1.267000000000000028e+02 1.283533333333333246e+02 1.265999999999999943e+02
1.267000000000000028e+02 1.283533333333333246e+02 1.265999999999999943e+02
1.267000000000000028e+02 1.283533333333333246e+02 1.265999999999999943e+02
1.267000000000000028e+02 1.283533333333333246e+02 1.265999999999999943e+02
1.267000000000000028e+02 1.283533333333333246e+02 1.265999999999999943e+02
1.267000000000000028e+02 1.283533333333333246e+02 1.265999999999999943e+02
1.267000000000000028e+02 1.283533333333333246e+02 1.265999999999999943e+02
1.267000000000000028e+02 1.283533333333333246e+02 1.265999999999999943e+02
1.267000000000000028e+02 1.283533333333333246e+02 1.265999999999999943e+02
1.267000000000000028e+02 1.283533333333333246e+02 1.265999999999999943e+02
1.267000000000000028e+02 1.283533333333333246e+02 1.265999999999999943e+02
1.267000000000000028e+02 1.283533333333333246e+02 1.265999999999999943e+02
1.267000000000000028e+02 1.283533333333333246e+02 1.265999999999999943e+02
1.267000000000000028e+02 1.283533333333333246e+02 1.265999999999999943e+02
1.267000000000000028e+02 1.283533333333333246e+02 1.265999999999999943e+02
1.267000000000000028e+02 1.283533333333333246e+02 1.265999999999999943e+02
1.267000000000000028e+02 1.283533333333333246e+02 1.265999999999999943e+02
1.267000000000000028e+02 1.283533333333333246e+02 1.265999999999999943e+02
1.267000000000000028e+02 1.283533333333333246e+02 1.265999999999999943e+02
1.267000000000000028e+02 1.283533333333333246e+02 1.265999999999999943e+02
1.267000000000000028e+02 1.283533333333333246e+02 1.265999999999999943e+02
1.267000000000000028e+02 1.283533333333333246e+02 1.265999999999999943e+02
1.267000000000000028e+02 1.283533333333333246e+02 1.265999999999999943e+02
1.267000000000000028e+02 1.283533333333333246e+02 1.265999999999999943e+02
1.267000000000000028e+02 1.283533333333333246e+02 1.265999999999999943e+02
1.267000000000000028e+02 1.283533333333333246e+02 1.265999999999999943e+02
1.267000000000000028e+02 1.283533333333333246e+02 1.265999999999999943e+02
1.267000000000000028e+02 1.283533333333333246e+02 1.265999999999999943e+02
1.267000000000000028e+02 1.283533333333333246e+02 1.265999999999999943e+02
1.267000000000000028e+02 1.283533333333333246e+02 1.265999999999999943e+02
1.267000000000000028e+02 1.283533333333333246e+02 1.265999999999999943e+02
1.267000000000000028e+02 1.283533333333333246e+02 1.265999999999999943e+02
1.267000000000000028e+02 1.283533333333333246e+02 1.265999999999999943e+02
1.267000000000000028e+02 1.283533333333333246e+02 1.265999999999999943e+02
1.267000000000000028e+02 1.283533333333333246e+02 1.265999999999999943e+02
1.267000000000000028e+02 1.283533333333333246e+02 1.265999999999999943e+02
1.267000000000000028e+02 1.283533333333333246e+02 1.265999999999999943e+02
1.267000000000000028e+02 1.283533333333333246e+02 1.265999999999999943e+02
1.267000000000000028e+02 1.283533333333333246e+02 1.265999999999999943e+02
1.267000000000000028e+02 1.283533333333333246e+02 1.265999999999999943e+02
1.267000000000000028e+02 1.283533333333333246e+02 1.265999999999999943e+02
1.267000000000000028e+02 1.283533333333333246e+02 1.265999999999999943e+02
1.267000000000000028e+02 1.283533333333333246e+02 1.265999999999999943e+02
1.267000000000000028e+02 1.283533333333333246e+02 1.265999999999999943e+02
1.267000000000000028e+02 1.283533333333333246e+02 1.265999999999999943e+02
1.267000000000000028e+02 1.283533333333333246e+02 1.265999999999999943e+02
1.267000000000000028e+02 1.283533333333333246e+02 1.265999999999999943e+02
1.267000000000000028e+02 1.283533333333333246e+02 1.265999999999999943e+02
1.267000000000000028e+02 1.283533333333333246e+02 1.265999999999999943e+02
1.267000000000000028e+02 1.283533333333333246e+02 1.265999999999999943e+02
1.267000000000000028e+02 1.283533333333333246e+02 1.265999999999999943e+02
1.267000000000000028e+02 1.283533333333333246e+02 1.265999999999999943e+02
1.267000000000000028e+02 1.283533333333333246e+02 1.265999999999999943e+02
1.267000000000000028e+02 1.283533333333333246e+02 1.265999999999999943e+02
1.267000000000000028e+02 1.283533333333333246e+02 1.265999999999999943e+02
1.267000000000000028e+02 1.283533333333333246e+02 1.265999999999999943e+02
1.267000000000000028e+02 1.283533333333333246e+02 1.265999999999999943e+02
1.267000000000000028e+02 1.283533333333333246e+02 1.265999999999999943e+02
1.267000000000000028e+02 1.283533333333333246e+02 1.265999999999999943e+02
1.267000000000000028e+02 1.283533333333333246e+02 1.265999999999999943e+02
1.267000000000000028e+02 1.283533333333333246e+02 1.265999999999999943e+02
1.267000000000000028e+02 1.283533333333333246e+02 1.265999999999999943e+02
1.267000000000000028e+02 1.283533333333333246e+02 1.265999999999999943e+02
1.267000000000000028e+02 1.283533333333333246e+02 1.265999999999999943e+02
1.267000000000000028e+02 1.283533333333333246e+02 1.265999999999999943e+02
1.267000000000000028e+02 1.283533333333333246e+02 1.265999999999999943e+02
1.267000000000000028e+02 1.283533333333333246e+02 1.265999999999999943e+02
1.267000000000000028e+02 1.283533333333333246e+02 1.265999999999999943e+02
1.267000000000000028e+02 1.283533333333333246e+02 1.265999999999999943e+02
1.267000000000000028e+02 1.283533333333333246e+02 1.265999999999999943e+02
1.267000000000000028e+02 1.283533333333333246e+02 1.265999999999999943e+02
1.267000000000000028e+02 1.283533333333333246e+02 1.265999999999999943e+02
1.267000000000000028e+02 1.283533333333333246e+02 1.265999999999999943e+02
1.267000000000000028e+02 1.283533333333333246e+02 1.265999999999999943e+02
1.267000000000000028e+02 1.283533333333333246e+02 1.265999999999999943e+02
1.267000000000000028e+02 1.283533333333333246e+02 1.265999999999999943e+02
1.267000000000000028e+02 1.283533333333333246e+02 1.265999999999999943e+02
1.267000000000000028e+02 1.283533333333333246e+02 1.265999999999999943e+02
1.267000000000000028e+02 1.283533333333333246e+02 1.265999999999999943e+02
1.267000000000000028e+02 1.283533333333333246e+02 1.265999999999999943e+02
1.267000000000000028e+02 1.283533333333333246e+02 1.265999999999999943e+02
1.267000000000000028e+02 1.283533333333333246e+02 1.265999999999999943e+02
1.267000000000000028e+02 1.283533333333333246e+02 1.265999999999999943e+02
1.267000000000000028e+02 1.283533333333333246e+02 1.265999999999999943e+02
1.267000000000000028e+02 1.283533333333333246e+02 1.265999999999999943e+02
1.267000000000000028e+02 1.283533333333333246e+02 1.265999999999999943e+02
1.267000000000000028e+02 1.283533333333333246e+02 1.265999999999999943e+02
1.267000000000000028e+02 1.283533333333333246e+02 1.265999999999999943e+02
1.267000000000000028e+02 1.283533333333333246e+02 1.265999999999999943e+02
1.267000000000000028e+02 1.283533333333333246e+02 1.265999999999999943e+02
1.267000000000000028e+02 1.283533333333333246e+02 1.265999999999999943e+02
1.267000000000000028e+02 1.283533333333333246e+02 1.265999999999999943e+02
1.267000000000000028e+02 1.283533333333333246e+02 1.265999999999999943e+02
1.267000000000000028e+02 1.283533333333333246e+02 1.265999999999999943e+02
1.267000000000000028e+02 1.283533333333333246e+02 1.265999999999999943e+02
1.267000000000000028e+02 1.283533333333333246e+02 1.265999999999999943e+02
1.267000000000000028e+02 1.283533333333333246e+02 1.265999999999999943e+02
1.267000000000000028e+02 1.283533333333333246e+02 1.265999999999999943e+02
1.267000000000000028e+02 1.283533333333333246e+02 1.265999999999999943e+02
1.267000000000000028e+02 1.283533333333333246e+02 1.265999999999999943e+02
1.267000000000000028e+02 1.283533333333333246e+02 1.265999999999999943e+02
1.267000000000000028e+02 1.283533333333333246e+02 1.265999999999999943e+02
1.267000000000000028e+02 1.283533333333333246e+02 1.265999999999999943e+02
1.267000000000000028e+02 1.283533333333333246e+02 1.265999999999999943e+02
1.267000000000000028e+02 1.283533333333333246e+02 1.265999999999999943e+02
1.267000000000000028e+02 1.283533333333333246e+02 1.265999999999999943e+02
1.267000000000000028e+02 1.283533333333333246e+02 1.265999999999999943e+02
1.267000000000000028e+02 1.283533333333333246e+02 1.265999999999999943e+02
1.267000000000000028e+02 1.283533333333333246e+02 1.265999999999999943e+02
1.267000000000000028e+02 1.283533333333333246e+02 1.265999999999999943e+02
1.267000000000000028e+02 1.283533333333333246e+02 1.265999999999999943e+02
1.267000000000000028e+02 1.283533333333333246e+02 1.265999999999999943e+02
1.267000000000000028e+02 1.283533333333333246e+02 1.265999999999999943e+02
1.267000000000000028e+02 1.283533333333333246e+02 1.265999999999999943e+02
1.267000000000000028e+02 1.283533333333333246e+02 1.265999999999999943e+02
1.267000000000000028e+02 1.283533333333333246e+02 1.265999999999999943e+02
1.267000000000000028e+02 1.283533333333333246e+02 1.265999999999999943e+02
1.267000000000000028e+02 1.283533333333333246e+02 1.265999999999999943e+02
1.267000000000000028e+02 1.283533333333333246e+02 1.265999999999999943e+02
1.267000000000000028e+02 1.283533333333333246e+02 1.265999999999999943e+02
1.267000000000000028e+02 1.283533333333333246e+02 1.265999999999999943e+02
1.267000000000000028e+02 1.283533333333333246e+02 1.265999999999999943e+02
1.267000000000000028e+02 1.283533333333333246e+02 1.265999999999999943e+02
1.267000000000000028e+02 1.283533333333333246e+02 1.265999999999999943e+02
1.267000000000000028e+02 1.283533333333333246e+02 1.265999999999999943e+02
1.267000000000000028e+02 1.283533333333333246e+02 1.265999999999999943e+02
1.267000000000000028e+02 1.283533333333333246e+02 1.265999999999999943e+02
1.267000000000000028e+02 1.283533333333333246e+02 1.265999999999999943e+02
1.267000000000000028e+02 1.283533333333333246e+02 1.265999999999999943e+02
1.267000000000000028e+02 1.283533333333333246e+02 1.265999999999999943e+02
1.267000000000000028e+02 1.283533333333333246e+02 1.265999999999999943e+02
1.267000000000000028e+02 1.283533333333333246e+02 1.265999999999999943e+02
1.267000000000000028e+02 1.283533333333333246e+02 1.265999999999999943e+02
1.267000000000000028e+02 1.283533333333333246e+02 1.265999999999999943e+02
1.267000000000000028e+02 1.283533333333333246e+02 1.265999999999999943e+02
1.267000000000000028e+02 1.283533333333333246e+02 1.265999999999999943e+02
1.267000000000000028e+02 1.283533333333333246e+02 1.265999999999999943e+02
1.267000000000000028e+02 1.283533333333333246e+02 1.265999999999999943e+02
1.267000000000000028e+02 1.283533333333333246e+02 1.265999999999999943e+02
1.267000000000000028e+02 1.283533333333333246e+02 1.265999999999999943e+02
1.267000000000000028e+02 1.283533333333333246e+02 1.265999999999999943e+02
1.267000000000000028e+02 1.283533333333333246e+02 1.265999999999999943e+02
1.267000000000000028e+02 1.283533333333333246e+02 1.265999999999999943e+02
1.267000000000000028e+02 1.283533333333333246e+02 1.265999999999999943e+02
1.267000000000000028e+02 1.283533333333333246e+02 1.265999999999999943e+02
1.267000000000000028e+02 1.283533333333333246e+02 1.265999999999999943e+02
1.267000000000000028e+02 1.283533333333333246e+02 1.265999999999999943e+02
1.267000000000000028e+02 1.283533333333333246e+02 1.265999999999999943e+02
1.267000000000000028e+02 1.283533333333333246e+02 1.265999999999999943e+02
1.267000000000000028e+02 1.283533333333333246e+02 1.265999999999999943e+02
1.267000000000000028e+02 1.283533333333333246e+02 1.265999999999999943e+02
1.267000000000000028e+02 1.283533333333333246e+02 1.265999999999999943e+02
1.267000000000000028e+02 1.283533333333333246e+02 1.265999999999999943e+02
1.267000000000000028e+02 1.283533333333333246e+02 1.265999999999999943e+02
1.267000000000000028e+02 1.283533333333333246e+02 1.265999999999999943e+02
1.267000000000000028e+02 1.283533333333333246e+02 1.265999999999999943e+02
1.267000000000000028e+02 1.283533333333333246e+02 1.265999999999999943e+02
1.267000000000000028e+02 1.283533333333333246e+02 1.265999999999999943e+02
1.267000000000000028e+02 1.283533333333333246e+02 1.265999999999999943e+02
1.267000000000000028e+02 1.283533333333333246e+02 1.265999999999999943e+02
1.267000000000000028e+02 1.283533333333333246e+02 1.265999999999999943e+02
1.267000000000000028e+02 1.283533333333333246e+02 1.265999999999999943e+02
1.267000000000000028e+02 1.283533333333333246e+02 1.265999999999999943e+02
1.267000000000000028e+02 1.283533333333333246e+02 1.265999999999999943e+02
1.267000000000000028e+02 1.283533333333333246e+02 1.265999999999999943e+02
1.267000000000000028e+02 1.283533333333333246e+02 1.265999999999999943e+02
1.267000000000000028e+02 1.283533333333333246e+02 1.265999999999999943e+02
1.267000000000000028e+02 1.283533333333333246e+02 1.265999999999999943e+02
1.267000000000000028e+02 1.283533333333333246e+02 1.265999999999999943e+02
1.267000000000000028e+02 1.283533333333333246e+02 1.265999999999999943e+02
1.267000000000000028e+02 1.283533333333333246e+02 1.265999999999999943e+02
1.267000000000000028e+02 1.283533333333333246e+02 1.265999999999999943e+02
1.267000000000000028e+02 1.283533333333333246e+02 1.265999999999999943e+02
1.267000000000000028e+02 1.283533333333333246e+02 1.265999999999999943e+02
1.267000000000000028e+02 1.283533333333333246e+02 1.265999999999999943e+02
1.267000000000000028e+02 1.283533333333333246e+02 1.265999999999999943e+02
