1.280927152317880768e+02 1.270993377483443680e+02 1.284370860927152194e+02
1.281275167785234999e+02 1.271140939597315480e+02 1.284832214765100673e+02
1.281800000000000068e+02 1.271266666666666652e+02 1.284600000000000080e+02
1.281666666666666572e+02 1.269399999999999977e+02 1.284933333333333394e+02
1.282800000000000011e+02 1.268733333333333348e+02 1.283866666666666561e+02
1.282847682119205217e+02 1.269602649006622528e+02 1.284635761589403842e+02
1.283133333333333326e+02 1.269066666666666663e+02 1.285200000000000102e+02
1.282933333333333223e+02 1.269000000000000057e+02 1.283799999999999955e+02
1.282697368421052602e+02 1.268289473684210549e+02 1.284276315789473699e+02
1.283199999999999932e+02 1.269333333333333371e+02 1.283266666666666538e+02
1.282302631578947398e+02 1.269144736842105203e+02 1.283223684210526301e+02
1.280132450331125824e+02 1.269470198675496704e+02 1.282185430463576097e+02
1.278815789473684248e+02 1.270986842105263150e+02 1.283289473684210407e+02
1.278533333333333388e+02 1.271066666666666691e+02 1.283466666666666640e+02
1.278013245033112639e+02 1.272582781456953711e+02 1.283178807947019777e+02
1.277880794701986815e+02 1.272251655629139009e+02 1.281788079470198625e+02
1.277666666666666657e+02 1.271533333333333360e+02 1.282466666666666697e+02
1.277866666666666617e+02 1.272000000000000028e+02 1.282333333333333201e+02
1.277302631578947398e+02 1.271907894736842053e+02 1.282236842105263293e+02
1.277763157894736850e+02 1.271315789473684248e+02 1.281381578947368496e+02
1.278599999999999994e+02 1.271400000000000006e+02 1.281866666666666674e+02
1.278815789473684248e+02 1.271513157894736850e+02 1.281710526315789593e+02
1.279466666666666725e+02 1.272133333333333383e+02 1.280399999999999920e+02
1.281125827814569504e+02 1.272649006622516623e+02 1.280860927152317856e+02
1.281250000000000000e+02 1.271776315789473699e+02 1.281776315789473699e+02
1.282400000000000091e+02 1.271200000000000045e+02 1.283066666666666720e+02
1.282333333333333201e+02 1.269533333333333331e+02 1.282733333333333405e+02
1.281854304635761537e+02 1.270993377483443680e+02 1.281920529801324449e+02
1.281266666666666652e+02 1.270533333333333275e+02 1.283266666666666538e+02
1.281633986928104605e+02 1.269738562091503269e+02 1.282352941176470722e+02
1.282599999999999909e+02 1.270333333333333314e+02 1.281666666666666572e+02
1.282251655629139009e+02 1.270860927152317856e+02 1.281456953642384065e+02
1.282199999999999989e+02 1.270400000000000063e+02 1.280999999999999943e+02
1.281920529801324449e+02 1.270728476821192032e+02 1.280794701986754944e+02
1.281052631578947398e+02 1.272039473684210549e+02 1.282105263157894797e+02
1.281258278145695328e+02 1.272251655629139009e+02 1.283046357615893953e+02
1.280536912751677789e+02 1.271946308724832164e+02 1.282348993288590577e+02
1.279536423841059616e+02 1.272450331125827745e+02 1.282119205298013185e+02
1.279210526315789451e+02 1.272236842105263150e+02 1.281842105263157805e+02
1.278552631578947398e+02 1.273157894736842053e+02 1.282039473684210407e+02
1.279664429530201346e+02 1.273422818791946298e+02 1.281744966442952887e+02
1.279411764705882320e+02 1.273594771241830017e+02 1.281764705882353041e+02
1.279934210526315752e+02 1.273881578947368354e+02 1.282763157894736707e+02
1.278199999999999932e+02 1.273799999999999955e+02 1.281666666666666572e+02
1.276933333333333280e+02 1.274399999999999977e+02 1.281333333333333258e+02
1.277382550335570528e+02 1.274228187919463124e+02 1.280067114093959617e+02
1.277933333333333366e+02 1.273199999999999932e+02 1.278266666666666680e+02
1.277682119205298079e+02 1.273178807947019919e+02 1.277218543046357553e+02
1.275298013245033104e+02 1.271324503311258241e+02 1.277417218543046289e+02
1.275430463576158928e+02 1.272913907284768271e+02 1.277483443708609201e+02
1.275364238410596016e+02 1.272052980132450273e+02 1.277152317880794641e+02
1.274933333333333394e+02 1.272933333333333366e+02 1.277533333333333303e+02
1.274635761589403984e+02 1.272582781456953711e+02 1.277019867549668817e+02
1.275000000000000000e+02 1.271866666666666674e+02 1.276733333333333320e+02
1.275298013245033104e+02 1.271192052980132416e+02 1.275960264900662224e+02
1.274966887417218544e+02 1.270397350993377472e+02 1.276423841059602609e+02
1.275430463576158928e+02 1.271192052980132416e+02 1.276092715231788048e+02
1.275228758169934622e+02 1.272745098039215748e+02 1.276862745098039227e+02
1.274934210526315752e+02 1.272236842105263150e+02 1.277039473684210549e+02
1.274864864864864842e+02 1.273175675675675649e+02 1.276621621621621614e+02
1.274266666666666623e+02 1.273799999999999955e+02 1.275933333333333337e+02
1.273486842105263150e+02 1.273750000000000000e+02 1.275921052631578902e+02
1.272810457516339824e+02 1.274575163398692865e+02 1.275686274509803866e+02
1.272866666666666617e+02 1.274133333333333269e+02 1.276266666666666652e+02
1.272847682119205359e+02 1.274768211920529808e+02 1.277086092715231729e+02
1.273137254901960773e+02 1.274967320261437891e+02 1.276209150326797328e+02
1.273489932885906057e+02 1.274697986577181155e+02 1.277516778523489904e+02
1.272715231788079535e+02 1.273907284768211952e+02 1.277284768211920465e+02
1.273092105263157947e+02 1.273750000000000000e+02 1.276776315789473699e+02
1.274407894736842053e+02 1.273684210526315752e+02 1.276644736842105203e+02
1.272800000000000011e+02 1.274533333333333331e+02 1.276733333333333320e+02
1.273178807947019919e+02 1.274834437086092720e+02 1.277152317880794641e+02
1.271666666666666714e+02 1.274733333333333292e+02 1.277666666666666657e+02
1.274533333333333331e+02 1.275133333333333354e+02 1.278466666666666640e+02
1.274333333333333371e+02 1.273333333333333286e+02 1.278466666666666640e+02
1.273529411764705941e+02 1.273594771241830017e+02 1.277516339869280984e+02
1.273716216216216282e+02 1.273175675675675649e+02 1.277635135135135158e+02
1.274133333333333269e+02 1.273599999999999994e+02 1.277133333333333383e+02
1.273245033112582831e+02 1.274900662251655632e+02 1.276026490066225136e+02
1.274333333333333371e+02 1.274933333333333394e+02 1.274399999999999977e+02
1.273311258278145743e+02 1.274238410596026512e+02 1.275629139072847664e+02
1.272953020134228126e+02 1.274093959731543606e+02 1.275906040268456394e+02
1.272999999999999972e+02 1.273466666666666640e+02 1.275600000000000023e+02
1.271589403973509889e+02 1.272980132450331183e+02 1.274635761589403984e+02
1.271381578947368354e+02 1.272763157894736850e+02 1.275394736842105203e+02
1.272715231788079535e+02 1.274039735099337776e+02 1.275562913907284752e+02
1.273733333333333348e+02 1.274066666666666663e+02 1.275199999999999960e+02
1.272715231788079535e+02 1.273245033112582831e+02 1.274701986754966896e+02
1.273112582781457007e+02 1.272119205298013185e+02 1.275231788079470192e+02
1.272733333333333263e+02 1.270600000000000023e+02 1.275799999999999983e+02
1.274238410596026512e+02 1.270463576158940384e+02 1.277019867549668817e+02
1.275228758169934622e+02 1.269934640522875782e+02 1.276666666666666714e+02
1.274370860927152336e+02 1.271788079470198625e+02 1.276092715231788048e+02
1.273799999999999955e+02 1.271400000000000006e+02 1.276133333333333297e+02
1.274800000000000040e+02 1.271200000000000045e+02 1.275799999999999983e+02
1.275033112582781456e+02 1.271589403973509889e+02 1.276490066225165521e+02
1.274834437086092720e+02 1.270927152317880768e+02 1.277284768211920465e+02
1.274900662251655632e+02 1.272251655629139009e+02 1.277549668874172255e+02
1.274733333333333292e+02 1.272933333333333366e+02 1.277999999999999972e+02
1.274635761589403984e+02 1.272781456953642447e+02 1.277417218543046289e+02
1.275827814569536400e+02 1.273377483443708655e+02 1.276887417218542993e+02
1.276200000000000045e+02 1.273466666666666640e+02 1.276533333333333360e+02
1.277894736842105203e+02 1.273486842105263150e+02 1.276907894736842053e+02
1.277466666666666697e+02 1.273066666666666720e+02 1.276599999999999966e+02
1.276887417218542993e+02 1.271986754966887361e+02 1.275761589403973488e+02
1.277000000000000028e+02 1.272466666666666697e+02 1.275733333333333377e+02
1.276225165562913872e+02 1.270728476821192032e+02 1.275894039735099312e+02
1.276052631578947398e+02 1.270328947368421098e+02 1.276513157894736850e+02
1.277236842105263150e+02 1.270921052631578902e+02 1.276513157894736850e+02
1.277315436241610769e+02 1.270134228187919518e+02 1.277382550335570528e+02
1.277133333333333383e+02 1.270999999999999943e+02 1.277000000000000028e+02
1.275695364238410576e+02 1.271324503311258241e+02 1.277284768211920465e+02
1.275298013245033104e+02 1.271655629139072801e+02 1.277483443708609201e+02
1.275789473684210549e+02 1.271052631578947398e+02 1.277434210526315752e+02
1.275496688741721840e+02 1.271523178807946977e+02 1.278543046357615935e+02
1.274161073825503365e+02 1.271275167785234856e+02 1.277986577181208077e+02
1.273557046979865817e+02 1.270604026845637549e+02 1.277248322147651010e+02
1.273841059602649040e+02 1.271125827814569504e+02 1.277417218543046289e+02
1.273486842105263150e+02 1.271118421052631646e+02 1.277039473684210549e+02
1.273576158940397391e+02 1.271324503311258241e+02 1.276887417218542993e+02
1.273618421052631646e+02 1.271184210526315752e+02 1.277500000000000000e+02
1.273178807947019919e+02 1.272317880794701921e+02 1.278013245033112639e+02
1.274013157894736850e+02 1.273026315789473699e+02 1.278289473684210549e+02
1.273599999999999994e+02 1.273599999999999994e+02 1.279066666666666663e+02
1.272600000000000051e+02 1.271066666666666691e+02 1.278533333333333388e+02
1.273333333333333286e+02 1.271066666666666691e+02 1.277266666666666737e+02
1.273841059602649040e+02 1.270728476821192032e+02 1.276887417218542993e+02
1.274599999999999937e+02 1.270600000000000023e+02 1.277666666666666657e+02
1.274437086092715248e+02 1.271523178807946977e+02 1.277417218543046289e+02
1.273466666666666640e+02 1.271266666666666652e+02 1.277600000000000051e+02
1.272416107382550337e+02 1.270402684563758413e+02 1.278791946308724903e+02
1.272516556291390799e+02 1.269536423841059616e+02 1.278807947019867584e+02
1.272715231788079535e+02 1.270264900662251648e+02 1.279668874172185440e+02
1.273599999999999994e+02 1.270733333333333377e+02 1.279133333333333269e+02
1.273774834437086128e+02 1.271655629139072801e+02 1.279602649006622528e+02
1.273774834437086128e+02 1.271324503311258241e+02 1.279337748344370880e+02
1.273666666666666600e+02 1.270866666666666731e+02 1.280466666666666526e+02
1.272600000000000051e+02 1.271866666666666674e+02 1.281133333333333439e+02
1.272052980132450273e+02 1.271854304635761537e+02 1.279933774834437088e+02
1.272039473684210549e+02 1.272565789473684248e+02 1.281052631578947398e+02
1.273266666666666680e+02 1.273266666666666680e+02 1.280000000000000000e+02
1.272119205298013185e+02 1.273841059602649040e+02 1.279867549668874176e+02
1.273377483443708655e+02 1.272913907284768271e+02 1.280066225165562912e+02
1.273400000000000034e+02 1.272999999999999972e+02 1.279800000000000040e+02
1.274768211920529808e+02 1.273708609271523216e+02 1.280463576158940384e+02
1.275657894736842053e+02 1.273355263157894797e+02 1.280131578947368496e+02
1.275592105263157947e+02 1.272434210526315752e+02 1.280065789473684106e+02
1.275866666666666731e+02 1.272866666666666617e+02 1.280133333333333212e+02
1.277466666666666697e+02 1.273199999999999932e+02 1.278666666666666600e+02
1.277449664429530145e+02 1.274295302013422884e+02 1.278724832214765144e+02
1.276556291390728433e+02 1.273973509933774864e+02 1.279337748344370880e+02
1.276357615894039697e+02 1.273841059602649040e+02 1.278807947019867584e+02
1.275906040268456394e+02 1.272147651006711442e+02 1.277516778523489904e+02
1.274701986754966896e+02 1.272450331125827745e+02 1.277549668874172255e+02
1.273774834437086128e+02 1.272781456953642447e+02 1.277682119205298079e+02
1.274370860927152336e+02 1.271920529801324449e+02 1.278543046357615935e+02
1.274026845637583847e+02 1.272013422818791923e+02 1.279261744966442933e+02
1.274362416107382501e+02 1.272953020134228126e+02 1.279194630872483174e+02
1.273599999999999994e+02 1.274000000000000057e+02 1.279266666666666623e+02
1.274266666666666623e+02 1.273933333333333309e+02 1.278133333333333326e+02
1.274800000000000040e+02 1.275000000000000000e+02 1.278066666666666720e+02
1.274039735099337776e+02 1.274635761589403984e+02 1.278874172185430496e+02
1.273708609271523216e+02 1.275298013245033104e+02 1.278476821192053023e+02
1.273137254901960773e+02 1.274313725490196134e+02 1.277973856209150370e+02
1.273841059602649040e+02 1.275827814569536400e+02 1.279602649006622528e+02
1.273466666666666640e+02 1.275333333333333314e+02 1.280200000000000102e+02
1.275000000000000000e+02 1.275400000000000063e+02 1.280333333333333314e+02
1.275666666666666629e+02 1.276333333333333400e+02 1.279533333333333331e+02
1.275620915032679790e+02 1.276013071895424815e+02 1.278627450980392126e+02
1.275333333333333314e+02 1.276599999999999966e+02 1.278266666666666680e+02
1.275466666666666669e+02 1.277266666666666737e+02 1.277533333333333303e+02
1.274399999999999977e+02 1.277933333333333366e+02 1.277800000000000011e+02
1.273799999999999955e+02 1.277800000000000011e+02 1.277800000000000011e+02
1.274172185430463600e+02 1.277615894039735167e+02 1.277284768211920465e+02
1.273199999999999932e+02 1.277000000000000028e+02 1.277399999999999949e+02
1.272781456953642447e+02 1.278145695364238463e+02 1.278079470198675551e+02
1.272733333333333263e+02 1.278199999999999932e+02 1.277399999999999949e+02
1.272500000000000000e+02 1.278851351351351298e+02 1.278918918918918877e+02
1.273026315789473699e+02 1.279736842105263150e+02 1.280197368421052602e+02
1.274800000000000040e+02 1.279933333333333394e+02 1.279133333333333269e+02
1.275033557046979809e+02 1.278053691275167836e+02 1.280134228187919518e+02
1.274238410596026512e+02 1.278410596026490111e+02 1.280198675496688736e+02
1.273799999999999955e+02 1.278533333333333388e+02 1.280066666666666606e+02
1.274429530201342260e+02 1.278255033557046971e+02 1.280268456375839037e+02
1.273576158940397391e+02 1.279205298013245056e+02 1.279933774834437088e+02
1.273245033112582831e+02 1.278675496688741759e+02 1.279801324503311264e+02
1.273841059602649040e+02 1.279536423841059616e+02 1.280198675496688736e+02
1.273421052631578902e+02 1.280526315789473699e+02 1.281381578947368496e+02
1.272847682119205359e+02 1.280794701986754944e+02 1.281788079470198625e+02
1.273576158940397391e+02 1.280860927152317856e+02 1.282052980132450273e+02
1.273355263157894797e+02 1.281118421052631504e+02 1.283157894736842195e+02
1.273266666666666680e+02 1.280533333333333417e+02 1.281933333333333280e+02
1.274407894736842053e+02 1.280263157894736707e+02 1.281842105263157805e+02
1.274238410596026512e+02 1.280596026490066208e+02 1.280198675496688736e+02
1.274183006535947698e+02 1.280261437908496873e+02 1.279869281045751563e+02
1.273355704697986539e+02 1.279664429530201346e+02 1.279530201342281828e+02
1.273466666666666640e+02 1.279133333333333269e+02 1.278733333333333348e+02
1.272399999999999949e+02 1.279266666666666623e+02 1.278799999999999955e+02
1.271973684210526301e+02 1.280789473684210407e+02 1.279539473684210549e+02
1.271059602649006592e+02 1.279403973509933792e+02 1.278807947019867584e+02
1.270592105263157947e+02 1.280197368421052602e+02 1.279210526315789451e+02
1.270799999999999983e+02 1.281200000000000045e+02 1.279800000000000040e+02
1.270866666666666731e+02 1.282400000000000091e+02 1.279933333333333394e+02
1.272119205298013185e+02 1.281390728476821153e+02 1.279006622516556320e+02
1.273790849673202672e+02 1.281372549019607732e+02 1.278758169934640563e+02
1.274800000000000040e+02 1.280733333333333235e+02 1.278466666666666640e+02
1.274701986754966896e+02 1.279470198675496704e+02 1.278278145695364287e+02
1.275298013245033104e+02 1.278874172185430496e+02 1.279072847682119232e+02
1.275526315789473699e+02 1.278947368421052602e+02 1.279605263157894797e+02
1.275704697986577116e+02 1.278120805369127453e+02 1.280134228187919518e+02
1.275364238410596016e+02 1.279072847682119232e+02 1.280264900662251648e+02
1.275533333333333275e+02 1.279266666666666623e+02 1.280600000000000023e+02
1.275733333333333377e+02 1.279133333333333269e+02 1.280399999999999920e+02
1.276291390728476784e+02 1.277814569536423903e+02 1.280529801324503296e+02
1.276533333333333360e+02 1.277800000000000011e+02 1.280133333333333212e+02
1.277748344370860991e+02 1.277152317880794641e+02 1.280860927152317856e+02
1.277651006711409423e+02 1.277114093959731491e+02 1.280536912751677789e+02
1.276486486486486456e+02 1.277297297297297263e+02 1.280945945945945823e+02
1.277218543046357553e+02 1.276688741721854257e+02 1.280331125827814560e+02
1.275973154362416153e+02 1.276912751677852356e+02 1.279865771812080482e+02
1.275364238410596016e+02 1.277350993377483377e+02 1.280066225165562912e+02
1.274437086092715248e+02 1.277748344370860991e+02 1.280463576158940384e+02
1.272450331125827745e+02 1.277483443708609201e+02 1.280463576158940384e+02
1.272091503267973849e+02 1.280000000000000000e+02 1.280653594771241899e+02
1.273489932885906057e+02 1.280067114093959617e+02 1.280738255033556925e+02
1.274399999999999977e+02 1.280466666666666526e+02 1.281399999999999864e+02
1.274200000000000017e+02 1.280733333333333235e+02 1.281200000000000045e+02
1.274238410596026512e+02 1.281258278145695328e+02 1.281456953642384065e+02
1.274039735099337776e+02 1.280728476821192032e+02 1.281788079470198625e+02
1.273509933774834479e+02 1.281258278145695328e+02 1.281324503311258241e+02
1.273289473684210549e+02 1.281447368421052602e+02 1.282105263157894797e+02
1.274399999999999977e+02 1.281200000000000045e+02 1.281666666666666572e+02
1.273006535947712479e+02 1.280980392156862706e+02 1.282156862745098067e+02
1.273112582781457007e+02 1.279933774834437088e+02 1.282251655629139009e+02
1.273851351351351298e+02 1.278986486486486456e+02 1.282972972972972912e+02
1.274026845637583847e+02 1.279530201342281828e+02 1.282550335570469713e+02
1.272933333333333366e+02 1.279866666666666646e+02 1.283066666666666720e+02
1.273576158940397391e+02 1.280331125827814560e+02 1.282781456953642305e+02
1.274117647058823479e+02 1.280522875816993462e+02 1.282679738562091529e+02
1.274133333333333269e+02 1.281399999999999864e+02 1.281333333333333258e+02
1.274133333333333269e+02 1.280399999999999920e+02 1.281399999999999864e+02
1.274304635761589424e+02 1.281456953642384065e+02 1.282119205298013185e+02
1.273959731543624230e+02 1.281879194630872405e+02 1.281476510067114134e+02
1.274144736842105203e+02 1.281644736842105203e+02 1.280526315789473699e+02
1.274133333333333269e+02 1.281066666666666549e+02 1.279266666666666623e+02
1.274671052631578902e+02 1.279539473684210549e+02 1.280000000000000000e+02
1.275333333333333314e+02 1.279133333333333269e+02 1.280800000000000125e+02
1.275000000000000000e+02 1.279144736842105203e+02 1.281250000000000000e+02
1.275761589403973488e+02 1.278741721854304672e+02 1.280596026490066208e+02
1.276862745098039227e+02 1.278627450980392126e+02 1.280196078431372655e+02
1.277843137254901933e+02 1.278692810457516345e+02 1.280196078431372655e+02
1.278040540540540491e+02 1.278918918918918877e+02 1.279932432432432421e+02
1.278079470198675551e+02 1.278543046357615935e+02 1.279867549668874176e+02
1.279139072847682144e+02 1.279072847682119232e+02 1.279072847682119232e+02
1.279801324503311264e+02 1.279403973509933792e+02 1.279337748344370880e+02
1.279668874172185440e+02 1.279867549668874176e+02 1.278874172185430496e+02
1.280000000000000000e+02 1.281066666666666549e+02 1.277466666666666697e+02
1.280529801324503296e+02 1.281258278145695328e+02 1.276622516556291345e+02
1.279866666666666646e+02 1.282466666666666697e+02 1.277266666666666737e+02
1.280132450331125824e+02 1.282847682119205217e+02 1.276887417218542993e+02
1.280600000000000023e+02 1.284000000000000057e+02 1.276666666666666714e+02
1.280999999999999943e+02 1.283000000000000114e+02 1.277199999999999989e+02
1.281200000000000045e+02 1.282800000000000011e+02 1.275933333333333337e+02
1.281523178807946977e+02 1.282450331125827745e+02 1.275629139072847664e+02
1.282533333333333303e+02 1.281533333333333360e+02 1.276200000000000045e+02
1.282133333333333383e+02 1.281999999999999886e+02 1.276266666666666652e+02
1.281744966442952887e+02 1.280939597315436345e+02 1.276174496644295289e+02
1.282199999999999989e+02 1.281133333333333439e+02 1.274866666666666646e+02
1.282416107382550194e+02 1.281409395973154233e+02 1.275838926174496635e+02
1.282105263157894512e+02 1.280657894736842195e+02 1.275657894736842053e+02
1.282119205298013185e+02 1.281125827814569504e+02 1.275496688741721840e+02
1.281266666666666652e+02 1.280866666666666731e+02 1.275133333333333354e+02
1.281275167785234999e+02 1.280536912751677789e+02 1.275503355704697981e+02
1.282133333333333383e+02 1.280266666666666708e+02 1.276266666666666652e+02
1.282582781456953569e+02 1.280000000000000000e+02 1.276158940397350960e+02
1.281866666666666674e+02 1.280333333333333314e+02 1.275000000000000000e+02
1.281973684210526301e+02 1.280197368421052602e+02 1.274934210526315752e+02
1.280999999999999943e+02 1.279000000000000057e+02 1.275600000000000023e+02
1.281610738255033652e+02 1.278523489932885866e+02 1.275167785234899327e+02
1.280927152317880768e+02 1.279205298013245056e+02 1.275496688741721840e+02
1.282052980132450273e+02 1.280132450331125824e+02 1.275430463576158928e+02
1.282251655629139009e+02 1.278874172185430496e+02 1.275761589403973488e+02
1.281342281879194616e+02 1.279865771812080482e+02 1.276442953020134183e+02
1.281059602649006592e+02 1.279602649006622528e+02 1.276423841059602609e+02
1.281233766233766289e+02 1.279545454545454533e+02 1.276168831168831161e+02
1.281192052980132416e+02 1.279801324503311264e+02 1.274768211920529808e+02
1.282281879194630960e+02 1.279463087248322211e+02 1.275369127516778462e+02
1.282432432432432563e+02 1.280608108108108070e+02 1.276148648648648702e+02
1.283026315789473699e+02 1.280657894736842195e+02 1.276315789473684248e+02
1.282733333333333405e+02 1.280466666666666526e+02 1.276200000000000045e+02
1.282199999999999989e+02 1.280800000000000125e+02 1.275866666666666731e+02
1.282302631578947398e+02 1.280657894736842195e+02 1.274671052631578902e+02
1.281342281879194616e+02 1.279127516778523557e+02 1.275704697986577116e+02
1.281066666666666549e+02 1.279000000000000057e+02 1.277000000000000028e+02
1.281258278145695328e+02 1.279470198675496704e+02 1.276026490066225136e+02
1.280733333333333235e+02 1.279066666666666663e+02 1.276599999999999966e+02
1.280600000000000023e+02 1.279200000000000017e+02 1.277133333333333383e+02
1.280986842105263293e+02 1.279473684210526301e+02 1.276842105263157947e+02
1.281933333333333280e+02 1.280133333333333212e+02 1.277533333333333303e+02
1.282368421052631504e+02 1.279802631578947398e+02 1.277302631578947398e+02
1.283112582781456865e+02 1.279933774834437088e+02 1.277814569536423903e+02
1.283311258278145601e+02 1.279801324503311264e+02 1.277748344370860991e+02
1.284333333333333371e+02 1.279399999999999977e+02 1.277600000000000051e+02
1.284333333333333371e+02 1.278666666666666600e+02 1.277466666666666697e+02
1.284000000000000057e+02 1.279200000000000017e+02 1.277999999999999972e+02
1.284342105263157805e+02 1.278815789473684248e+02 1.278157894736842053e+02
1.284304635761589282e+02 1.277549668874172255e+02 1.278079470198675551e+02
1.284466666666666583e+02 1.278599999999999994e+02 1.277399999999999949e+02
1.284503311258278018e+02 1.280596026490066208e+02 1.277549668874172255e+02
1.284701986754966754e+02 1.280596026490066208e+02 1.276158940397350960e+02
1.284133333333333269e+02 1.279800000000000040e+02 1.277466666666666697e+02
1.283881578947368496e+02 1.279276315789473699e+02 1.277434210526315752e+02
1.285165562913907422e+02 1.280331125827814560e+02 1.278013245033112639e+02
1.285460526315789593e+02 1.280394736842105203e+02 1.278881578947368354e+02
1.285800000000000125e+02 1.279666666666666686e+02 1.277800000000000011e+02
1.284533333333333474e+02 1.278733333333333348e+02 1.278400000000000034e+02
1.285906040268456252e+02 1.278724832214765144e+02 1.278926174496644279e+02
1.285369127516778462e+02 1.278456375838926107e+02 1.279865771812080482e+02
1.286308724832214807e+02 1.277852348993288558e+02 1.279731543624161105e+02
1.286066666666666549e+02 1.277333333333333343e+02 1.279466666666666725e+02
1.285466666666666526e+02 1.276133333333333297e+02 1.280600000000000023e+02
1.283421052631578902e+02 1.275131578947368354e+02 1.279934210526315752e+02
1.283600000000000136e+02 1.276733333333333320e+02 1.280866666666666731e+02
1.283552631578947398e+02 1.277236842105263150e+02 1.280855263157894797e+02
1.283892617449664328e+02 1.277248322147651010e+02 1.280469798657718172e+02
1.284238410596026370e+02 1.276556291390728433e+02 1.280529801324503296e+02
1.284333333333333371e+02 1.275533333333333275e+02 1.280399999999999920e+02
1.285066666666666606e+02 1.276133333333333297e+02 1.280466666666666526e+02
1.284733333333333292e+02 1.276400000000000006e+02 1.281133333333333439e+02
1.284066666666666663e+02 1.277466666666666697e+02 1.280466666666666526e+02
1.284117647058823479e+02 1.277320261437908471e+02 1.280588235294117680e+02
1.283774834437085985e+02 1.276953642384105905e+02 1.280860927152317856e+02
1.284496644295302019e+02 1.276442953020134183e+02 1.281476510067114134e+02
1.283288590604026922e+02 1.276912751677852356e+02 1.281073825503355579e+02
1.283881578947368496e+02 1.277500000000000000e+02 1.281118421052631504e+02
1.284899328859060290e+02 1.277449664429530145e+02 1.281073825503355579e+02
1.285328947368421098e+02 1.277697368421052602e+02 1.281973684210526301e+02
1.285600000000000023e+02 1.277666666666666657e+02 1.281666666666666572e+02
1.286442953020134325e+02 1.278590604026845625e+02 1.281677852348993270e+02
1.285430463576159070e+02 1.280132450331125824e+02 1.281986754966887361e+02
1.285430463576159070e+02 1.279602649006622528e+02 1.280529801324503296e+02
1.284630872483221538e+02 1.279194630872483174e+02 1.280536912751677789e+02
1.283642384105960161e+02 1.280331125827814560e+02 1.280728476821192032e+02
1.283533333333333246e+02 1.280999999999999943e+02 1.280999999999999943e+02
1.283533333333333246e+02 1.279133333333333269e+02 1.281666666666666572e+02
1.283421052631578902e+02 1.279078947368421098e+02 1.281250000000000000e+02
1.283815789473684106e+02 1.279736842105263150e+02 1.280197368421052602e+02
1.282847682119205217e+02 1.280529801324503296e+02 1.280596026490066208e+02
1.282866666666666617e+02 1.279333333333333371e+02 1.281933333333333280e+02
1.281986754966887361e+02 1.278543046357615935e+02 1.281324503311258241e+02
1.281721854304635713e+02 1.277814569536423903e+02 1.282781456953642305e+02
1.281920529801324449e+02 1.278013245033112639e+02 1.283245033112582689e+02
1.281842105263157805e+02 1.277631578947368354e+02 1.282763157894736707e+02
1.281533333333333360e+02 1.276933333333333280e+02 1.281399999999999864e+02
1.283046357615893953e+02 1.277947019867549727e+02 1.281523178807946977e+02
1.282052980132450273e+02 1.277549668874172255e+02 1.281324503311258241e+02
1.282533333333333303e+02 1.277733333333333263e+02 1.281933333333333280e+02
1.283400000000000034e+02 1.278733333333333348e+02 1.281999999999999886e+02
1.285099337748344510e+02 1.278675496688741759e+02 1.282516556291390657e+02
1.285733333333333235e+02 1.278866666666666703e+02 1.281866666666666674e+02
1.285960264900662366e+02 1.279271523178807968e+02 1.281986754966887361e+02
1.286423841059602751e+02 1.279602649006622528e+02 1.282384105960264833e+02
1.287181208053691250e+02 1.280469798657718172e+02 1.281744966442952887e+02
1.288344370860927199e+02 1.280927152317880768e+02 1.282913907284768129e+02
1.287960526315789593e+02 1.280657894736842195e+02 1.283026315789473699e+02
1.288211920529801375e+02 1.280463576158940384e+02 1.282847682119205217e+02
1.288815789473684106e+02 1.280065789473684106e+02 1.283750000000000000e+02
1.288000000000000114e+02 1.279133333333333269e+02 1.284600000000000080e+02
1.287666666666666799e+02 1.279333333333333371e+02 1.284133333333333269e+02
1.289054054054054177e+02 1.278918918918918877e+02 1.283040540540540633e+02
1.288666666666666742e+02 1.278333333333333286e+02 1.283600000000000136e+02
1.289337748344370880e+02 1.278145695364238463e+02 1.283841059602648897e+02
1.290592105263157805e+02 1.277894736842105203e+02 1.282828947368421098e+02
1.290130718954248437e+02 1.277516339869280984e+02 1.282614379084967311e+02
1.290666666666666629e+02 1.277066666666666634e+02 1.282533333333333303e+02
1.290872483221476443e+02 1.276912751677852356e+02 1.282080536912751541e+02
1.290805369127516826e+02 1.278389261744966490e+02 1.281140939597315480e+02
1.290000000000000000e+02 1.278466666666666640e+02 1.282199999999999989e+02
1.290596026490066208e+02 1.276688741721854257e+02 1.282384105960264833e+02
1.289867549668874176e+02 1.277019867549668817e+02 1.281986754966887361e+02
1.290794701986754944e+02 1.276423841059602609e+02 1.282450331125827745e+02
1.290335570469798654e+02 1.275302013422818845e+02 1.282281879194630960e+02
1.290394736842105203e+02 1.275723684210526301e+02 1.283289473684210407e+02
1.289668874172185440e+02 1.275099337748344368e+02 1.284966887417218402e+02
1.289072847682119232e+02 1.274503311258278160e+02 1.285496688741721982e+02
1.288013245033112639e+02 1.273973509933774864e+02 1.285761589403973630e+02
1.288120805369127595e+02 1.274496644295302019e+02 1.286711409395973078e+02
1.288410596026490111e+02 1.273178807947019919e+02 1.286688741721854399e+02
1.288199999999999932e+02 1.273199999999999932e+02 1.286266666666666652e+02
1.287814569536423903e+02 1.272715231788079535e+02 1.286622516556291487e+02
1.288246753246753258e+02 1.271168831168831161e+02 1.286233766233766289e+02
1.286800000000000068e+02 1.272000000000000028e+02 1.286866666666666674e+02
1.287199999999999989e+02 1.270866666666666731e+02 1.286266666666666652e+02
1.285827814569536542e+02 1.270132450331125824e+02 1.284900662251655490e+02
1.286092715231788191e+02 1.269470198675496704e+02 1.285033112582781598e+02
1.285723684210526301e+02 1.270000000000000000e+02 1.284407894736842195e+02
1.284600000000000080e+02 1.270400000000000063e+02 1.284399999999999977e+02
1.284437086092715106e+02 1.270993377483443680e+02 1.284172185430463458e+02
1.285637583892617499e+02 1.272013422818791923e+02 1.284161073825503365e+02
1.285973154362416153e+02 1.271208053691275097e+02 1.283892617449664328e+02
1.285629139072847806e+02 1.271390728476821153e+02 1.284370860927152194e+02
1.284733333333333292e+02 1.271466666666666612e+02 1.286333333333333258e+02
1.285430463576159070e+02 1.271390728476821153e+02 1.286026490066225278e+02
1.286644736842105203e+02 1.271250000000000000e+02 1.286118421052631504e+02
1.285933333333333337e+02 1.271666666666666714e+02 1.285466666666666526e+02
1.286622516556291487e+02 1.271655629139072801e+02 1.284900662251655490e+02
1.286470588235294201e+02 1.270653594771241899e+02 1.284901960784313815e+02
1.285200000000000102e+02 1.269666666666666686e+02 1.285733333333333235e+02
1.283774834437085985e+02 1.269403973509933792e+02 1.285430463576159070e+02
1.284161073825503365e+02 1.268590604026845625e+02 1.285234899328858944e+02
1.283441558441558357e+02 1.268051948051948017e+02 1.285129870129870255e+02
1.283333333333333428e+02 1.267666666666666657e+02 1.285266666666666708e+02
1.282297297297297405e+02 1.268716216216216282e+02 1.285337837837837753e+02
1.282483221476510096e+02 1.267785234899328799e+02 1.286375838926174424e+02
1.282466666666666697e+02 1.265999999999999943e+02 1.286733333333333178e+02
1.282800000000000011e+02 1.266200000000000045e+02 1.286733333333333462e+02
1.283178807947019777e+02 1.266622516556291345e+02 1.286953642384106047e+02
1.283443708609271425e+02 1.266887417218542993e+02 1.287019867549668959e+02
1.282533333333333303e+02 1.267800000000000011e+02 1.287199999999999989e+02
1.281721854304635713e+02 1.268741721854304672e+02 1.287152317880794783e+02
1.282133333333333383e+02 1.267466666666666697e+02 1.286599999999999966e+02
1.282066666666666777e+02 1.268733333333333348e+02 1.286133333333333439e+02
1.282649006622516481e+02 1.268344370860927199e+02 1.285231788079470334e+02
1.281933333333333280e+02 1.268599999999999994e+02 1.284600000000000080e+02
1.282133333333333383e+02 1.267800000000000011e+02 1.285266666666666708e+02
1.282781456953642305e+02 1.268278145695364287e+02 1.284437086092715106e+02
1.282549019607843093e+02 1.268627450980392126e+02 1.285228758169934622e+02
1.281409395973154233e+02 1.269463087248322211e+02 1.285704697986577116e+02
1.281390728476821153e+02 1.269006622516556320e+02 1.285562913907284894e+02
1.280927152317880768e+02 1.268543046357615935e+02 1.286423841059602751e+02
1.280666666666666629e+02 1.268866666666666703e+02 1.286999999999999886e+02
1.280600000000000023e+02 1.269133333333333269e+02 1.286399999999999864e+02
1.280466666666666526e+02 1.269399999999999977e+02 1.286466666666666754e+02
1.280993377483443680e+02 1.269735099337748352e+02 1.286556291390728575e+02
1.280466666666666526e+02 1.268400000000000034e+02 1.286066666666666549e+02
1.281390728476821153e+02 1.267483443708609201e+02 1.286423841059602751e+02
1.281118421052631504e+02 1.267631578947368354e+02 1.287500000000000000e+02
1.281466666666666754e+02 1.267466666666666697e+02 1.285999999999999943e+02
1.282236842105263293e+02 1.268157894736842053e+02 1.286315789473684106e+02
1.281523178807946977e+02 1.267483443708609201e+02 1.286158940397351103e+02
1.282066666666666777e+02 1.268133333333333326e+02 1.286066666666666549e+02
1.281599999999999966e+02 1.267999999999999972e+02 1.286066666666666549e+02
1.281854304635761537e+02 1.267682119205298079e+02 1.284966887417218402e+02
1.281184210526315894e+02 1.266578947368421098e+02 1.285460526315789593e+02
1.280993377483443680e+02 1.267350993377483377e+02 1.285364238410596158e+02
1.281589403973509889e+02 1.268543046357615935e+02 1.285695364238410718e+02
1.281655629139072801e+02 1.269006622516556320e+02 1.284966887417218402e+02
1.280733333333333235e+02 1.269266666666666623e+02 1.283933333333333451e+02
1.281006711409395962e+02 1.268657718120805384e+02 1.284362416107382501e+02
1.282582781456953569e+02 1.268543046357615935e+02 1.284834437086092578e+02
1.282516556291390657e+02 1.268211920529801375e+02 1.284900662251655490e+02
1.281866666666666674e+02 1.267800000000000011e+02 1.285666666666666629e+02
1.282266666666666595e+02 1.268866666666666703e+02 1.285466666666666526e+02
1.283000000000000114e+02 1.269066666666666663e+02 1.283866666666666561e+02
1.283533333333333246e+02 1.268866666666666703e+02 1.284066666666666663e+02
1.283660130718954235e+02 1.270000000000000000e+02 1.283660130718954235e+02
1.284900662251655490e+02 1.270132450331125824e+02 1.282715231788079393e+02
1.285099337748344510e+02 1.270794701986754944e+02 1.283642384105960161e+02
1.285364238410596158e+02 1.271324503311258241e+02 1.283907284768211809e+02
1.285666666666666629e+02 1.271533333333333360e+02 1.283733333333333348e+02
1.286466666666666754e+02 1.271466666666666612e+02 1.283733333333333348e+02
1.286928104575163445e+02 1.270000000000000000e+02 1.283202614379084991e+02
1.287254901960784252e+02 1.270000000000000000e+02 1.283202614379084991e+02
1.288344370860927199e+02 1.269072847682119232e+02 1.284039735099337634e+02
1.286466666666666754e+02 1.268733333333333348e+02 1.283866666666666561e+02
1.286174496644295289e+02 1.267651006711409423e+02 1.283489932885906057e+02
1.286418918918919019e+02 1.267905405405405475e+02 1.284054054054054177e+02
1.287086092715231871e+02 1.267086092715231729e+02 1.283907284768211809e+02
1.287350993377483519e+02 1.266953642384105905e+02 1.283708609271523073e+02
1.287880794701986815e+02 1.267549668874172255e+02 1.283841059602648897e+02
1.287248322147650867e+02 1.266912751677852356e+02 1.284697986577181155e+02
1.287651006711409423e+02 1.267583892617449663e+02 1.285436241610738364e+02
1.287236842105263293e+02 1.267500000000000000e+02 1.284407894736842195e+02
1.287434210526315894e+02 1.267631578947368354e+02 1.282697368421052602e+02
1.286241610738254906e+02 1.267583892617449663e+02 1.282550335570469713e+02
1.285302013422818845e+02 1.266979865771812115e+02 1.281744966442952887e+02
1.284866666666666788e+02 1.266933333333333280e+02 1.280666666666666629e+02
1.285999999999999943e+02 1.268064516129032313e+02 1.280322580645161281e+02
1.285263157894736707e+02 1.267960526315789451e+02 1.280986842105263293e+02
1.285163398692810404e+02 1.268431372549019613e+02 1.281437908496731950e+02
1.285637583892617499e+02 1.267516778523489904e+02 1.281409395973154233e+02
1.285161290322580783e+02 1.266516129032258107e+02 1.281870967741935488e+02
1.285263157894736707e+02 1.266052631578947398e+02 1.282763157894736707e+02
1.284533333333333474e+02 1.266866666666666674e+02 1.283333333333333428e+02
1.284635761589403842e+02 1.267152317880794641e+02 1.283841059602648897e+02
1.285197368421052602e+02 1.266250000000000000e+02 1.282894736842105203e+02
1.285503355704697981e+02 1.266241610738255048e+02 1.283557046979865675e+02
1.285503355704697981e+02 1.265369127516778462e+02 1.283959731543624230e+02
1.284473684210526301e+02 1.265328947368421098e+02 1.283486842105263293e+02
1.284569536423840930e+02 1.266026490066225136e+02 1.284966887417218402e+02
1.285000000000000000e+02 1.267733333333333263e+02 1.283533333333333246e+02
1.283907284768211809e+02 1.268741721854304672e+02 1.282980132450331041e+02
1.284370860927152194e+02 1.269536423841059616e+02 1.283377483443708513e+02
1.283774834437085985e+02 1.270264900662251648e+02 1.282781456953642305e+02
1.283866666666666561e+02 1.270333333333333314e+02 1.282800000000000011e+02
1.283509933774834337e+02 1.270728476821192032e+02 1.283443708609271425e+02
1.283684210526315894e+02 1.269671052631578902e+02 1.284407894736842195e+02
1.282980132450331041e+02 1.270198675496688736e+02 1.284172185430463458e+02
1.282847682119205217e+02 1.269668874172185440e+02 1.283576158940397249e+02
1.283288590604026922e+02 1.269060402684563797e+02 1.283489932885906057e+02
