1.287852348993288558e+02 1.280604026845637691e+02 1.271946308724832164e+02
1.287199999999999989e+02 1.280933333333333337e+02 1.272066666666666634e+02
1.287828947368421098e+02 1.279802631578947398e+02 1.273223684210526301e+02
1.287039473684210407e+02 1.279802631578947398e+02 1.273289473684210549e+02
1.286821192052980223e+02 1.279536423841059616e+02 1.273112582781457007e+02
1.287236842105263293e+02 1.279934210526315752e+02 1.274342105263157947e+02
1.285695364238410718e+02 1.278807947019867584e+02 1.274635761589403984e+02
1.287350993377483519e+02 1.277284768211920465e+02 1.274105960264900688e+02
1.287019867549668959e+02 1.277682119205298079e+02 1.273642384105960303e+02
1.286973684210526301e+02 1.277039473684210549e+02 1.274342105263157947e+02
1.287400000000000091e+02 1.276599999999999966e+02 1.274666666666666686e+02
1.286399999999999864e+02 1.277000000000000028e+02 1.275066666666666606e+02
1.286092715231788191e+02 1.277615894039735167e+02 1.274966887417218544e+02
1.285612903225806463e+02 1.275741935483871003e+02 1.274193548387096797e+02
1.285033112582781598e+02 1.275629139072847664e+02 1.273708609271523216e+02
1.283907284768211809e+02 1.276490066225165521e+02 1.273774834437086128e+02
1.283466666666666640e+02 1.277333333333333343e+02 1.273599999999999994e+02
1.282733333333333405e+02 1.276266666666666652e+02 1.273400000000000034e+02
1.283245033112582689e+02 1.276490066225165521e+02 1.274172185430463600e+02
1.283421052631578902e+02 1.277039473684210549e+02 1.276776315789473699e+02
1.283758389261745094e+02 1.276510067114093943e+02 1.278322147651006730e+02
1.283533333333333246e+02 1.276666666666666714e+02 1.275799999999999983e+02
1.283133333333333326e+02 1.276800000000000068e+02 1.274733333333333292e+02
1.283133333333333326e+02 1.277066666666666634e+02 1.275466666666666669e+02
1.282649006622516481e+02 1.277748344370860991e+02 1.276092715231788048e+02
1.280600000000000023e+02 1.277533333333333303e+02 1.275666666666666629e+02
1.280129870129870255e+02 1.275974025974025921e+02 1.275649350649350708e+02
1.279671052631578902e+02 1.276447368421052602e+02 1.274407894736842053e+02
1.279738562091503269e+02 1.274967320261437891e+02 1.274575163398692865e+02
1.279933774834437088e+02 1.276158940397350960e+02 1.275496688741721840e+02
1.279333333333333371e+02 1.275866666666666731e+02 1.275199999999999960e+02
1.280392156862745026e+02 1.276274509803921546e+02 1.274836601307189596e+02
1.280921052631578902e+02 1.277368421052631646e+02 1.276052631578947398e+02
1.280394736842105203e+02 1.276776315789473699e+02 1.276184210526315752e+02
1.280855263157894797e+02 1.278026315789473699e+02 1.276052631578947398e+02
1.280915032679738488e+02 1.277516339869280984e+02 1.275751633986928084e+02
1.279801324503311264e+02 1.276754966887417169e+02 1.276887417218542993e+02
1.281073825503355579e+02 1.277449664429530145e+02 1.277919463087248317e+02
1.281059602649006592e+02 1.276423841059602609e+02 1.278013245033112639e+02
1.280833333333333428e+02 1.275769230769230802e+02 1.278397435897435912e+02
1.280784313725490335e+02 1.275163398692810404e+02 1.277777777777777715e+02
1.279666666666666686e+02 1.275266666666666708e+02 1.277066666666666634e+02
1.279800000000000040e+02 1.275266666666666708e+02 1.276466666666666612e+02
1.280331125827814560e+02 1.275298013245033104e+02 1.276158940397350960e+02
1.281073825503355579e+02 1.275302013422818845e+02 1.277046979865771874e+02
1.280921052631578902e+02 1.274473684210526301e+02 1.279078947368421098e+02
1.280939597315436345e+02 1.274630872483221538e+02 1.279664429530201346e+02
1.280800000000000125e+02 1.273866666666666703e+02 1.280266666666666708e+02
1.280200000000000102e+02 1.272933333333333366e+02 1.280333333333333314e+02
1.280394736842105203e+02 1.272434210526315752e+02 1.279671052631578902e+02
1.281052631578947398e+02 1.271052631578947398e+02 1.279802631578947398e+02
1.280872483221476443e+02 1.270469798657718172e+02 1.280067114093959617e+02
1.280723684210526301e+02 1.270921052631578902e+02 1.279736842105263150e+02
1.280794701986754944e+02 1.270662251655629120e+02 1.278410596026490111e+02
1.280666666666666629e+02 1.269466666666666725e+02 1.279066666666666663e+02
1.279800000000000040e+02 1.269599999999999937e+02 1.279200000000000017e+02
1.280131578947368496e+02 1.269539473684210549e+02 1.280394736842105203e+02
1.281096774193548526e+02 1.270387096774193481e+02 1.280129032258064399e+02
1.280872483221476443e+02 1.270469798657718172e+02 1.280335570469798654e+02
1.281476510067114134e+02 1.270805369127516826e+02 1.280872483221476443e+02
1.281200000000000045e+02 1.270933333333333337e+02 1.282133333333333383e+02
1.282052980132450273e+02 1.270198675496688736e+02 1.281721854304635713e+02
1.281456953642384065e+02 1.271059602649006592e+02 1.281721854304635713e+02
1.281538461538461604e+02 1.270961538461538396e+02 1.283397435897435912e+02
1.281513157894736707e+02 1.270921052631578902e+02 1.284210526315789593e+02
1.282214765100671059e+02 1.271208053691275097e+02 1.283288590604026922e+02
1.282631578947368496e+02 1.271381578947368354e+02 1.282039473684210407e+02
1.281721854304635713e+02 1.270927152317880768e+02 1.281258278145695328e+02
1.283026315789473699e+02 1.270592105263157947e+02 1.280855263157894797e+02
1.281599999999999966e+02 1.270533333333333417e+02 1.281666666666666572e+02
1.280666666666666629e+02 1.270933333333333337e+02 1.281733333333333462e+02
1.281578947368421098e+02 1.271907894736842053e+02 1.281447368421052602e+02
1.282416107382550194e+02 1.272684563758389231e+02 1.279932885906040241e+02
1.282266666666666595e+02 1.272399999999999949e+02 1.280866666666666731e+02
1.283600000000000136e+02 1.271933333333333280e+02 1.281533333333333360e+02
1.283576158940397249e+02 1.272185430463576097e+02 1.281192052980132416e+02
1.282666666666666799e+02 1.271666666666666714e+02 1.281800000000000068e+02
1.283178807947019777e+02 1.271390728476821153e+02 1.282119205298013185e+02
1.282715231788079393e+02 1.271456953642384065e+02 1.281523178807946977e+02
1.282684563758389231e+02 1.271208053691275097e+02 1.281812080536912788e+02
1.282649006622516481e+02 1.271258278145695328e+02 1.281324503311258241e+02
1.281842105263157805e+02 1.271381578947368354e+02 1.281973684210526301e+02
1.280939597315436345e+02 1.272147651006711442e+02 1.282013422818791923e+02
1.280927152317880768e+02 1.272119205298013185e+02 1.281324503311258241e+02
1.279666666666666686e+02 1.272199999999999989e+02 1.281999999999999886e+02
1.278947368421052602e+02 1.272039473684210549e+02 1.280526315789473699e+02
1.279530201342281828e+02 1.271946308724832164e+02 1.280335570469798654e+02
1.277600000000000051e+02 1.272466666666666697e+02 1.279800000000000040e+02
1.279399999999999977e+02 1.272199999999999989e+02 1.279066666666666663e+02
1.279536423841059616e+02 1.272516556291390799e+02 1.278741721854304672e+02
1.278940397350993408e+02 1.273112582781457007e+02 1.279006622516556320e+02
1.279533333333333331e+02 1.272533333333333303e+02 1.278133333333333326e+02
1.279337748344370880e+02 1.272384105960264833e+02 1.278211920529801375e+02
1.279738562091503269e+02 1.273202614379084991e+02 1.277777777777777715e+02
1.279530201342281828e+02 1.274161073825503365e+02 1.278322147651006730e+02
1.280264900662251648e+02 1.275430463576158928e+02 1.279139072847682144e+02
1.281655629139072801e+02 1.275761589403973488e+02 1.279006622516556320e+02
1.281390728476821153e+02 1.275298013245033104e+02 1.278278145695364287e+02
1.281764705882353041e+02 1.273921568627450966e+02 1.278823529411764639e+02
1.280000000000000000e+02 1.275637583892617499e+02 1.278724832214765144e+02
1.279536423841059616e+02 1.276821192052980081e+02 1.279271523178807968e+02
1.279266666666666623e+02 1.276533333333333360e+02 1.278866666666666703e+02
1.278609271523178847e+02 1.276556291390728433e+02 1.277549668874172255e+02
1.279200000000000017e+02 1.276666666666666714e+02 1.277733333333333263e+02
1.279399999999999977e+02 1.276933333333333280e+02 1.277466666666666697e+02
1.279463087248322211e+02 1.277382550335570528e+02 1.277785234899328799e+02
1.277666666666666657e+02 1.278133333333333326e+02 1.276800000000000068e+02
1.276644295302013319e+02 1.279463087248322068e+02 1.277114093959731633e+02
1.275999999999999943e+02 1.280000000000000000e+02 1.276733333333333320e+02
1.275657894736842053e+02 1.280986842105263293e+02 1.277697368421052602e+02
1.274640522875816941e+02 1.279150326797385588e+02 1.277058823529411740e+02
1.274342105263157947e+02 1.279144736842105203e+02 1.277697368421052602e+02
1.274313725490196134e+02 1.279411764705882320e+02 1.277973856209150370e+02
1.275294117647058840e+02 1.278823529411764639e+02 1.276339869281045765e+02
1.276052631578947398e+02 1.279407894736842053e+02 1.277105263157894797e+02
1.276107382550335529e+02 1.280402684563758271e+02 1.277248322147651010e+02
1.275430463576158928e+02 1.280066225165562912e+02 1.275761589403973488e+02
1.277086092715231729e+02 1.280000000000000000e+02 1.275960264900662224e+02
1.276887417218542993e+02 1.279801324503311264e+02 1.274834437086092720e+02
1.276092715231788048e+02 1.280397350993377472e+02 1.273443708609271567e+02
1.275921052631578902e+02 1.280526315789473699e+02 1.275197368421052602e+02
1.274802631578947398e+02 1.279078947368421098e+02 1.274342105263157947e+02
1.274697986577181155e+02 1.280067114093959617e+02 1.273691275167785193e+02
1.276381578947368354e+02 1.280197368421052602e+02 1.274276315789473699e+02
1.277350993377483377e+02 1.280331125827814560e+02 1.274966887417218544e+02
1.277549668874172255e+02 1.279735099337748352e+02 1.275496688741721840e+02
1.277748344370860991e+02 1.279403973509933792e+02 1.276357615894039697e+02
1.278675496688741759e+02 1.279337748344370880e+02 1.276490066225165521e+02
1.278486842105263150e+02 1.279144736842105203e+02 1.275460526315789451e+02
1.279470198675496704e+02 1.279668874172185440e+02 1.275827814569536400e+02
1.279934640522875782e+02 1.279281045751634025e+02 1.276601307189542496e+02
1.280266666666666708e+02 1.280466666666666526e+02 1.276266666666666652e+02
1.280066666666666606e+02 1.280866666666666731e+02 1.276866666666666674e+02
1.282352941176470722e+02 1.282091503267973849e+02 1.277647058823529420e+02
1.283223684210526301e+02 1.282171052631578902e+02 1.276644736842105203e+02
1.286040268456375770e+02 1.281744966442952887e+02 1.276510067114093943e+02
1.286622516556291487e+02 1.283311258278145601e+02 1.277284768211920465e+02
1.286052631578947398e+02 1.283618421052631504e+02 1.277434210526315752e+02
1.285974025974026063e+02 1.283961038961039094e+02 1.277272727272727337e+02
1.285723684210526301e+02 1.283750000000000000e+02 1.276907894736842053e+02
1.286599999999999966e+02 1.285200000000000102e+02 1.277266666666666737e+02
1.287682119205298079e+02 1.285827814569536542e+02 1.276688741721854257e+02
1.287933333333333223e+02 1.285133333333333212e+02 1.277000000000000028e+02
1.287483443708609343e+02 1.285165562913907422e+02 1.277350993377483377e+02
1.288211920529801375e+02 1.284768211920529666e+02 1.277152317880794641e+02
1.287533333333333303e+02 1.284666666666666686e+02 1.275600000000000023e+02
1.287866666666666617e+02 1.286066666666666549e+02 1.274866666666666646e+02
1.287733333333333405e+02 1.284466666666666583e+02 1.274200000000000017e+02
1.289215686274509665e+02 1.285032679738561967e+02 1.274575163398692865e+02
1.288933333333333451e+02 1.285200000000000102e+02 1.274466666666666725e+02
1.288211920529801375e+02 1.285629139072847806e+02 1.275033112582781456e+02
1.288421052631578902e+02 1.286184210526315894e+02 1.275723684210526301e+02
1.288741721854304672e+02 1.287417218543046431e+02 1.277019867549668817e+02
1.288255033557047113e+02 1.286845637583892596e+02 1.276510067114093943e+02
1.287199999999999989e+02 1.287400000000000091e+02 1.276266666666666652e+02
1.288000000000000114e+02 1.286866666666666674e+02 1.275733333333333377e+02
1.287785234899328941e+02 1.287986577181208077e+02 1.275369127516778462e+02
1.287266666666666595e+02 1.288066666666666720e+02 1.273799999999999955e+02
1.286953642384106047e+02 1.288344370860927199e+02 1.274768211920529808e+02
1.286158940397351103e+02 1.287748344370860991e+02 1.273576158940397391e+02
1.286291390728476927e+02 1.288476821192053023e+02 1.274437086092715248e+02
1.287114093959731633e+02 1.287516778523489904e+02 1.275369127516778462e+02
1.287385620915032689e+02 1.287320261437908471e+02 1.275228758169934622e+02
1.287682119205298079e+02 1.287814569536423903e+02 1.275960264900662224e+02
1.288675496688741759e+02 1.289205298013245056e+02 1.275165562913907280e+02
1.289666666666666686e+02 1.287800000000000011e+02 1.274599999999999937e+02
1.289933333333333394e+02 1.286866666666666674e+02 1.275466666666666669e+02
1.290263157894736707e+02 1.286776315789473699e+02 1.275657894736842053e+02
1.292500000000000000e+02 1.286907894736842195e+02 1.275789473684210549e+02
1.293066666666666720e+02 1.287533333333333303e+02 1.277000000000000028e+02
1.291390728476821153e+02 1.289139072847682144e+02 1.274039735099337776e+02
1.293986928104575043e+02 1.289673202614379193e+02 1.276078431372549034e+02
1.293400000000000034e+02 1.289799999999999898e+02 1.274399999999999977e+02
1.290397350993377472e+02 1.289205298013245056e+02 1.275033112582781456e+02
1.290733333333333235e+02 1.290000000000000000e+02 1.275533333333333275e+02
1.290333333333333314e+02 1.289600000000000080e+02 1.276466666666666612e+02
1.290999999999999943e+02 1.289000000000000057e+02 1.277000000000000028e+02
1.290600000000000023e+02 1.287933333333333223e+02 1.277333333333333343e+02
1.289399999999999977e+02 1.288866666666666561e+02 1.276800000000000068e+02
1.288657718120805384e+02 1.289463087248322211e+02 1.277315436241610769e+02
1.290130718954248437e+02 1.288235294117646959e+02 1.276862745098039227e+02
1.289342105263157805e+02 1.288092105263157805e+02 1.276052631578947398e+02
1.289139072847682144e+02 1.289006622516556320e+02 1.276556291390728433e+02
1.288940397350993408e+02 1.289536423841059616e+02 1.278079470198675551e+02
1.289865771812080482e+02 1.290268456375839037e+02 1.278322147651006730e+02
1.290134228187919518e+02 1.290268456375839037e+02 1.276107382550335529e+02
1.290657894736842195e+02 1.289671052631578902e+02 1.277763157894736850e+02
1.291456953642384065e+02 1.289933774834437088e+02 1.278278145695364287e+02
1.291476510067114134e+02 1.289463087248322211e+02 1.279060402684563797e+02
1.291973684210526301e+02 1.289276315789473699e+02 1.278026315789473699e+02
1.292368421052631504e+02 1.290197368421052602e+02 1.278223684210526301e+02
1.291513157894736707e+02 1.292236842105263293e+02 1.278815789473684248e+02
1.291842105263157805e+02 1.292105263157894797e+02 1.278881578947368354e+02
1.291733333333333462e+02 1.291866666666666674e+02 1.276866666666666674e+02
1.293576158940397249e+02 1.291655629139072801e+02 1.277417218543046289e+02
1.293046357615893953e+02 1.291788079470198625e+02 1.278278145695364287e+02
1.293533333333333246e+02 1.293000000000000114e+02 1.278866666666666703e+02
1.294736842105263293e+02 1.293815789473684106e+02 1.278684210526315752e+02
1.295099337748344510e+02 1.293642384105960161e+02 1.277947019867549727e+02
1.295000000000000000e+02 1.293933333333333451e+02 1.278666666666666600e+02
1.295033112582781598e+02 1.294503311258278018e+02 1.279337748344370880e+02
1.295065789473684106e+02 1.295855263157894797e+02 1.279736842105263150e+02
1.295629139072847806e+02 1.295629139072847806e+02 1.278807947019867584e+02
1.294866666666666788e+02 1.296133333333333439e+02 1.278066666666666720e+02
1.293856209150326890e+02 1.295620915032679648e+02 1.278104575163398664e+02
1.292384105960264833e+02 1.296622516556291487e+02 1.278211920529801375e+02
1.292129032258064569e+02 1.296451612903225907e+02 1.278258064516129053e+02
1.292012987012986969e+02 1.296688311688311614e+02 1.279285714285714306e+02
1.292533333333333303e+02 1.297133333333333383e+02 1.279000000000000057e+02
1.293866666666666561e+02 1.296466666666666754e+02 1.279266666666666623e+02
1.292500000000000000e+02 1.295394736842105203e+02 1.278618421052631646e+02
1.292549019607843093e+02 1.295947712418300739e+02 1.279150326797385588e+02
1.292847682119205217e+02 1.296490066225165663e+02 1.280331125827814560e+02
1.292866666666666617e+02 1.296333333333333258e+02 1.280399999999999920e+02
1.294276315789473699e+02 1.295986842105263293e+02 1.280855263157894797e+02
1.294802631578947398e+02 1.296842105263157805e+02 1.280657894736842195e+02
1.295921052631578902e+02 1.295855263157894797e+02 1.279802631578947398e+02
1.296490066225165663e+02 1.294900662251655490e+02 1.280860927152317856e+02
1.297152317880794783e+02 1.295695364238410718e+02 1.280198675496688736e+02
1.298205128205128176e+02 1.296282051282051384e+02 1.281089743589743648e+02
1.297046979865771732e+02 1.295704697986577116e+02 1.281275167785234999e+02
1.297449664429530287e+02 1.295369127516778462e+02 1.281275167785234999e+02
1.297631578947368496e+02 1.296184210526315894e+02 1.282039473684210407e+02
1.297284768211920607e+02 1.297615894039735167e+02 1.280662251655629120e+02
1.297733333333333405e+02 1.297599999999999909e+02 1.280933333333333337e+02
1.297368421052631504e+02 1.297894736842105203e+02 1.279539473684210549e+02
1.297666666666666799e+02 1.298866666666666561e+02 1.280466666666666526e+02
1.297254901960784252e+02 1.299607843137254974e+02 1.280718954248366117e+02
1.297133333333333383e+02 1.299399999999999977e+02 1.280466666666666526e+02
1.297133333333333383e+02 1.301133333333333439e+02 1.280066666666666606e+02
1.295695364238410718e+02 1.301589403973509889e+02 1.280596026490066208e+02
1.296800000000000068e+02 1.301999999999999886e+02 1.280933333333333337e+02
1.296556291390728575e+02 1.302715231788079393e+02 1.281589403973509889e+02
1.296666666666666572e+02 1.302199999999999989e+02 1.282666666666666799e+02
1.295666666666666629e+02 1.301533333333333360e+02 1.282199999999999989e+02
1.295298013245033246e+02 1.301788079470198625e+02 1.282913907284768129e+02
1.294039735099337634e+02 1.302847682119205217e+02 1.283907284768211809e+02
1.295066666666666606e+02 1.303266666666666538e+02 1.283199999999999932e+02
1.294600000000000080e+02 1.304199999999999875e+02 1.283600000000000136e+02
1.293046357615893953e+02 1.304503311258278018e+02 1.282913907284768129e+02
1.293400000000000034e+02 1.304933333333333394e+02 1.282066666666666777e+02
1.292614379084967311e+02 1.305163398692810404e+02 1.283464052287581580e+02
1.292599999999999909e+02 1.303933333333333451e+02 1.284000000000000057e+02
1.292516556291390657e+02 1.303973509933774722e+02 1.283443708609271425e+02
1.292119205298013185e+02 1.304238410596026370e+02 1.282913907284768129e+02
1.290986842105263293e+02 1.305065789473684106e+02 1.282039473684210407e+02
1.290800000000000125e+02 1.305000000000000000e+02 1.282066666666666777e+02
1.292400000000000091e+02 1.303933333333333451e+02 1.280600000000000023e+02
1.294172185430463458e+02 1.304304635761589282e+02 1.279867549668874176e+02
1.295066666666666606e+02 1.304933333333333394e+02 1.280133333333333212e+02
1.293750000000000000e+02 1.304802631578947398e+02 1.280394736842105203e+02
1.295503355704697981e+02 1.304563758389261636e+02 1.281140939597315480e+02
1.296282051282051384e+02 1.303846153846153868e+02 1.281538461538461604e+02
1.295960264900662366e+02 1.304701986754966754e+02 1.280927152317880768e+02
1.295519480519480453e+02 1.302987012987013031e+02 1.278831168831168839e+02
1.294387096774193537e+02 1.303032258064516213e+02 1.278258064516129053e+02
1.293708609271523073e+02 1.302649006622516481e+02 1.277019867549668817e+02
1.294248366013071916e+02 1.302091503267973849e+02 1.277581699346405202e+02
1.294379084967320352e+02 1.301372549019607732e+02 1.279019607843137294e+02
1.295695364238410718e+02 1.299735099337748352e+02 1.280993377483443680e+02
1.295600000000000023e+02 1.300133333333333212e+02 1.281733333333333462e+02
1.296821192052980223e+02 1.300860927152317856e+02 1.280993377483443680e+02
1.296225165562914015e+02 1.302516556291390657e+02 1.281986754966887361e+02
1.296357615894039839e+02 1.302516556291390657e+02 1.280397350993377472e+02
1.295657894736842195e+02 1.301842105263157805e+02 1.279407894736842053e+02
1.294705882352941160e+02 1.302026143790849630e+02 1.278169934640522882e+02
1.295228758169934622e+02 1.302679738562091529e+02 1.279150326797385588e+02
1.297266666666666595e+02 1.301333333333333258e+02 1.278199999999999932e+02
1.296666666666666572e+02 1.300200000000000102e+02 1.277399999999999949e+02
1.297039473684210407e+02 1.301315789473684106e+02 1.276710526315789451e+02
1.296466666666666754e+02 1.301133333333333439e+02 1.277399999999999949e+02
1.296800000000000068e+02 1.302133333333333383e+02 1.277666666666666657e+02
1.297599999999999909e+02 1.301599999999999966e+02 1.277466666666666697e+02
1.296556291390728575e+02 1.302052980132450273e+02 1.276622516556291345e+02
1.295878378378378386e+02 1.302567567567567437e+02 1.276283783783783718e+02
1.296800000000000068e+02 1.302800000000000011e+02 1.275666666666666629e+02
1.296333333333333258e+02 1.303266666666666538e+02 1.275466666666666669e+02
1.294733333333333292e+02 1.303466666666666640e+02 1.274066666666666663e+02
1.294966442953020191e+02 1.303422818791946440e+02 1.274429530201342260e+02
1.295695364238410718e+02 1.303311258278145601e+02 1.273576158940397391e+02
1.296733333333333462e+02 1.303466666666666640e+02 1.273933333333333309e+02
1.295855263157894797e+02 1.302434210526315894e+02 1.272302631578947398e+02
1.297417218543046431e+02 1.303112582781456865e+02 1.272185430463576097e+02
1.296298701298701417e+02 1.302727272727272805e+02 1.271363636363636402e+02
1.298815789473684106e+02 1.302302631578947398e+02 1.272828947368421098e+02
1.298807947019867584e+02 1.302119205298013185e+02 1.271059602649006592e+02
1.297218543046357695e+02 1.301192052980132416e+02 1.271059602649006592e+02
1.296375838926174424e+02 1.300604026845637691e+02 1.269798657718120865e+02
1.294799999999999898e+02 1.301399999999999864e+02 1.269733333333333292e+02
1.295430463576159070e+02 1.301854304635761537e+02 1.271324503311258241e+02
1.296470588235294201e+02 1.303267973856209210e+02 1.270980392156862706e+02
1.294768211920529666e+02 1.303112582781456865e+02 1.271854304635761537e+02
1.295064935064935128e+02 1.303051948051948159e+02 1.272012987012986969e+02
1.295399999999999920e+02 1.303266666666666538e+02 1.271400000000000006e+02
1.295234899328858944e+02 1.303758389261745094e+02 1.271409395973154375e+02
1.296578947368421098e+02 1.304407894736842195e+02 1.273092105263157947e+02
1.296510067114093943e+02 1.305503355704697981e+02 1.273624161073825434e+02
1.296666666666666572e+02 1.306333333333333258e+02 1.274333333333333371e+02
1.296556291390728575e+02 1.308079470198675551e+02 1.273443708609271567e+02
1.297843137254901933e+02 1.308888888888888857e+02 1.273464052287581723e+02
1.296999999999999886e+02 1.310200000000000102e+02 1.274333333333333371e+02
1.295855263157894797e+02 1.309605263157894797e+02 1.274078947368421098e+02
1.296423841059602751e+02 1.310993377483443680e+02 1.275298013245033104e+02
1.297266666666666595e+02 1.310466666666666526e+02 1.275333333333333314e+02
1.296842105263157805e+02 1.310197368421052602e+02 1.275789473684210549e+02
1.296644736842105203e+02 1.311250000000000000e+02 1.275460526315789451e+02
1.295866666666666731e+02 1.311133333333333439e+02 1.274666666666666686e+02
1.296200000000000045e+02 1.311666666666666572e+02 1.273866666666666703e+02
1.296533333333333360e+02 1.310466666666666526e+02 1.273599999999999994e+02
1.295906040268456252e+02 1.310872483221476443e+02 1.273892617449664471e+02
1.296040268456375770e+02 1.311140939597315480e+02 1.274630872483221538e+02
1.294868421052631504e+02 1.311052631578947398e+02 1.274407894736842053e+02
1.296168831168831161e+02 1.311428571428571388e+02 1.275000000000000000e+02
1.295399999999999920e+02 1.310399999999999920e+02 1.275466666666666669e+02
1.294802631578947398e+02 1.310657894736842195e+02 1.275526315789473699e+02
1.294866666666666788e+02 1.312266666666666595e+02 1.275266666666666708e+02
1.294933333333333394e+02 1.312866666666666617e+02 1.274466666666666725e+02
1.295424836601307277e+02 1.312941176470588118e+02 1.274901960784313673e+02
1.295855263157894797e+02 1.312500000000000000e+02 1.274539473684210549e+02
1.297171052631578902e+02 1.311315789473684106e+02 1.274868421052631646e+02
1.297333333333333201e+02 1.311266666666666652e+02 1.275533333333333275e+02
1.298199999999999932e+02 1.312066666666666777e+02 1.276400000000000006e+02
1.298815789473684106e+02 1.312565789473684106e+02 1.276250000000000000e+02
1.298947368421052602e+02 1.312828947368421098e+02 1.276381578947368354e+02
1.300000000000000000e+02 1.312617449664429614e+02 1.277181208053691250e+02
1.300331125827814560e+02 1.312516556291390657e+02 1.276158940397350960e+02
1.300653594771241899e+02 1.311764705882353041e+02 1.276143790849673252e+02
1.300397350993377472e+02 1.311854304635761537e+02 1.275165562913907280e+02
1.299013157894736707e+02 1.310789473684210407e+02 1.274473684210526301e+02
1.298476821192053023e+02 1.309801324503311264e+02 1.273708609271523216e+02
1.297666666666666799e+02 1.310066666666666606e+02 1.273599999999999994e+02
1.299199999999999875e+02 1.309066666666666663e+02 1.273933333333333309e+02
1.300133333333333212e+02 1.309333333333333371e+02 1.274000000000000057e+02
1.300866666666666731e+02 1.306933333333333280e+02 1.273799999999999955e+02
1.300268456375839037e+02 1.307046979865771732e+02 1.275033557046979809e+02
1.300333333333333314e+02 1.306866666666666674e+02 1.274533333333333331e+02
1.299799999999999898e+02 1.307266666666666595e+02 1.274333333333333371e+02
1.298940397350993408e+02 1.307483443708609343e+02 1.274172185430463600e+02
1.297905405405405475e+02 1.307635135135135158e+02 1.273445945945945965e+02
1.297631578947368496e+02 1.307828947368421098e+02 1.272565789473684248e+02
1.297733333333333405e+02 1.308066666666666720e+02 1.272933333333333366e+02
1.297682119205298079e+02 1.307615894039735167e+02 1.272516556291390799e+02
1.297400000000000091e+02 1.307800000000000011e+02 1.271333333333333400e+02
1.297533333333333303e+02 1.308333333333333428e+02 1.271400000000000006e+02
1.297733333333333405e+02 1.307466666666666697e+02 1.270533333333333275e+02
1.298079470198675551e+02 1.307417218543046431e+02 1.269470198675496704e+02
1.297284768211920607e+02 1.306821192052980223e+02 1.270794701986754944e+02
1.296953642384106047e+02 1.306688741721854399e+02 1.271258278145695328e+02
1.296291390728476927e+02 1.306622516556291487e+02 1.271456953642384065e+02
1.295986842105263293e+02 1.306710526315789593e+02 1.271513157894736850e+02
1.296333333333333258e+02 1.305399999999999920e+02 1.271933333333333280e+02
1.296800000000000068e+02 1.305999999999999943e+02 1.272399999999999949e+02
1.298066666666666720e+02 1.304600000000000080e+02 1.272533333333333303e+02
1.296973684210526301e+02 1.303684210526315894e+02 1.271907894736842053e+02
1.296599999999999966e+02 1.304399999999999977e+02 1.271599999999999966e+02
1.296291390728476927e+02 1.305364238410596158e+02 1.271324503311258241e+02
1.295519480519480453e+02 1.303636363636363740e+02 1.270194805194805241e+02
1.295298013245033246e+02 1.302715231788079393e+02 1.268344370860927199e+02
1.294238410596026370e+02 1.302119205298013185e+02 1.268344370860927199e+02
1.294630872483221538e+02 1.301476510067114134e+02 1.269127516778523557e+02
1.295394736842105203e+02 1.301842105263157805e+02 1.269736842105263150e+02
1.295866666666666731e+02 1.302599999999999909e+02 1.269800000000000040e+02
1.295827814569536542e+02 1.303509933774834337e+02 1.269337748344370880e+02
1.294736842105263293e+02 1.302500000000000000e+02 1.268815789473684248e+02
1.294834437086092578e+02 1.302516556291390657e+02 1.268476821192053023e+02
1.295800000000000125e+02 1.300933333333333337e+02 1.269000000000000057e+02
1.295131578947368496e+02 1.301842105263157805e+02 1.268750000000000000e+02
1.294630872483221538e+02 1.300604026845637691e+02 1.268590604026845625e+02
1.294503311258278018e+02 1.299933774834437088e+02 1.267417218543046289e+02
1.293378378378378386e+02 1.300000000000000000e+02 1.268378378378378386e+02
1.295263157894736707e+02 1.298750000000000000e+02 1.268486842105263150e+02
1.294199999999999875e+02 1.298466666666666640e+02 1.269666666666666686e+02
1.292384105960264833e+02 1.297748344370860991e+02 1.269470198675496704e+02
1.292119205298013185e+02 1.298278145695364287e+02 1.269668874172185440e+02
1.293400000000000034e+02 1.298866666666666561e+02 1.270333333333333314e+02
1.292960526315789593e+02 1.298223684210526301e+02 1.271447368421052602e+02
1.292866666666666617e+02 1.297133333333333383e+02 1.272133333333333383e+02
1.293000000000000114e+02 1.296066666666666549e+02 1.271733333333333320e+02
1.292875816993464184e+02 1.296339869281045765e+02 1.271699346405228823e+02
1.292960526315789593e+02 1.295855263157894797e+02 1.271644736842105203e+02
1.292684563758389231e+02 1.294966442953020191e+02 1.271879194630872547e+02
1.293289473684210407e+02 1.295592105263157805e+02 1.272302631578947398e+02
1.292466666666666697e+02 1.295800000000000125e+02 1.273933333333333309e+02
1.290466666666666526e+02 1.295133333333333212e+02 1.273266666666666680e+02
1.290728476821192032e+02 1.295960264900662366e+02 1.272649006622516623e+02
1.291275167785234999e+02 1.295771812080537018e+02 1.273355704697986539e+02
1.292450331125827745e+02 1.294768211920529666e+02 1.274370860927152336e+02
1.292913907284768129e+02 1.295960264900662366e+02 1.275364238410596016e+02
1.291946308724832306e+02 1.296040268456375770e+02 1.275637583892617499e+02
1.291333333333333258e+02 1.295866666666666731e+02 1.275799999999999983e+02
1.291456953642384065e+02 1.296357615894039839e+02 1.276821192052980081e+02
1.291333333333333258e+02 1.295066666666666606e+02 1.276800000000000068e+02
1.292119205298013185e+02 1.295099337748344510e+02 1.277549668874172255e+02
1.293133333333333326e+02 1.295266666666666708e+02 1.278933333333333309e+02
1.293509933774834337e+02 1.294569536423840930e+02 1.279867549668874176e+02
1.293466666666666640e+02 1.295000000000000000e+02 1.278599999999999994e+02
1.293600000000000136e+02 1.295200000000000102e+02 1.278333333333333286e+02
1.293758389261745094e+02 1.295100671140939710e+02 1.279261744966442933e+02
1.294276315789473699e+02 1.295263157894736707e+02 1.278947368421052602e+02
1.294868421052631504e+02 1.294210526315789593e+02 1.279078947368421098e+02
1.294304635761589282e+02 1.292582781456953569e+02 1.279470198675496704e+02
1.293799999999999955e+02 1.292199999999999989e+02 1.280800000000000125e+02
1.292516556291390657e+02 1.291986754966887361e+02 1.281788079470198625e+02
1.292066666666666777e+02 1.291866666666666674e+02 1.283199999999999932e+02
1.291266666666666652e+02 1.291933333333333280e+02 1.283533333333333246e+02
1.292400000000000091e+02 1.292400000000000091e+02 1.282866666666666617e+02
1.292266666666666595e+02 1.292466666666666697e+02 1.282533333333333303e+02
1.291059602649006592e+02 1.293046357615893953e+02 1.282185430463576097e+02
1.290921052631578902e+02 1.292828947368421098e+02 1.281973684210526301e+02
1.291241830065359579e+02 1.292026143790849630e+02 1.280915032679738488e+02
1.292818791946308750e+02 1.291073825503355579e+02 1.281812080536912788e+02
1.293774834437085985e+02 1.290529801324503296e+02 1.281655629139072801e+02
1.293815789473684106e+02 1.290855263157894797e+02 1.280986842105263293e+02
1.294736842105263293e+02 1.290394736842105203e+02 1.281315789473684106e+02
1.294533333333333474e+02 1.291333333333333258e+02 1.280466666666666526e+02
1.295695364238410718e+02 1.290860927152317856e+02 1.279602649006622528e+02
1.293933333333333451e+02 1.291800000000000068e+02 1.281066666666666549e+02
1.293509933774834337e+02 1.291258278145695328e+02 1.280794701986754944e+02
1.294304635761589282e+02 1.293774834437085985e+02 1.281390728476821153e+02
1.293892617449664328e+02 1.292214765100671059e+02 1.281006711409395962e+02
1.293464052287581580e+02 1.292679738562091529e+02 1.280588235294117680e+02
1.293533333333333246e+02 1.293600000000000136e+02 1.279399999999999977e+02
1.292333333333333201e+02 1.292866666666666617e+02 1.279133333333333269e+02
1.292039473684210407e+02 1.292500000000000000e+02 1.279736842105263150e+02
1.290268456375839037e+02 1.292013422818791923e+02 1.279060402684563797e+02
1.289733333333333292e+02 1.293799999999999955e+02 1.279599999999999937e+02
1.291513157894736707e+02 1.293881578947368496e+02 1.279605263157894797e+02
1.292866666666666617e+02 1.294199999999999875e+02 1.280200000000000102e+02
1.292416107382550194e+02 1.293892617449664328e+02 1.279060402684563797e+02
1.292631578947368496e+02 1.294144736842105203e+02 1.280394736842105203e+02
1.292533333333333303e+02 1.292666666666666799e+02 1.280000000000000000e+02
1.293199999999999932e+02 1.291800000000000068e+02 1.279733333333333292e+02
1.292185430463576097e+02 1.292847682119205217e+02 1.280596026490066208e+02
1.292368421052631504e+02 1.292302631578947398e+02 1.280197368421052602e+02
1.291960784313725412e+02 1.291960784313725412e+02 1.279738562091503269e+02
1.291788079470198625e+02 1.293708609271523073e+02 1.280000000000000000e+02
1.290201342281879135e+02 1.292684563758389231e+02 1.279798657718120865e+02
1.289801324503311264e+02 1.293973509933774722e+02 1.280000000000000000e+02
1.290466666666666526e+02 1.294399999999999977e+02 1.278666666666666600e+02
1.288675496688741759e+02 1.295231788079470334e+02 1.279933774834437088e+02
1.288533333333333246e+02 1.295600000000000023e+02 1.280333333333333314e+02
1.287599999999999909e+02 1.295399999999999920e+02 1.280733333333333235e+02
1.289477124183006538e+02 1.293137254901960773e+02 1.280980392156862706e+02
1.290066666666666606e+02 1.293533333333333246e+02 1.281933333333333280e+02
1.288933333333333451e+02 1.294600000000000080e+02 1.282466666666666697e+02
1.291390728476821153e+02 1.293046357615893953e+02 1.282052980132450273e+02
1.290866666666666731e+02 1.293400000000000034e+02 1.283333333333333428e+02
1.291644736842105203e+02 1.294671052631578902e+02 1.283289473684210407e+02
1.293157894736842195e+02 1.293421052631578902e+02 1.284473684210526301e+02
1.294569536423840930e+02 1.294437086092715106e+02 1.283178807947019777e+02
1.294399999999999977e+02 1.294199999999999875e+02 1.282533333333333303e+02
1.294600000000000080e+02 1.293799999999999955e+02 1.282266666666666595e+02
1.293733333333333348e+02 1.293533333333333246e+02 1.283066666666666720e+02
1.293856209150326890e+02 1.293790849673202672e+02 1.282287581699346504e+02
1.293355263157894797e+02 1.293486842105263293e+02 1.283486842105263293e+02
1.293112582781456865e+02 1.294105960264900546e+02 1.283708609271523073e+02
1.292702702702702595e+02 1.294256756756756772e+02 1.283378378378378386e+02
1.292894736842105203e+02 1.294539473684210407e+02 1.283815789473684106e+02
1.292119205298013185e+02 1.294503311258278018e+02 1.284304635761589282e+02
1.291324503311258241e+02 1.292185430463576097e+02 1.286092715231788191e+02
1.292133333333333383e+02 1.291466666666666754e+02 1.286933333333333280e+02
1.292147651006711442e+02 1.292550335570469713e+02 1.286375838926174424e+02
1.292400000000000091e+02 1.292466666666666697e+02 1.286399999999999864e+02
1.291973684210526301e+02 1.292565789473684106e+02 1.287302631578947398e+02
1.290800000000000125e+02 1.291866666666666674e+02 1.287400000000000091e+02
1.289605263157894797e+02 1.292105263157894797e+02 1.287236842105263293e+02
1.288496732026143832e+02 1.292287581699346504e+02 1.288431372549019613e+02
1.288486842105263293e+02 1.291184210526315894e+02 1.288486842105263293e+02
1.286933333333333280e+02 1.291733333333333462e+02 1.288666666666666742e+02
1.287236842105263293e+02 1.292500000000000000e+02 1.287565789473684106e+02
1.287905405405405475e+02 1.292027027027027088e+02 1.286013513513513544e+02
1.289403973509933792e+02 1.292052980132450273e+02 1.284635761589403842e+02
1.289733333333333292e+02 1.290733333333333235e+02 1.284399999999999977e+02
1.287866666666666617e+02 1.291200000000000045e+02 1.285000000000000000e+02
1.288590604026845767e+02 1.293489932885906057e+02 1.285503355704697981e+02
1.288266666666666538e+02 1.292400000000000091e+02 1.284333333333333371e+02
1.289006622516556320e+02 1.292119205298013185e+02 1.284768211920529666e+02
1.288627450980392268e+02 1.292222222222222285e+02 1.285947712418300739e+02
1.288333333333333428e+02 1.292599999999999909e+02 1.286133333333333439e+02
1.288145695364238463e+02 1.293178807947019777e+02 1.286357615894039839e+02
1.288741721854304672e+02 1.292781456953642305e+02 1.285894039735099454e+02
1.288543046357615935e+02 1.292781456953642305e+02 1.287417218543046431e+02
1.289399999999999977e+02 1.292199999999999989e+02 1.287733333333333405e+02
1.289473684210526301e+02 1.292434210526315894e+02 1.287039473684210407e+02
1.290980392156862706e+02 1.292483660130718874e+02 1.287058823529411882e+02
1.291476510067114134e+02 1.292751677852349133e+02 1.286241610738254906e+02
1.291812080536912788e+02 1.292550335570469713e+02 1.286241610738254906e+02
1.293087248322147786e+02 1.293020134228187885e+02 1.284832214765100673e+02
1.292941176470588118e+02 1.292091503267973849e+02 1.284313725490196134e+02
1.292866666666666617e+02 1.292266666666666595e+02 1.285200000000000102e+02
1.293825503355704711e+02 1.293355704697986539e+02 1.285771812080537018e+02
1.294342105263157805e+02 1.293421052631578902e+02 1.285131578947368496e+02
1.293600000000000136e+02 1.293000000000000114e+02 1.284199999999999875e+02
1.295399999999999920e+02 1.293733333333333348e+02 1.282666666666666799e+02
1.295000000000000000e+02 1.294333333333333371e+02 1.283333333333333428e+02
1.295000000000000000e+02 1.294600000000000080e+02 1.282800000000000011e+02
1.294399999999999977e+02 1.294399999999999977e+02 1.281999999999999886e+02
1.295629139072847806e+02 1.294503311258278018e+02 1.281920529801324449e+02
1.295999999999999943e+02 1.293733333333333348e+02 1.282599999999999909e+02
1.295666666666666629e+02 1.294133333333333269e+02 1.282266666666666595e+02
