1.282147651006711442e+02 1.278590604026845625e+02 1.279865771812080482e+02
1.282147651006711442e+02 1.278590604026845625e+02 1.279865771812080482e+02
1.282649006622516481e+02 1.278609271523178847e+02 1.279536423841059616e+02
1.282666666666666799e+02 1.278733333333333348e+02 1.279533333333333331e+02
1.282483221476510096e+02 1.278523489932885866e+02 1.279597315436241587e+02
1.282533333333333303e+02 1.278599999999999994e+02 1.279133333333333269e+02
1.282582781456953569e+02 1.278145695364238463e+02 1.278675496688741759e+02
1.282400000000000091e+02 1.278266666666666680e+02 1.278333333333333286e+02
1.282333333333333201e+02 1.278599999999999994e+02 1.278199999999999932e+02
1.281879194630872405e+02 1.278456375838926107e+02 1.279463087248322211e+02
1.281666666666666572e+02 1.278599999999999994e+02 1.279000000000000057e+02
1.281466666666666754e+02 1.278733333333333348e+02 1.278933333333333309e+02
1.281266666666666652e+02 1.278733333333333348e+02 1.278866666666666703e+02
1.281599999999999966e+02 1.278133333333333326e+02 1.279200000000000017e+02
1.282066666666666777e+02 1.277600000000000051e+02 1.279466666666666725e+02
1.281999999999999886e+02 1.278599999999999994e+02 1.279666666666666686e+02
1.281589403973509889e+02 1.279470198675496704e+02 1.279668874172185440e+02
1.281933333333333280e+02 1.279599999999999937e+02 1.279866666666666646e+02
1.282550335570469713e+02 1.278926174496644279e+02 1.279194630872483174e+02
1.282251655629139009e+02 1.278410596026490111e+02 1.279867549668874176e+02
1.282333333333333201e+02 1.278333333333333286e+02 1.279333333333333371e+02
1.282133333333333383e+02 1.278533333333333388e+02 1.279200000000000017e+02
1.282251655629139009e+02 1.278609271523178847e+02 1.279337748344370880e+02
1.282333333333333201e+02 1.278199999999999932e+02 1.278666666666666600e+02
1.281533333333333360e+02 1.278133333333333326e+02 1.279000000000000057e+02
1.281133333333333439e+02 1.277666666666666657e+02 1.278866666666666703e+02
1.280600000000000023e+02 1.276666666666666714e+02 1.278333333333333286e+02
1.280733333333333235e+02 1.277533333333333303e+02 1.278400000000000034e+02
1.280536912751677789e+02 1.277785234899328799e+02 1.278456375838926107e+02
1.280201342281879135e+02 1.278389261744966490e+02 1.279060402684563797e+02
1.280463576158940384e+02 1.278145695364238463e+02 1.279602649006622528e+02
1.280600000000000023e+02 1.277733333333333263e+02 1.279733333333333292e+02
1.280133333333333212e+02 1.277466666666666697e+02 1.279333333333333371e+02
1.280600000000000023e+02 1.277600000000000051e+02 1.279666666666666686e+02
1.280666666666666629e+02 1.277533333333333303e+02 1.279666666666666686e+02
1.280466666666666526e+02 1.277333333333333343e+02 1.279266666666666623e+02
1.280866666666666731e+02 1.277399999999999949e+02 1.278666666666666600e+02
1.281599999999999966e+02 1.278066666666666720e+02 1.278066666666666720e+02
1.281866666666666674e+02 1.278666666666666600e+02 1.279800000000000040e+02
1.282266666666666595e+02 1.279000000000000057e+02 1.279666666666666686e+02
1.282599999999999909e+02 1.278733333333333348e+02 1.280133333333333212e+02
1.282450331125827745e+02 1.278807947019867584e+02 1.280529801324503296e+02
1.282066666666666777e+02 1.278466666666666640e+02 1.280133333333333212e+02
1.282933333333333223e+02 1.278066666666666720e+02 1.279599999999999937e+02
1.283066666666666720e+02 1.277733333333333263e+02 1.279733333333333292e+02
1.282666666666666799e+02 1.278199999999999932e+02 1.280266666666666708e+02
1.281920529801324449e+02 1.278410596026490111e+02 1.280066225165562912e+02
1.282599999999999909e+02 1.278266666666666680e+02 1.280066666666666606e+02
1.282599999999999909e+02 1.278533333333333388e+02 1.280200000000000102e+02
1.282599999999999909e+02 1.278400000000000034e+02 1.279733333333333292e+02
1.282818791946308750e+02 1.278389261744966490e+02 1.279664429530201346e+02
1.283000000000000114e+02 1.279133333333333269e+02 1.279666666666666686e+02
1.283133333333333326e+02 1.279266666666666623e+02 1.280466666666666526e+02
1.282533333333333303e+02 1.280133333333333212e+02 1.280466666666666526e+02
1.283533333333333246e+02 1.279066666666666663e+02 1.280600000000000023e+02
1.283866666666666561e+02 1.279133333333333269e+02 1.281466666666666754e+02
1.283973509933774722e+02 1.279602649006622528e+02 1.281059602649006592e+02
1.283266666666666538e+02 1.279399999999999977e+02 1.281333333333333258e+02
1.283355704697986539e+02 1.279194630872483174e+02 1.281543624161073751e+02
1.282800000000000011e+02 1.279000000000000057e+02 1.281200000000000045e+02
1.282450331125827745e+02 1.279006622516556320e+02 1.281721854304635713e+02
1.283000000000000114e+02 1.279399999999999977e+02 1.280800000000000125e+02
1.283199999999999932e+02 1.279333333333333371e+02 1.280933333333333337e+02
1.283066666666666720e+02 1.279599999999999937e+02 1.280666666666666629e+02
1.282933333333333223e+02 1.279466666666666725e+02 1.280800000000000125e+02
1.283333333333333428e+02 1.279399999999999977e+02 1.280800000000000125e+02
1.283066666666666720e+02 1.279399999999999977e+02 1.281266666666666652e+02
1.282913907284768129e+02 1.279072847682119232e+02 1.281390728476821153e+02
1.282781456953642305e+02 1.278874172185430496e+02 1.281125827814569504e+02
1.283066666666666720e+02 1.279066666666666663e+02 1.281200000000000045e+02
1.282649006622516481e+02 1.279072847682119232e+02 1.281324503311258241e+02
1.282885906040268367e+02 1.279530201342281828e+02 1.281006711409395962e+02
1.282649006622516481e+02 1.279735099337748352e+02 1.281589403973509889e+02
1.281933333333333280e+02 1.279133333333333269e+02 1.281066666666666549e+02
1.281721854304635713e+02 1.279271523178807968e+02 1.280927152317880768e+02
1.281342281879194616e+02 1.279597315436241587e+02 1.281140939597315480e+02
1.281721854304635713e+02 1.279602649006622528e+02 1.281655629139072801e+02
1.282317880794701921e+02 1.279337748344370880e+02 1.281788079470198625e+02
1.281986754966887361e+02 1.278874172185430496e+02 1.281721854304635713e+02
1.281666666666666572e+02 1.279000000000000057e+02 1.281666666666666572e+02
1.281920529801324449e+02 1.279006622516556320e+02 1.282052980132450273e+02
1.281999999999999886e+02 1.278066666666666720e+02 1.282333333333333201e+02
1.281866666666666674e+02 1.278533333333333388e+02 1.282266666666666595e+02
1.282333333333333201e+02 1.278066666666666720e+02 1.283000000000000114e+02
1.282333333333333201e+02 1.278666666666666600e+02 1.282333333333333201e+02
1.282133333333333383e+02 1.279000000000000057e+02 1.281933333333333280e+02
1.282199999999999989e+02 1.279133333333333269e+02 1.281599999999999966e+02
1.281866666666666674e+02 1.279066666666666663e+02 1.281999999999999886e+02
1.282066666666666777e+02 1.278799999999999955e+02 1.282400000000000091e+02
1.282266666666666595e+02 1.279000000000000057e+02 1.282666666666666799e+02
1.281800000000000068e+02 1.278466666666666640e+02 1.282466666666666697e+02
1.282147651006711442e+02 1.277248322147651010e+02 1.282684563758389231e+02
1.282066666666666777e+02 1.277600000000000051e+02 1.282066666666666777e+02
1.282119205298013185e+02 1.278476821192053023e+02 1.282251655629139009e+02
1.282800000000000011e+02 1.278466666666666640e+02 1.281666666666666572e+02
1.282533333333333303e+02 1.278133333333333326e+02 1.281666666666666572e+02
1.282666666666666799e+02 1.278933333333333309e+02 1.281933333333333280e+02
1.281920529801324449e+02 1.278874172185430496e+02 1.282715231788079393e+02
1.281800000000000068e+02 1.279200000000000017e+02 1.281933333333333280e+02
1.281800000000000068e+02 1.278799999999999955e+02 1.282199999999999989e+02
1.281721854304635713e+02 1.278675496688741759e+02 1.281589403973509889e+02
1.281710526315789593e+02 1.278881578947368354e+02 1.281447368421052602e+02
1.282533333333333303e+02 1.278733333333333348e+02 1.281866666666666674e+02
1.282199999999999989e+02 1.278866666666666703e+02 1.282133333333333383e+02
1.281866666666666674e+02 1.277999999999999972e+02 1.281800000000000068e+02
1.282119205298013185e+02 1.277615894039735167e+02 1.281589403973509889e+02
1.281666666666666572e+02 1.277999999999999972e+02 1.281933333333333280e+02
1.281200000000000045e+02 1.277999999999999972e+02 1.281533333333333360e+02
1.281399999999999864e+02 1.278400000000000034e+02 1.281666666666666572e+02
1.281133333333333439e+02 1.278733333333333348e+02 1.281999999999999886e+02
1.280993377483443680e+02 1.278807947019867584e+02 1.282052980132450273e+02
1.281066666666666549e+02 1.279200000000000017e+02 1.281733333333333462e+02
1.281533333333333360e+02 1.279399999999999977e+02 1.281866666666666674e+02
1.282133333333333383e+02 1.278733333333333348e+02 1.281599999999999966e+02
1.282333333333333201e+02 1.278400000000000034e+02 1.281466666666666754e+02
1.282333333333333201e+02 1.278533333333333388e+02 1.281533333333333360e+02
1.281333333333333258e+02 1.278733333333333348e+02 1.281666666666666572e+02
1.281266666666666652e+02 1.279399999999999977e+02 1.281599999999999966e+02
1.282466666666666697e+02 1.279066666666666663e+02 1.281933333333333280e+02
1.282251655629139009e+02 1.278874172185430496e+02 1.281258278145695328e+02
1.282066666666666777e+02 1.278733333333333348e+02 1.281533333333333360e+02
1.282052980132450273e+02 1.278807947019867584e+02 1.281920529801324449e+02
1.282333333333333201e+02 1.279200000000000017e+02 1.281466666666666754e+02
1.282066666666666777e+02 1.278533333333333388e+02 1.281599999999999966e+02
1.282133333333333383e+02 1.278199999999999932e+02 1.281533333333333360e+02
1.282266666666666595e+02 1.277733333333333263e+02 1.280933333333333337e+02
1.283046357615893953e+02 1.278278145695364287e+02 1.282119205298013185e+02
1.282913907284768129e+02 1.278543046357615935e+02 1.282251655629139009e+02
1.283266666666666538e+02 1.279200000000000017e+02 1.281599999999999966e+02
1.283311258278145601e+02 1.279006622516556320e+02 1.281920529801324449e+02
1.283046357615893953e+02 1.279205298013245056e+02 1.281920529801324449e+02
1.282281879194630960e+02 1.280000000000000000e+02 1.282013422818791923e+02
1.281721854304635713e+02 1.279602649006622528e+02 1.282185430463576097e+02
1.281907894736842195e+02 1.279539473684210549e+02 1.282105263157894797e+02
1.282400000000000091e+02 1.279800000000000040e+02 1.282533333333333303e+02
1.283400000000000034e+02 1.279800000000000040e+02 1.282400000000000091e+02
1.282751677852349133e+02 1.280134228187919518e+02 1.282214765100671059e+02
1.282715231788079393e+02 1.280000000000000000e+02 1.282450331125827745e+02
1.281744966442952887e+02 1.278791946308724903e+02 1.282818791946308750e+02
1.282333333333333201e+02 1.279200000000000017e+02 1.282733333333333405e+02
1.282251655629139009e+02 1.279006622516556320e+02 1.282913907284768129e+02
1.282533333333333303e+02 1.279200000000000017e+02 1.282199999999999989e+02
1.282649006622516481e+02 1.279006622516556320e+02 1.282384105960264833e+02
1.283199999999999932e+02 1.279266666666666623e+02 1.282666666666666799e+02
1.282953020134228268e+02 1.279395973154362451e+02 1.282483221476510096e+02
1.282847682119205217e+02 1.279602649006622528e+02 1.282649006622516481e+02
1.282450331125827745e+02 1.279933774834437088e+02 1.282185430463576097e+02
1.282533333333333303e+02 1.280333333333333314e+02 1.282199999999999989e+02
1.282847682119205217e+02 1.280662251655629120e+02 1.282384105960264833e+02
1.282450331125827745e+02 1.280198675496688736e+02 1.282516556291390657e+02
1.282733333333333405e+02 1.279133333333333269e+02 1.282333333333333201e+02
1.282666666666666799e+02 1.279066666666666663e+02 1.282400000000000091e+02
1.283289473684210407e+02 1.279407894736842053e+02 1.282236842105263293e+02
1.283400000000000034e+02 1.279466666666666725e+02 1.282133333333333383e+02
1.282953020134228268e+02 1.279597315436241587e+02 1.282214765100671059e+02
1.282866666666666617e+02 1.279333333333333371e+02 1.282133333333333383e+02
1.283600000000000136e+02 1.279333333333333371e+02 1.282800000000000011e+02
1.283443708609271425e+02 1.278940397350993408e+02 1.282847682119205217e+02
1.282913907284768129e+02 1.279668874172185440e+02 1.282185430463576097e+02
1.282266666666666595e+02 1.280399999999999920e+02 1.282066666666666777e+02
1.282052980132450273e+02 1.280463576158940384e+02 1.281986754966887361e+02
1.282733333333333405e+02 1.280666666666666629e+02 1.282133333333333383e+02
1.283046357615893953e+02 1.280596026490066208e+02 1.282185430463576097e+02
1.282333333333333201e+02 1.280200000000000102e+02 1.282066666666666777e+02
1.282582781456953569e+02 1.280397350993377472e+02 1.282384105960264833e+02
1.282733333333333405e+02 1.280133333333333212e+02 1.282533333333333303e+02
1.282800000000000011e+02 1.279333333333333371e+02 1.281999999999999886e+02
1.282933333333333223e+02 1.279266666666666623e+02 1.282066666666666777e+02
1.283708609271523073e+02 1.279271523178807968e+02 1.281655629139072801e+02
1.284666666666666686e+02 1.278733333333333348e+02 1.281533333333333360e+02
1.285100671140939710e+02 1.278523489932885866e+02 1.282080536912751541e+02
1.284866666666666788e+02 1.278733333333333348e+02 1.282266666666666595e+02
1.284600000000000080e+02 1.278933333333333309e+02 1.281800000000000068e+02
1.284370860927152194e+02 1.279271523178807968e+02 1.281721854304635713e+02
1.284399999999999977e+02 1.279533333333333331e+02 1.281533333333333360e+02
1.284362416107382501e+02 1.278926174496644279e+02 1.281543624161073751e+02
1.284600000000000080e+02 1.278933333333333309e+02 1.281800000000000068e+02
1.284370860927152194e+02 1.278874172185430496e+02 1.282185430463576097e+02
1.283933333333333451e+02 1.279333333333333371e+02 1.282266666666666595e+02
1.284362416107382501e+02 1.278724832214765144e+02 1.282684563758389231e+02
1.284569536423840930e+02 1.278874172185430496e+02 1.282516556291390657e+02
1.284733333333333292e+02 1.279266666666666623e+02 1.282199999999999989e+02
1.285066666666666606e+02 1.278733333333333348e+02 1.283066666666666720e+02
1.285131578947368496e+02 1.278552631578947398e+02 1.282302631578947398e+02
1.284635761589403842e+02 1.279536423841059616e+02 1.281523178807946977e+02
1.284933333333333394e+02 1.279866666666666646e+02 1.281533333333333360e+02
1.285666666666666629e+02 1.279733333333333292e+02 1.281466666666666754e+02
1.284933333333333394e+02 1.279399999999999977e+02 1.281733333333333462e+02
1.285099337748344510e+02 1.279271523178807968e+02 1.281192052980132416e+02
1.284666666666666686e+02 1.279466666666666725e+02 1.281333333333333258e+02
1.284635761589403842e+02 1.279602649006622528e+02 1.280927152317880768e+02
1.285000000000000000e+02 1.279399999999999977e+02 1.281133333333333155e+02
1.284304635761589282e+02 1.278940397350993408e+02 1.281125827814569504e+02
1.284105960264900546e+02 1.279403973509933792e+02 1.280927152317880768e+02
1.285369127516778462e+02 1.278791946308724903e+02 1.280872483221476443e+02
1.285000000000000000e+02 1.278066666666666720e+02 1.280533333333333417e+02
1.284733333333333292e+02 1.278333333333333286e+02 1.280266666666666708e+02
1.284933333333333394e+02 1.278866666666666703e+02 1.280266666666666708e+02
1.285430463576159070e+02 1.279602649006622528e+02 1.280728476821192032e+02
1.285800000000000125e+02 1.279800000000000040e+02 1.281266666666666652e+02
1.285733333333333235e+02 1.280133333333333212e+02 1.281800000000000068e+02
1.285466666666666526e+02 1.279666666666666686e+02 1.281866666666666674e+02
1.285733333333333235e+02 1.279666666666666686e+02 1.281733333333333462e+02
1.285704697986577116e+02 1.280067114093959617e+02 1.281812080536912788e+02
1.285364238410596158e+02 1.280529801324503296e+02 1.282185430463576097e+02
1.285800000000000125e+02 1.280333333333333314e+02 1.281999999999999886e+02
1.286066666666666549e+02 1.279599999999999937e+02 1.281733333333333462e+02
1.285933333333333337e+02 1.279200000000000017e+02 1.281333333333333258e+02
1.285866666666666731e+02 1.279399999999999977e+02 1.281999999999999886e+02
1.285771812080537018e+02 1.279060402684563797e+02 1.281677852348993270e+02
1.286423841059602751e+02 1.279602649006622528e+02 1.281390728476821153e+02
1.285231788079470334e+02 1.280132450331125824e+02 1.280529801324503296e+02
1.285399999999999920e+02 1.279933333333333394e+02 1.280200000000000102e+02
1.285761589403973630e+02 1.279801324503311264e+02 1.280463576158940384e+02
1.285364238410596158e+02 1.279536423841059616e+02 1.280264900662251648e+02
1.286333333333333258e+02 1.279599999999999937e+02 1.280399999999999920e+02
1.286622516556291487e+02 1.280132450331125824e+02 1.280596026490066208e+02
1.286333333333333258e+02 1.280933333333333337e+02 1.280333333333333314e+02
1.285999999999999943e+02 1.280000000000000000e+02 1.280333333333333314e+02
1.285666666666666629e+02 1.279399999999999977e+02 1.281066666666666549e+02
1.285600000000000023e+02 1.279333333333333371e+02 1.280933333333333337e+02
1.285637583892617499e+02 1.279798657718120865e+02 1.280469798657718172e+02
1.285333333333333314e+02 1.280000000000000000e+02 1.281466666666666754e+02
1.285666666666666629e+02 1.280066666666666606e+02 1.281999999999999886e+02
1.285666666666666629e+02 1.280600000000000023e+02 1.281666666666666572e+02
1.285733333333333235e+02 1.280066666666666606e+02 1.281399999999999864e+02
1.285231788079470334e+02 1.280331125827814560e+02 1.281192052980132416e+02
1.284733333333333292e+02 1.280333333333333314e+02 1.280999999999999943e+02
1.285466666666666811e+02 1.280866666666666731e+02 1.281133333333333155e+02
1.285430463576158786e+02 1.280860927152317856e+02 1.281854304635761537e+02
1.284933333333333110e+02 1.280866666666666731e+02 1.281733333333333462e+02
1.285200000000000102e+02 1.281133333333333439e+02 1.281266666666666652e+02
1.285100671140939710e+02 1.281140939597315480e+02 1.281476510067114134e+02
1.284933333333333394e+02 1.281266666666666652e+02 1.281266666666666652e+02
1.284266666666666765e+02 1.281133333333333439e+02 1.281466666666666754e+02
1.283666666666666742e+02 1.280200000000000102e+02 1.281866666666666674e+02
1.283733333333333348e+02 1.279800000000000040e+02 1.282066666666666777e+02
1.284172185430463742e+02 1.279337748344370880e+02 1.282781456953642305e+02
1.284437086092715106e+02 1.278476821192052881e+02 1.282913907284768129e+02
1.284635761589404126e+02 1.278344370860927057e+02 1.282847682119205217e+02
1.285066666666666890e+02 1.278333333333333286e+02 1.282800000000000011e+02
1.285399999999999920e+02 1.279200000000000017e+02 1.282266666666666595e+02
1.284600000000000080e+02 1.278466666666666640e+02 1.282133333333333383e+02
1.284832214765100673e+02 1.278657718120805384e+02 1.282214765100671059e+02
1.284768211920529666e+02 1.279205298013245056e+02 1.282450331125827745e+02
1.285704697986577116e+02 1.279060402684563797e+02 1.281812080536912788e+02
1.285466666666666526e+02 1.279066666666666663e+02 1.281933333333333280e+02
1.285298013245033246e+02 1.279205298013245056e+02 1.281589403973509889e+02
1.284238410596026370e+02 1.278278145695364287e+02 1.281920529801324449e+02
1.283666666666666742e+02 1.278666666666666600e+02 1.281333333333333258e+02
1.284333333333333371e+02 1.278866666666666703e+02 1.281333333333333258e+02
1.284600000000000080e+02 1.278133333333333326e+02 1.282133333333333383e+02
1.284666666666666686e+02 1.278133333333333326e+02 1.282599999999999909e+02
1.284437086092715106e+02 1.278013245033112639e+02 1.282251655629139009e+02
1.284266666666666765e+02 1.277800000000000011e+02 1.282199999999999989e+02
1.284333333333333371e+02 1.277666666666666657e+02 1.281866666666666674e+02
1.284569536423840930e+02 1.277814569536423903e+02 1.281655629139072801e+02
1.283933333333333451e+02 1.277600000000000051e+02 1.281999999999999886e+02
1.283642384105960161e+02 1.277417218543046289e+02 1.282251655629139009e+02
1.283825503355704711e+02 1.277516778523489904e+02 1.282818791946308750e+02
1.284370860927152194e+02 1.277682119205298079e+02 1.282649006622516481e+02
1.284701986754966754e+02 1.277748344370860991e+02 1.282649006622516481e+02
1.284466666666666583e+02 1.278066666666666720e+02 1.282333333333333201e+02
1.284466666666666583e+02 1.278199999999999932e+02 1.282666666666666799e+02
1.284466666666666583e+02 1.278466666666666640e+02 1.282266666666666595e+02
1.284199999999999875e+02 1.278466666666666640e+02 1.281599999999999966e+02
1.284466666666666583e+02 1.279200000000000017e+02 1.281733333333333462e+02
1.284635761589403842e+02 1.279205298013245056e+02 1.281655629139072801e+02
1.284733333333333292e+02 1.279000000000000057e+02 1.281933333333333280e+02
1.284666666666666686e+02 1.279200000000000017e+02 1.281866666666666674e+02
1.284569536423840930e+02 1.279668874172185440e+02 1.282317880794701921e+02
1.284172185430463458e+02 1.279337748344370880e+02 1.281920529801324449e+02
1.284437086092715106e+02 1.279536423841059616e+02 1.280993377483443680e+02
1.284466666666666583e+02 1.279133333333333269e+02 1.280666666666666629e+02
1.284172185430463458e+02 1.278940397350993408e+02 1.280860927152317856e+02
1.283133333333333326e+02 1.278599999999999994e+02 1.280999999999999943e+02
1.283576158940397249e+02 1.277880794701986815e+02 1.280993377483443680e+02
1.283377483443708513e+02 1.277880794701986815e+02 1.280066225165562912e+02
1.283133333333333326e+02 1.278266666666666680e+02 1.280333333333333314e+02
1.283133333333333326e+02 1.278400000000000034e+02 1.280600000000000023e+02
1.283066666666666720e+02 1.278199999999999932e+02 1.280866666666666731e+02
1.283333333333333428e+02 1.277733333333333263e+02 1.281333333333333258e+02
1.283799999999999955e+02 1.277800000000000011e+02 1.281666666666666572e+02
1.284039735099337634e+02 1.278145695364238463e+02 1.281854304635761537e+02
1.283892617449664328e+02 1.278053691275167836e+02 1.281677852348993270e+02
1.284093959731543748e+02 1.278053691275167836e+02 1.281342281879194616e+02
1.284105960264900546e+02 1.277947019867549727e+02 1.281192052980132416e+02
1.283400000000000034e+02 1.277800000000000011e+02 1.280399999999999920e+02
1.283333333333333428e+02 1.277133333333333383e+02 1.280733333333333235e+02
1.283154362416107404e+02 1.277248322147651010e+02 1.280067114093959617e+02
1.283000000000000114e+02 1.277466666666666697e+02 1.279599999999999937e+02
1.283266666666666538e+02 1.277466666666666697e+02 1.278866666666666703e+02
1.282866666666666617e+02 1.277666666666666657e+02 1.278599999999999994e+02
1.283066666666666720e+02 1.278266666666666680e+02 1.278533333333333388e+02
1.281324503311258241e+02 1.277748344370860991e+02 1.278807947019867584e+02
1.281266666666666652e+02 1.277399999999999949e+02 1.279000000000000057e+02
1.281266666666666652e+02 1.277266666666666737e+02 1.278933333333333309e+02
1.281399999999999864e+02 1.276866666666666674e+02 1.279466666666666725e+02
1.281125827814569504e+02 1.276754966887417169e+02 1.279867549668874176e+02
1.281533333333333360e+02 1.276800000000000068e+02 1.280066666666666606e+02
1.281744966442952887e+02 1.277181208053691250e+02 1.280268456375839037e+02
1.282199999999999989e+02 1.276666666666666714e+02 1.279533333333333331e+02
1.282866666666666617e+02 1.276666666666666714e+02 1.279000000000000057e+02
1.282866666666666617e+02 1.277133333333333383e+02 1.278866666666666703e+02
1.283377483443708513e+02 1.277880794701986815e+02 1.278410596026490111e+02
1.283199999999999932e+02 1.278199999999999932e+02 1.278733333333333348e+02
1.283509933774834337e+02 1.278079470198675551e+02 1.278874172185430496e+02
1.283666666666666742e+02 1.278066666666666720e+02 1.279133333333333269e+02
1.283959731543624230e+02 1.277382550335570528e+02 1.278523489932885866e+02
1.282980132450331041e+02 1.277019867549668817e+02 1.278874172185430496e+02
1.282666666666666799e+02 1.276466666666666612e+02 1.278533333333333388e+02
1.282185430463576097e+02 1.276158940397350960e+02 1.278211920529801375e+02
1.281986754966887361e+02 1.276092715231788048e+02 1.278211920529801375e+02
1.281999999999999886e+02 1.276400000000000006e+02 1.278799999999999955e+02
1.281466666666666754e+02 1.276133333333333297e+02 1.278799999999999955e+02
1.281258278145695328e+02 1.276291390728476784e+02 1.278940397350993408e+02
1.281200000000000045e+02 1.276733333333333320e+02 1.279599999999999937e+02
1.281200000000000045e+02 1.276333333333333400e+02 1.279466666666666725e+02
1.281133333333333439e+02 1.276666666666666714e+02 1.279333333333333371e+02
1.281275167785234999e+02 1.275838926174496635e+02 1.279530201342281828e+02
1.280860927152317856e+02 1.275761589403973488e+02 1.279602649006622528e+02
1.280800000000000125e+02 1.276333333333333400e+02 1.279266666666666623e+02
1.280738255033556925e+02 1.277382550335570528e+02 1.278791946308724903e+02
1.280066666666666606e+02 1.277800000000000011e+02 1.279066666666666663e+02
1.279599999999999937e+02 1.278133333333333326e+02 1.278666666666666600e+02
1.279666666666666686e+02 1.278333333333333286e+02 1.277866666666666617e+02
1.279866666666666646e+02 1.278066666666666720e+02 1.278133333333333326e+02
1.279800000000000040e+02 1.278133333333333326e+02 1.277933333333333366e+02
1.279337748344370880e+02 1.278013245033112639e+02 1.278145695364238463e+02
1.280000000000000000e+02 1.278133333333333326e+02 1.278866666666666703e+02
1.279933333333333394e+02 1.278266666666666680e+02 1.279333333333333371e+02
1.280333333333333314e+02 1.278666666666666600e+02 1.279599999999999937e+02
1.280604026845637691e+02 1.278389261744966490e+02 1.279597315436241587e+02
1.279666666666666686e+02 1.278266666666666680e+02 1.279800000000000040e+02
1.279735099337748352e+02 1.278410596026490111e+02 1.279735099337748352e+02
1.280397350993377472e+02 1.278741721854304672e+02 1.279602649006622528e+02
1.280132450331125824e+02 1.278410596026490111e+02 1.278476821192053023e+02
1.279333333333333371e+02 1.278333333333333286e+02 1.278066666666666720e+02
1.279733333333333292e+02 1.278133333333333326e+02 1.277999999999999972e+02
1.279668874172185440e+02 1.277880794701986815e+02 1.277682119205298079e+02
1.279261744966442933e+02 1.277852348993288558e+02 1.277583892617449663e+02
1.279533333333333331e+02 1.277800000000000011e+02 1.277399999999999949e+02
1.279735099337748352e+02 1.277880794701986815e+02 1.277019867549668817e+02
1.279399999999999977e+02 1.277533333333333303e+02 1.276933333333333280e+02
1.279733333333333292e+02 1.277533333333333303e+02 1.277199999999999989e+02
1.280466666666666526e+02 1.278666666666666600e+02 1.277466666666666697e+02
1.280600000000000023e+02 1.278133333333333326e+02 1.277266666666666737e+02
1.280596026490066208e+02 1.278278145695364287e+02 1.276821192052980081e+02
1.280666666666666629e+02 1.278733333333333348e+02 1.277000000000000028e+02
1.281133333333333439e+02 1.278866666666666703e+02 1.277066666666666634e+02
1.281066666666666549e+02 1.279200000000000017e+02 1.277199999999999989e+02
1.281333333333333258e+02 1.278866666666666703e+02 1.277466666666666697e+02
1.280993377483443680e+02 1.279006622516556320e+02 1.277549668874172255e+02
1.281200000000000045e+02 1.279066666666666663e+02 1.277399999999999949e+02
1.280600000000000023e+02 1.278666666666666600e+02 1.276933333333333280e+02
1.280402684563758271e+02 1.278859060402684520e+02 1.277315436241610769e+02
1.280466666666666526e+02 1.278599999999999994e+02 1.277399999999999949e+02
1.280671140939597308e+02 1.278389261744966490e+02 1.277516778523489904e+02
1.280600000000000023e+02 1.277999999999999972e+02 1.277399999999999949e+02
1.280666666666666629e+02 1.278199999999999932e+02 1.276933333333333280e+02
1.279800000000000040e+02 1.278733333333333348e+02 1.276466666666666612e+02
1.280200000000000102e+02 1.278666666666666600e+02 1.276333333333333400e+02
1.279800000000000040e+02 1.278333333333333286e+02 1.276466666666666612e+02
1.279668874172185440e+02 1.279205298013245056e+02 1.276754966887417169e+02
1.279933333333333394e+02 1.278866666666666703e+02 1.277266666666666737e+02
1.280463576158940384e+02 1.278278145695364287e+02 1.277417218543046289e+02
1.280939597315436345e+02 1.277919463087248317e+02 1.277651006711409423e+02
1.280728476821192032e+02 1.277748344370860991e+02 1.277549668874172255e+02
1.281140939597315480e+02 1.278120805369127453e+02 1.277583892617449663e+02
1.281390728476821153e+02 1.278476821192053023e+02 1.277019867549668817e+02
1.281721854304635713e+02 1.279271523178807968e+02 1.277814569536423903e+02
1.281456953642384065e+02 1.278874172185430496e+02 1.279072847682119232e+02
1.281533333333333360e+02 1.278466666666666640e+02 1.278933333333333309e+02
1.281258278145695328e+02 1.278344370860927199e+02 1.279205298013245056e+02
1.281744966442953171e+02 1.278322147651006730e+02 1.279999999999999858e+02
1.281677852348993270e+02 1.278590604026845625e+02 1.279597315436241587e+02
1.281946308724832306e+02 1.278791946308724903e+02 1.278993288590604038e+02
1.280402684563758555e+02 1.278523489932885866e+02 1.278859060402684520e+02
1.280878378378378386e+02 1.278581081081081123e+02 1.278175675675675649e+02
1.281621621621621614e+02 1.278648648648648702e+02 1.278648648648648702e+02
1.281283783783783861e+02 1.278378378378378386e+02 1.278243243243243228e+02
1.282244897959183731e+02 1.278095238095238102e+02 1.278707482993197289e+02
1.282972972972972912e+02 1.278378378378378386e+02 1.278040540540540633e+02
1.282905405405405475e+02 1.277837837837837895e+02 1.278581081081081123e+02
1.282585034013605423e+02 1.277891156462585087e+02 1.278095238095238102e+02
1.282550335570469713e+02 1.277315436241610627e+02 1.278389261744966490e+02
1.282582781456953569e+02 1.277284768211920465e+02 1.279072847682119232e+02
1.281599999999999966e+02 1.277600000000000051e+02 1.278866666666666703e+02
1.281399999999999864e+02 1.277666666666666657e+02 1.279399999999999977e+02
1.281866666666666674e+02 1.277800000000000011e+02 1.279333333333333371e+02
1.281733333333333462e+02 1.277333333333333343e+02 1.278799999999999955e+02
1.281800000000000068e+02 1.277199999999999989e+02 1.279066666666666663e+02
1.281666666666666572e+02 1.277733333333333263e+02 1.279066666666666663e+02
1.281409395973154233e+02 1.277919463087248317e+02 1.279127516778523557e+02
1.281333333333333258e+02 1.278400000000000034e+02 1.279733333333333292e+02
1.281533333333333360e+02 1.278133333333333326e+02 1.280666666666666629e+02
1.281066666666666549e+02 1.278466666666666640e+02 1.280866666666666731e+02
1.281788079470198625e+02 1.278476821192053023e+02 1.281059602649006592e+02
1.280463576158940384e+02 1.277814569536423903e+02 1.280993377483443680e+02
1.281200000000000045e+02 1.278066666666666720e+02 1.280733333333333235e+02
1.281266666666666652e+02 1.278066666666666720e+02 1.280999999999999943e+02
1.280999999999999943e+02 1.278466666666666640e+02 1.281066666666666549e+02
1.281184210526315894e+02 1.277302631578947398e+02 1.280263157894736707e+02
1.281258278145695328e+02 1.277218543046357553e+02 1.279602649006622528e+02
1.281266666666666652e+02 1.277000000000000028e+02 1.279333333333333371e+02
1.280993377483443680e+02 1.277615894039735167e+02 1.278874172185430496e+02
1.280333333333333314e+02 1.277000000000000028e+02 1.279333333333333371e+02
1.281258278145695328e+02 1.277549668874172255e+02 1.279337748344370880e+02
1.281059602649006592e+02 1.277615894039735167e+02 1.279536423841059616e+02
1.281655629139072801e+02 1.278278145695364287e+02 1.279271523178807968e+02
1.281599999999999966e+02 1.277866666666666617e+02 1.278799999999999955e+02
1.281258278145695328e+02 1.277615894039735167e+02 1.278741721854304672e+02
1.280600000000000023e+02 1.277600000000000051e+02 1.277999999999999972e+02
1.281258278145695328e+02 1.278410596026490111e+02 1.277814569536423903e+02
1.282162162162161962e+02 1.278648648648648702e+02 1.278783783783783861e+02
1.282199999999999989e+02 1.278466666666666640e+02 1.279599999999999937e+02
1.282400000000000091e+02 1.279066666666666663e+02 1.279399999999999977e+02
1.281933333333333280e+02 1.278199999999999932e+02 1.279200000000000017e+02
1.281399999999999864e+02 1.277933333333333366e+02 1.279266666666666623e+02
1.281533333333333360e+02 1.277933333333333366e+02 1.279399999999999977e+02
1.281466666666666754e+02 1.277533333333333303e+02 1.279399999999999977e+02
1.281523178807946977e+02 1.277615894039735167e+02 1.279602649006622528e+02
1.281666666666666572e+02 1.277600000000000051e+02 1.279466666666666725e+02
1.281920529801324449e+02 1.277748344370860991e+02 1.279801324503311264e+02
1.281533333333333360e+02 1.277266666666666737e+02 1.280266666666666708e+02
1.282052980132450273e+02 1.278079470198675551e+02 1.280000000000000000e+02
1.282450331125827745e+02 1.278145695364238463e+02 1.280860927152317856e+02
1.282666666666666799e+02 1.277999999999999972e+02 1.280733333333333235e+02
1.282847682119205217e+02 1.278543046357615935e+02 1.280331125827814560e+02
1.282800000000000011e+02 1.278466666666666640e+02 1.280600000000000023e+02
1.282333333333333201e+02 1.277999999999999972e+02 1.280333333333333314e+02
1.282400000000000091e+02 1.278066666666666720e+02 1.280200000000000102e+02
1.282199999999999989e+02 1.278266666666666680e+02 1.280999999999999943e+02
1.282333333333333201e+02 1.278400000000000034e+02 1.281266666666666652e+02
1.282450331125827745e+02 1.278278145695364287e+02 1.280066225165562912e+02
1.283266666666666538e+02 1.278333333333333286e+02 1.280999999999999943e+02
1.283199999999999932e+02 1.278866666666666703e+02 1.281066666666666549e+02
1.283377483443708513e+02 1.278874172185430496e+02 1.280927152317880768e+02
1.283333333333333428e+02 1.278933333333333309e+02 1.280466666666666526e+02
1.283000000000000114e+02 1.278866666666666703e+02 1.279800000000000040e+02
1.283333333333333428e+02 1.279200000000000017e+02 1.279599999999999937e+02
1.283266666666666538e+02 1.280000000000000000e+02 1.279266666666666623e+02
1.283733333333333348e+02 1.279733333333333292e+02 1.279666666666666686e+02
1.283774834437085985e+02 1.280000000000000000e+02 1.279139072847682144e+02
1.283355704697986539e+02 1.279865771812080482e+02 1.278322147651006730e+02
1.283133333333333326e+02 1.279666666666666686e+02 1.278333333333333286e+02
1.282466666666666697e+02 1.279866666666666646e+02 1.278333333333333286e+02
1.283087248322147786e+02 1.280201342281879135e+02 1.278456375838926107e+02
1.283400000000000034e+02 1.279799999999999898e+02 1.278466666666666640e+02
1.283087248322147786e+02 1.279731543624161105e+02 1.278724832214765144e+02
1.283288590604026922e+02 1.279530201342281828e+02 1.279060402684563655e+02
1.282684563758389515e+02 1.279530201342281828e+02 1.279597315436241587e+02
1.282599999999999909e+02 1.279266666666666623e+02 1.280200000000000102e+02
1.283046357615893953e+02 1.279072847682119232e+02 1.279801324503311264e+02
1.283624161073825576e+02 1.279395973154362451e+02 1.279798657718120865e+02
1.284026845637584131e+02 1.279530201342281828e+02 1.279395973154362451e+02
1.283600000000000136e+02 1.279000000000000057e+02 1.279533333333333331e+02
1.283199999999999932e+02 1.279533333333333331e+02 1.279866666666666646e+02
1.282847682119205217e+02 1.279205298013245056e+02 1.280000000000000000e+02
1.282617449664429614e+02 1.278926174496644279e+02 1.279865771812080482e+02
1.283600000000000136e+02 1.279266666666666623e+02 1.280666666666666629e+02
1.283533333333333246e+02 1.279133333333333269e+02 1.280466666666666526e+02
1.283708609271523073e+02 1.279403973509933792e+02 1.280000000000000000e+02
1.283708609271523073e+02 1.279470198675496704e+02 1.280066225165562912e+02
1.284093959731543748e+02 1.279597315436241587e+02 1.279664429530201346e+02
1.284429530201342402e+02 1.279932885906040241e+02 1.279798657718120722e+02
1.284832214765100673e+02 1.280469798657718172e+02 1.279194630872483174e+02
1.285442176870748199e+02 1.280408163265306030e+02 1.279115646258503460e+02
1.285918367346938851e+02 1.280612244897959044e+02 1.279251700680271995e+02
1.286027397260273801e+02 1.280068493150685072e+02 1.279109589041095774e+02
1.286351351351351582e+02 1.280540540540540633e+02 1.279054054054054035e+02
1.286756756756756772e+02 1.281081081081080981e+02 1.279594594594594668e+02
1.286283783783783861e+02 1.280608108108108354e+02 1.279864864864864984e+02
1.286845637583892596e+02 1.281208053691275097e+02 1.279530201342281828e+02
1.287027027027027088e+02 1.281013513513513544e+02 1.279256756756756772e+02
1.286959459459459367e+02 1.280270270270270316e+02 1.279121621621621614e+02
1.286689189189189051e+02 1.280270270270270316e+02 1.279729729729729826e+02
1.286418918918918735e+02 1.280270270270270316e+02 1.279527027027027088e+02
1.286486486486486456e+02 1.280540540540540633e+02 1.279527027027027088e+02
1.285838926174496635e+02 1.280536912751677789e+02 1.278993288590604038e+02
1.285540540540540633e+02 1.280270270270270316e+02 1.278918918918918877e+02
1.285878378378378386e+02 1.279864864864864842e+02 1.278986486486486456e+02
1.286148648648648702e+02 1.280135135135135158e+02 1.279391891891891930e+02
1.286013513513513544e+02 1.280067567567567721e+02 1.279324324324324351e+02
1.285666666666666629e+02 1.279333333333333371e+02 1.280000000000000000e+02
1.285666666666666629e+02 1.279599999999999937e+02 1.279800000000000040e+02
1.285933333333333337e+02 1.279866666666666646e+02 1.279733333333333292e+02
1.285866666666666731e+02 1.279800000000000040e+02 1.279800000000000040e+02
1.285800000000000125e+02 1.280333333333333314e+02 1.279333333333333371e+02
1.285666666666666629e+02 1.280333333333333314e+02 1.279133333333333269e+02
1.285933333333333337e+02 1.280066666666666606e+02 1.279266666666666623e+02
1.285533333333333417e+02 1.279466666666666725e+02 1.279733333333333292e+02
1.285866666666666731e+02 1.279000000000000057e+02 1.280000000000000000e+02
1.286040268456375770e+02 1.279127516778523557e+02 1.280335570469798654e+02
1.285666666666666629e+02 1.279333333333333371e+02 1.280133333333333212e+02
1.285999999999999943e+02 1.279399999999999977e+02 1.280333333333333314e+02
1.285933333333333337e+02 1.279466666666666725e+02 1.279733333333333292e+02
1.285629139072847806e+02 1.280066225165562912e+02 1.280132450331125824e+02
1.285562913907284894e+02 1.279867549668874176e+02 1.280397350993377472e+02
1.285629139072847806e+02 1.280397350993377472e+02 1.280463576158940384e+02
