1.284415584415584419e+02 1.262337662337662323e+02 1.278636363636363598e+02
1.285933333333333337e+02 1.262399999999999949e+02 1.279266666666666623e+02
1.284701986754966754e+02 1.262384105960264833e+02 1.278410596026490111e+02
1.284866666666666788e+02 1.261466666666666612e+02 1.278266666666666680e+02
1.284834437086092578e+02 1.260927152317880768e+02 1.276688741721854257e+02
1.285337837837837753e+02 1.259527027027027088e+02 1.276689189189189193e+02
1.285782312925170174e+02 1.259523809523809490e+02 1.276598639455782376e+02
1.284093959731543748e+02 1.261073825503355721e+02 1.277315436241610769e+02
1.283666666666666742e+02 1.260333333333333314e+02 1.277533333333333303e+02
1.283576158940397249e+02 1.260927152317880768e+02 1.277417218543046289e+02
1.282715231788079393e+02 1.260927152317880768e+02 1.276953642384105905e+02
1.282500000000000000e+02 1.262434210526315752e+02 1.276644736842105203e+02
1.282733333333333405e+02 1.263133333333333326e+02 1.275799999999999983e+02
1.282847682119205217e+02 1.265099337748344368e+02 1.275960264900662224e+02
1.283421052631578902e+02 1.265657894736842053e+02 1.275065789473684248e+02
1.283509933774834337e+02 1.264437086092715248e+02 1.274635761589403984e+02
1.285000000000000000e+02 1.263599999999999994e+02 1.272199999999999989e+02
1.285399999999999920e+02 1.264133333333333269e+02 1.271800000000000068e+02
1.286357615894039839e+02 1.264569536423841072e+02 1.271655629139072801e+02
1.285200000000000102e+02 1.263199999999999932e+02 1.271200000000000045e+02
1.285933333333333337e+02 1.263400000000000034e+02 1.271933333333333280e+02
1.285695364238410718e+02 1.262913907284768271e+02 1.270794701986754944e+02
1.286866666666666674e+02 1.264133333333333269e+02 1.270733333333333377e+02
1.285973154362416153e+02 1.264832214765100673e+02 1.271543624161073893e+02
1.287533333333333303e+02 1.264200000000000017e+02 1.271800000000000068e+02
1.287152317880794783e+02 1.264966887417218544e+02 1.270264900662251648e+02
1.288389261744966348e+02 1.264362416107382501e+02 1.270268456375838895e+02
1.290263157894736707e+02 1.264210526315789451e+02 1.269342105263157947e+02
1.290993377483443680e+02 1.264370860927152336e+02 1.268013245033112639e+02
1.291486486486486456e+02 1.263243243243243228e+02 1.267770270270270316e+02
1.290402684563758271e+02 1.263691275167785193e+02 1.267718120805369182e+02
1.290933333333333337e+02 1.263066666666666720e+02 1.266666666666666714e+02
1.289866666666666788e+02 1.262866666666666617e+02 1.265799999999999983e+02
1.290536912751677789e+02 1.262684563758389231e+02 1.265704697986577116e+02
1.291013513513513544e+02 1.263378378378378386e+02 1.264256756756756772e+02
1.291933333333333280e+02 1.263266666666666680e+02 1.263666666666666600e+02
1.292364864864864842e+02 1.263040540540540491e+02 1.262770270270270316e+02
1.293333333333333428e+02 1.262000000000000028e+02 1.261599999999999966e+02
1.296040268456375770e+02 1.261677852348993270e+02 1.261006711409395962e+02
1.296442953020134325e+02 1.261006711409395962e+02 1.260671140939597308e+02
1.296357615894039839e+02 1.260927152317880768e+02 1.258410596026490111e+02
1.296599999999999966e+02 1.260666666666666629e+02 1.257933333333333366e+02
1.298590604026845767e+02 1.259530201342281828e+02 1.255100671140939568e+02
1.299530201342281828e+02 1.259261744966442933e+02 1.254765100671140914e+02
1.299729729729729684e+02 1.258716216216216282e+02 1.253783783783783718e+02
1.298666666666666742e+02 1.258533333333333388e+02 1.253066666666666720e+02
1.298933333333333451e+02 1.257666666666666657e+02 1.251200000000000045e+02
1.298476821192053023e+02 1.256026490066225136e+02 1.250066225165562912e+02
1.299127516778523557e+02 1.255838926174496635e+02 1.248657718120805384e+02
1.298993288590604038e+02 1.254899328859060432e+02 1.247651006711409423e+02
1.299799999999999898e+02 1.253533333333333388e+02 1.245066666666666606e+02
1.302133333333333383e+02 1.251333333333333400e+02 1.242999999999999972e+02
1.302599999999999909e+02 1.250400000000000063e+02 1.242333333333333343e+02
1.303959731543624230e+02 1.248657718120805384e+02 1.240872483221476443e+02
1.304199999999999875e+02 1.247466666666666697e+02 1.240866666666666731e+02
1.305167785234899327e+02 1.247986577181208077e+02 1.239865771812080482e+02
1.306821192052980223e+02 1.246622516556291345e+02 1.238145695364238463e+02
1.307843137254901933e+02 1.246339869281045765e+02 1.237712418300653638e+02
1.309395973154362309e+02 1.245704697986577116e+02 1.237315436241610769e+02
1.310460526315789593e+02 1.247236842105263150e+02 1.235065789473684248e+02
1.311710526315789593e+02 1.245197368421052602e+02 1.234539473684210549e+02
1.312466666666666697e+02 1.245000000000000000e+02 1.235066666666666606e+02
1.313571428571428612e+02 1.243181818181818130e+02 1.233961038961038952e+02
1.314900662251655490e+02 1.242847682119205359e+02 1.234238410596026512e+02
1.315436241610738364e+02 1.243288590604026780e+02 1.233624161073825434e+02
1.316973684210526301e+02 1.242171052631578902e+02 1.233289473684210549e+02
1.317662337662337677e+02 1.240844155844155807e+02 1.230779220779220822e+02
1.317718120805369040e+02 1.240939597315436203e+02 1.231275167785234856e+02
1.318986486486486456e+02 1.240608108108108070e+02 1.230675675675675649e+02
1.319735099337748352e+02 1.241456953642384065e+02 1.230066225165562912e+02
1.319798657718120865e+02 1.241879194630872547e+02 1.229530201342281828e+02
1.321184210526315894e+02 1.242039473684210549e+02 1.228947368421052602e+02
1.321275167785234999e+02 1.242416107382550337e+02 1.226912751677852356e+02
1.324199999999999875e+02 1.243199999999999932e+02 1.227000000000000028e+02
1.324966442953020191e+02 1.243355704697986539e+02 1.226308724832214807e+02
1.326733333333333462e+02 1.242866666666666617e+02 1.227333333333333343e+02
1.326333333333333258e+02 1.242933333333333366e+02 1.227133333333333383e+02
1.326928104575163445e+02 1.242222222222222285e+02 1.226666666666666714e+02
1.327602739726027323e+02 1.243698630136986338e+02 1.226506849315068450e+02
1.327814569536423903e+02 1.243046357615894095e+02 1.224966887417218544e+02
1.330335570469798654e+02 1.244093959731543606e+02 1.225302013422818845e+02
1.331533333333333360e+02 1.244733333333333292e+02 1.223599999999999994e+02
1.331933333333333280e+02 1.243666666666666600e+02 1.223533333333333388e+02
1.334276315789473699e+02 1.243289473684210549e+02 1.223157894736842053e+02
1.335466666666666526e+02 1.243733333333333348e+02 1.222666666666666657e+02
1.337315436241610769e+02 1.244429530201342260e+02 1.221409395973154375e+02
1.338255033557047113e+02 1.244630872483221538e+02 1.219932885906040241e+02
1.339738562091503127e+02 1.244444444444444429e+02 1.219281045751634025e+02
1.340266666666666708e+02 1.245400000000000063e+02 1.219200000000000017e+02
1.340201342281879135e+02 1.245436241610738222e+02 1.217919463087248317e+02
1.340596026490066208e+02 1.244966887417218544e+02 1.217748344370860991e+02
1.341721854304635713e+02 1.245827814569536400e+02 1.216423841059602609e+02
1.343799999999999955e+02 1.247933333333333366e+02 1.215666666666666629e+02
1.343020134228187885e+02 1.248724832214765144e+02 1.215167785234899327e+02
1.342905405405405475e+02 1.248716216216216282e+02 1.213851351351351298e+02
1.344563758389261636e+02 1.246510067114093943e+02 1.213691275167785193e+02
1.345430463576159070e+02 1.246423841059602609e+02 1.211258278145695328e+02
1.347315436241610769e+02 1.247046979865771874e+02 1.211476510067114134e+02
1.348456375838926249e+02 1.246510067114093943e+02 1.211006711409395962e+02
1.350000000000000000e+02 1.246554054054054035e+02 1.211216216216216282e+02
1.351589403973509889e+02 1.246688741721854257e+02 1.209602649006622528e+02
1.351824324324324209e+02 1.246891891891891930e+02 1.209121621621621614e+02
1.352214765100671059e+02 1.247852348993288558e+02 1.208926174496644279e+02
1.353333333333333428e+02 1.247533333333333303e+02 1.207866666666666617e+02
1.353851351351351298e+02 1.247432432432432421e+02 1.206486486486486456e+02
1.353513513513513544e+02 1.247972972972972912e+02 1.206081081081081123e+02
1.354569536423840930e+02 1.248079470198675551e+02 1.206225165562913872e+02
1.356710526315789593e+02 1.248750000000000000e+02 1.205460526315789451e+02
1.356979865771812115e+02 1.249530201342281828e+02 1.204429530201342260e+02
1.359139072847682144e+02 1.250529801324503296e+02 1.203708609271523216e+02
1.361266666666666652e+02 1.250866666666666731e+02 1.204399999999999977e+02
1.360980392156862706e+02 1.249607843137254832e+02 1.204444444444444429e+02
1.362631578947368496e+02 1.248750000000000000e+02 1.202302631578947398e+02
1.362617449664429614e+02 1.248322147651006730e+02 1.202214765100671201e+02
1.364266666666666765e+02 1.248066666666666720e+02 1.202866666666666617e+02
1.365337837837837753e+02 1.248243243243243228e+02 1.203851351351351298e+02
1.367284768211920607e+02 1.250000000000000000e+02 1.204370860927152336e+02
1.368133333333333326e+02 1.249466666666666725e+02 1.203400000000000034e+02
1.370000000000000000e+02 1.249865771812080482e+02 1.203087248322147644e+02
1.371699346405228823e+02 1.248954248366013076e+02 1.202549019607843093e+02
1.372333333333333201e+02 1.248799999999999955e+02 1.202133333333333383e+02
1.373046357615893953e+02 1.248211920529801375e+02 1.202847682119205359e+02
1.373223684210526301e+02 1.249407894736842053e+02 1.203092105263157947e+02
1.372913907284768129e+02 1.248278145695364287e+02 1.201788079470198625e+02
1.373066666666666720e+02 1.247999999999999972e+02 1.201466666666666612e+02
1.372866666666666617e+02 1.249000000000000057e+02 1.199200000000000017e+02
1.373469387755102105e+02 1.248503401360544274e+02 1.196530612244897895e+02
1.374025974025973937e+02 1.248636363636363598e+02 1.196688311688311757e+02
1.373486842105263293e+02 1.248355263157894797e+02 1.196118421052631646e+02
1.374161073825503365e+02 1.248523489932885866e+02 1.194966442953020191e+02
1.375399999999999920e+02 1.249533333333333331e+02 1.194333333333333371e+02
1.376711409395973078e+02 1.249731543624161105e+02 1.193892617449664471e+02
1.377647058823529278e+02 1.250326797385620949e+02 1.192875816993464042e+02
1.377947019867549727e+02 1.251390728476821153e+02 1.191788079470198625e+02
1.380331125827814560e+02 1.251059602649006592e+02 1.188874172185430496e+02
1.381208053691275097e+02 1.251879194630872547e+02 1.186442953020134183e+02
1.383199999999999932e+02 1.252533333333333303e+02 1.186400000000000006e+02
1.384295302013422884e+02 1.252617449664429472e+02 1.186174496644295289e+02
1.385430463576159070e+02 1.251986754966887361e+02 1.185562913907284752e+02
1.384834437086092578e+02 1.252185430463576097e+02 1.183907284768211952e+02
1.385234899328858944e+02 1.253221476510067163e+02 1.184832214765100673e+02
1.387046979865771732e+02 1.252885906040268509e+02 1.184362416107382501e+02
1.387315436241610769e+02 1.252416107382550337e+02 1.183557046979865817e+02
1.388733333333333348e+02 1.253066666666666578e+02 1.182600000000000051e+02
1.388552631578947398e+02 1.254605263157894797e+02 1.182236842105263150e+02
1.388145695364238463e+02 1.255099337748344368e+02 1.180662251655629120e+02
1.388333333333333428e+02 1.255999999999999943e+02 1.181466666666666612e+02
1.388866666666666561e+02 1.255799999999999983e+02 1.179866666666666646e+02
1.390399999999999920e+02 1.255799999999999983e+02 1.179066666666666663e+02
1.390728476821192032e+02 1.256092715231788048e+02 1.176953642384105905e+02
1.390457516339869244e+02 1.256666666666666714e+02 1.175947712418300597e+02
1.390533333333333417e+02 1.257266666666666737e+02 1.174533333333333331e+02
1.391258278145695328e+02 1.256688741721854257e+02 1.175033112582781456e+02
1.391533333333333360e+02 1.255600000000000023e+02 1.175933333333333337e+02
1.391333333333333258e+02 1.255600000000000023e+02 1.176066666666666691e+02
1.391733333333333462e+02 1.255999999999999943e+02 1.173933333333333309e+02
1.391533333333333360e+02 1.255733333333333377e+02 1.172933333333333366e+02
1.392885906040268367e+02 1.255033557046979809e+02 1.172617449664429472e+02
1.393288590604026922e+02 1.255234899328859086e+02 1.172214765100671201e+02
1.393624161073825576e+02 1.255436241610738222e+02 1.172550335570469855e+02
1.394000000000000057e+02 1.255199999999999960e+02 1.172800000000000011e+02
1.394199999999999875e+02 1.255199999999999960e+02 1.171466666666666612e+02
1.394503311258278018e+02 1.256357615894039697e+02 1.170066225165562912e+02
1.397400000000000091e+02 1.257999999999999972e+02 1.170266666666666708e+02
1.399600000000000080e+02 1.259200000000000017e+02 1.169866666666666646e+02
1.400466666666666526e+02 1.259266666666666623e+02 1.169733333333333292e+02
1.401066666666666549e+02 1.260266666666666708e+02 1.170200000000000102e+02
1.401920529801324449e+02 1.261854304635761537e+02 1.169205298013245056e+02
1.401946308724832306e+02 1.263221476510067163e+02 1.170000000000000000e+02
1.402400000000000091e+02 1.264466666666666725e+02 1.170266666666666708e+02
1.402599999999999909e+02 1.265600000000000023e+02 1.169466666666666725e+02
1.403533333333333246e+02 1.266800000000000068e+02 1.168733333333333348e+02
1.405133333333333212e+02 1.267999999999999972e+02 1.169200000000000017e+02
1.406530612244897895e+02 1.269727891156462647e+02 1.169319727891156475e+02
1.407315436241610769e+02 1.271140939597315480e+02 1.169865771812080482e+02
1.407599999999999909e+02 1.271466666666666612e+02 1.169933333333333394e+02
1.408513513513513544e+02 1.272500000000000000e+02 1.170540540540540491e+02
1.409000000000000057e+02 1.273666666666666600e+02 1.169933333333333394e+02
1.409333333333333371e+02 1.274533333333333331e+02 1.169533333333333331e+02
1.410133333333333212e+02 1.274866666666666646e+02 1.169333333333333371e+02
1.411733333333333462e+02 1.275600000000000023e+02 1.168866666666666703e+02
1.413799999999999955e+02 1.276333333333333400e+02 1.169866666666666646e+02
1.415466666666666526e+02 1.277800000000000011e+02 1.171599999999999966e+02
1.416754966887417311e+02 1.279470198675496704e+02 1.171986754966887361e+02
1.417763157894736707e+02 1.279671052631578902e+02 1.171973684210526301e+02
1.418266666666666538e+02 1.280733333333333235e+02 1.171533333333333360e+02
1.419266666666666765e+02 1.282533333333333303e+02 1.171133333333333297e+02
1.420533333333333417e+02 1.282066666666666777e+02 1.170799999999999983e+02
1.420921052631578902e+02 1.282236842105263293e+02 1.170789473684210549e+02
1.422953020134228268e+02 1.281744966442952887e+02 1.171073825503355721e+02
1.423557046979865675e+02 1.282885906040268367e+02 1.169597315436241587e+02
1.424199999999999875e+02 1.284066666666666663e+02 1.170066666666666606e+02
1.424868421052631504e+02 1.285526315789473699e+02 1.171052631578947398e+02
1.425066666666666606e+02 1.286066666666666549e+02 1.170799999999999983e+02
1.425600000000000023e+02 1.286800000000000068e+02 1.171133333333333297e+02
1.425838926174496635e+02 1.287852348993288558e+02 1.170335570469798654e+02
1.425743243243243228e+02 1.288851351351351298e+02 1.170405405405405475e+02
1.426092715231788191e+02 1.290264900662251648e+02 1.170264900662251648e+02
1.427302631578947398e+02 1.291710526315789593e+02 1.171250000000000000e+02
1.427434210526315894e+02 1.293552631578947398e+02 1.169605263157894797e+02
1.426174496644295289e+02 1.294765100671141056e+02 1.169395973154362451e+02
1.427266666666666595e+02 1.295733333333333235e+02 1.169933333333333394e+02
1.428223684210526301e+02 1.296644736842105203e+02 1.169605263157894797e+02
1.428456375838926249e+02 1.297986577181208077e+02 1.168120805369127453e+02
1.429470198675496704e+02 1.299337748344370880e+02 1.169072847682119232e+02
1.429662162162162247e+02 1.300945945945945823e+02 1.168986486486486456e+02
1.429473684210526301e+02 1.301776315789473699e+02 1.168618421052631646e+02
1.428783783783783861e+02 1.302162162162162247e+02 1.169256756756756772e+02
1.430131578947368496e+02 1.300394736842105203e+02 1.168552631578947398e+02
1.428874172185430496e+02 1.301788079470198625e+02 1.167483443708609201e+02
1.430671140939597308e+02 1.303489932885906057e+02 1.168053691275167836e+02
1.430800000000000125e+02 1.304266666666666765e+02 1.167733333333333263e+02
1.430945945945945823e+02 1.304662162162162247e+02 1.167297297297297263e+02
1.431466666666666754e+02 1.305200000000000102e+02 1.168333333333333286e+02
1.432450331125827745e+02 1.305827814569536542e+02 1.168476821192053023e+02
1.432516556291390657e+02 1.307284768211920607e+02 1.167417218543046289e+02
1.433181818181818130e+02 1.308311688311688386e+02 1.167792207792207790e+02
1.433051948051948159e+02 1.308961038961039094e+02 1.168831168831168839e+02
1.434437086092715106e+02 1.310132450331125824e+02 1.168476821192053023e+02
1.434935064935064872e+02 1.310389610389610482e+02 1.167272727272727337e+02
1.436800000000000068e+02 1.309866666666666788e+02 1.166800000000000068e+02
1.437533333333333303e+02 1.309600000000000080e+02 1.167199999999999989e+02
1.437400000000000091e+02 1.310466666666666526e+02 1.168133333333333326e+02
1.438543046357615935e+02 1.310728476821192032e+02 1.168675496688741759e+02
1.439933774834437088e+02 1.310794701986754944e+02 1.167615894039735167e+02
1.439533333333333474e+02 1.311933333333333280e+02 1.167066666666666634e+02
1.440927152317880768e+02 1.312913907284768129e+02 1.167350993377483377e+02
1.441655629139072801e+02 1.314238410596026370e+02 1.167549668874172255e+02
1.442384105960264833e+02 1.315033112582781598e+02 1.167947019867549727e+02
1.443199999999999932e+02 1.316533333333333360e+02 1.167999999999999972e+02
1.444933333333333394e+02 1.317400000000000091e+02 1.169000000000000057e+02
1.445436241610738364e+02 1.317583892617449806e+02 1.168993288590604038e+02
1.445761589403973630e+02 1.318675496688741759e+02 1.169006622516556320e+02
1.447266666666666595e+02 1.318666666666666742e+02 1.169000000000000057e+02
1.448486842105263293e+02 1.319473684210526301e+02 1.166973684210526301e+02
1.449733333333333292e+02 1.320000000000000000e+02 1.166400000000000006e+02
1.450728476821192032e+02 1.321788079470198625e+02 1.166225165562913872e+02
1.451666666666666572e+02 1.322933333333333223e+02 1.166066666666666691e+02
1.452416107382550194e+02 1.322885906040268367e+02 1.164899328859060432e+02
1.453112582781456865e+02 1.322649006622516481e+02 1.164966887417218544e+02
1.455369127516778462e+02 1.323892617449664328e+02 1.163758389261744952e+02
1.456423841059602751e+02 1.325231788079470334e+02 1.163112582781457007e+02
1.457852348993288558e+02 1.326644295302013461e+02 1.164832214765100673e+02
1.458053691275167694e+02 1.326778523489932979e+02 1.164429530201342260e+02
1.459483870967741836e+02 1.326903225806451587e+02 1.164064516129032256e+02
1.459934640522875782e+02 1.328431372549019613e+02 1.163660130718954235e+02
1.461409395973154233e+02 1.327651006711409423e+02 1.163020134228187885e+02
1.462416107382550194e+02 1.327785234899328941e+02 1.161744966442953029e+02
1.464026845637583847e+02 1.326845637583892596e+02 1.160469798657718172e+02
1.464266666666666765e+02 1.326800000000000068e+02 1.160333333333333314e+02
1.466733333333333462e+02 1.325999999999999943e+02 1.159200000000000017e+02
1.467266666666666595e+02 1.326333333333333258e+02 1.158266666666666680e+02
1.468000000000000114e+02 1.327800000000000011e+02 1.158599999999999994e+02
1.468066666666666720e+02 1.328000000000000114e+02 1.157999999999999972e+02
1.469463087248322211e+02 1.329127516778523557e+02 1.156577181208053702e+02
1.470198675496688736e+02 1.328609271523178847e+02 1.156357615894039697e+02
1.470789473684210407e+02 1.328486842105263293e+02 1.155526315789473699e+02
1.471610738255033652e+02 1.327919463087248459e+02 1.154899328859060432e+02
1.472662337662337677e+02 1.328051948051948159e+02 1.152727272727272663e+02
1.474039735099337634e+02 1.328211920529801375e+02 1.152781456953642447e+02
1.475231788079470334e+02 1.326821192052980223e+02 1.152582781456953711e+02
1.476399999999999864e+02 1.326733333333333462e+02 1.152066666666666634e+02
1.477599999999999909e+02 1.327466666666666697e+02 1.151466666666666612e+02
1.477368421052631504e+02 1.326447368421052602e+02 1.149868421052631646e+02
1.477382550335570386e+02 1.326912751677852214e+02 1.149798657718120865e+02
1.478466666666666640e+02 1.326599999999999966e+02 1.147533333333333303e+02
1.480326797385620807e+02 1.327189542483660034e+02 1.147843137254901933e+02
1.481333333333333258e+02 1.327333333333333201e+02 1.148133333333333326e+02
1.480662251655629120e+02 1.329139072847682144e+02 1.145231788079470192e+02
1.481621621621621614e+02 1.328986486486486456e+02 1.144054054054054035e+02
1.483133333333333326e+02 1.329199999999999875e+02 1.144466666666666725e+02
1.483378378378378386e+02 1.329594594594594525e+02 1.144729729729729684e+02
1.483422818791946440e+02 1.329798657718120865e+02 1.144496644295302019e+02
1.484399999999999977e+02 1.330800000000000125e+02 1.143799999999999955e+02
1.485399999999999920e+02 1.329799999999999898e+02 1.143199999999999932e+02
1.486241610738254906e+02 1.329194630872483174e+02 1.143288590604026780e+02
1.487385620915032689e+02 1.329673202614379193e+02 1.142287581699346362e+02
1.486333333333333258e+02 1.330200000000000102e+02 1.141866666666666674e+02
1.486266666666666652e+02 1.330600000000000023e+02 1.141933333333333280e+02
1.488145695364238463e+02 1.329536423841059616e+02 1.141523178807946977e+02
1.488079470198675551e+02 1.330331125827814560e+02 1.140596026490066208e+02
1.489605263157894797e+02 1.330723684210526301e+02 1.139934210526315752e+02
1.490331125827814560e+02 1.331986754966887361e+02 1.138145695364238463e+02
1.490460526315789593e+02 1.332302631578947398e+02 1.137565789473684248e+02
1.490800000000000125e+02 1.332599999999999909e+02 1.137399999999999949e+02
1.491533333333333360e+02 1.332599999999999909e+02 1.137333333333333343e+02
1.493733333333333348e+02 1.331333333333333258e+02 1.137066666666666634e+02
1.495099337748344510e+02 1.330463576158940384e+02 1.136291390728476784e+02
1.496258064516129025e+02 1.331548387096774206e+02 1.135290322580645181e+02
1.496225165562914015e+02 1.331324503311258241e+02 1.133178807947019919e+02
1.496577181208053560e+02 1.331208053691275097e+02 1.132550335570469855e+02
1.496953642384106047e+02 1.330198675496688736e+02 1.133112582781457007e+02
1.497682119205298079e+02 1.331059602649006592e+02 1.131324503311258241e+02
1.497905405405405475e+02 1.329324324324324209e+02 1.131216216216216282e+02
1.497483443708609343e+02 1.328609271523178847e+02 1.130927152317880768e+02
1.497583892617449806e+02 1.329932885906040383e+02 1.130805369127516826e+02
1.497449664429530287e+02 1.329865771812080482e+02 1.129127516778523557e+02
1.498716216216216139e+02 1.330675675675675791e+02 1.127702702702702737e+02
1.499194630872483174e+02 1.332617449664429614e+02 1.127181208053691250e+02
1.499594594594594525e+02 1.332027027027027088e+02 1.126351351351351298e+02
1.499399999999999977e+02 1.332466666666666697e+02 1.124000000000000057e+02
1.500529801324503296e+02 1.333112582781456865e+02 1.122980132450331183e+02
1.500933333333333337e+02 1.332266666666666595e+02 1.123133333333333326e+02
1.501733333333333462e+02 1.332133333333333383e+02 1.122533333333333303e+02
1.500733333333333235e+02 1.332199999999999989e+02 1.121066666666666691e+02
1.502953020134228268e+02 1.331342281879194616e+02 1.119127516778523557e+02
1.504199999999999875e+02 1.330800000000000125e+02 1.118733333333333348e+02
1.504362416107382501e+02 1.330134228187919518e+02 1.118993288590604038e+02
1.505066666666666606e+02 1.330533333333333417e+02 1.117533333333333303e+02
1.504144736842105203e+02 1.329802631578947398e+02 1.115986842105263150e+02
1.506291390728476927e+02 1.329735099337748352e+02 1.115695364238410576e+02
1.507933333333333223e+02 1.330866666666666731e+02 1.113533333333333388e+02
1.508266666666666538e+02 1.331333333333333258e+02 1.112399999999999949e+02
1.508799999999999955e+02 1.331800000000000068e+02 1.111133333333333297e+02
1.508993288590604038e+02 1.331812080536912788e+02 1.109261744966442933e+02
1.509668874172185440e+02 1.331456953642384065e+02 1.108211920529801375e+02
1.509189189189189051e+02 1.332635135135135158e+02 1.106013513513513544e+02
1.507866666666666617e+02 1.331200000000000045e+02 1.104066666666666663e+02
1.509084967320261512e+02 1.332287581699346504e+02 1.102810457516339824e+02
1.509866666666666788e+02 1.331866666666666674e+02 1.099800000000000040e+02
1.510533333333333417e+02 1.330999999999999943e+02 1.097999999999999972e+02
1.509933774834437088e+02 1.331655629139072801e+02 1.097615894039735167e+02
1.511721854304635713e+02 1.331920529801324449e+02 1.096423841059602609e+02
1.512400000000000091e+02 1.331066666666666549e+02 1.095733333333333377e+02
1.512400000000000091e+02 1.329199999999999875e+02 1.095266666666666708e+02
1.512818791946308750e+02 1.328993288590604038e+02 1.093624161073825434e+02
1.511842105263157805e+02 1.328157894736842195e+02 1.092434210526315752e+02
1.513866666666666561e+02 1.327666666666666799e+02 1.092266666666666737e+02
1.515782312925170174e+02 1.325646258503401498e+02 1.092108843537414913e+02
1.517777777777777715e+02 1.326078431372548891e+02 1.091895424836601336e+02
1.518421052631578902e+02 1.325000000000000000e+02 1.091184210526315752e+02
1.517763157894736707e+02 1.325328947368421098e+02 1.088815789473684248e+02
1.518807947019867584e+02 1.324635761589403842e+02 1.089933774834437088e+02
1.521200000000000045e+02 1.323733333333333348e+02 1.090400000000000063e+02
1.521523178807946977e+02 1.324437086092715106e+02 1.090794701986754944e+02
1.521208053691275097e+02 1.324630872483221538e+02 1.090268456375838895e+02
1.521644736842105203e+02 1.325000000000000000e+02 1.088815789473684248e+02
1.522649006622516481e+02 1.325496688741721982e+02 1.089006622516556320e+02
1.524429530201342402e+02 1.326308724832214807e+02 1.089530201342281828e+02
1.523799999999999955e+02 1.327666666666666799e+02 1.087466666666666697e+02
1.524765100671141056e+02 1.327114093959731633e+02 1.088255033557046971e+02
1.524799999999999898e+02 1.327599999999999909e+02 1.087999999999999972e+02
1.524078947368421098e+02 1.327894736842105203e+02 1.086907894736842053e+02
1.525066666666666606e+02 1.328199999999999932e+02 1.086133333333333297e+02
1.526599999999999966e+02 1.327533333333333303e+02 1.085199999999999960e+02
1.525460526315789593e+02 1.326973684210526301e+02 1.084605263157894797e+02
1.527105263157894797e+02 1.326381578947368496e+02 1.084605263157894797e+02
1.526933333333333280e+02 1.327000000000000171e+02 1.083799999999999955e+02
1.527615894039735167e+02 1.326357615894039839e+02 1.082317880794701921e+02
1.530200000000000102e+02 1.325333333333333314e+02 1.081866666666666674e+02
1.529194630872483174e+02 1.325771812080537018e+02 1.080000000000000000e+02
1.530466666666666526e+02 1.326266666666666652e+02 1.079133333333333269e+02
1.531599999999999966e+02 1.325533333333333417e+02 1.077466666666666697e+02
1.532913907284768129e+02 1.325033112582781598e+02 1.076622516556291345e+02
1.533245033112582689e+02 1.324768211920529666e+02 1.076754966887417169e+02
1.533907284768211809e+02 1.323642384105960161e+02 1.075033112582781456e+02
1.533666666666666742e+02 1.323533333333333246e+02 1.073866666666666703e+02
1.533907284768211809e+02 1.324105960264900546e+02 1.073642384105960303e+02
1.535133333333333212e+02 1.325000000000000000e+02 1.073266666666666680e+02
1.535733333333333235e+02 1.326999999999999886e+02 1.072066666666666634e+02
1.536291390728476927e+02 1.328543046357615935e+02 1.070794701986754944e+02
1.536689189189189051e+02 1.329324324324324209e+02 1.070202702702702737e+02
1.538543046357615935e+02 1.330331125827814560e+02 1.069139072847682144e+02
1.539395973154362309e+02 1.330402684563758271e+02 1.068993288590604038e+02
1.540536912751677789e+02 1.330000000000000000e+02 1.069395973154362451e+02
1.541333333333333258e+02 1.329466666666666583e+02 1.068199999999999932e+02
1.542800000000000011e+02 1.329666666666666686e+02 1.067533333333333303e+02
1.543741496598639458e+02 1.331292517006802711e+02 1.067414965986394577e+02
1.544527027027027088e+02 1.330067567567567437e+02 1.066621621621621614e+02
1.544866666666666788e+02 1.330000000000000000e+02 1.065866666666666731e+02
1.545827814569536542e+02 1.329867549668874176e+02 1.065562913907284752e+02
1.545231788079470334e+02 1.330993377483443680e+02 1.064834437086092720e+02
1.545333333333333314e+02 1.330266666666666708e+02 1.063066666666666720e+02
1.546423841059602751e+02 1.328874172185430496e+02 1.062251655629139009e+02
1.546933333333333280e+02 1.329266666666666765e+02 1.062533333333333303e+02
1.548133333333333326e+02 1.329066666666666663e+02 1.061200000000000045e+02
1.547785234899328941e+02 1.327516778523489904e+02 1.060402684563758413e+02
1.549799999999999898e+02 1.327866666666666617e+02 1.057133333333333383e+02
1.550794701986754944e+02 1.328145695364238463e+02 1.056092715231788048e+02
1.551192052980132416e+02 1.328013245033112639e+02 1.055231788079470192e+02
1.551466666666666754e+02 1.328133333333333326e+02 1.054733333333333292e+02
1.552800000000000011e+02 1.328133333333333326e+02 1.054733333333333292e+02
1.552837837837837753e+02 1.328716216216216139e+02 1.054054054054054035e+02
1.552066666666666777e+02 1.329266666666666765e+02 1.052266666666666737e+02
1.552533333333333303e+02 1.328933333333333451e+02 1.051933333333333280e+02
1.553533333333333246e+02 1.328333333333333428e+02 1.049800000000000040e+02
1.555394736842105203e+02 1.327631578947368496e+02 1.049934210526315752e+02
1.556466666666666754e+02 1.328799999999999955e+02 1.050933333333333337e+02
1.555608108108108070e+02 1.330135135135135158e+02 1.050202702702702737e+02
1.555629139072847806e+02 1.330596026490066208e+02 1.050264900662251648e+02
1.556666666666666572e+02 1.330399999999999920e+02 1.050000000000000000e+02
1.557866666666666617e+02 1.330800000000000125e+02 1.050733333333333377e+02
1.556466666666666754e+02 1.330399999999999920e+02 1.050066666666666606e+02
1.556200000000000045e+02 1.330466666666666526e+02 1.047999999999999972e+02
1.554799999999999898e+02 1.330399999999999920e+02 1.044933333333333394e+02
1.555906040268456252e+02 1.332818791946308750e+02 1.045100671140939568e+02
1.556466666666666754e+02 1.334266666666666765e+02 1.044266666666666623e+02
1.556081081081080981e+02 1.334459459459459367e+02 1.043445945945945965e+02
1.555526315789473699e+02 1.335657894736842195e+02 1.042894736842105203e+02
1.554635761589403842e+02 1.334701986754966754e+02 1.041456953642384065e+02
1.553866666666666561e+02 1.334933333333333394e+02 1.040666666666666629e+02
1.553557046979865675e+02 1.334563758389261636e+02 1.040805369127516826e+02
1.553289473684210407e+02 1.335657894736842195e+02 1.039736842105263150e+02
1.553624161073825576e+02 1.336510067114093943e+02 1.037919463087248317e+02
1.554625850340136139e+02 1.336190476190476204e+02 1.036870748299319729e+02
1.555065789473684106e+02 1.336973684210526301e+02 1.036842105263157947e+02
1.555714285714285836e+02 1.337551020408163254e+02 1.037142857142857082e+02
1.557364864864864842e+02 1.338175675675675791e+02 1.037229729729729684e+02
1.555100671140939710e+02 1.338523489932885866e+02 1.035503355704697981e+02
1.555562913907284894e+02 1.338344370860927199e+02 1.034635761589403984e+02
1.556577181208053560e+02 1.337919463087248459e+02 1.033557046979865817e+02
1.558053691275167694e+02 1.338859060402684520e+02 1.033489932885906057e+02
1.557533333333333303e+02 1.339666666666666686e+02 1.032800000000000011e+02
1.557368421052631504e+02 1.340197368421052602e+02 1.032236842105263150e+02
1.557019867549668959e+02 1.339933774834437088e+02 1.029801324503311264e+02
1.556533333333333360e+02 1.339399999999999977e+02 1.028799999999999955e+02
1.558133333333333326e+02 1.340200000000000102e+02 1.026400000000000006e+02
1.558466666666666640e+02 1.340666666666666629e+02 1.024133333333333269e+02
1.557266666666666595e+02 1.340066666666666606e+02 1.023266666666666680e+02
1.557785234899328941e+02 1.340000000000000000e+02 1.023154362416107404e+02
1.558255033557047113e+02 1.339328859060402692e+02 1.022751677852348990e+02
1.560264900662251648e+02 1.339072847682119232e+02 1.020927152317880768e+02
1.560066666666666606e+02 1.339199999999999875e+02 1.019800000000000040e+02
1.560333333333333314e+02 1.338933333333333451e+02 1.019200000000000017e+02
1.560909090909090935e+02 1.339480519480519547e+02 1.019350649350649292e+02
1.562080536912751541e+02 1.340738255033556925e+02 1.020536912751677789e+02
1.561258278145695328e+02 1.341523178807946977e+02 1.020331125827814560e+02
1.559933333333333394e+02 1.341999999999999886e+02 1.019133333333333269e+02
1.559072847682119232e+02 1.341258278145695328e+02 1.017284768211920465e+02
1.558466666666666640e+02 1.341066666666666549e+02 1.017000000000000028e+02
1.560466666666666526e+02 1.341866666666666390e+02 1.016133333333333297e+02
1.560800000000000125e+02 1.343066666666666720e+02 1.015000000000000000e+02
1.561192052980132416e+02 1.343774834437086270e+02 1.014701986754966896e+02
1.562533333333333587e+02 1.343933333333333451e+02 1.013599999999999994e+02
1.562266666666666879e+02 1.342600000000000193e+02 1.012800000000000011e+02
1.563133333333333326e+02 1.342333333333333485e+02 1.012133333333333383e+02
1.563959731543624230e+02 1.342953020134227984e+02 1.012416107382550337e+02
1.565704697986577116e+02 1.344295302013422599e+02 1.012281879194630818e+02
1.566486486486486456e+02 1.345405405405405475e+02 1.010810810810810807e+02
1.567039473684210407e+02 1.345921052631579187e+02 1.010921052631578902e+02
1.567755102040816269e+02 1.345102040816326507e+02 1.010612244897959187e+02
1.567066666666666777e+02 1.345133333333333212e+02 1.009599999999999937e+02
1.566778523489932979e+02 1.346040268456375770e+02 1.008657718120805384e+02
1.568243243243243228e+02 1.345540540540540633e+02 1.007162162162162105e+02
1.567866666666666617e+02 1.345066666666666606e+02 1.006666666666666714e+02
1.568866666666666561e+02 1.346200000000000045e+02 1.005666666666666629e+02
1.567697368421052602e+02 1.345986842105263293e+02 1.004407894736842053e+02
1.570067114093959617e+02 1.347248322147650867e+02 1.003422818791946298e+02
1.570526315789473699e+02 1.346381578947368496e+02 1.002434210526315752e+02
1.570993377483443680e+02 1.346225165562914015e+02 1.001788079470198625e+02
1.571879194630872405e+02 1.346107382550335672e+02 1.000067114093959759e+02
1.572666666666666799e+02 1.346666666666666572e+02 9.998000000000000398e+01
1.573355704697986539e+02 1.347651006711409423e+02 9.965771812080537018e+01
1.573799999999999955e+02 1.347333333333333201e+02 9.957333333333333769e+01
1.573466666666666640e+02 1.347400000000000091e+02 9.934000000000000341e+01
1.573851351351351298e+02 1.348378378378378386e+02 9.926351351351350161e+01
1.573866666666666845e+02 1.348133333333333326e+02 9.907999999999999829e+01
1.575733333333333519e+02 1.347733333333333121e+02 9.906666666666666288e+01
1.575033557046979809e+02 1.346644295302013461e+02 9.894630872483222106e+01
1.575878378378378386e+02 1.345945945945945823e+02 9.884459459459459651e+01
1.577266666666666595e+02 1.346133333333333439e+02 9.876666666666666572e+01
1.578859060402684520e+02 1.347248322147650867e+02 9.870469798657718741e+01
1.579261744966443075e+02 1.348120805369127595e+02 9.859060402684563940e+01
1.578300653594771177e+02 1.349150326797385731e+02 9.854248366013071347e+01
1.578724832214765001e+02 1.349530201342281828e+02 9.846308724832215375e+01
1.578590604026845767e+02 1.349261744966443075e+02 9.829530201342281259e+01
1.577748344370860991e+02 1.349801324503311264e+02 9.811258278145695044e+01
1.578609271523178847e+02 1.349536423841059616e+02 9.800662251655629120e+01
1.577852348993288558e+02 1.350067114093959617e+02 9.784563758389261068e+01
1.579271523178807968e+02 1.349072847682119232e+02 9.774172185430462889e+01
1.579731543624160963e+02 1.349597315436241729e+02 9.764429530201341834e+01
1.579798657718120865e+02 1.348120805369127595e+02 9.753020134228188454e+01
1.580389610389610482e+02 1.348506493506493484e+02 9.740909090909090651e+01
1.580927152317880768e+02 1.347549668874172255e+02 9.728476821192053592e+01
1.580789473684210407e+02 1.347105263157894797e+02 9.705921052631579471e+01
1.581466666666666754e+02 1.346333333333333258e+02 9.687999999999999545e+01
1.581118421052631504e+02 1.348092105263157805e+02 9.675657894736842479e+01
1.581466666666666754e+02 1.346999999999999886e+02 9.662000000000000455e+01
1.582368421052631504e+02 1.346513157894736707e+02 9.661184210526316463e+01
1.582972972972972912e+02 1.346554054054054177e+02 9.627702702702703164e+01
1.583221476510067021e+02 1.347114093959731633e+02 9.630201342281878851e+01
1.583154362416107404e+02 1.346912751677852214e+02 9.628187919463087496e+01
1.583026315789473699e+02 1.346381578947368496e+02 9.618421052631579471e+01
1.584228187919462982e+02 1.345503355704697981e+02 9.614765100671141340e+01
1.583750000000000000e+02 1.345789473684210407e+02 9.607236842105263008e+01
1.584834437086092578e+02 1.346026490066225278e+02 9.587417218543046715e+01
1.585945945945945823e+02 1.345945945945945823e+02 9.575675675675675791e+01
1.586800000000000068e+02 1.346066666666666549e+02 9.571999999999999886e+01
1.587181208053691250e+02 1.344966442953020191e+02 9.573154362416107688e+01
1.588133333333333326e+02 1.345999999999999943e+02 9.564000000000000057e+01
1.587382550335570386e+02 1.345369127516778462e+02 9.548993288590604323e+01
1.586959459459459367e+02 1.345810810810810949e+02 9.535810810810811233e+01
1.588066666666666720e+02 1.346999999999999886e+02 9.531333333333333258e+01
1.588410596026490111e+02 1.348211920529801375e+02 9.523178807947019209e+01
1.588533333333333246e+02 1.349133333333333269e+02 9.515999999999999659e+01
1.588590604026845767e+02 1.349932885906040383e+02 9.504697986577181723e+01
1.590067114093959617e+02 1.348993288590604038e+02 9.506711409395973078e+01
1.590728476821192032e+02 1.348675496688741759e+02 9.501986754966887361e+01
1.591125827814569504e+02 1.348609271523178847e+02 9.507947019867549443e+01
1.592550335570469713e+02 1.348255033557047113e+02 9.505369127516777894e+01
