1.282885906040268367e+02 1.281744966442952887e+02 1.258456375838926107e+02
1.283311258278145601e+02 1.281523178807946977e+02 1.259072847682119232e+02
1.283576158940397249e+02 1.281125827814569504e+02 1.259470198675496704e+02
1.283087248322147786e+02 1.280939597315436345e+02 1.259597315436241587e+02
1.283245033112582689e+02 1.281059602649006592e+02 1.259536423841059616e+02
1.282866666666666617e+02 1.281666666666666572e+02 1.259533333333333331e+02
1.283443708609271425e+02 1.280993377483443680e+02 1.259668874172185440e+02
1.284266666666666765e+02 1.280933333333333337e+02 1.259800000000000040e+02
1.284437086092715106e+02 1.281788079470198625e+02 1.258609271523178847e+02
1.283973509933774722e+02 1.282781456953642305e+02 1.259006622516556320e+02
1.283666666666666742e+02 1.282733333333333405e+02 1.260066666666666606e+02
1.283400000000000034e+02 1.283666666666666742e+02 1.260199999999999960e+02
1.283774834437085985e+02 1.283443708609271425e+02 1.259867549668874176e+02
1.283333333333333428e+02 1.283000000000000114e+02 1.259066666666666663e+02
1.283799999999999955e+02 1.283000000000000114e+02 1.257999999999999972e+02
1.283576158940397249e+02 1.282582781456953569e+02 1.258079470198675551e+02
1.284000000000000057e+02 1.283266666666666538e+02 1.258799999999999955e+02
1.284000000000000057e+02 1.283133333333333326e+02 1.259599999999999937e+02
1.284133333333333269e+02 1.283000000000000114e+02 1.259333333333333371e+02
1.284333333333333371e+02 1.282800000000000011e+02 1.258933333333333309e+02
1.284066666666666663e+02 1.283199999999999932e+02 1.259333333333333371e+02
1.283733333333333348e+02 1.283666666666666742e+02 1.258666666666666600e+02
1.284333333333333371e+02 1.283866666666666561e+02 1.258333333333333286e+02
1.284799999999999898e+02 1.284133333333333269e+02 1.259133333333333269e+02
1.285266666666666708e+02 1.284866666666666788e+02 1.259533333333333331e+02
1.285231788079470334e+02 1.284503311258278018e+02 1.259403973509933792e+02
1.285133333333333212e+02 1.284799999999999898e+02 1.259533333333333331e+02
1.285099337748344510e+02 1.285364238410596158e+02 1.259337748344370880e+02
1.285066666666666606e+02 1.284799999999999898e+02 1.258799999999999955e+02
1.285399999999999920e+02 1.285200000000000102e+02 1.258199999999999932e+02
1.285000000000000000e+02 1.285460526315789593e+02 1.258947368421052602e+02
1.284834437086092578e+02 1.285761589403973630e+02 1.258874172185430496e+02
1.284733333333333292e+02 1.285933333333333337e+02 1.259399999999999977e+02
1.284933333333333394e+02 1.285600000000000023e+02 1.260266666666666708e+02
1.284832214765100673e+02 1.285369127516778462e+02 1.260738255033557067e+02
1.284736842105263293e+02 1.285921052631578902e+02 1.260855263157894797e+02
1.285466666666666526e+02 1.285999999999999943e+02 1.261333333333333400e+02
1.285933333333333337e+02 1.285666666666666629e+02 1.262000000000000028e+02
1.285562913907284894e+02 1.285894039735099454e+02 1.261589403973509889e+02
1.285466666666666526e+02 1.286266666666666652e+02 1.262199999999999989e+02
1.285133333333333212e+02 1.285999999999999943e+02 1.262000000000000028e+02
1.283933333333333451e+02 1.286066666666666549e+02 1.261400000000000006e+02
1.283733333333333348e+02 1.285999999999999943e+02 1.261133333333333297e+02
1.284105960264900546e+02 1.286026490066225278e+02 1.260993377483443680e+02
1.284172185430463458e+02 1.286026490066225278e+02 1.260927152317880768e+02
1.283758389261745094e+02 1.285771812080537018e+02 1.260872483221476443e+02
1.284199999999999875e+02 1.285666666666666629e+02 1.260000000000000000e+02
1.283594771241830017e+02 1.285294117647058840e+02 1.260196078431372513e+02
1.283000000000000114e+02 1.284933333333333394e+02 1.260400000000000063e+02
1.283400000000000034e+02 1.284600000000000080e+02 1.260266666666666708e+02
1.285065789473684106e+02 1.284144736842105203e+02 1.259868421052631646e+02
1.285165562913907422e+02 1.284370860927152194e+02 1.260529801324503296e+02
1.284399999999999977e+02 1.284333333333333371e+02 1.259266666666666623e+02
1.284900662251655490e+02 1.284503311258278018e+02 1.259735099337748352e+02
1.285099337748344510e+02 1.283774834437085985e+02 1.260927152317880768e+02
1.284765100671141056e+02 1.283959731543624230e+02 1.260134228187919518e+02
1.284569536423840930e+02 1.283708609271523073e+02 1.260331125827814560e+02
1.285263157894736707e+02 1.284539473684210407e+02 1.261184210526315752e+02
1.284933333333333394e+02 1.285999999999999943e+02 1.261266666666666652e+02
1.285328947368421098e+02 1.285526315789473699e+02 1.261710526315789451e+02
1.286174496644295289e+02 1.285033557046979809e+02 1.261677852348993270e+02
1.286158940397351103e+02 1.285033112582781598e+02 1.261456953642384065e+02
1.285666666666666629e+02 1.284933333333333394e+02 1.260866666666666731e+02
1.285695364238410718e+02 1.284768211920529666e+02 1.260198675496688736e+02
1.285800000000000125e+02 1.284866666666666788e+02 1.261066666666666691e+02
1.285333333333333314e+02 1.284666666666666686e+02 1.261533333333333360e+02
1.284563758389261636e+02 1.284093959731543748e+02 1.261610738255033510e+02
1.285733333333333235e+02 1.283400000000000034e+02 1.260999999999999943e+02
1.286333333333333258e+02 1.283799999999999955e+02 1.261200000000000045e+02
1.286333333333333258e+02 1.283066666666666720e+02 1.260333333333333314e+02
1.286599999999999966e+02 1.283933333333333451e+02 1.260799999999999983e+02
1.286800000000000068e+02 1.284466666666666583e+02 1.260799999999999983e+02
1.287400000000000091e+02 1.284266666666666765e+02 1.260999999999999943e+02
1.287933333333333223e+02 1.284066666666666663e+02 1.260666666666666629e+02
1.286933333333333280e+02 1.284600000000000080e+02 1.259733333333333292e+02
1.287266666666666595e+02 1.284799999999999898e+02 1.259866666666666646e+02
1.287266666666666595e+02 1.285399999999999920e+02 1.259266666666666623e+02
1.287133333333333383e+02 1.285333333333333314e+02 1.259933333333333394e+02
1.286225165562914015e+02 1.285165562913907422e+02 1.260264900662251648e+02
1.286466666666666754e+02 1.284866666666666788e+02 1.259666666666666686e+02
1.285533333333333417e+02 1.285533333333333417e+02 1.260266666666666708e+02
1.286092715231788191e+02 1.285562913907284894e+02 1.259668874172185440e+02
1.286399999999999864e+02 1.285800000000000125e+02 1.259800000000000040e+02
1.286399999999999864e+02 1.286200000000000045e+02 1.259200000000000017e+02
1.286622516556291487e+02 1.285827814569536542e+02 1.259337748344370880e+02
1.286999999999999886e+02 1.286266666666666652e+02 1.259933333333333394e+02
1.286866666666666674e+02 1.285733333333333235e+02 1.259733333333333292e+02
1.287333333333333201e+02 1.286466666666666754e+02 1.259399999999999977e+02
1.286979865771812115e+02 1.285503355704697981e+02 1.260000000000000000e+02
1.286533333333333360e+02 1.285333333333333314e+02 1.259666666666666686e+02
1.286800000000000068e+02 1.285266666666666708e+02 1.260066666666666606e+02
1.286510067114093943e+02 1.284630872483221538e+02 1.259463087248322211e+02
1.286375838926174424e+02 1.284161073825503365e+02 1.259194630872483174e+02
1.286599999999999966e+02 1.283533333333333246e+02 1.259133333333333269e+02
1.285999999999999943e+02 1.283400000000000034e+02 1.259266666666666623e+02
1.286092715231788191e+02 1.283708609271523073e+02 1.260529801324503296e+02
1.286315789473684106e+02 1.284210526315789593e+02 1.259934210526315752e+02
1.286066666666666549e+02 1.284733333333333292e+02 1.259333333333333371e+02
1.286225165562914015e+02 1.284701986754966754e+02 1.259006622516556320e+02
1.286533333333333360e+02 1.285266666666666708e+02 1.259066666666666663e+02
1.286622516556291487e+02 1.284900662251655490e+02 1.258410596026490111e+02
1.286200000000000045e+02 1.284799999999999898e+02 1.257800000000000011e+02
1.286158940397351103e+02 1.284304635761589282e+02 1.258079470198675551e+02
1.285960264900662366e+02 1.283907284768211809e+02 1.257880794701986815e+02
1.285629139072847806e+02 1.284834437086092578e+02 1.258278145695364287e+02
1.285503355704697981e+02 1.284630872483221538e+02 1.258926174496644279e+02
1.285266666666666708e+02 1.285266666666666708e+02 1.259533333333333331e+02
1.285771812080537018e+02 1.285570469798657598e+02 1.259798657718120865e+02
1.285666666666666629e+02 1.286333333333333258e+02 1.259200000000000017e+02
1.285827814569536542e+02 1.286092715231788191e+02 1.258874172185430496e+02
1.285906040268456252e+02 1.286375838926174424e+02 1.260268456375838895e+02
1.286092715231788191e+02 1.286688741721854399e+02 1.261125827814569504e+02
1.285800000000000125e+02 1.286200000000000045e+02 1.260799999999999983e+02
1.285733333333333235e+02 1.285800000000000125e+02 1.260333333333333314e+02
1.285298013245033246e+02 1.285430463576159070e+02 1.260662251655629120e+02
1.285065789473684106e+02 1.285394736842105203e+02 1.261184210526315752e+02
1.285533333333333417e+02 1.284866666666666788e+02 1.260799999999999983e+02
1.285629139072847806e+02 1.285695364238410718e+02 1.259470198675496704e+02
1.284605263157894797e+02 1.285131578947368496e+02 1.260065789473684248e+02
1.284834437086092578e+02 1.286754966887417311e+02 1.259735099337748352e+02
1.284868421052631504e+02 1.286513157894736707e+02 1.260000000000000000e+02
1.284333333333333371e+02 1.286733333333333462e+02 1.259466666666666725e+02
1.283866666666666561e+02 1.286733333333333462e+02 1.259266666666666623e+02
1.283642384105960161e+02 1.286556291390728575e+02 1.259072847682119232e+02
1.283866666666666561e+02 1.286200000000000045e+02 1.259333333333333371e+02
1.284866666666666788e+02 1.285800000000000125e+02 1.259266666666666623e+02
1.285695364238410718e+02 1.285960264900662366e+02 1.259536423841059616e+02
1.285973154362416153e+02 1.286308724832214807e+02 1.259395973154362451e+02
1.285866666666666731e+02 1.286533333333333360e+02 1.259866666666666646e+02
1.285333333333333314e+02 1.286200000000000045e+02 1.261066666666666691e+02
1.285533333333333417e+02 1.286533333333333360e+02 1.261599999999999966e+02
1.285800000000000125e+02 1.286666666666666572e+02 1.260666666666666629e+02
1.285466666666666526e+02 1.286733333333333462e+02 1.260666666666666629e+02
1.284105960264900546e+02 1.286092715231788191e+02 1.260529801324503296e+02
1.284199999999999875e+02 1.286066666666666549e+02 1.260266666666666708e+02
1.284399999999999977e+02 1.285466666666666526e+02 1.259933333333333394e+02
1.283892617449664328e+02 1.285100671140939710e+02 1.259798657718120865e+02
1.284161073825503365e+02 1.284832214765100673e+02 1.260268456375838895e+02
1.283841059602648897e+02 1.285562913907284894e+02 1.260662251655629120e+02
1.284539473684210407e+02 1.285263157894736707e+02 1.260394736842105203e+02
1.284000000000000057e+02 1.285066666666666606e+02 1.259933333333333394e+02
1.284266666666666765e+02 1.284866666666666788e+02 1.261133333333333297e+02
1.284466666666666583e+02 1.285200000000000102e+02 1.261800000000000068e+02
1.284866666666666788e+02 1.284666666666666686e+02 1.261666666666666714e+02
1.285133333333333212e+02 1.285133333333333212e+02 1.260999999999999943e+02
1.285033557046979809e+02 1.285100671140939710e+02 1.260805369127516826e+02
1.285200000000000102e+02 1.284799999999999898e+02 1.260799999999999983e+02
1.285399999999999920e+02 1.285200000000000102e+02 1.261733333333333320e+02
1.285099337748344510e+02 1.286158940397351103e+02 1.262119205298013185e+02
1.285200000000000102e+02 1.286266666666666652e+02 1.261866666666666674e+02
1.285000000000000000e+02 1.286133333333333439e+02 1.261466666666666612e+02
1.284933333333333394e+02 1.285733333333333235e+02 1.261466666666666612e+02
1.285466666666666526e+02 1.284799999999999898e+02 1.262000000000000028e+02
1.285695364238410718e+02 1.284768211920529666e+02 1.261192052980132416e+02
1.285733333333333235e+02 1.285533333333333417e+02 1.260933333333333337e+02
1.284768211920529666e+02 1.285629139072847806e+02 1.260794701986754944e+02
1.285133333333333212e+02 1.285600000000000023e+02 1.260999999999999943e+02
1.284600000000000080e+02 1.285533333333333417e+02 1.260266666666666708e+02
1.284701986754966754e+02 1.285165562913907422e+02 1.259801324503311264e+02
1.284834437086092578e+02 1.285894039735099454e+02 1.260198675496688736e+02
1.284900662251655490e+02 1.285364238410596158e+02 1.260264900662251648e+02
1.284399999999999977e+02 1.285733333333333235e+02 1.260000000000000000e+02
1.284333333333333371e+02 1.285666666666666629e+02 1.259866666666666646e+02
1.284933333333333394e+02 1.285733333333333235e+02 1.260933333333333337e+02
1.284666666666666686e+02 1.284866666666666788e+02 1.261333333333333400e+02
1.284701986754966754e+02 1.284900662251655490e+02 1.261788079470198625e+02
1.284199999999999875e+02 1.284666666666666686e+02 1.261599999999999966e+02
1.284199999999999875e+02 1.284466666666666583e+02 1.261466666666666612e+02
1.284697986577181155e+02 1.284630872483221538e+02 1.260469798657718172e+02
1.283443708609271425e+02 1.285298013245033246e+02 1.260662251655629120e+02
1.284133333333333269e+02 1.284866666666666788e+02 1.261266666666666652e+02
1.284304635761589282e+02 1.284172185430463458e+02 1.261125827814569504e+02
1.283799999999999955e+02 1.283666666666666742e+02 1.259599999999999937e+02
1.283774834437085985e+02 1.283311258278145601e+02 1.260397350993377472e+02
1.284133333333333269e+02 1.283466666666666640e+02 1.260066666666666606e+02
1.284172185430463458e+02 1.284304635761589282e+02 1.260463576158940384e+02
1.283666666666666742e+02 1.283333333333333428e+02 1.260799999999999983e+02
1.283666666666666742e+02 1.283600000000000136e+02 1.260666666666666629e+02
1.283333333333333428e+02 1.283600000000000136e+02 1.260133333333333354e+02
1.283266666666666538e+02 1.284133333333333269e+02 1.260999999999999943e+02
1.283466666666666640e+02 1.284799999999999898e+02 1.260533333333333275e+02
1.284000000000000057e+02 1.285066666666666606e+02 1.259599999999999937e+02
1.283245033112582689e+02 1.285033112582781598e+02 1.259139072847682144e+02
1.283466666666666640e+02 1.285733333333333235e+02 1.258266666666666680e+02
1.282885906040268367e+02 1.285771812080537018e+02 1.258389261744966490e+02
1.283066666666666720e+02 1.285999999999999943e+02 1.258799999999999955e+02
1.283154362416107404e+02 1.285704697986577116e+02 1.258523489932885866e+02
1.283600000000000136e+02 1.285600000000000023e+02 1.258733333333333348e+02
1.283000000000000114e+02 1.285133333333333212e+02 1.258866666666666703e+02
1.283266666666666538e+02 1.285533333333333417e+02 1.258866666666666703e+02
1.282847682119205217e+02 1.285099337748344510e+02 1.258278145695364287e+02
1.283154362416107404e+02 1.283892617449664328e+02 1.258187919463087212e+02
1.283311258278145601e+02 1.283907284768211809e+02 1.258410596026490111e+02
1.282500000000000000e+02 1.284802631578947398e+02 1.257828947368421098e+02
1.282533333333333303e+02 1.284733333333333292e+02 1.258133333333333326e+02
1.282199999999999989e+02 1.285066666666666606e+02 1.258066666666666720e+02
1.282733333333333405e+02 1.284466666666666583e+02 1.257666666666666657e+02
1.282913907284768129e+02 1.284635761589403842e+02 1.258079470198675551e+02
1.282199999999999989e+02 1.284666666666666686e+02 1.258599999999999994e+02
1.282582781456953569e+02 1.284437086092715106e+02 1.259006622516556320e+02
1.282933333333333223e+02 1.285066666666666606e+02 1.258533333333333388e+02
1.282400000000000091e+02 1.285399999999999920e+02 1.257933333333333366e+02
1.282599999999999909e+02 1.285999999999999943e+02 1.258400000000000034e+02
1.282751677852349133e+02 1.286442953020134325e+02 1.258322147651006730e+02
1.282549019607843093e+02 1.285620915032679648e+02 1.258431372549019613e+02
1.282450331125827745e+02 1.285496688741721982e+02 1.257880794701986815e+02
1.282133333333333383e+02 1.285266666666666708e+02 1.258199999999999932e+02
1.282091503267973849e+02 1.285686274509803866e+02 1.259803921568627487e+02
1.282302631578947398e+02 1.285000000000000000e+02 1.258486842105263150e+02
1.281399999999999864e+02 1.285066666666666606e+02 1.258333333333333286e+02
1.282080536912751541e+02 1.284966442953020191e+02 1.258120805369127453e+02
1.281800000000000068e+02 1.285533333333333417e+02 1.258733333333333348e+02
1.282400000000000091e+02 1.285333333333333314e+02 1.258666666666666600e+02
1.282516556291390657e+02 1.285298013245033246e+02 1.258410596026490111e+02
1.282450331125827745e+02 1.285099337748344510e+02 1.258410596026490111e+02
1.282800000000000011e+02 1.285266666666666708e+02 1.257800000000000011e+02
1.282533333333333303e+02 1.285733333333333235e+02 1.257066666666666634e+02
1.283000000000000114e+02 1.286133333333333439e+02 1.257333333333333343e+02
1.283066666666666720e+02 1.285666666666666629e+02 1.257066666666666634e+02
1.282894736842105203e+02 1.285460526315789593e+02 1.257039473684210549e+02
1.282199999999999989e+02 1.285999999999999943e+02 1.257999999999999972e+02
1.282214765100671059e+02 1.286375838926174424e+02 1.257449664429530145e+02
1.282133333333333383e+02 1.286200000000000045e+02 1.256733333333333320e+02
1.283333333333333428e+02 1.286533333333333360e+02 1.256733333333333320e+02
1.283733333333333348e+02 1.287533333333333303e+02 1.256066666666666691e+02
1.283708609271523073e+02 1.287615894039735167e+02 1.256821192052980081e+02
1.283266666666666538e+02 1.287266666666666595e+02 1.256400000000000006e+02
1.283199999999999932e+02 1.286999999999999886e+02 1.257000000000000028e+02
1.282450331125827745e+02 1.286953642384106047e+02 1.256357615894039697e+02
1.282199999999999989e+02 1.286066666666666549e+02 1.256533333333333360e+02
1.281342281879194616e+02 1.286107382550335672e+02 1.255838926174496635e+02
1.281333333333333258e+02 1.286599999999999966e+02 1.255733333333333377e+02
1.280800000000000125e+02 1.286533333333333360e+02 1.255533333333333275e+02
1.281533333333333360e+02 1.285466666666666526e+02 1.255799999999999983e+02
1.282333333333333201e+02 1.285399999999999920e+02 1.255866666666666731e+02
1.282333333333333201e+02 1.286066666666666549e+02 1.256266666666666652e+02
1.282384105960264833e+02 1.285894039735099454e+02 1.255562913907284752e+02
1.282400000000000091e+02 1.286133333333333439e+02 1.255600000000000023e+02
1.282333333333333201e+02 1.285999999999999943e+02 1.255199999999999960e+02
1.282333333333333201e+02 1.285600000000000023e+02 1.255266666666666708e+02
1.281866666666666674e+02 1.285866666666666731e+02 1.255866666666666731e+02
1.281677852348993270e+02 1.286174496644295289e+02 1.255838926174496635e+02
1.282333333333333201e+02 1.285800000000000125e+02 1.255533333333333275e+02
1.282384105960264833e+02 1.285761589403973630e+02 1.256291390728476784e+02
1.283066666666666720e+02 1.285999999999999943e+02 1.256266666666666652e+02
1.283000000000000114e+02 1.286266666666666652e+02 1.256200000000000045e+02
1.282550335570469713e+02 1.286912751677852214e+02 1.255838926174496635e+02
1.282119205298013185e+02 1.286688741721854399e+02 1.255033112582781456e+02
1.282450331125827745e+02 1.285960264900662366e+02 1.255298013245033104e+02
1.282333333333333201e+02 1.286466666666666754e+02 1.256400000000000006e+02
1.281677852348993270e+02 1.285906040268456252e+02 1.256107382550335529e+02
1.281986754966887361e+02 1.285695364238410718e+02 1.256026490066225136e+02
1.281589403973509889e+02 1.284569536423840930e+02 1.254569536423841072e+02
1.281866666666666674e+02 1.285399999999999920e+02 1.254399999999999977e+02
1.281733333333333462e+02 1.286200000000000045e+02 1.255000000000000000e+02
1.281666666666666572e+02 1.286266666666666652e+02 1.255466666666666669e+02
1.282466666666666697e+02 1.285399999999999920e+02 1.255466666666666669e+02
1.282052980132450273e+02 1.285761589403973630e+02 1.256357615894039697e+02
1.281866666666666674e+02 1.285666666666666629e+02 1.256733333333333320e+02
1.281456953642384065e+02 1.286158940397351103e+02 1.256423841059602609e+02
1.281258278145695328e+02 1.286622516556291487e+02 1.256092715231788048e+02
1.282266666666666595e+02 1.287333333333333201e+02 1.256133333333333297e+02
1.282800000000000011e+02 1.287733333333333405e+02 1.255866666666666731e+02
1.281733333333333462e+02 1.287533333333333303e+02 1.256200000000000045e+02
1.281266666666666652e+02 1.287466666666666697e+02 1.256266666666666652e+02
1.280927152317880768e+02 1.287549668874172255e+02 1.257086092715231729e+02
1.281523178807946977e+02 1.287417218543046431e+02 1.257152317880794641e+02
1.281258278145695328e+02 1.289205298013245056e+02 1.257549668874172255e+02
1.281933333333333280e+02 1.288933333333333451e+02 1.257933333333333366e+02
1.281866666666666674e+02 1.288333333333333428e+02 1.258199999999999932e+02
1.282466666666666697e+02 1.288000000000000114e+02 1.258066666666666720e+02
1.283443708609271425e+02 1.287748344370860991e+02 1.258145695364238463e+02
1.283133333333333326e+02 1.287333333333333201e+02 1.257733333333333263e+02
1.283046357615893953e+02 1.287615894039735167e+02 1.257814569536423903e+02
1.282847682119205217e+02 1.286887417218543135e+02 1.258609271523178847e+02
1.283066666666666720e+02 1.286933333333333280e+02 1.258866666666666703e+02
1.282599999999999909e+02 1.285866666666666731e+02 1.258733333333333348e+02
1.282800000000000011e+02 1.286200000000000045e+02 1.259399999999999977e+02
1.282599999999999909e+02 1.287133333333333383e+02 1.260000000000000000e+02
1.282080536912751541e+02 1.286644295302013461e+02 1.259664429530201346e+02
1.283973509933774722e+02 1.286887417218543135e+02 1.258410596026490111e+02
1.284600000000000080e+02 1.287066666666666777e+02 1.258400000000000034e+02
1.284666666666666686e+02 1.286999999999999886e+02 1.258133333333333326e+02
1.284600000000000080e+02 1.287866666666666617e+02 1.258733333333333348e+02
1.284026845637583847e+02 1.287651006711409423e+02 1.259127516778523557e+02
1.284000000000000057e+02 1.287800000000000011e+02 1.258133333333333326e+02
1.283907284768211809e+02 1.288145695364238463e+02 1.258543046357615935e+02
1.283199999999999932e+02 1.288266666666666538e+02 1.258599999999999994e+02
1.282800000000000011e+02 1.287866666666666617e+02 1.258333333333333286e+02
1.281946308724832306e+02 1.287986577181208077e+02 1.258657718120805384e+02
1.282199999999999989e+02 1.287466666666666697e+02 1.258266666666666680e+02
1.282281879194630960e+02 1.287785234899328941e+02 1.258590604026845625e+02
1.282266666666666595e+02 1.286999999999999886e+02 1.257999999999999972e+02
1.282980132450331041e+02 1.286887417218543135e+02 1.257682119205298079e+02
1.283245033112582689e+02 1.286490066225165663e+02 1.257152317880794641e+02
1.283355704697986539e+02 1.286644295302013461e+02 1.257248322147651010e+02
1.283046357615893953e+02 1.286688741721854399e+02 1.257549668874172255e+02
1.282866666666666617e+02 1.286933333333333280e+02 1.257999999999999972e+02
1.282715231788079393e+02 1.287350993377483519e+02 1.257615894039735167e+02
1.282251655629139009e+02 1.287417218543046431e+02 1.257615894039735167e+02
1.282133333333333383e+02 1.286800000000000068e+02 1.257199999999999989e+02
1.282119205298013185e+02 1.287350993377483519e+02 1.257152317880794641e+02
1.282080536912751541e+02 1.287382550335570386e+02 1.257516778523489904e+02
1.281610738255033652e+02 1.287852348993288558e+02 1.257785234899328799e+02
1.282733333333333405e+02 1.286733333333333462e+02 1.257866666666666617e+02
1.282400000000000091e+02 1.287199999999999989e+02 1.257800000000000011e+02
1.282400000000000091e+02 1.288333333333333428e+02 1.257999999999999972e+02
1.282185430463576097e+02 1.288145695364238463e+02 1.257417218543046289e+02
1.282733333333333405e+02 1.288799999999999955e+02 1.257133333333333383e+02
1.282763157894736707e+02 1.288618421052631504e+02 1.257105263157894797e+02
1.283400000000000034e+02 1.288799999999999955e+02 1.257399999999999949e+02
1.283020134228187885e+02 1.287785234899328941e+02 1.257785234899328799e+02
1.283333333333333428e+02 1.286800000000000068e+02 1.257666666666666657e+02
1.283421052631578902e+02 1.286710526315789593e+02 1.257763157894736850e+02
1.283509933774834337e+02 1.287086092715231871e+02 1.258145695364238463e+02
1.282565789473684106e+02 1.287697368421052602e+02 1.258486842105263150e+02
1.283311258278145601e+02 1.287417218543046431e+02 1.258609271523178847e+02
1.283112582781456865e+02 1.287814569536423903e+02 1.259205298013245056e+02
1.282666666666666799e+02 1.287866666666666617e+02 1.259866666666666646e+02
1.282980132450331041e+02 1.287947019867549727e+02 1.259735099337748352e+02
1.281986754966887361e+02 1.288476821192053023e+02 1.259072847682119232e+02
1.282416107382550194e+02 1.287919463087248459e+02 1.259664429530201346e+02
1.282317880794701921e+02 1.288741721854304672e+02 1.259801324503311264e+02
1.282763157894736707e+02 1.289210526315789309e+02 1.260394736842105345e+02
1.282399999999999807e+02 1.289266666666666765e+02 1.260666666666666629e+02
1.282052980132450273e+02 1.289602649006622528e+02 1.260993377483443680e+02
1.281275167785234999e+02 1.289597315436241729e+02 1.260268456375838895e+02
1.282251655629139009e+02 1.289668874172185440e+02 1.260066225165562912e+02
1.281655629139072801e+02 1.289602649006622528e+02 1.259006622516556320e+02
1.282333333333333201e+02 1.290066666666666606e+02 1.259333333333333371e+02
1.281800000000000068e+02 1.289866666666666788e+02 1.259733333333333292e+02
1.281788079470198625e+02 1.289337748344370880e+02 1.259801324503311264e+02
1.282251655629139009e+02 1.289006622516556320e+02 1.260066225165562912e+02
1.282800000000000011e+02 1.288466666666666640e+02 1.259466666666666725e+02
1.282933333333333223e+02 1.288199999999999932e+02 1.259599999999999937e+02
1.283112582781456865e+02 1.288609271523178847e+02 1.258874172185430496e+02
1.283758389261745094e+02 1.288120805369127595e+02 1.258456375838926107e+02
1.283973509933774722e+02 1.289271523178807968e+02 1.258807947019867584e+02
1.283400000000000034e+02 1.289733333333333292e+02 1.259399999999999977e+02
1.283600000000000136e+02 1.289266666666666765e+02 1.258866666666666703e+02
1.283733333333333348e+02 1.289533333333333474e+02 1.259733333333333292e+02
1.283733333333333348e+02 1.289666666666666686e+02 1.258866666666666703e+02
1.283933333333333451e+02 1.289733333333333292e+02 1.258933333333333309e+02
1.284768211920529666e+02 1.290198675496688736e+02 1.258675496688741759e+02
1.285000000000000000e+02 1.290466666666666526e+02 1.259266666666666623e+02
1.285200000000000102e+02 1.290466666666666526e+02 1.259066666666666663e+02
1.284768211920529666e+02 1.290397350993377472e+02 1.258410596026490111e+02
1.284333333333333371e+02 1.289799999999999898e+02 1.258133333333333326e+02
1.284466666666666583e+02 1.288866666666666561e+02 1.257266666666666737e+02
1.283733333333333348e+02 1.289066666666666663e+02 1.256333333333333400e+02
1.283245033112582689e+02 1.289072847682119232e+02 1.256357615894039697e+02
1.283691275167785193e+02 1.288993288590604038e+02 1.256711409395973220e+02
1.283509933774834337e+02 1.289006622516556320e+02 1.256622516556291345e+02
1.284000000000000057e+02 1.289000000000000057e+02 1.255933333333333337e+02
1.284733333333333292e+02 1.288733333333333348e+02 1.256333333333333400e+02
1.284966887417218402e+02 1.288344370860927199e+02 1.256556291390728433e+02
1.285000000000000000e+02 1.288533333333333246e+02 1.256466666666666612e+02
1.285200000000000102e+02 1.288666666666666742e+02 1.256333333333333400e+02
1.285430463576159070e+02 1.288079470198675551e+02 1.256688741721854257e+02
1.284266666666666765e+02 1.288333333333333428e+02 1.256800000000000068e+02
1.284697986577181155e+02 1.287986577181208077e+02 1.256912751677852356e+02
1.284569536423840930e+02 1.287947019867549727e+02 1.256622516556291345e+02
1.285430463576159070e+02 1.288079470198675551e+02 1.256092715231788048e+02
1.285066666666666606e+02 1.288066666666666720e+02 1.256533333333333360e+02
1.285761589403973630e+02 1.288013245033112639e+02 1.256556291390728433e+02
1.286333333333333258e+02 1.288333333333333428e+02 1.255266666666666708e+02
1.286577181208053560e+02 1.288389261744966348e+02 1.255503355704697981e+02
1.286066666666666549e+02 1.289199999999999875e+02 1.255400000000000063e+02
1.285657894736842195e+02 1.288618421052631504e+02 1.256381578947368354e+02
1.285592105263157805e+02 1.289078947368421098e+02 1.256315789473684248e+02
1.284933333333333394e+02 1.287866666666666617e+02 1.255799999999999983e+02
1.284503311258278018e+02 1.288278145695364287e+02 1.256092715231788048e+02
1.284399999999999977e+02 1.287266666666666595e+02 1.255733333333333377e+02
1.284466666666666583e+02 1.287266666666666595e+02 1.255533333333333275e+02
1.284799999999999898e+02 1.287199999999999989e+02 1.256400000000000006e+02
1.283866666666666561e+02 1.287466666666666697e+02 1.256400000000000006e+02
1.284533333333333474e+02 1.287133333333333383e+02 1.256266666666666652e+02
1.283666666666666742e+02 1.287066666666666777e+02 1.256266666666666652e+02
1.284039735099337634e+02 1.286490066225165663e+02 1.256887417218542993e+02
1.283466666666666640e+02 1.285533333333333417e+02 1.257333333333333343e+02
1.283666666666666742e+02 1.286333333333333258e+02 1.256666666666666714e+02
1.283178807947019777e+02 1.286556291390728575e+02 1.256688741721854257e+02
1.283266666666666538e+02 1.286066666666666549e+02 1.256933333333333280e+02
1.283533333333333246e+02 1.286333333333333258e+02 1.256400000000000006e+02
1.283509933774834337e+02 1.286754966887417311e+02 1.256887417218542993e+02
1.283112582781456865e+02 1.286490066225165663e+02 1.257483443708609201e+02
1.283066666666666720e+02 1.285800000000000125e+02 1.257466666666666697e+02
1.282913907284768129e+02 1.286225165562914015e+02 1.257417218543046289e+02
1.283533333333333246e+02 1.286999999999999886e+02 1.257600000000000051e+02
1.283533333333333246e+02 1.286800000000000068e+02 1.257133333333333383e+02
1.283691275167785193e+02 1.286308724832214807e+02 1.257852348993288558e+02
1.283666666666666742e+02 1.286599999999999966e+02 1.257866666666666617e+02
1.283112582781456865e+02 1.287019867549668959e+02 1.257549668874172255e+02
1.283624161073825576e+02 1.286845637583892596e+02 1.258255033557046971e+02
1.282800000000000011e+02 1.285800000000000125e+02 1.257866666666666617e+02
1.282781456953642305e+02 1.285298013245033246e+02 1.257682119205298079e+02
1.282733333333333405e+02 1.285066666666666606e+02 1.257999999999999972e+02
1.282400000000000091e+02 1.284933333333333394e+02 1.258466666666666640e+02
1.283466666666666640e+02 1.285266666666666708e+02 1.257466666666666697e+02
1.283959731543624230e+02 1.285838926174496635e+02 1.256644295302013461e+02
1.284093959731543748e+02 1.286711409395973078e+02 1.256912751677852356e+02
1.283600000000000136e+02 1.287533333333333303e+02 1.256933333333333280e+02
1.283112582781456865e+02 1.287483443708609343e+02 1.257483443708609201e+02
1.283533333333333246e+02 1.287733333333333405e+02 1.257666666666666657e+02
1.283422818791946440e+02 1.287516778523489904e+02 1.257449664429530145e+02
1.284539473684210407e+02 1.287565789473684106e+02 1.257236842105263150e+02
1.284701986754966754e+02 1.287086092715231871e+02 1.257350993377483377e+02
1.285333333333333314e+02 1.286999999999999886e+02 1.257333333333333343e+02
1.285430463576159070e+02 1.286291390728476927e+02 1.257284768211920465e+02
1.285133333333333212e+02 1.287199999999999989e+02 1.256866666666666674e+02
1.284933333333333394e+02 1.287733333333333405e+02 1.257466666666666697e+02
1.285133333333333212e+02 1.287733333333333405e+02 1.257600000000000051e+02
1.285666666666666629e+02 1.287133333333333383e+02 1.257600000000000051e+02
1.285399999999999920e+02 1.287333333333333201e+02 1.257533333333333303e+02
1.286133333333333439e+02 1.287199999999999989e+02 1.257133333333333383e+02
1.285033557046979809e+02 1.286442953020134325e+02 1.257651006711409423e+02
1.285466666666666526e+02 1.286466666666666754e+02 1.258066666666666720e+02
1.285733333333333235e+02 1.286733333333333462e+02 1.257999999999999972e+02
1.284799999999999898e+02 1.286533333333333360e+02 1.258066666666666720e+02
1.285000000000000000e+02 1.287066666666666777e+02 1.258266666666666680e+02
1.285000000000000000e+02 1.287066666666666777e+02 1.258266666666666680e+02
1.284933333333333394e+02 1.287133333333333383e+02 1.258133333333333326e+02
1.285436241610738364e+02 1.287248322147650867e+02 1.257986577181208077e+02
1.285666666666666629e+02 1.287199999999999989e+02 1.257666666666666657e+02
1.285827814569536542e+02 1.286423841059602751e+02 1.257615894039735167e+02
1.285333333333333314e+02 1.286866666666666674e+02 1.257933333333333366e+02
1.285399999999999920e+02 1.286733333333333462e+02 1.257733333333333263e+02
1.285695364238410718e+02 1.287086092715231871e+02 1.258079470198675551e+02
1.285496688741721982e+02 1.287350993377483519e+02 1.258211920529801375e+02
1.285328947368421098e+02 1.287565789473684106e+02 1.258486842105263150e+02
1.284966887417218402e+02 1.287086092715231871e+02 1.258410596026490111e+02
1.285131578947368496e+02 1.286381578947368496e+02 1.258815789473684248e+02
1.286200000000000045e+02 1.286466666666666754e+02 1.258133333333333326e+02
1.286308724832214807e+02 1.286577181208053560e+02 1.258053691275167836e+02
1.286442953020134325e+02 1.286107382550335672e+02 1.258322147651006730e+02
1.285960264900662366e+02 1.286291390728476927e+02 1.257947019867549727e+02
1.285436241610738364e+02 1.286040268456375770e+02 1.256912751677852356e+02
1.285099337748344510e+02 1.285430463576159070e+02 1.256622516556291345e+02
1.285866666666666731e+02 1.284133333333333269e+02 1.256533333333333360e+02
1.285200000000000102e+02 1.284133333333333269e+02 1.256866666666666674e+02
1.286066666666666549e+02 1.283933333333333451e+02 1.255733333333333377e+02
1.286399999999999864e+02 1.284399999999999977e+02 1.255933333333333337e+02
1.286333333333333258e+02 1.285466666666666811e+02 1.256666666666666572e+02
1.286577181208053560e+02 1.285436241610738364e+02 1.256644295302013461e+02
1.286533333333333360e+02 1.285600000000000023e+02 1.256933333333333280e+02
1.286266666666666652e+02 1.285666666666666629e+02 1.257133333333333383e+02
1.285460526315789593e+02 1.286052631578947398e+02 1.256447368421052602e+02
1.285800000000000125e+02 1.286466666666666754e+02 1.256400000000000006e+02
1.284966887417218402e+02 1.286423841059602751e+02 1.256158940397350960e+02
1.285666666666666629e+02 1.286200000000000045e+02 1.257066666666666634e+02
1.284733333333333292e+02 1.285200000000000102e+02 1.257066666666666634e+02
1.284966887417218402e+02 1.285894039735099454e+02 1.257483443708609201e+02
1.285298013245033246e+02 1.285298013245033246e+02 1.258079470198675551e+02
1.284866666666666788e+02 1.285800000000000125e+02 1.257533333333333303e+02
1.285099337748344510e+02 1.285364238410596158e+02 1.257549668874172255e+02
1.284933333333333394e+02 1.284799999999999898e+02 1.257999999999999972e+02
1.285200000000000102e+02 1.285933333333333337e+02 1.258066666666666720e+02
1.285430463576159070e+02 1.285827814569536542e+02 1.258543046357615935e+02
1.285999999999999943e+02 1.285866666666666731e+02 1.258533333333333388e+02
1.286599999999999966e+02 1.286133333333333439e+02 1.258866666666666703e+02
1.286533333333333360e+02 1.285600000000000023e+02 1.258866666666666703e+02
1.286466666666666754e+02 1.285266666666666708e+02 1.258066666666666720e+02
1.286381578947368496e+02 1.285131578947368496e+02 1.258684210526315752e+02
1.286754966887417027e+02 1.284900662251655490e+02 1.259470198675496704e+02
1.287284768211920607e+02 1.284370860927152194e+02 1.259271523178807968e+02
1.286800000000000068e+02 1.284266666666666765e+02 1.259200000000000017e+02
1.286999999999999886e+02 1.284333333333333371e+02 1.259533333333333331e+02
1.287333333333333201e+02 1.284333333333333371e+02 1.260133333333333354e+02
1.287171052631578902e+02 1.284473684210526301e+02 1.259934210526315752e+02
1.286866666666666674e+02 1.283066666666666720e+02 1.260400000000000063e+02
1.286066666666666549e+02 1.282199999999999989e+02 1.260266666666666708e+02
1.286118421052631504e+02 1.282171052631578902e+02 1.260592105263157947e+02
1.285906040268456252e+02 1.282281879194630960e+02 1.260738255033557067e+02
1.285986842105263293e+02 1.282039473684210407e+02 1.260986842105263150e+02
1.286821192052980223e+02 1.282185430463576097e+02 1.260264900662251648e+02
1.287019867549668959e+02 1.281854304635761537e+02 1.260198675496688736e+02
1.287152317880794783e+02 1.281721854304635713e+02 1.261192052980132416e+02
1.286933333333333280e+02 1.281599999999999966e+02 1.261533333333333360e+02
1.286866666666666674e+02 1.281933333333333280e+02 1.260999999999999943e+02
1.286666666666666572e+02 1.281533333333333360e+02 1.261066666666666691e+02
1.287785234899328941e+02 1.281543624161073751e+02 1.261342281879194616e+02
1.287400000000000091e+02 1.281733333333333462e+02 1.261200000000000045e+02
1.286778523489932979e+02 1.282214765100671059e+02 1.261342281879194616e+02
1.287583892617449806e+02 1.283355704697986539e+02 1.261476510067114134e+02
1.287199999999999989e+02 1.283466666666666640e+02 1.261066666666666691e+02
1.287828947368421098e+02 1.283355263157894797e+02 1.260921052631578902e+02
1.287933333333333223e+02 1.283600000000000136e+02 1.260999999999999943e+02
1.287046979865771732e+02 1.284093959731543748e+02 1.260872483221476443e+02
1.287400000000000091e+02 1.283600000000000136e+02 1.261200000000000045e+02
1.287266666666666595e+02 1.283133333333333326e+02 1.261400000000000006e+02
1.287466666666666697e+02 1.283133333333333326e+02 1.260733333333333377e+02
1.287400000000000091e+02 1.282666666666666799e+02 1.261200000000000045e+02
1.288799999999999955e+02 1.282733333333333405e+02 1.260266666666666708e+02
1.287947019867549727e+02 1.282649006622516481e+02 1.260198675496688736e+02
1.288609271523178847e+02 1.282317880794701921e+02 1.260794701986754944e+02
1.287800000000000011e+02 1.283333333333333428e+02 1.261133333333333297e+02
1.287880794701986815e+02 1.283046357615893953e+02 1.260728476821192032e+02
1.287483443708609343e+02 1.282052980132450273e+02 1.261192052980132416e+02
1.287266666666666595e+02 1.281466666666666754e+02 1.261666666666666714e+02
1.287533333333333303e+02 1.281599999999999966e+02 1.261933333333333280e+02
