1.282199999999999989e+02 1.272399999999999949e+02 1.283133333333333326e+02
1.284900662251655490e+02 1.271721854304635713e+02 1.283311258278145601e+02
1.282013422818791923e+02 1.269395973154362451e+02 1.282684563758389231e+02
1.280466666666666526e+02 1.270133333333333354e+02 1.286200000000000045e+02
1.285394736842105203e+02 1.275131578947368354e+02 1.285394736842105203e+02
1.281589403973509889e+02 1.269470198675496704e+02 1.284503311258278018e+02
1.281866666666666674e+02 1.266466666666666612e+02 1.283666666666666742e+02
1.277248322147651010e+02 1.268523489932885866e+02 1.280402684563758271e+02
1.274599999999999937e+02 1.269399999999999977e+02 1.280333333333333314e+02
1.276200000000000045e+02 1.273266666666666680e+02 1.283866666666666561e+02
1.277516339869280984e+02 1.270784313725490193e+02 1.283137254901960773e+02
1.275999999999999943e+02 1.267733333333333263e+02 1.284000000000000057e+02
1.269731543624161105e+02 1.261006711409395962e+02 1.280268456375839037e+02
1.270266666666666708e+02 1.258400000000000034e+02 1.281466666666666754e+02
1.271052631578947398e+02 1.261315789473684248e+02 1.281381578947368496e+02
1.268933333333333309e+02 1.263133333333333326e+02 1.276800000000000068e+02
1.269470198675496704e+02 1.255629139072847664e+02 1.275629139072847664e+02
1.269395973154362451e+02 1.256979865771812115e+02 1.274966442953020191e+02
1.269006622516556320e+02 1.256953642384105905e+02 1.270397350993377472e+02
1.266026490066225136e+02 1.257019867549668817e+02 1.270794701986754944e+02
1.259801324503311264e+02 1.261324503311258241e+02 1.265629139072847664e+02
1.262317880794701921e+02 1.260662251655629120e+02 1.263841059602649040e+02
1.261946308724832164e+02 1.260469798657718172e+02 1.264228187919463124e+02
1.261447368421052602e+02 1.260328947368421098e+02 1.267697368421052602e+02
1.256754966887417169e+02 1.261986754966887361e+02 1.272384105960264833e+02
1.252550335570469855e+02 1.260067114093959759e+02 1.273221476510067163e+02
1.248243243243243228e+02 1.261554054054054035e+02 1.269391891891891930e+02
1.242666666666666657e+02 1.263466666666666640e+02 1.271533333333333360e+02
1.241933333333333280e+02 1.263533333333333388e+02 1.272133333333333383e+02
1.240529801324503296e+02 1.259735099337748352e+02 1.267350993377483377e+02
1.241907894736842053e+02 1.256250000000000000e+02 1.262763157894736850e+02
1.241946308724832164e+02 1.252013422818791923e+02 1.261140939597315480e+02
1.238733333333333348e+02 1.252066666666666634e+02 1.262600000000000051e+02
1.237763157894736850e+02 1.253157894736842053e+02 1.260197368421052602e+02
1.235973154362416153e+02 1.252751677852348990e+02 1.258456375838926107e+02
1.233708609271523216e+02 1.258543046357615935e+02 1.259205298013245056e+02
1.237852348993288558e+02 1.261208053691275097e+02 1.253825503355704711e+02
1.240600000000000023e+02 1.258599999999999994e+02 1.255400000000000063e+02
1.239602649006622528e+02 1.255231788079470192e+02 1.254039735099337776e+02
1.240662251655629120e+02 1.253841059602649040e+02 1.249006622516556320e+02
1.239533333333333331e+02 1.253666666666666600e+02 1.250400000000000063e+02
1.239144736842105203e+02 1.252434210526315752e+02 1.254473684210526301e+02
1.242199999999999989e+02 1.254599999999999937e+02 1.253733333333333348e+02
1.244533333333333331e+02 1.257199999999999989e+02 1.254866666666666646e+02
1.248421052631578902e+02 1.257302631578947398e+02 1.252631578947368354e+02
1.247697368421052602e+02 1.256381578947368354e+02 1.249473684210526301e+02
1.246266666666666652e+02 1.258199999999999932e+02 1.249666666666666686e+02
1.253466666666666640e+02 1.257733333333333263e+02 1.248333333333333286e+02
1.255771812080536876e+02 1.259194630872483174e+02 1.242885906040268509e+02
1.261854304635761537e+02 1.259337748344370880e+02 1.241390728476821153e+02
1.262251655629139009e+02 1.257218543046357553e+02 1.242119205298013185e+02
1.260065789473684248e+02 1.256578947368421098e+02 1.243289473684210549e+02
1.258175675675675649e+02 1.257905405405405475e+02 1.242972972972972912e+02
1.254342105263157947e+02 1.262763157894736850e+02 1.242565789473684248e+02
1.255960264900662224e+02 1.263509933774834479e+02 1.241986754966887361e+02
1.256066666666666691e+02 1.264933333333333394e+02 1.242333333333333343e+02
1.257133333333333383e+02 1.267800000000000011e+02 1.239933333333333394e+02
1.255199999999999960e+02 1.270466666666666669e+02 1.239266666666666623e+02
1.255827814569536400e+02 1.270794701986754944e+02 1.240860927152317856e+02
1.254832214765100673e+02 1.274362416107382501e+02 1.241744966442953029e+02
1.252894736842105203e+02 1.277236842105263150e+02 1.237368421052631646e+02
1.252582781456953711e+02 1.280596026490066208e+02 1.236887417218542993e+02
1.252287581699346362e+02 1.283856209150326890e+02 1.238888888888888857e+02
1.250066666666666606e+02 1.286466666666666754e+02 1.240999999999999943e+02
1.249731543624161105e+02 1.283892617449664328e+02 1.238859060402684520e+02
1.249328859060402692e+02 1.282416107382550194e+02 1.237919463087248317e+02
1.250733333333333377e+02 1.280733333333333235e+02 1.237866666666666617e+02
1.259066666666666663e+02 1.282933333333333223e+02 1.235400000000000063e+02
1.261599999999999966e+02 1.284466666666666583e+02 1.231466666666666612e+02
1.262941176470588260e+02 1.283856209150326890e+02 1.229281045751634025e+02
1.266315789473684248e+02 1.286907894736842195e+02 1.229407894736842053e+02
1.264610389610389660e+02 1.290519480519480453e+02 1.232532467532467564e+02
1.265855263157894797e+02 1.292236842105263293e+02 1.233092105263157947e+02
1.264105960264900688e+02 1.290596026490066208e+02 1.231523178807946977e+02
1.268066666666666720e+02 1.291999999999999886e+02 1.235533333333333275e+02
1.266821192052980223e+02 1.295960264900662366e+02 1.233046357615894095e+02
1.266754966887417169e+02 1.295364238410596158e+02 1.232781456953642447e+02
1.266092715231788048e+02 1.300993377483443680e+02 1.230529801324503296e+02
1.266225165562913872e+02 1.302251655629139009e+02 1.227417218543046289e+02
1.267086092715231729e+02 1.304900662251655490e+02 1.226887417218542993e+02
1.268733333333333348e+02 1.304799999999999898e+02 1.226466666666666612e+02
1.272649006622516623e+02 1.303443708609271425e+02 1.227483443708609201e+02
1.272000000000000028e+02 1.300399999999999920e+02 1.224533333333333331e+02
1.269533333333333331e+02 1.297599999999999909e+02 1.226599999999999966e+02
1.269072847682119232e+02 1.300198675496688736e+02 1.231192052980132416e+02
1.275906040268456394e+02 1.301946308724832306e+02 1.224899328859060432e+02
1.280675675675675791e+02 1.300945945945945823e+02 1.225675675675675649e+02
1.284362416107382501e+02 1.297181208053691250e+02 1.226241610738255048e+02
1.286533333333333360e+02 1.291866666666666674e+02 1.227600000000000051e+02
1.287114093959731633e+02 1.296711409395973078e+02 1.231744966442953029e+02
1.284066666666666663e+02 1.300399999999999920e+02 1.228599999999999994e+02
1.285328947368421098e+02 1.303026315789473699e+02 1.228026315789473699e+02
1.282599999999999909e+02 1.300000000000000000e+02 1.226933333333333280e+02
1.284039735099337634e+02 1.300529801324503296e+02 1.226357615894039697e+02
1.283006535947712337e+02 1.300196078431372655e+02 1.230653594771241899e+02
1.286979865771812115e+02 1.299664429530201346e+02 1.230939597315436203e+02
1.285333333333333314e+02 1.301933333333333280e+02 1.232800000000000011e+02
1.276933333333333280e+02 1.300533333333333417e+02 1.232133333333333383e+02
1.281363636363636260e+02 1.302012987012986969e+02 1.230974025974025921e+02
1.277532467532467564e+02 1.302987012987013031e+02 1.230194805194805241e+02
1.276776315789473699e+02 1.299736842105263293e+02 1.232697368421052602e+02
1.277666666666666657e+02 1.294733333333333292e+02 1.229599999999999937e+02
1.277615894039735167e+02 1.293907284768211809e+02 1.229337748344370880e+02
1.273636363636363598e+02 1.295000000000000000e+02 1.233376623376623371e+02
1.276233766233766289e+02 1.297077922077922096e+02 1.231038961038961048e+02
1.275562913907284752e+02 1.298807947019867584e+02 1.226225165562913872e+02
1.273443708609271567e+02 1.293509933774834337e+02 1.221456953642384065e+02
1.277248322147651010e+02 1.302617449664429614e+02 1.223892617449664471e+02
1.276266666666666652e+02 1.302866666666666617e+02 1.227199999999999989e+02
1.282236842105263293e+02 1.302894736842105203e+02 1.231184210526315752e+02
1.284013157894736707e+02 1.299342105263157805e+02 1.235526315789473699e+02
1.285066666666666606e+02 1.301800000000000068e+02 1.236133333333333297e+02
1.287236842105263293e+02 1.304671052631578902e+02 1.238486842105263150e+02
1.285200000000000102e+02 1.303666666666666742e+02 1.235199999999999960e+02
1.282980132450331041e+02 1.298940397350993408e+02 1.232185430463576097e+02
1.290132450331125824e+02 1.300132450331125824e+02 1.232052980132450273e+02
1.291854304635761537e+02 1.303841059602648897e+02 1.231920529801324449e+02
1.292715231788079393e+02 1.310066225165562912e+02 1.230463576158940384e+02
1.293774834437085985e+02 1.309867549668874176e+02 1.230198675496688736e+02
1.292866666666666617e+02 1.304933333333333394e+02 1.229733333333333292e+02
1.295099337748344510e+02 1.304569536423840930e+02 1.236225165562913872e+02
1.296466666666666754e+02 1.308400000000000034e+02 1.232666666666666657e+02
1.293552631578947398e+02 1.304013157894736707e+02 1.236118421052631646e+02
1.301066666666666549e+02 1.303133333333333326e+02 1.234133333333333269e+02
1.298947368421052602e+02 1.303881578947368496e+02 1.233026315789473699e+02
1.298104575163398806e+02 1.307124183006535816e+02 1.229411764705882320e+02
1.299060402684563655e+02 1.307181208053691250e+02 1.226442953020134183e+02
1.297814569536423903e+02 1.309470198675496704e+02 1.226953642384105905e+02
1.298211920529801375e+02 1.309801324503311264e+02 1.229735099337748352e+02
1.299078947368421098e+02 1.308618421052631504e+02 1.231118421052631646e+02
1.296470588235294201e+02 1.307843137254901933e+02 1.231437908496732092e+02
1.298026315789473699e+02 1.304802631578947398e+02 1.233157894736842053e+02
1.301866666666666674e+02 1.302733333333333405e+02 1.228400000000000034e+02
1.306013071895424957e+02 1.307712418300653496e+02 1.228758169934640563e+02
1.311830065359477260e+02 1.305032679738561967e+02 1.228169934640522882e+02
1.312450331125827745e+02 1.303112582781456865e+02 1.226158940397350960e+02
1.315947712418300739e+02 1.298562091503268050e+02 1.228823529411764639e+02
1.315167785234899327e+02 1.297583892617449806e+02 1.232751677852348990e+02
1.309333333333333371e+02 1.294266666666666765e+02 1.234800000000000040e+02
1.312763157894736707e+02 1.298552631578947398e+02 1.233157894736842053e+02
1.312516556291390657e+02 1.302913907284768129e+02 1.234304635761589424e+02
1.308079470198675551e+02 1.305099337748344510e+02 1.234966887417218544e+02
1.307466666666666697e+02 1.302133333333333383e+02 1.236400000000000006e+02
1.307549668874172255e+02 1.299735099337748352e+02 1.236291390728476784e+02
1.306423841059602751e+02 1.301986754966887361e+02 1.238079470198675551e+02
1.307058823529411882e+02 1.302222222222222285e+02 1.236928104575163445e+02
1.305496688741721982e+02 1.302781456953642305e+02 1.234569536423841072e+02
1.305399999999999920e+02 1.300333333333333314e+02 1.234666666666666686e+02
1.310596026490066208e+02 1.298344370860927199e+02 1.234304635761589424e+02
1.313973509933774722e+02 1.302781456953642305e+02 1.230066225165562912e+02
1.310927152317880768e+02 1.307814569536423903e+02 1.232781456953642447e+02
1.308724832214765001e+02 1.307583892617449806e+02 1.231073825503355721e+02
1.306103896103896034e+02 1.307987012987013031e+02 1.231428571428571388e+02
1.307615894039735167e+02 1.310662251655629120e+02 1.230794701986754944e+02
1.306133333333333439e+02 1.312866666666666617e+02 1.236866666666666674e+02
1.305298013245033246e+02 1.313907284768211809e+02 1.234039735099337776e+02
1.300200000000000102e+02 1.318799999999999955e+02 1.238733333333333348e+02
1.299139072847682144e+02 1.320794701986754944e+02 1.241192052980132416e+02
1.297718120805369040e+02 1.317986577181208077e+02 1.240469798657718172e+02
1.294407894736842195e+02 1.317105263157894797e+02 1.238618421052631646e+02
1.296993464052287663e+02 1.321503267973856168e+02 1.240130718954248437e+02
1.298199999999999932e+02 1.321066666666666549e+02 1.240266666666666708e+02
1.302715231788079393e+02 1.321986754966887361e+02 1.240529801324503296e+02
1.304900662251655490e+02 1.318079470198675551e+02 1.241655629139072801e+02
1.307181208053691250e+02 1.317785234899328941e+02 1.244228187919463124e+02
1.307852348993288558e+02 1.314697986577181155e+02 1.246845637583892596e+02
1.307748344370860991e+02 1.312185430463576097e+02 1.245231788079470192e+02
1.310657894736842195e+02 1.318026315789473699e+02 1.248486842105263150e+02
1.310671140939597308e+02 1.321275167785234999e+02 1.241946308724832164e+02
1.308199999999999932e+02 1.322866666666666617e+02 1.245266666666666708e+02
1.304333333333333371e+02 1.326599999999999966e+02 1.243133333333333326e+02
1.302352941176470722e+02 1.329411764705882320e+02 1.245424836601307135e+02
1.301192052980132416e+02 1.326688741721854399e+02 1.246092715231788048e+02
1.295298013245033246e+02 1.327019867549668959e+02 1.247947019867549727e+02
1.291973684210526301e+02 1.326118421052631504e+02 1.244868421052631646e+02
1.298724832214765001e+02 1.323624161073825576e+02 1.243959731543624230e+02
1.297880794701986815e+02 1.325629139072847806e+02 1.239271523178807968e+02
1.297870967741935431e+02 1.327548387096774150e+02 1.235225806451612840e+02
1.297284768211920607e+02 1.323245033112582689e+02 1.239139072847682144e+02
1.300653594771241899e+02 1.322549019607843093e+02 1.240392156862745168e+02
1.301788079470198625e+02 1.324370860927152194e+02 1.242317880794701921e+02
1.302133333333333383e+02 1.327133333333333383e+02 1.241333333333333400e+02
1.298600000000000136e+02 1.325266666666666708e+02 1.237866666666666617e+02
1.296339869281045765e+02 1.320457516339869244e+02 1.235751633986928084e+02
1.292352941176470722e+02 1.315751633986928084e+02 1.234183006535947698e+02
1.294238410596026370e+02 1.313245033112582689e+02 1.239602649006622528e+02
1.294509803921568505e+02 1.318627450980392268e+02 1.248758169934640563e+02
1.296622516556291487e+02 1.326026490066225278e+02 1.247086092715231729e+02
1.300201342281879135e+02 1.325503355704697981e+02 1.245637583892617499e+02
1.301503267973856168e+02 1.325228758169934622e+02 1.243464052287581723e+02
1.298791946308724903e+02 1.323154362416107404e+02 1.246778523489932837e+02
1.300448717948717956e+02 1.319358974358974308e+02 1.245256410256410220e+02
1.302199999999999989e+02 1.317866666666666617e+02 1.240600000000000023e+02
1.304635761589403842e+02 1.317152317880794783e+02 1.239602649006622528e+02
1.309799999999999898e+02 1.318266666666666538e+02 1.243733333333333348e+02
1.313071895424836555e+02 1.322222222222222285e+02 1.243071895424836555e+02
1.307133333333333383e+02 1.321800000000000068e+02 1.242933333333333366e+02
1.306209150326797328e+02 1.322875816993464184e+02 1.242810457516339824e+02
1.307516778523489904e+02 1.323422818791946440e+02 1.245033557046979809e+02
1.310604026845637691e+02 1.325167785234899327e+02 1.242818791946308750e+02
1.312866666666666617e+02 1.324399999999999977e+02 1.240999999999999943e+02
1.313245033112582689e+02 1.323311258278145601e+02 1.239470198675496704e+02
1.320733333333333235e+02 1.322333333333333201e+02 1.244666666666666686e+02
1.322229729729729684e+02 1.319391891891891930e+02 1.244527027027027088e+02
1.318255033557047113e+02 1.315234899328858944e+02 1.242147651006711442e+02
1.319463087248322211e+02 1.317986577181208077e+02 1.238590604026845625e+02
1.322800000000000011e+02 1.316666666666666572e+02 1.238466666666666640e+02
1.328066666666666720e+02 1.311999999999999886e+02 1.243199999999999932e+02
1.327382550335570386e+02 1.311342281879194616e+02 1.241006711409395962e+02
1.326556291390728575e+02 1.310463576158940384e+02 1.239602649006622528e+02
1.324437086092715106e+02 1.312119205298013185e+02 1.236688741721854257e+02
1.324966442953020191e+02 1.308523489932885866e+02 1.239395973154362451e+02
1.325133333333333212e+02 1.304066666666666663e+02 1.237066666666666634e+02
1.325761589403973630e+02 1.304238410596026370e+02 1.234105960264900688e+02
1.325906040268456252e+02 1.301812080536912788e+02 1.232885906040268509e+02
1.325067567567567437e+02 1.302229729729729684e+02 1.226081081081081123e+02
1.321776315789473699e+02 1.304078947368421098e+02 1.227828947368421098e+02
1.323355263157894797e+02 1.301250000000000000e+02 1.227500000000000000e+02
1.321390728476821153e+02 1.301721854304635713e+02 1.226953642384105905e+02
1.319139072847682144e+02 1.302384105960264833e+02 1.225761589403973488e+02
1.321447368421052602e+02 1.304276315789473699e+02 1.224210526315789451e+02
1.317302631578947398e+02 1.307039473684210407e+02 1.220526315789473699e+02
1.314407894736842195e+02 1.310592105263157805e+02 1.223684210526315752e+02
1.320132450331125824e+02 1.310596026490066208e+02 1.223708609271523216e+02
1.317124183006535816e+02 1.311764705882353041e+02 1.219607843137254832e+02
1.314093959731543748e+02 1.312483221476510096e+02 1.221140939597315480e+02
1.311466666666666754e+02 1.317800000000000011e+02 1.216866666666666674e+02
1.308881578947368496e+02 1.309736842105263293e+02 1.215723684210526301e+02
1.310460526315789593e+02 1.312236842105263293e+02 1.213750000000000000e+02
1.309932885906040383e+02 1.307382550335570386e+02 1.214563758389261778e+02
1.308026315789473699e+02 1.310197368421052602e+02 1.214868421052631646e+02
1.312039473684210407e+02 1.314671052631578902e+02 1.215000000000000000e+02
1.314932432432432563e+02 1.313243243243243228e+02 1.213716216216216282e+02
1.314733333333333292e+02 1.315066666666666606e+02 1.210733333333333377e+02
1.312466666666666697e+02 1.311933333333333280e+02 1.208866666666666703e+02
1.310526315789473699e+02 1.311776315789473699e+02 1.203223684210526301e+02
1.309539473684210407e+02 1.313815789473684106e+02 1.204605263157894797e+02
1.304899328859060290e+02 1.312818791946308750e+02 1.203557046979865817e+02
1.305882352941176521e+02 1.316993464052287663e+02 1.203071895424836555e+02
1.306845637583892596e+02 1.315838926174496635e+02 1.204429530201342260e+02
1.307933333333333223e+02 1.318866666666666561e+02 1.205400000000000063e+02
1.308741721854304672e+02 1.321059602649006592e+02 1.209933774834437088e+02
1.310662251655629120e+02 1.321655629139072801e+02 1.204503311258278160e+02
1.312416107382550194e+02 1.319865771812080482e+02 1.201879194630872547e+02
1.311456953642384065e+02 1.322649006622516481e+02 1.201258278145695328e+02
1.309072847682119232e+02 1.323576158940397249e+02 1.201523178807946977e+02
1.313178807947019777e+02 1.320529801324503296e+02 1.201523178807946977e+02
1.313441558441558357e+02 1.316688311688311614e+02 1.196428571428571388e+02
1.314285714285714164e+02 1.316493506493506516e+02 1.191298701298701275e+02
1.317450980392156907e+02 1.312222222222222285e+02 1.191307189542483655e+02
1.316556291390728575e+02 1.315827814569536542e+02 1.191655629139072801e+02
1.313422818791946440e+02 1.318523489932885866e+02 1.192348993288590577e+02
1.314768211920529666e+02 1.316887417218543135e+02 1.194437086092715248e+02
1.311447368421052602e+02 1.310921052631578902e+02 1.194868421052631646e+02
1.307828947368421098e+02 1.313881578947368496e+02 1.196513157894736850e+02
1.313666666666666742e+02 1.311800000000000068e+02 1.195333333333333314e+02
1.314966887417218402e+02 1.313443708609271425e+02 1.192119205298013185e+02
1.317500000000000000e+02 1.312105263157894797e+02 1.193026315789473699e+02
1.317615894039735167e+02 1.309668874172185440e+02 1.189337748344370880e+02
1.318092105263157805e+02 1.312500000000000000e+02 1.187434210526315752e+02
1.318947368421052602e+02 1.310789473684210407e+02 1.186315789473684248e+02
1.322119205298013185e+02 1.313245033112582689e+02 1.182251655629139009e+02
1.317333333333333201e+02 1.310800000000000125e+02 1.181533333333333360e+02
1.314324324324324209e+02 1.311756756756756772e+02 1.182229729729729684e+02
1.309664429530201346e+02 1.315234899328858944e+02 1.183087248322147644e+02
1.309736842105263293e+02 1.318421052631578902e+02 1.186315789473684248e+02
1.307466666666666697e+02 1.318000000000000114e+02 1.182866666666666617e+02
1.309337748344370880e+02 1.316887417218543135e+02 1.180596026490066208e+02
1.306133333333333439e+02 1.321200000000000045e+02 1.182800000000000011e+02
1.316026490066225278e+02 1.321788079470198625e+02 1.180132450331125824e+02
1.315394736842105203e+02 1.323486842105263293e+02 1.183421052631578902e+02
1.312483221476510096e+02 1.322281879194630960e+02 1.186241610738255048e+02
1.307960526315789593e+02 1.319473684210526301e+02 1.188223684210526301e+02
1.309333333333333371e+02 1.319466666666666583e+02 1.192999999999999972e+02
1.312171052631578902e+02 1.318684210526315894e+02 1.196250000000000000e+02
1.310547945205479436e+02 1.318561643835616337e+02 1.194041095890410986e+02
1.308133333333333326e+02 1.315600000000000023e+02 1.198933333333333309e+02
1.305496688741721982e+02 1.313576158940397249e+02 1.198675496688741759e+02
1.305960264900662366e+02 1.314105960264900546e+02 1.197615894039735167e+02
1.305000000000000000e+02 1.318421052631578902e+02 1.199473684210526301e+02
1.308476821192053023e+02 1.316953642384106047e+02 1.202119205298013185e+02
1.307733333333333405e+02 1.312133333333333383e+02 1.210333333333333314e+02
1.310810810810810949e+02 1.311486486486486456e+02 1.211554054054054035e+02
1.310779220779220680e+02 1.308831168831168839e+02 1.210324675324675354e+02
1.312828947368421098e+02 1.310526315789473699e+02 1.210789473684210549e+02
1.316200000000000045e+02 1.307666666666666799e+02 1.212399999999999949e+02
1.314600000000000080e+02 1.302133333333333383e+02 1.215666666666666629e+02
1.311644736842105203e+02 1.302302631578947398e+02 1.218289473684210549e+02
1.314183006535947698e+02 1.301307189542483798e+02 1.218235294117647101e+02
1.309466666666666583e+02 1.292533333333333303e+02 1.216800000000000068e+02
1.310066666666666606e+02 1.291200000000000045e+02 1.218933333333333309e+02
1.316556291390728575e+02 1.289072847682119232e+02 1.218211920529801375e+02
1.317382550335570386e+02 1.287516778523489904e+02 1.220134228187919518e+02
1.314039735099337634e+02 1.289801324503311264e+02 1.217019867549668817e+02
1.317181208053691250e+02 1.291879194630872405e+02 1.215838926174496635e+02
1.314605263157894797e+02 1.296184210526315894e+02 1.215723684210526301e+02
1.310993377483443680e+02 1.297682119205298079e+02 1.217086092715231729e+02
1.309597315436241729e+02 1.294697986577181155e+02 1.212080536912751683e+02
1.310131578947368496e+02 1.291250000000000000e+02 1.210921052631578902e+02
1.307565789473684106e+02 1.294671052631578902e+02 1.211513157894736850e+02
1.304066666666666663e+02 1.290999999999999943e+02 1.213466666666666640e+02
1.302847682119205217e+02 1.293907284768211809e+02 1.208145695364238463e+02
1.305298013245033246e+02 1.292516556291390657e+02 1.205695364238410576e+02
1.310328947368421098e+02 1.290855263157894797e+02 1.206447368421052602e+02
1.306953642384106047e+02 1.287814569536423903e+02 1.202913907284768271e+02
1.306333333333333258e+02 1.288066666666666720e+02 1.203266666666666680e+02
1.307368421052631504e+02 1.285921052631578902e+02 1.204078947368421098e+02
1.307682119205298079e+02 1.284039735099337634e+02 1.201589403973509889e+02
1.301920529801324449e+02 1.284701986754966754e+02 1.204238410596026512e+02
1.300723684210526301e+02 1.285921052631578902e+02 1.201381578947368354e+02
1.297266666666666595e+02 1.283199999999999932e+02 1.202800000000000011e+02
1.295490196078431495e+02 1.286209150326797328e+02 1.203856209150326748e+02
1.290738255033556925e+02 1.285369127516778462e+02 1.205637583892617499e+02
1.290794701986754944e+02 1.285496688741721982e+02 1.208807947019867584e+02
1.288866666666666561e+02 1.283466666666666640e+02 1.209000000000000057e+02
1.286250000000000000e+02 1.283157894736842195e+02 1.206447368421052602e+02
1.287417218543046431e+02 1.283973509933774722e+02 1.205562913907284752e+02
1.283223684210526301e+02 1.285855263157894797e+02 1.208815789473684248e+02
1.283443708609271425e+02 1.287086092715231871e+02 1.210132450331125824e+02
1.278410596026490111e+02 1.285231788079470334e+02 1.207218543046357553e+02
1.276513157894736850e+02 1.285197368421052602e+02 1.212105263157894797e+02
1.272913907284768271e+02 1.285430463576159070e+02 1.215562913907284752e+02
1.270469798657718172e+02 1.284295302013422884e+02 1.216442953020134183e+02
1.269337748344370880e+02 1.285364238410596158e+02 1.218410596026490111e+02
1.264671052631578902e+02 1.283881578947368496e+02 1.218355263157894797e+02
1.265000000000000000e+02 1.285921052631578902e+02 1.216118421052631646e+02
1.267114093959731491e+02 1.284295302013422884e+02 1.217718120805369182e+02
1.269932432432432421e+02 1.285202702702702595e+02 1.218851351351351298e+02
1.273020134228187885e+02 1.282684563758389231e+02 1.216577181208053702e+02
1.274256756756756772e+02 1.282094594594594525e+02 1.217567567567567579e+02
1.274183006535947698e+02 1.284248366013071916e+02 1.220457516339869244e+02
1.274039735099337776e+02 1.286291390728476927e+02 1.220331125827814560e+02
1.271400000000000006e+02 1.282933333333333508e+02 1.222466666666666697e+02
1.272582781456953711e+02 1.277350993377483377e+02 1.225033112582781456e+02
1.273881578947368354e+02 1.276184210526315752e+02 1.225000000000000000e+02
1.275894039735099312e+02 1.277350993377483377e+02 1.229933774834437088e+02
1.277315436241610769e+02 1.277583892617449663e+02 1.231140939597315480e+02
1.279533333333333331e+02 1.276400000000000006e+02 1.230666666666666629e+02
1.280266666666666708e+02 1.276400000000000006e+02 1.230533333333333275e+02
1.280264900662251648e+02 1.275496688741721840e+02 1.233576158940397391e+02
1.281812080536912788e+02 1.270536912751677789e+02 1.231409395973154375e+02
1.282582781456953569e+02 1.271523178807946977e+02 1.229403973509933792e+02
1.282400000000000091e+02 1.268933333333333309e+02 1.229000000000000057e+02
1.282565789473684106e+02 1.270789473684210549e+02 1.230460526315789451e+02
1.280533333333333417e+02 1.270666666666666629e+02 1.230000000000000000e+02
1.279800000000000040e+02 1.266200000000000045e+02 1.233199999999999932e+02
1.281476510067114134e+02 1.266644295302013461e+02 1.232818791946308750e+02
1.280653594771241899e+02 1.266732026143790790e+02 1.231307189542483655e+02
1.283355704697986539e+02 1.269932885906040241e+02 1.235302013422818845e+02
1.283178807947019777e+02 1.275033112582781456e+02 1.236754966887417169e+02
1.282617449664429614e+02 1.279597315436241587e+02 1.236241610738255048e+02
1.281437908496731950e+02 1.280130718954248437e+02 1.239869281045751563e+02
1.283066666666666720e+02 1.277866666666666617e+02 1.239333333333333371e+02
1.282400000000000091e+02 1.280600000000000023e+02 1.238933333333333309e+02
1.282617449664429614e+02 1.282684563758389231e+02 1.240738255033557067e+02
1.287919463087248459e+02 1.283959731543624230e+02 1.243020134228187885e+02
1.291986754966887361e+02 1.284966887417218402e+02 1.244437086092715248e+02
1.292599999999999909e+02 1.285800000000000125e+02 1.244466666666666725e+02
1.292133333333333383e+02 1.291399999999999864e+02 1.243333333333333286e+02
1.291266666666666652e+02 1.285800000000000125e+02 1.241866666666666674e+02
1.289473684210526301e+02 1.286381578947368496e+02 1.238486842105263150e+02
1.290866666666666731e+02 1.286999999999999886e+02 1.239599999999999937e+02
1.290596026490066208e+02 1.288211920529801375e+02 1.245364238410596016e+02
1.286490066225165663e+02 1.285761589403973630e+02 1.242913907284768271e+02
1.285298013245033246e+02 1.286158940397351103e+02 1.238145695364238463e+02
1.286513157894736707e+02 1.279407894736842053e+02 1.244078947368421098e+02
1.283758389261745094e+02 1.279597315436241587e+02 1.241543624161073893e+02
1.280738255033556925e+02 1.279127516778523557e+02 1.235167785234899327e+02
1.277086092715231729e+02 1.279205298013245056e+02 1.233245033112582831e+02
1.273815789473684248e+02 1.280197368421052602e+02 1.235263157894736850e+02
1.278456375838926107e+02 1.283691275167785193e+02 1.233221476510067163e+02
1.276842105263157947e+02 1.279276315789473699e+02 1.231381578947368354e+02
1.278431372549019613e+02 1.283594771241830017e+02 1.228823529411764639e+02
1.280872483221476443e+02 1.288724832214765001e+02 1.227248322147651010e+02
1.282715231788079393e+02 1.296225165562914015e+02 1.226754966887417169e+02
1.284697986577181155e+02 1.300268456375839037e+02 1.228120805369127453e+02
1.285771812080537018e+02 1.298255033557047113e+02 1.230201342281879135e+02
1.286845637583892596e+02 1.301006711409395962e+02 1.229798657718120865e+02
1.284399999999999977e+02 1.305200000000000102e+02 1.230866666666666731e+02
1.284370860927152194e+02 1.307152317880794783e+02 1.228543046357615935e+02
1.284161073825503365e+02 1.304496644295302019e+02 1.231744966442953029e+02
1.287333333333333201e+02 1.303600000000000136e+02 1.231066666666666691e+02
1.290986842105263293e+02 1.306118421052631504e+02 1.231710526315789451e+02
1.293333333333333428e+02 1.302418300653594656e+02 1.229934640522875782e+02
1.297402597402597451e+02 1.303506493506493484e+02 1.231168831168831161e+02
1.293112582781456865e+02 1.303178807947019777e+02 1.227615894039735167e+02
1.291907894736842195e+02 1.300789473684210407e+02 1.228421052631578902e+02
1.293202614379084991e+02 1.300196078431372655e+02 1.225163398692810404e+02
1.294052287581699261e+02 1.306928104575163445e+02 1.226339869281045765e+02
1.296158940397351103e+02 1.305496688741721982e+02 1.223112582781457007e+02
1.294799999999999898e+02 1.303666666666666742e+02 1.221933333333333280e+02
1.294503311258278018e+02 1.302582781456953569e+02 1.224966887417218544e+02
1.293157894736842195e+02 1.304802631578947398e+02 1.217434210526315752e+02
1.291986754966887361e+02 1.304238410596026370e+02 1.217947019867549727e+02
1.288079470198675551e+02 1.304834437086092578e+02 1.217152317880794641e+02
1.290466666666666526e+02 1.307533333333333303e+02 1.216599999999999966e+02
1.291250000000000000e+02 1.307500000000000000e+02 1.211578947368421098e+02
1.287039473684210407e+02 1.308947368421052602e+02 1.216052631578947398e+02
1.284605263157894797e+02 1.308289473684210407e+02 1.216052631578947398e+02
1.287199999999999989e+02 1.305200000000000102e+02 1.221266666666666652e+02
1.283866666666666561e+02 1.306333333333333258e+02 1.220733333333333377e+02
1.281324503311258241e+02 1.305430463576159070e+02 1.223774834437086128e+02
1.283733333333333348e+02 1.302133333333333383e+02 1.225666666666666629e+02
1.281800000000000068e+02 1.301599999999999966e+02 1.227933333333333366e+02
1.278431372549019613e+02 1.300784313725490335e+02 1.226601307189542496e+02
1.281710526315789593e+02 1.298552631578947398e+02 1.225855263157894797e+02
1.280337837837837753e+02 1.297229729729729684e+02 1.225675675675675649e+02
1.281324503311258241e+02 1.290662251655629120e+02 1.222185430463576097e+02
1.276818181818181870e+02 1.287922077922077904e+02 1.220714285714285694e+02
1.277133333333333383e+02 1.289333333333333371e+02 1.217466666666666697e+02
1.277500000000000000e+02 1.290855263157894797e+02 1.220197368421052602e+02
1.280866666666666731e+02 1.289266666666666765e+02 1.227199999999999989e+02
1.283691275167785193e+02 1.288523489932885866e+02 1.221006711409395962e+02
1.283398692810457646e+02 1.286078431372548891e+02 1.223333333333333286e+02
1.281999999999999886e+02 1.283666666666666742e+02 1.223466666666666640e+02
1.280000000000000000e+02 1.282666666666666799e+02 1.221733333333333320e+02
1.279870129870129887e+02 1.284480519480519547e+02 1.221363636363636402e+02
1.281307189542483798e+02 1.288823529411764639e+02 1.220000000000000000e+02
1.278750000000000000e+02 1.283947368421052602e+02 1.220065789473684248e+02
1.276357615894039697e+02 1.284105960264900546e+02 1.220463576158940384e+02
1.280000000000000000e+02 1.286466666666666754e+02 1.220266666666666708e+02
1.277880794701986815e+02 1.292185430463576097e+02 1.219470198675496704e+02
1.272733333333333263e+02 1.290666666666666629e+02 1.219733333333333292e+02
1.268289473684210549e+02 1.294605263157894797e+02 1.221118421052631646e+02
1.263758389261744952e+02 1.294026845637583847e+02 1.218187919463087212e+02
1.264276315789473699e+02 1.292368421052631504e+02 1.217236842105263150e+02
1.264090909090909065e+02 1.293766233766233711e+02 1.222207792207792210e+02
1.260397350993377472e+02 1.292516556291390657e+02 1.223112582781457007e+02
1.258533333333333388e+02 1.291733333333333462e+02 1.220866666666666731e+02
1.256710526315789451e+02 1.291447368421052602e+02 1.222236842105263150e+02
1.254144736842105203e+02 1.296184210526315894e+02 1.228092105263157947e+02
1.256666666666666714e+02 1.291800000000000068e+02 1.231333333333333400e+02
1.256013071895424815e+02 1.293267973856209210e+02 1.230653594771241899e+02
1.256842105263157947e+02 1.295657894736842195e+02 1.231776315789473699e+02
1.264102564102564088e+02 1.295512820512820440e+02 1.231410256410256352e+02
1.261866666666666674e+02 1.298733333333333348e+02 1.230333333333333314e+02
1.260519480519480453e+02 1.300519480519480453e+02 1.229675324675324646e+02
1.259673202614379051e+02 1.297908496732026151e+02 1.231699346405228823e+02
1.261666666666666714e+02 1.298866666666666561e+02 1.229466666666666725e+02
1.258333333333333286e+02 1.299866666666666788e+02 1.225933333333333337e+02
1.258657718120805384e+02 1.300872483221476443e+02 1.222751677852348990e+02
1.262533333333333303e+02 1.297800000000000011e+02 1.222933333333333366e+02
1.263066666666666720e+02 1.296333333333333258e+02 1.225400000000000063e+02
1.261103896103896034e+02 1.291818181818181870e+02 1.225389610389610340e+02
1.261298701298701275e+02 1.283571428571428612e+02 1.220584415584415581e+02
1.259342105263157947e+02 1.284407894736842195e+02 1.224276315789473699e+02
1.263799999999999955e+02 1.283866666666666561e+02 1.227600000000000051e+02
1.264304635761589424e+02 1.280463576158940384e+02 1.227549668874172255e+02
1.263986928104575185e+02 1.281111111111111143e+02 1.231895424836601336e+02
1.270866666666666731e+02 1.289199999999999875e+02 1.237600000000000051e+02
1.267152317880794641e+02 1.287615894039735167e+02 1.236556291390728433e+02
1.267133333333333383e+02 1.288866666666666561e+02 1.237733333333333263e+02
1.267682119205298079e+02 1.286092715231788191e+02 1.235099337748344368e+02
1.269346405228758101e+02 1.285620915032679648e+02 1.233006535947712479e+02
1.273466666666666640e+02 1.283266666666666538e+02 1.236533333333333360e+02
1.270657894736842053e+02 1.282565789473684106e+02 1.235131578947368354e+02
1.270000000000000000e+02 1.287533333333333303e+02 1.232666666666666657e+02
1.268881578947368354e+02 1.290263157894736707e+02 1.231710526315789451e+02
1.266688741721854257e+02 1.294039735099337634e+02 1.233178807947019919e+02
1.268947368421052602e+02 1.292828947368421098e+02 1.225394736842105203e+02
1.268187919463087212e+02 1.292684563758389231e+02 1.224228187919463124e+02
1.267635135135135158e+02 1.294189189189189051e+02 1.224391891891891930e+02
1.265442176870748341e+02 1.288979591836734642e+02 1.225850340136054371e+02
1.260463576158940384e+02 1.289536423841059616e+02 1.228741721854304672e+02
1.255065789473684248e+02 1.286250000000000000e+02 1.221907894736842053e+02
1.255066666666666606e+02 1.287400000000000091e+02 1.221666666666666714e+02
1.259599999999999937e+02 1.287933333333333223e+02 1.222000000000000028e+02
1.256622516556291345e+02 1.288079470198675551e+02 1.218211920529801375e+02
1.259281045751634025e+02 1.291503267973856168e+02 1.220261437908496731e+02
1.254133333333333269e+02 1.288199999999999932e+02 1.219266666666666623e+02
1.252133333333333383e+02 1.284399999999999977e+02 1.221533333333333360e+02
1.252348993288590577e+02 1.282147651006711442e+02 1.222147651006711442e+02
1.251192052980132416e+02 1.286688741721854399e+02 1.220993377483443680e+02
1.251418918918918877e+02 1.283581081081080981e+02 1.219662162162162105e+02
1.251133333333333297e+02 1.283933333333333451e+02 1.224599999999999937e+02
1.246291390728476784e+02 1.282251655629139009e+02 1.227218543046357553e+02
1.246490066225165521e+02 1.282649006622516481e+02 1.227682119205298079e+02
1.248039215686274446e+02 1.278823529411764639e+02 1.230457516339869244e+02
1.245231788079470192e+02 1.281456953642384065e+02 1.229139072847682144e+02
1.246225165562913872e+02 1.282384105960264833e+02 1.232516556291390799e+02
1.241125827814569504e+02 1.281456953642384065e+02 1.230000000000000000e+02
1.236143790849673252e+02 1.277124183006535958e+02 1.230196078431372513e+02
1.240000000000000000e+02 1.273377483443708655e+02 1.228344370860927199e+02
1.242119205298013185e+02 1.279072847682119232e+02 1.224768211920529808e+02
1.242368421052631646e+02 1.277763157894736850e+02 1.231644736842105203e+02
1.240903225806451644e+02 1.280709677419354762e+02 1.231612903225806406e+02
1.240400000000000063e+02 1.285733333333333235e+02 1.229399999999999977e+02
1.240799999999999983e+02 1.281666666666666572e+02 1.232600000000000051e+02
1.242631578947368354e+02 1.283092105263157805e+02 1.233355263157894797e+02
1.242662337662337677e+02 1.280324675324675354e+02 1.232142857142857082e+02
1.239536423841059616e+02 1.281523178807946977e+02 1.231456953642384065e+02
1.232941176470588260e+02 1.283006535947712337e+02 1.227450980392156907e+02
1.233311258278145743e+02 1.282185430463576097e+02 1.230397350993377472e+02
1.235066666666666606e+02 1.283266666666666538e+02 1.234733333333333292e+02
1.235000000000000000e+02 1.280592105263157805e+02 1.229276315789473699e+02
1.233377483443708655e+02 1.279470198675496704e+02 1.230331125827814560e+02
1.233092105263157947e+02 1.283355263157894797e+02 1.229078947368421098e+02
1.231788079470198625e+02 1.282649006622516481e+02 1.231059602649006592e+02
1.229542483660130756e+02 1.284248366013071916e+02 1.230065359477124218e+02
1.231315789473684248e+02 1.283157894736842195e+02 1.226118421052631646e+02
