1.289407894736842195e+02 1.287500000000000000e+02 1.285131578947368496e+02
1.290263157894736707e+02 1.290394736842105203e+02 1.280263157894736707e+02
1.291266666666666652e+02 1.290866666666666731e+02 1.278333333333333286e+02
1.290526315789473699e+02 1.296513157894736707e+02 1.274868421052631646e+02
1.286577181208053560e+02 1.299731543624160963e+02 1.269127516778523557e+02
1.278476821192053023e+02 1.313377483443708513e+02 1.264437086092715248e+02
1.271610738255033510e+02 1.320939597315436345e+02 1.259731543624161105e+02
1.268400000000000034e+02 1.329799999999999898e+02 1.252066666666666634e+02
1.265208320478012212e+02 1.332159771072442140e+02 1.242304406289851642e+02
1.266466666666666612e+02 1.331066666666666549e+02 1.236133333333333297e+02
1.264834437086092720e+02 1.333576158940397249e+02 1.229536423841059616e+02
1.264200000000000017e+02 1.337400000000000091e+02 1.222866666666666617e+02
1.261543624161073893e+02 1.341208053691275097e+02 1.216979865771812115e+02
1.258175675675675791e+02 1.346824324324324493e+02 1.208445945945945965e+02
1.256351351351351298e+02 1.348040540540540633e+02 1.201689189189189193e+02
1.256266666666666652e+02 1.347333333333333201e+02 1.194399999999999977e+02
1.257399999999999949e+02 1.343133333333333326e+02 1.188400000000000034e+02
1.264000000000000057e+02 1.336866666666666674e+02 1.180799999999999983e+02
1.266644736842105203e+02 1.330394736842105203e+02 1.176973684210526301e+02
1.267852348993288558e+02 1.322751677852349133e+02 1.169395973154362451e+02
1.266979865771812115e+02 1.317382550335570386e+02 1.164697986577181155e+02
1.267466666666666697e+02 1.315133333333333212e+02 1.160733333333333377e+02
1.266200000000000045e+02 1.310999999999999943e+02 1.155333333333333314e+02
1.260337837837837895e+02 1.306351351351351298e+02 1.148581081081081123e+02
1.256711409395973220e+02 1.304697986577181155e+02 1.145503355704697981e+02
1.247333333333333343e+02 1.298266666666666538e+02 1.139933333333333394e+02
1.237933333333333366e+02 1.294733333333333292e+02 1.137133333333333383e+02
1.226513157894736850e+02 1.295592105263157805e+02 1.132302631578947398e+02
1.220201342281879135e+02 1.296107382550335672e+02 1.130939597315436203e+02
1.219542483660130756e+02 1.301568627450980387e+02 1.128692810457516345e+02
1.218026315789473699e+02 1.314342105263157805e+02 1.126907894736842053e+02
1.220000000000000000e+02 1.323799999999999955e+02 1.124000000000000057e+02
1.218266666666666680e+02 1.333400000000000034e+02 1.123533333333333388e+02
1.220860927152317856e+02 1.343907284768211809e+02 1.120794701986754944e+02
1.216040268456375770e+02 1.352147651006711442e+02 1.120469798657718172e+02
1.212119205298013185e+02 1.361258278145695328e+02 1.122847682119205359e+02
1.209735099337748352e+02 1.367218543046357695e+02 1.123708609271523216e+02
1.210264900662251648e+02 1.375761589403973630e+02 1.117682119205298079e+02
1.213758389261744952e+02 1.381744966442952887e+02 1.110738255033557067e+02
1.220866666666666731e+02 1.386933333333333280e+02 1.099066666666666663e+02
1.225466666666666669e+02 1.393133333333333326e+02 1.089333333333333371e+02
1.227837837837837895e+02 1.400000000000000000e+02 1.080810810810810807e+02
1.227086092715231729e+02 1.400728476821192032e+02 1.071788079470198625e+02
1.227880794701986815e+02 1.398807947019867584e+02 1.056754966887417169e+02
1.234473684210526301e+02 1.395263157894736707e+02 1.045789473684210549e+02
1.236533333333333360e+02 1.395466666666666526e+02 1.036933333333333280e+02
1.236800000000000068e+02 1.388933333333333451e+02 1.024666666666666686e+02
1.235894039735099312e+02 1.381655629139072801e+02 1.019072847682119232e+02
1.238807947019867584e+02 1.375496688741721982e+02 1.008476821192053023e+02
1.243154362416107404e+02 1.372483221476510096e+02 9.979865771812080766e+01
1.247682119205298079e+02 1.369139072847682144e+02 9.864238410596026085e+01
1.249800000000000040e+02 1.366733333333333462e+02 9.743333333333333712e+01
1.253443708609271567e+02 1.366754966887417311e+02 9.670198675496688168e+01
1.256266666666666652e+02 1.366999999999999886e+02 9.615333333333333599e+01
1.257999999999999972e+02 1.368733333333333348e+02 9.551333333333333542e+01
1.262751677852348990e+02 1.366241610738254906e+02 9.464429530201341834e+01
1.271066666666666691e+02 1.361999999999999886e+02 9.392000000000000171e+01
1.273466666666666640e+02 1.359199999999999875e+02 9.318666666666666742e+01
1.278400000000000034e+02 1.357533333333333303e+02 9.213333333333333997e+01
1.284342105263157805e+02 1.352697368421052602e+02 9.125000000000000000e+01
1.285600000000000023e+02 1.350666666666666629e+02 9.039333333333333087e+01
1.286959459459459367e+02 1.355270270270270316e+02 8.936486486486487024e+01
1.289060402684563655e+02 1.356912751677852214e+02 8.820134228187919234e+01
1.292052980132450273e+02 1.361655629139072801e+02 8.694701986754967038e+01
1.295066666666666606e+02 1.365800000000000125e+02 8.584666666666666401e+01
1.295066666666666606e+02 1.366800000000000068e+02 8.470666666666666345e+01
1.292147651006711442e+02 1.369798657718120865e+02 8.406040268456375486e+01
1.293866666666666561e+02 1.369066666666666663e+02 8.329333333333333655e+01
1.288609271523178847e+02 1.372384105960264833e+02 8.205298013245032962e+01
1.282933333333333223e+02 1.373933333333333451e+02 8.118000000000000682e+01
1.274733333333333292e+02 1.376666666666666572e+02 8.025333333333333030e+01
1.268940397350993408e+02 1.383443708609271425e+02 7.985430463576159354e+01
1.266066666666666691e+02 1.386200000000000045e+02 7.904000000000000625e+01
1.259800000000000040e+02 1.388266666666666538e+02 7.837999999999999545e+01
1.248866666666666703e+02 1.387333333333333201e+02 7.758666666666667311e+01
1.240933333333333337e+02 1.386200000000000045e+02 7.692666666666666231e+01
1.235202702702702737e+02 1.387094594594594525e+02 7.660810810810811233e+01
1.228445945945945965e+02 1.393986486486486456e+02 7.669594594594595094e+01
1.224000000000000057e+02 1.399866666666666788e+02 7.673333333333333428e+01
1.217583892617449663e+02 1.405838926174496635e+02 7.689932885906040383e+01
1.215608108108108070e+02 1.412500000000000000e+02 7.721621621621621046e+01
1.213422818791946298e+02 1.419328859060402692e+02 7.740939597315436060e+01
1.209251700680272137e+02 1.425986394557823189e+02 7.758503401360543705e+01
1.200526315789473699e+02 1.439210526315789593e+02 7.811184210526316463e+01
1.198476821192053023e+02 1.448013245033112639e+02 7.796688741721854399e+01
1.194466666666666725e+02 1.457066666666666777e+02 7.796666666666666856e+01
1.191073825503355721e+02 1.464429530201342402e+02 7.777852348993287990e+01
1.190000000000000000e+02 1.468466666666666640e+02 7.743333333333333712e+01
1.188724832214765144e+02 1.475369127516778462e+02 7.710738255033557209e+01
1.188933333333333309e+02 1.479733333333333292e+02 7.659999999999999432e+01
1.192649006622516623e+02 1.491788079470198625e+02 7.580794701986755513e+01
1.194105960264900688e+02 1.497615894039735167e+02 7.503311258278145601e+01
1.202781456953642447e+02 1.503774834437085985e+02 7.363576158940396965e+01
1.205270270270270316e+02 1.503918918918919019e+02 7.323648648648648418e+01
1.211125827814569504e+02 1.505165562913907422e+02 7.287417218543046715e+01
1.219395973154362451e+02 1.509060402684563655e+02 7.206040268456375486e+01
1.229328859060402692e+02 1.507181208053691250e+02 7.138926174496644705e+01
1.234729729729729684e+02 1.506689189189189051e+02 7.044594594594595094e+01
1.238410596026490111e+02 1.505165562913907422e+02 6.962913907284767845e+01
1.244866666666666646e+02 1.506466666666666754e+02 6.918666666666666742e+01
1.258666666666666600e+02 1.506200000000000045e+02 6.907333333333333769e+01
1.270066666666666606e+02 1.508066666666666720e+02 6.868666666666666742e+01
1.276333333333333400e+02 1.509066666666666663e+02 6.840666666666666629e+01
1.282147651006711442e+02 1.509530201342281828e+02 6.791275167785235567e+01
1.284866666666666788e+02 1.510600000000000023e+02 6.731999999999999318e+01
1.290201342281879135e+02 1.513489932885906057e+02 6.675838926174496635e+01
1.294966442953020191e+02 1.518255033557047113e+02 6.600671140939597592e+01
1.296225165562914015e+02 1.523907284768211809e+02 6.515894039735098886e+01
1.298993288590604038e+02 1.531275167785234999e+02 6.441610738255033652e+01
1.304496644295302019e+02 1.533154362416107404e+02 6.342953020134228126e+01
1.307666666666666799e+02 1.535266666666666708e+02 6.291333333333333400e+01
1.309395973154362309e+02 1.537651006711409423e+02 6.188590604026845909e+01
1.314563758389261636e+02 1.531006711409395962e+02 6.081879194630872831e+01
1.318310810810810949e+02 1.524864864864864842e+02 5.928378378378378244e+01
1.321866666666666674e+02 1.523666666666666742e+02 5.815333333333333599e+01
1.326357615894039839e+02 1.525298013245033246e+02 5.709271523178807684e+01
1.333333333333333428e+02 1.525266666666666708e+02 5.588000000000000256e+01
1.331866666666666674e+02 1.520933333333333337e+02 5.514666666666666828e+01
1.329664429530201346e+02 1.523020134228187885e+02 5.453020134228187743e+01
1.333133333333333326e+02 1.520199999999999818e+02 5.394666666666666544e+01
1.335266666666666708e+02 1.517666666666666799e+02 5.352666666666666373e+01
1.337837837837837753e+02 1.514256756756756772e+02 5.263513513513513686e+01
1.339597315436241729e+02 1.513154362416107404e+02 5.114093959731543748e+01
1.334866666666666788e+02 1.509866666666666788e+02 5.025999999999999801e+01
1.335000000000000000e+02 1.508266666666666538e+02 4.958666666666666600e+01
1.333691275167785193e+02 1.505973154362416153e+02 4.840939597315436060e+01
1.329865771812080482e+02 1.497785234899328941e+02 4.744295302013422599e+01
1.324966442953020191e+02 1.492617449664429614e+02 4.682550335570469713e+01
1.321866666666666674e+02 1.485200000000000102e+02 4.660666666666666913e+01
1.319664429530201346e+02 1.480335570469798654e+02 4.629530201342281970e+01
1.326357615894039839e+02 1.467947019867549727e+02 4.533774834437085843e+01
1.328933333333333451e+02 1.461133333333333439e+02 4.467999999999999972e+01
1.333266666666666538e+02 1.451533333333333360e+02 4.389333333333333087e+01
1.333841059602648897e+02 1.445231788079470334e+02 4.313907284768212236e+01
1.333112582781456865e+02 1.437549668874172255e+02 4.307947019867549443e+01
1.335600000000000023e+02 1.427666666666666799e+02 4.268666666666666742e+01
1.332800000000000011e+02 1.422933333333333223e+02 4.199333333333333229e+01
1.329800000000000182e+02 1.412599999999999909e+02 4.115333333333332888e+01
1.328859060402684520e+02 1.406040268456375770e+02 4.046979865771812257e+01
1.325066666666666606e+02 1.403666666666666742e+02 3.989333333333333087e+01
1.324078947368421098e+02 1.399671052631578902e+02 3.932236842105263008e+01
1.320927152317880768e+02 1.397483443708609343e+02 3.883443708609271283e+01
1.319932885906040383e+02 1.393825503355704711e+02 3.852348993288590862e+01
1.320333333333333314e+02 1.391533333333333360e+02 3.803333333333333144e+01
1.321360544217687050e+02 1.388707482993197289e+02 3.750340136054421691e+01
1.322348993288590577e+02 1.386040268456375770e+02 3.718120805369127169e+01
1.322666666666666799e+02 1.385000000000000000e+02 3.688666666666666316e+01
1.322866666666666617e+02 1.383933333333333451e+02 3.666666666666666430e+01
1.322866666666666617e+02 1.383933333333333451e+02 3.666666666666666430e+01
1.322866666666666617e+02 1.383933333333333451e+02 3.666666666666666430e+01
1.322866666666666617e+02 1.383933333333333451e+02 3.666666666666666430e+01
1.322866666666666617e+02 1.383933333333333451e+02 3.666666666666666430e+01
1.322866666666666617e+02 1.383933333333333451e+02 3.666666666666666430e+01
1.322866666666666617e+02 1.383933333333333451e+02 3.666666666666666430e+01
1.322866666666666617e+02 1.383933333333333451e+02 3.666666666666666430e+01
1.322866666666666617e+02 1.383933333333333451e+02 3.666666666666666430e+01
1.322866666666666617e+02 1.383933333333333451e+02 3.666666666666666430e+01
1.322866666666666617e+02 1.383933333333333451e+02 3.666666666666666430e+01
1.322866666666666617e+02 1.383933333333333451e+02 3.666666666666666430e+01
1.322866666666666617e+02 1.383933333333333451e+02 3.666666666666666430e+01
1.322866666666666617e+02 1.383933333333333451e+02 3.666666666666666430e+01
1.322866666666666617e+02 1.383933333333333451e+02 3.666666666666666430e+01
1.322866666666666617e+02 1.383933333333333451e+02 3.666666666666666430e+01
1.322866666666666617e+02 1.383933333333333451e+02 3.666666666666666430e+01
1.322866666666666617e+02 1.383933333333333451e+02 3.666666666666666430e+01
1.322866666666666617e+02 1.383933333333333451e+02 3.666666666666666430e+01
1.322866666666666617e+02 1.383933333333333451e+02 3.666666666666666430e+01
1.322866666666666617e+02 1.383933333333333451e+02 3.666666666666666430e+01
1.322866666666666617e+02 1.383933333333333451e+02 3.666666666666666430e+01
1.322866666666666617e+02 1.383933333333333451e+02 3.666666666666666430e+01
1.322866666666666617e+02 1.383933333333333451e+02 3.666666666666666430e+01
1.322866666666666617e+02 1.383933333333333451e+02 3.666666666666666430e+01
1.322866666666666617e+02 1.383933333333333451e+02 3.666666666666666430e+01
1.322866666666666617e+02 1.383933333333333451e+02 3.666666666666666430e+01
1.322866666666666617e+02 1.383933333333333451e+02 3.666666666666666430e+01
1.322866666666666617e+02 1.383933333333333451e+02 3.666666666666666430e+01
1.322866666666666617e+02 1.383933333333333451e+02 3.666666666666666430e+01
1.322866666666666617e+02 1.383933333333333451e+02 3.666666666666666430e+01
1.322866666666666617e+02 1.383933333333333451e+02 3.666666666666666430e+01
1.322866666666666617e+02 1.383933333333333451e+02 3.666666666666666430e+01
1.322866666666666617e+02 1.383933333333333451e+02 3.666666666666666430e+01
1.322866666666666617e+02 1.383933333333333451e+02 3.666666666666666430e+01
1.322866666666666617e+02 1.383933333333333451e+02 3.666666666666666430e+01
1.322866666666666617e+02 1.383933333333333451e+02 3.666666666666666430e+01
1.322866666666666617e+02 1.383933333333333451e+02 3.666666666666666430e+01
1.322866666666666617e+02 1.383933333333333451e+02 3.666666666666666430e+01
1.322866666666666617e+02 1.383933333333333451e+02 3.666666666666666430e+01
1.322866666666666617e+02 1.383933333333333451e+02 3.666666666666666430e+01
1.322866666666666617e+02 1.383933333333333451e+02 3.666666666666666430e+01
1.322866666666666617e+02 1.383933333333333451e+02 3.666666666666666430e+01
1.322866666666666617e+02 1.383933333333333451e+02 3.666666666666666430e+01
1.322866666666666617e+02 1.383933333333333451e+02 3.666666666666666430e+01
1.322866666666666617e+02 1.383933333333333451e+02 3.666666666666666430e+01
1.322866666666666617e+02 1.383933333333333451e+02 3.666666666666666430e+01
1.322866666666666617e+02 1.383933333333333451e+02 3.666666666666666430e+01
1.322866666666666617e+02 1.383933333333333451e+02 3.666666666666666430e+01
1.322866666666666617e+02 1.383933333333333451e+02 3.666666666666666430e+01
1.322866666666666617e+02 1.383933333333333451e+02 3.666666666666666430e+01
1.322866666666666617e+02 1.383933333333333451e+02 3.666666666666666430e+01
1.322866666666666617e+02 1.383933333333333451e+02 3.666666666666666430e+01
1.322866666666666617e+02 1.383933333333333451e+02 3.666666666666666430e+01
1.322866666666666617e+02 1.383933333333333451e+02 3.666666666666666430e+01
1.322866666666666617e+02 1.383933333333333451e+02 3.666666666666666430e+01
1.322866666666666617e+02 1.383933333333333451e+02 3.666666666666666430e+01
1.322866666666666617e+02 1.383933333333333451e+02 3.666666666666666430e+01
1.322866666666666617e+02 1.383933333333333451e+02 3.666666666666666430e+01
1.322866666666666617e+02 1.383933333333333451e+02 3.666666666666666430e+01
1.322866666666666617e+02 1.383933333333333451e+02 3.666666666666666430e+01
1.322866666666666617e+02 1.383933333333333451e+02 3.666666666666666430e+01
1.322866666666666617e+02 1.383933333333333451e+02 3.666666666666666430e+01
1.322866666666666617e+02 1.383933333333333451e+02 3.666666666666666430e+01
1.322866666666666617e+02 1.383933333333333451e+02 3.666666666666666430e+01
1.322866666666666617e+02 1.383933333333333451e+02 3.666666666666666430e+01
1.322866666666666617e+02 1.383933333333333451e+02 3.666666666666666430e+01
1.322866666666666617e+02 1.383933333333333451e+02 3.666666666666666430e+01
1.322866666666666617e+02 1.383933333333333451e+02 3.666666666666666430e+01
1.322866666666666617e+02 1.383933333333333451e+02 3.666666666666666430e+01
1.322866666666666617e+02 1.383933333333333451e+02 3.666666666666666430e+01
1.322866666666666617e+02 1.383933333333333451e+02 3.666666666666666430e+01
1.322866666666666617e+02 1.383933333333333451e+02 3.666666666666666430e+01
1.322866666666666617e+02 1.383933333333333451e+02 3.666666666666666430e+01
1.322866666666666617e+02 1.383933333333333451e+02 3.666666666666666430e+01
1.322866666666666617e+02 1.383933333333333451e+02 3.666666666666666430e+01
1.322866666666666617e+02 1.383933333333333451e+02 3.666666666666666430e+01
1.322866666666666617e+02 1.383933333333333451e+02 3.666666666666666430e+01
1.322866666666666617e+02 1.383933333333333451e+02 3.666666666666666430e+01
1.322866666666666617e+02 1.383933333333333451e+02 3.666666666666666430e+01
1.322866666666666617e+02 1.383933333333333451e+02 3.666666666666666430e+01
1.322866666666666617e+02 1.383933333333333451e+02 3.666666666666666430e+01
1.322866666666666617e+02 1.383933333333333451e+02 3.666666666666666430e+01
1.322866666666666617e+02 1.383933333333333451e+02 3.666666666666666430e+01
1.322866666666666617e+02 1.383933333333333451e+02 3.666666666666666430e+01
1.322866666666666617e+02 1.383933333333333451e+02 3.666666666666666430e+01
1.322866666666666617e+02 1.383933333333333451e+02 3.666666666666666430e+01
1.322866666666666617e+02 1.383933333333333451e+02 3.666666666666666430e+01
1.322866666666666617e+02 1.383933333333333451e+02 3.666666666666666430e+01
1.322866666666666617e+02 1.383933333333333451e+02 3.666666666666666430e+01
1.322866666666666617e+02 1.383933333333333451e+02 3.666666666666666430e+01
1.322866666666666617e+02 1.383933333333333451e+02 3.666666666666666430e+01
1.322866666666666617e+02 1.383933333333333451e+02 3.666666666666666430e+01
1.322866666666666617e+02 1.383933333333333451e+02 3.666666666666666430e+01
1.322866666666666617e+02 1.383933333333333451e+02 3.666666666666666430e+01
1.322866666666666617e+02 1.383933333333333451e+02 3.666666666666666430e+01
1.322866666666666617e+02 1.383933333333333451e+02 3.666666666666666430e+01
1.322866666666666617e+02 1.383933333333333451e+02 3.666666666666666430e+01
1.322866666666666617e+02 1.383933333333333451e+02 3.666666666666666430e+01
1.322866666666666617e+02 1.383933333333333451e+02 3.666666666666666430e+01
1.322866666666666617e+02 1.383933333333333451e+02 3.666666666666666430e+01
1.322866666666666617e+02 1.383933333333333451e+02 3.666666666666666430e+01
1.322866666666666617e+02 1.383933333333333451e+02 3.666666666666666430e+01
1.322866666666666617e+02 1.383933333333333451e+02 3.666666666666666430e+01
1.322866666666666617e+02 1.383933333333333451e+02 3.666666666666666430e+01
1.322866666666666617e+02 1.383933333333333451e+02 3.666666666666666430e+01
1.322866666666666617e+02 1.383933333333333451e+02 3.666666666666666430e+01
1.322866666666666617e+02 1.383933333333333451e+02 3.666666666666666430e+01
1.322866666666666617e+02 1.383933333333333451e+02 3.666666666666666430e+01
1.322866666666666617e+02 1.383933333333333451e+02 3.666666666666666430e+01
1.322866666666666617e+02 1.383933333333333451e+02 3.666666666666666430e+01
1.322866666666666617e+02 1.383933333333333451e+02 3.666666666666666430e+01
1.322866666666666617e+02 1.383933333333333451e+02 3.666666666666666430e+01
1.322866666666666617e+02 1.383933333333333451e+02 3.666666666666666430e+01
1.322866666666666617e+02 1.383933333333333451e+02 3.666666666666666430e+01
1.322866666666666617e+02 1.383933333333333451e+02 3.666666666666666430e+01
1.322866666666666617e+02 1.383933333333333451e+02 3.666666666666666430e+01
1.322866666666666617e+02 1.383933333333333451e+02 3.666666666666666430e+01
1.322866666666666617e+02 1.383933333333333451e+02 3.666666666666666430e+01
1.322866666666666617e+02 1.383933333333333451e+02 3.666666666666666430e+01
1.322866666666666617e+02 1.383933333333333451e+02 3.666666666666666430e+01
1.322866666666666617e+02 1.383933333333333451e+02 3.666666666666666430e+01
1.322866666666666617e+02 1.383933333333333451e+02 3.666666666666666430e+01
1.322866666666666617e+02 1.383933333333333451e+02 3.666666666666666430e+01
1.322866666666666617e+02 1.383933333333333451e+02 3.666666666666666430e+01
1.322866666666666617e+02 1.383933333333333451e+02 3.666666666666666430e+01
1.322866666666666617e+02 1.383933333333333451e+02 3.666666666666666430e+01
1.322866666666666617e+02 1.383933333333333451e+02 3.666666666666666430e+01
1.322866666666666617e+02 1.383933333333333451e+02 3.666666666666666430e+01
1.322866666666666617e+02 1.383933333333333451e+02 3.666666666666666430e+01
1.322866666666666617e+02 1.383933333333333451e+02 3.666666666666666430e+01
1.322866666666666617e+02 1.383933333333333451e+02 3.666666666666666430e+01
1.322866666666666617e+02 1.383933333333333451e+02 3.666666666666666430e+01
1.322866666666666617e+02 1.383933333333333451e+02 3.666666666666666430e+01
1.322866666666666617e+02 1.383933333333333451e+02 3.666666666666666430e+01
1.322866666666666617e+02 1.383933333333333451e+02 3.666666666666666430e+01
1.322866666666666617e+02 1.383933333333333451e+02 3.666666666666666430e+01
1.322866666666666617e+02 1.383933333333333451e+02 3.666666666666666430e+01
1.322866666666666617e+02 1.383933333333333451e+02 3.666666666666666430e+01
1.322866666666666617e+02 1.383933333333333451e+02 3.666666666666666430e+01
1.322866666666666617e+02 1.383933333333333451e+02 3.666666666666666430e+01
1.322866666666666617e+02 1.383933333333333451e+02 3.666666666666666430e+01
1.322866666666666617e+02 1.383933333333333451e+02 3.666666666666666430e+01
1.322866666666666617e+02 1.383933333333333451e+02 3.666666666666666430e+01
1.322866666666666617e+02 1.383933333333333451e+02 3.666666666666666430e+01
1.322866666666666617e+02 1.383933333333333451e+02 3.666666666666666430e+01
1.322866666666666617e+02 1.383933333333333451e+02 3.666666666666666430e+01
1.322866666666666617e+02 1.383933333333333451e+02 3.666666666666666430e+01
1.322866666666666617e+02 1.383933333333333451e+02 3.666666666666666430e+01
1.322866666666666617e+02 1.383933333333333451e+02 3.666666666666666430e+01
1.322866666666666617e+02 1.383933333333333451e+02 3.666666666666666430e+01
1.322866666666666617e+02 1.383933333333333451e+02 3.666666666666666430e+01
1.322866666666666617e+02 1.383933333333333451e+02 3.666666666666666430e+01
1.322866666666666617e+02 1.383933333333333451e+02 3.666666666666666430e+01
1.322866666666666617e+02 1.383933333333333451e+02 3.666666666666666430e+01
1.322866666666666617e+02 1.383933333333333451e+02 3.666666666666666430e+01
1.322866666666666617e+02 1.383933333333333451e+02 3.666666666666666430e+01
1.322866666666666617e+02 1.383933333333333451e+02 3.666666666666666430e+01
1.322866666666666617e+02 1.383933333333333451e+02 3.666666666666666430e+01
1.322866666666666617e+02 1.383933333333333451e+02 3.666666666666666430e+01
1.322866666666666617e+02 1.383933333333333451e+02 3.666666666666666430e+01
1.322866666666666617e+02 1.383933333333333451e+02 3.666666666666666430e+01
1.322866666666666617e+02 1.383933333333333451e+02 3.666666666666666430e+01
1.322866666666666617e+02 1.383933333333333451e+02 3.666666666666666430e+01
1.322866666666666617e+02 1.383933333333333451e+02 3.666666666666666430e+01
1.322866666666666617e+02 1.383933333333333451e+02 3.666666666666666430e+01
1.322866666666666617e+02 1.383933333333333451e+02 3.666666666666666430e+01
1.322866666666666617e+02 1.383933333333333451e+02 3.666666666666666430e+01
1.322866666666666617e+02 1.383933333333333451e+02 3.666666666666666430e+01
1.322866666666666617e+02 1.383933333333333451e+02 3.666666666666666430e+01
1.322866666666666617e+02 1.383933333333333451e+02 3.666666666666666430e+01
1.322866666666666617e+02 1.383933333333333451e+02 3.666666666666666430e+01
1.322866666666666617e+02 1.383933333333333451e+02 3.666666666666666430e+01
1.322866666666666617e+02 1.383933333333333451e+02 3.666666666666666430e+01
1.322866666666666617e+02 1.383933333333333451e+02 3.666666666666666430e+01
1.322866666666666617e+02 1.383933333333333451e+02 3.666666666666666430e+01
1.322866666666666617e+02 1.383933333333333451e+02 3.666666666666666430e+01
1.322866666666666617e+02 1.383933333333333451e+02 3.666666666666666430e+01
1.322866666666666617e+02 1.383933333333333451e+02 3.666666666666666430e+01
1.322866666666666617e+02 1.383933333333333451e+02 3.666666666666666430e+01
1.322866666666666617e+02 1.383933333333333451e+02 3.666666666666666430e+01
1.322866666666666617e+02 1.383933333333333451e+02 3.666666666666666430e+01
1.322866666666666617e+02 1.383933333333333451e+02 3.666666666666666430e+01
1.322866666666666617e+02 1.383933333333333451e+02 3.666666666666666430e+01
1.322866666666666617e+02 1.383933333333333451e+02 3.666666666666666430e+01
1.322866666666666617e+02 1.383933333333333451e+02 3.666666666666666430e+01
1.322866666666666617e+02 1.383933333333333451e+02 3.666666666666666430e+01
1.322866666666666617e+02 1.383933333333333451e+02 3.666666666666666430e+01
1.322866666666666617e+02 1.383933333333333451e+02 3.666666666666666430e+01
1.322866666666666617e+02 1.383933333333333451e+02 3.666666666666666430e+01
1.322866666666666617e+02 1.383933333333333451e+02 3.666666666666666430e+01
1.322866666666666617e+02 1.383933333333333451e+02 3.666666666666666430e+01
1.322866666666666617e+02 1.383933333333333451e+02 3.666666666666666430e+01
1.322866666666666617e+02 1.383933333333333451e+02 3.666666666666666430e+01
1.322866666666666617e+02 1.383933333333333451e+02 3.666666666666666430e+01
1.322866666666666617e+02 1.383933333333333451e+02 3.666666666666666430e+01
1.322866666666666617e+02 1.383933333333333451e+02 3.666666666666666430e+01
1.322866666666666617e+02 1.383933333333333451e+02 3.666666666666666430e+01
1.322866666666666617e+02 1.383933333333333451e+02 3.666666666666666430e+01
1.322866666666666617e+02 1.383933333333333451e+02 3.666666666666666430e+01
1.322866666666666617e+02 1.383933333333333451e+02 3.666666666666666430e+01
1.322866666666666617e+02 1.383933333333333451e+02 3.666666666666666430e+01
1.322866666666666617e+02 1.383933333333333451e+02 3.666666666666666430e+01
1.322866666666666617e+02 1.383933333333333451e+02 3.666666666666666430e+01
1.322866666666666617e+02 1.383933333333333451e+02 3.666666666666666430e+01
1.322866666666666617e+02 1.383933333333333451e+02 3.666666666666666430e+01
1.322866666666666617e+02 1.383933333333333451e+02 3.666666666666666430e+01
1.322866666666666617e+02 1.383933333333333451e+02 3.666666666666666430e+01
1.322866666666666617e+02 1.383933333333333451e+02 3.666666666666666430e+01
1.322866666666666617e+02 1.383933333333333451e+02 3.666666666666666430e+01
1.322866666666666617e+02 1.383933333333333451e+02 3.666666666666666430e+01
1.322866666666666617e+02 1.383933333333333451e+02 3.666666666666666430e+01
1.322866666666666617e+02 1.383933333333333451e+02 3.666666666666666430e+01
1.322866666666666617e+02 1.383933333333333451e+02 3.666666666666666430e+01
1.322866666666666617e+02 1.383933333333333451e+02 3.666666666666666430e+01
1.322866666666666617e+02 1.383933333333333451e+02 3.666666666666666430e+01
1.322866666666666617e+02 1.383933333333333451e+02 3.666666666666666430e+01
1.322866666666666617e+02 1.383933333333333451e+02 3.666666666666666430e+01
1.322866666666666617e+02 1.383933333333333451e+02 3.666666666666666430e+01
1.322866666666666617e+02 1.383933333333333451e+02 3.666666666666666430e+01
1.322866666666666617e+02 1.383933333333333451e+02 3.666666666666666430e+01
1.322866666666666617e+02 1.383933333333333451e+02 3.666666666666666430e+01
1.322866666666666617e+02 1.383933333333333451e+02 3.666666666666666430e+01
1.322866666666666617e+02 1.383933333333333451e+02 3.666666666666666430e+01
1.322866666666666617e+02 1.383933333333333451e+02 3.666666666666666430e+01
1.322866666666666617e+02 1.383933333333333451e+02 3.666666666666666430e+01
1.322866666666666617e+02 1.383933333333333451e+02 3.666666666666666430e+01
1.322866666666666617e+02 1.383933333333333451e+02 3.666666666666666430e+01
1.322866666666666617e+02 1.383933333333333451e+02 3.666666666666666430e+01
1.322866666666666617e+02 1.383933333333333451e+02 3.666666666666666430e+01
1.322866666666666617e+02 1.383933333333333451e+02 3.666666666666666430e+01
1.322866666666666617e+02 1.383933333333333451e+02 3.666666666666666430e+01
1.322866666666666617e+02 1.383933333333333451e+02 3.666666666666666430e+01
1.322866666666666617e+02 1.383933333333333451e+02 3.666666666666666430e+01
1.322866666666666617e+02 1.383933333333333451e+02 3.666666666666666430e+01
1.322866666666666617e+02 1.383933333333333451e+02 3.666666666666666430e+01
1.322866666666666617e+02 1.383933333333333451e+02 3.666666666666666430e+01
1.322866666666666617e+02 1.383933333333333451e+02 3.666666666666666430e+01
1.322866666666666617e+02 1.383933333333333451e+02 3.666666666666666430e+01
1.322866666666666617e+02 1.383933333333333451e+02 3.666666666666666430e+01
1.322866666666666617e+02 1.383933333333333451e+02 3.666666666666666430e+01
1.322866666666666617e+02 1.383933333333333451e+02 3.666666666666666430e+01
1.322866666666666617e+02 1.383933333333333451e+02 3.666666666666666430e+01
1.322866666666666617e+02 1.383933333333333451e+02 3.666666666666666430e+01
1.322866666666666617e+02 1.383933333333333451e+02 3.666666666666666430e+01
1.322866666666666617e+02 1.383933333333333451e+02 3.666666666666666430e+01
1.322866666666666617e+02 1.383933333333333451e+02 3.666666666666666430e+01
1.322866666666666617e+02 1.383933333333333451e+02 3.666666666666666430e+01
1.322866666666666617e+02 1.383933333333333451e+02 3.666666666666666430e+01
1.322866666666666617e+02 1.383933333333333451e+02 3.666666666666666430e+01
1.322866666666666617e+02 1.383933333333333451e+02 3.666666666666666430e+01
1.322866666666666617e+02 1.383933333333333451e+02 3.666666666666666430e+01
1.322866666666666617e+02 1.383933333333333451e+02 3.666666666666666430e+01
1.322866666666666617e+02 1.383933333333333451e+02 3.666666666666666430e+01
1.322866666666666617e+02 1.383933333333333451e+02 3.666666666666666430e+01
1.322866666666666617e+02 1.383933333333333451e+02 3.666666666666666430e+01
1.322866666666666617e+02 1.383933333333333451e+02 3.666666666666666430e+01
1.322866666666666617e+02 1.383933333333333451e+02 3.666666666666666430e+01
1.322866666666666617e+02 1.383933333333333451e+02 3.666666666666666430e+01
1.322866666666666617e+02 1.383933333333333451e+02 3.666666666666666430e+01
1.322866666666666617e+02 1.383933333333333451e+02 3.666666666666666430e+01
1.322866666666666617e+02 1.383933333333333451e+02 3.666666666666666430e+01
1.322866666666666617e+02 1.383933333333333451e+02 3.666666666666666430e+01
1.322866666666666617e+02 1.383933333333333451e+02 3.666666666666666430e+01
1.322866666666666617e+02 1.383933333333333451e+02 3.666666666666666430e+01
1.322866666666666617e+02 1.383933333333333451e+02 3.666666666666666430e+01
1.322866666666666617e+02 1.383933333333333451e+02 3.666666666666666430e+01
1.322866666666666617e+02 1.383933333333333451e+02 3.666666666666666430e+01
1.322866666666666617e+02 1.383933333333333451e+02 3.666666666666666430e+01
1.322866666666666617e+02 1.383933333333333451e+02 3.666666666666666430e+01
1.322866666666666617e+02 1.383933333333333451e+02 3.666666666666666430e+01
1.322866666666666617e+02 1.383933333333333451e+02 3.666666666666666430e+01
1.322866666666666617e+02 1.383933333333333451e+02 3.666666666666666430e+01
1.322866666666666617e+02 1.383933333333333451e+02 3.666666666666666430e+01
1.322866666666666617e+02 1.383933333333333451e+02 3.666666666666666430e+01
1.322866666666666617e+02 1.383933333333333451e+02 3.666666666666666430e+01
1.322866666666666617e+02 1.383933333333333451e+02 3.666666666666666430e+01
1.322866666666666617e+02 1.383933333333333451e+02 3.666666666666666430e+01
1.322866666666666617e+02 1.383933333333333451e+02 3.666666666666666430e+01
1.322866666666666617e+02 1.383933333333333451e+02 3.666666666666666430e+01
1.322866666666666617e+02 1.383933333333333451e+02 3.666666666666666430e+01
1.322866666666666617e+02 1.383933333333333451e+02 3.666666666666666430e+01
1.322866666666666617e+02 1.383933333333333451e+02 3.666666666666666430e+01
1.322866666666666617e+02 1.383933333333333451e+02 3.666666666666666430e+01
1.322866666666666617e+02 1.383933333333333451e+02 3.666666666666666430e+01
1.322866666666666617e+02 1.383933333333333451e+02 3.666666666666666430e+01
1.322866666666666617e+02 1.383933333333333451e+02 3.666666666666666430e+01
1.322866666666666617e+02 1.383933333333333451e+02 3.666666666666666430e+01
1.322866666666666617e+02 1.383933333333333451e+02 3.666666666666666430e+01
1.322866666666666617e+02 1.383933333333333451e+02 3.666666666666666430e+01
1.322866666666666617e+02 1.383933333333333451e+02 3.666666666666666430e+01
1.322866666666666617e+02 1.383933333333333451e+02 3.666666666666666430e+01
1.322866666666666617e+02 1.383933333333333451e+02 3.666666666666666430e+01
1.322866666666666617e+02 1.383933333333333451e+02 3.666666666666666430e+01
1.322866666666666617e+02 1.383933333333333451e+02 3.666666666666666430e+01
1.322866666666666617e+02 1.383933333333333451e+02 3.666666666666666430e+01
1.322866666666666617e+02 1.383933333333333451e+02 3.666666666666666430e+01
1.322866666666666617e+02 1.383933333333333451e+02 3.666666666666666430e+01
1.322866666666666617e+02 1.383933333333333451e+02 3.666666666666666430e+01
1.322866666666666617e+02 1.383933333333333451e+02 3.666666666666666430e+01
1.322866666666666617e+02 1.383933333333333451e+02 3.666666666666666430e+01
1.322866666666666617e+02 1.383933333333333451e+02 3.666666666666666430e+01
1.322866666666666617e+02 1.383933333333333451e+02 3.666666666666666430e+01
1.322866666666666617e+02 1.383933333333333451e+02 3.666666666666666430e+01
1.322866666666666617e+02 1.383933333333333451e+02 3.666666666666666430e+01
1.322866666666666617e+02 1.383933333333333451e+02 3.666666666666666430e+01
1.322866666666666617e+02 1.383933333333333451e+02 3.666666666666666430e+01
1.322866666666666617e+02 1.383933333333333451e+02 3.666666666666666430e+01
1.322866666666666617e+02 1.383933333333333451e+02 3.666666666666666430e+01
1.322866666666666617e+02 1.383933333333333451e+02 3.666666666666666430e+01
1.322866666666666617e+02 1.383933333333333451e+02 3.666666666666666430e+01
1.322866666666666617e+02 1.383933333333333451e+02 3.666666666666666430e+01
1.322866666666666617e+02 1.383933333333333451e+02 3.666666666666666430e+01
1.322866666666666617e+02 1.383933333333333451e+02 3.666666666666666430e+01
1.322866666666666617e+02 1.383933333333333451e+02 3.666666666666666430e+01
1.322866666666666617e+02 1.383933333333333451e+02 3.666666666666666430e+01
1.322866666666666617e+02 1.383933333333333451e+02 3.666666666666666430e+01
1.322866666666666617e+02 1.383933333333333451e+02 3.666666666666666430e+01
1.322866666666666617e+02 1.383933333333333451e+02 3.666666666666666430e+01
1.322866666666666617e+02 1.383933333333333451e+02 3.666666666666666430e+01
1.322866666666666617e+02 1.383933333333333451e+02 3.666666666666666430e+01
1.322866666666666617e+02 1.383933333333333451e+02 3.666666666666666430e+01
1.322866666666666617e+02 1.383933333333333451e+02 3.666666666666666430e+01
1.322866666666666617e+02 1.383933333333333451e+02 3.666666666666666430e+01
1.322866666666666617e+02 1.383933333333333451e+02 3.666666666666666430e+01
1.322866666666666617e+02 1.383933333333333451e+02 3.666666666666666430e+01
1.322866666666666617e+02 1.383933333333333451e+02 3.666666666666666430e+01
1.322866666666666617e+02 1.383933333333333451e+02 3.666666666666666430e+01
1.322866666666666617e+02 1.383933333333333451e+02 3.666666666666666430e+01
1.322866666666666617e+02 1.383933333333333451e+02 3.666666666666666430e+01
1.322866666666666617e+02 1.383933333333333451e+02 3.666666666666666430e+01
1.322866666666666617e+02 1.383933333333333451e+02 3.666666666666666430e+01
1.322866666666666617e+02 1.383933333333333451e+02 3.666666666666666430e+01
1.322866666666666617e+02 1.383933333333333451e+02 3.666666666666666430e+01
1.322866666666666617e+02 1.383933333333333451e+02 3.666666666666666430e+01
1.322866666666666617e+02 1.383933333333333451e+02 3.666666666666666430e+01
1.322866666666666617e+02 1.383933333333333451e+02 3.666666666666666430e+01
1.322866666666666617e+02 1.383933333333333451e+02 3.666666666666666430e+01
1.322866666666666617e+02 1.383933333333333451e+02 3.666666666666666430e+01
1.322866666666666617e+02 1.383933333333333451e+02 3.666666666666666430e+01
1.322866666666666617e+02 1.383933333333333451e+02 3.666666666666666430e+01
1.322866666666666617e+02 1.383933333333333451e+02 3.666666666666666430e+01
1.322866666666666617e+02 1.383933333333333451e+02 3.666666666666666430e+01
1.322866666666666617e+02 1.383933333333333451e+02 3.666666666666666430e+01
1.322866666666666617e+02 1.383933333333333451e+02 3.666666666666666430e+01
1.322866666666666617e+02 1.383933333333333451e+02 3.666666666666666430e+01
1.322866666666666617e+02 1.383933333333333451e+02 3.666666666666666430e+01
1.322866666666666617e+02 1.383933333333333451e+02 3.666666666666666430e+01
1.322866666666666617e+02 1.383933333333333451e+02 3.666666666666666430e+01
1.322866666666666617e+02 1.383933333333333451e+02 3.666666666666666430e+01
1.322866666666666617e+02 1.383933333333333451e+02 3.666666666666666430e+01
1.322866666666666617e+02 1.383933333333333451e+02 3.666666666666666430e+01
1.322866666666666617e+02 1.383933333333333451e+02 3.666666666666666430e+01
