1.290999999999999943e+02 1.274800000000000040e+02 1.287133333333333383e+02
1.291973684210526301e+02 1.274407894736842053e+02 1.287500000000000000e+02
1.292913907284768129e+02 1.274039735099337776e+02 1.285894039735099454e+02
1.290999999999999943e+02 1.274066666666666663e+02 1.285800000000000125e+02
1.288940397350993408e+02 1.273377483443708655e+02 1.287152317880794783e+02
1.288120805369127595e+02 1.272013422818791923e+02 1.288523489932885866e+02
1.287133333333333383e+02 1.271133333333333297e+02 1.288666666666666742e+02
1.286291390728476927e+02 1.272251655629139009e+02 1.289205298013245056e+02
1.283288590604026922e+02 1.271208053691275097e+02 1.288523489932885866e+02
1.283825503355704711e+02 1.270067114093959759e+02 1.288255033557046829e+02
1.283758389261745094e+02 1.270402684563758413e+02 1.287114093959731349e+02
1.283020134228187885e+02 1.269932885906040241e+02 1.285838926174496635e+02
1.281073825503355863e+02 1.268120805369127453e+02 1.286711409395973078e+02
1.281879194630872405e+02 1.270067114093959759e+02 1.286845637583892596e+02
1.281418918918919019e+02 1.268986486486486598e+02 1.287972972972972912e+02
1.280202702702702595e+02 1.270000000000000000e+02 1.287027027027027088e+02
1.280202702702702595e+02 1.269932432432432421e+02 1.287770270270270316e+02
1.279932432432432421e+02 1.270472972972972912e+02 1.287500000000000000e+02
1.279932885906040241e+02 1.270805369127516684e+02 1.288389261744966348e+02
1.280000000000000000e+02 1.270536912751677789e+02 1.288657718120805384e+02
1.279731543624160963e+02 1.270067114093959759e+02 1.288590604026845767e+02
1.279731543624160963e+02 1.270067114093959759e+02 1.288590604026845767e+02
1.279664429530201346e+02 1.270134228187919376e+02 1.288657718120805384e+02
1.279664429530201346e+02 1.270134228187919376e+02 1.288657718120805384e+02
1.279664429530201346e+02 1.270134228187919376e+02 1.288657718120805384e+02
1.279664429530201346e+02 1.270134228187919376e+02 1.288657718120805384e+02
1.279664429530201346e+02 1.270134228187919376e+02 1.288657718120805384e+02
1.279664429530201346e+02 1.270134228187919376e+02 1.288657718120805384e+02
1.279664429530201346e+02 1.270134228187919376e+02 1.288657718120805384e+02
1.279664429530201346e+02 1.270134228187919376e+02 1.288657718120805384e+02
1.279664429530201346e+02 1.270134228187919376e+02 1.288657718120805384e+02
1.279664429530201346e+02 1.270134228187919376e+02 1.288657718120805384e+02
1.279664429530201346e+02 1.270134228187919376e+02 1.288657718120805384e+02
1.279664429530201346e+02 1.270134228187919376e+02 1.288657718120805384e+02
1.279664429530201346e+02 1.270134228187919376e+02 1.288657718120805384e+02
1.279664429530201346e+02 1.270134228187919376e+02 1.288657718120805384e+02
1.279664429530201346e+02 1.270134228187919376e+02 1.288657718120805384e+02
1.279664429530201346e+02 1.270134228187919376e+02 1.288657718120805384e+02
1.279664429530201346e+02 1.270134228187919376e+02 1.288657718120805384e+02
1.279664429530201346e+02 1.270134228187919376e+02 1.288657718120805384e+02
1.279664429530201346e+02 1.270134228187919376e+02 1.288657718120805384e+02
1.279664429530201346e+02 1.270134228187919376e+02 1.288657718120805384e+02
1.279664429530201346e+02 1.270134228187919376e+02 1.288657718120805384e+02
1.279664429530201346e+02 1.270134228187919376e+02 1.288657718120805384e+02
1.279664429530201346e+02 1.270134228187919376e+02 1.288657718120805384e+02
1.279664429530201346e+02 1.270134228187919376e+02 1.288657718120805384e+02
1.279664429530201346e+02 1.270134228187919376e+02 1.288657718120805384e+02
1.279664429530201346e+02 1.270134228187919376e+02 1.288657718120805384e+02
1.279664429530201346e+02 1.270134228187919376e+02 1.288657718120805384e+02
1.279664429530201346e+02 1.270134228187919376e+02 1.288657718120805384e+02
1.279664429530201346e+02 1.270134228187919376e+02 1.288657718120805384e+02
1.279664429530201346e+02 1.270134228187919376e+02 1.288657718120805384e+02
1.279664429530201346e+02 1.270134228187919376e+02 1.288657718120805384e+02
1.279664429530201346e+02 1.270134228187919376e+02 1.288657718120805384e+02
1.279664429530201346e+02 1.270134228187919376e+02 1.288657718120805384e+02
1.279664429530201346e+02 1.270134228187919376e+02 1.288657718120805384e+02
1.279664429530201346e+02 1.270134228187919376e+02 1.288657718120805384e+02
1.279664429530201346e+02 1.270134228187919376e+02 1.288657718120805384e+02
1.279664429530201346e+02 1.270134228187919376e+02 1.288657718120805384e+02
1.279664429530201346e+02 1.270134228187919376e+02 1.288657718120805384e+02
1.279664429530201346e+02 1.270134228187919376e+02 1.288657718120805384e+02
1.279664429530201346e+02 1.270134228187919376e+02 1.288657718120805384e+02
1.279664429530201346e+02 1.270134228187919376e+02 1.288657718120805384e+02
1.279664429530201346e+02 1.270134228187919376e+02 1.288657718120805384e+02
1.279664429530201346e+02 1.270134228187919376e+02 1.288657718120805384e+02
1.279664429530201346e+02 1.270134228187919376e+02 1.288657718120805384e+02
1.279664429530201346e+02 1.270134228187919376e+02 1.288657718120805384e+02
1.279664429530201346e+02 1.270134228187919376e+02 1.288657718120805384e+02
1.279664429530201346e+02 1.270134228187919376e+02 1.288657718120805384e+02
1.279664429530201346e+02 1.270134228187919376e+02 1.288657718120805384e+02
1.279664429530201346e+02 1.270134228187919376e+02 1.288657718120805384e+02
1.279664429530201346e+02 1.270134228187919376e+02 1.288657718120805384e+02
1.279664429530201346e+02 1.270134228187919376e+02 1.288657718120805384e+02
1.279664429530201346e+02 1.270134228187919376e+02 1.288657718120805384e+02
1.279664429530201346e+02 1.270134228187919376e+02 1.288657718120805384e+02
1.279664429530201346e+02 1.270134228187919376e+02 1.288657718120805384e+02
1.279664429530201346e+02 1.270134228187919376e+02 1.288657718120805384e+02
1.279664429530201346e+02 1.270134228187919376e+02 1.288657718120805384e+02
1.279664429530201346e+02 1.270134228187919376e+02 1.288657718120805384e+02
1.279664429530201346e+02 1.270134228187919376e+02 1.288657718120805384e+02
1.279664429530201346e+02 1.270134228187919376e+02 1.288657718120805384e+02
1.279664429530201346e+02 1.270134228187919376e+02 1.288657718120805384e+02
1.279664429530201346e+02 1.270134228187919376e+02 1.288657718120805384e+02
1.279664429530201346e+02 1.270134228187919376e+02 1.288657718120805384e+02
1.279664429530201346e+02 1.270134228187919376e+02 1.288657718120805384e+02
1.279664429530201346e+02 1.270134228187919376e+02 1.288657718120805384e+02
1.279664429530201346e+02 1.270134228187919376e+02 1.288657718120805384e+02
1.279664429530201346e+02 1.270134228187919376e+02 1.288657718120805384e+02
1.279664429530201346e+02 1.270134228187919376e+02 1.288657718120805384e+02
1.279664429530201346e+02 1.270134228187919376e+02 1.288657718120805384e+02
1.279664429530201346e+02 1.270134228187919376e+02 1.288657718120805384e+02
1.279664429530201346e+02 1.270134228187919376e+02 1.288657718120805384e+02
1.279664429530201346e+02 1.270134228187919376e+02 1.288657718120805384e+02
1.279664429530201346e+02 1.270134228187919376e+02 1.288657718120805384e+02
1.279664429530201346e+02 1.270134228187919376e+02 1.288657718120805384e+02
1.279664429530201346e+02 1.270134228187919376e+02 1.288657718120805384e+02
1.279664429530201346e+02 1.270134228187919376e+02 1.288657718120805384e+02
1.279664429530201346e+02 1.270134228187919376e+02 1.288657718120805384e+02
1.279664429530201346e+02 1.270134228187919376e+02 1.288657718120805384e+02
1.279664429530201346e+02 1.270134228187919376e+02 1.288657718120805384e+02
1.279664429530201346e+02 1.270134228187919376e+02 1.288657718120805384e+02
1.279664429530201346e+02 1.270134228187919376e+02 1.288657718120805384e+02
1.279664429530201346e+02 1.270134228187919376e+02 1.288657718120805384e+02
1.279664429530201346e+02 1.270134228187919376e+02 1.288657718120805384e+02
1.279664429530201346e+02 1.270134228187919376e+02 1.288657718120805384e+02
1.279664429530201346e+02 1.270134228187919376e+02 1.288657718120805384e+02
1.279664429530201346e+02 1.270134228187919376e+02 1.288657718120805384e+02
1.279664429530201346e+02 1.270134228187919376e+02 1.288657718120805384e+02
1.279664429530201346e+02 1.270134228187919376e+02 1.288657718120805384e+02
1.279664429530201346e+02 1.270134228187919376e+02 1.288657718120805384e+02
1.279664429530201346e+02 1.270134228187919376e+02 1.288657718120805384e+02
1.279664429530201346e+02 1.270134228187919376e+02 1.288657718120805384e+02
1.279664429530201346e+02 1.270134228187919376e+02 1.288657718120805384e+02
1.279664429530201346e+02 1.270134228187919376e+02 1.288657718120805384e+02
1.279664429530201346e+02 1.270134228187919376e+02 1.288657718120805384e+02
1.279664429530201346e+02 1.270134228187919376e+02 1.288657718120805384e+02
1.279664429530201346e+02 1.270134228187919376e+02 1.288657718120805384e+02
1.279664429530201346e+02 1.270134228187919376e+02 1.288657718120805384e+02
1.279664429530201346e+02 1.270134228187919376e+02 1.288657718120805384e+02
1.279664429530201346e+02 1.270134228187919376e+02 1.288657718120805384e+02
1.279664429530201346e+02 1.270134228187919376e+02 1.288657718120805384e+02
1.279664429530201346e+02 1.270134228187919376e+02 1.288657718120805384e+02
1.279664429530201346e+02 1.270134228187919376e+02 1.288657718120805384e+02
1.279664429530201346e+02 1.270134228187919376e+02 1.288657718120805384e+02
1.279664429530201346e+02 1.270134228187919376e+02 1.288657718120805384e+02
1.279664429530201346e+02 1.270134228187919376e+02 1.288657718120805384e+02
1.279664429530201346e+02 1.270134228187919376e+02 1.288657718120805384e+02
1.279664429530201346e+02 1.270134228187919376e+02 1.288657718120805384e+02
1.279664429530201346e+02 1.270134228187919376e+02 1.288657718120805384e+02
1.279664429530201346e+02 1.270134228187919376e+02 1.288657718120805384e+02
1.279664429530201346e+02 1.270134228187919376e+02 1.288657718120805384e+02
1.279664429530201346e+02 1.270134228187919376e+02 1.288657718120805384e+02
1.279664429530201346e+02 1.270134228187919376e+02 1.288657718120805384e+02
1.279664429530201346e+02 1.270134228187919376e+02 1.288657718120805384e+02
1.279664429530201346e+02 1.270134228187919376e+02 1.288657718120805384e+02
1.279664429530201346e+02 1.270134228187919376e+02 1.288657718120805384e+02
1.279664429530201346e+02 1.270134228187919376e+02 1.288657718120805384e+02
1.279664429530201346e+02 1.270134228187919376e+02 1.288657718120805384e+02
1.279664429530201346e+02 1.270134228187919376e+02 1.288657718120805384e+02
1.279664429530201346e+02 1.270134228187919376e+02 1.288657718120805384e+02
1.279664429530201346e+02 1.270134228187919376e+02 1.288657718120805384e+02
1.279664429530201346e+02 1.270134228187919376e+02 1.288657718120805384e+02
1.279664429530201346e+02 1.270134228187919376e+02 1.288657718120805384e+02
1.279664429530201346e+02 1.270134228187919376e+02 1.288657718120805384e+02
1.279664429530201346e+02 1.270134228187919376e+02 1.288657718120805384e+02
1.279664429530201346e+02 1.270134228187919376e+02 1.288657718120805384e+02
1.279664429530201346e+02 1.270134228187919376e+02 1.288657718120805384e+02
1.279664429530201346e+02 1.270134228187919376e+02 1.288657718120805384e+02
1.279664429530201346e+02 1.270134228187919376e+02 1.288657718120805384e+02
1.279664429530201346e+02 1.270134228187919376e+02 1.288657718120805384e+02
1.279664429530201346e+02 1.270134228187919376e+02 1.288657718120805384e+02
1.279664429530201346e+02 1.270134228187919376e+02 1.288657718120805384e+02
1.279664429530201346e+02 1.270134228187919376e+02 1.288657718120805384e+02
1.279664429530201346e+02 1.270134228187919376e+02 1.288657718120805384e+02
1.279664429530201346e+02 1.270134228187919376e+02 1.288657718120805384e+02
1.279664429530201346e+02 1.270134228187919376e+02 1.288657718120805384e+02
1.279664429530201346e+02 1.270134228187919376e+02 1.288657718120805384e+02
1.279664429530201346e+02 1.270134228187919376e+02 1.288657718120805384e+02
1.279664429530201346e+02 1.270134228187919376e+02 1.288657718120805384e+02
1.279664429530201346e+02 1.270134228187919376e+02 1.288657718120805384e+02
1.279664429530201346e+02 1.270134228187919376e+02 1.288657718120805384e+02
1.279664429530201346e+02 1.270134228187919376e+02 1.288657718120805384e+02
1.279664429530201346e+02 1.270134228187919376e+02 1.288657718120805384e+02
1.279664429530201346e+02 1.270134228187919376e+02 1.288657718120805384e+02
1.279664429530201346e+02 1.270134228187919376e+02 1.288657718120805384e+02
1.279664429530201346e+02 1.270134228187919376e+02 1.288657718120805384e+02
1.279664429530201346e+02 1.270134228187919376e+02 1.288657718120805384e+02
1.279664429530201346e+02 1.270134228187919376e+02 1.288657718120805384e+02
1.279664429530201346e+02 1.270134228187919376e+02 1.288657718120805384e+02
1.279664429530201346e+02 1.270134228187919376e+02 1.288657718120805384e+02
1.279664429530201346e+02 1.270134228187919376e+02 1.288657718120805384e+02
1.279664429530201346e+02 1.270134228187919376e+02 1.288657718120805384e+02
1.279664429530201346e+02 1.270134228187919376e+02 1.288657718120805384e+02
1.279664429530201346e+02 1.270134228187919376e+02 1.288657718120805384e+02
1.279664429530201346e+02 1.270134228187919376e+02 1.288657718120805384e+02
1.279664429530201346e+02 1.270134228187919376e+02 1.288657718120805384e+02
1.279664429530201346e+02 1.270134228187919376e+02 1.288657718120805384e+02
1.279664429530201346e+02 1.270134228187919376e+02 1.288657718120805384e+02
1.279664429530201346e+02 1.270134228187919376e+02 1.288657718120805384e+02
1.279664429530201346e+02 1.270134228187919376e+02 1.288657718120805384e+02
1.279664429530201346e+02 1.270134228187919376e+02 1.288657718120805384e+02
1.279664429530201346e+02 1.270134228187919376e+02 1.288657718120805384e+02
1.279664429530201346e+02 1.270134228187919376e+02 1.288657718120805384e+02
1.279664429530201346e+02 1.270134228187919376e+02 1.288657718120805384e+02
1.279664429530201346e+02 1.270134228187919376e+02 1.288657718120805384e+02
1.279664429530201346e+02 1.270134228187919376e+02 1.288657718120805384e+02
1.279664429530201346e+02 1.270134228187919376e+02 1.288657718120805384e+02
1.279664429530201346e+02 1.270134228187919376e+02 1.288657718120805384e+02
1.279664429530201346e+02 1.270134228187919376e+02 1.288657718120805384e+02
1.279664429530201346e+02 1.270134228187919376e+02 1.288657718120805384e+02
1.279664429530201346e+02 1.270134228187919376e+02 1.288657718120805384e+02
1.279664429530201346e+02 1.270134228187919376e+02 1.288657718120805384e+02
1.279664429530201346e+02 1.270134228187919376e+02 1.288657718120805384e+02
1.279664429530201346e+02 1.270134228187919376e+02 1.288657718120805384e+02
1.279664429530201346e+02 1.270134228187919376e+02 1.288657718120805384e+02
1.279664429530201346e+02 1.270134228187919376e+02 1.288657718120805384e+02
1.279664429530201346e+02 1.270134228187919376e+02 1.288657718120805384e+02
1.279664429530201346e+02 1.270134228187919376e+02 1.288657718120805384e+02
1.279664429530201346e+02 1.270134228187919376e+02 1.288657718120805384e+02
1.279664429530201346e+02 1.270134228187919376e+02 1.288657718120805384e+02
1.279664429530201346e+02 1.270134228187919376e+02 1.288657718120805384e+02
1.279664429530201346e+02 1.270134228187919376e+02 1.288657718120805384e+02
1.279664429530201346e+02 1.270134228187919376e+02 1.288657718120805384e+02
1.279664429530201346e+02 1.270134228187919376e+02 1.288657718120805384e+02
1.279664429530201346e+02 1.270134228187919376e+02 1.288657718120805384e+02
1.279664429530201346e+02 1.270134228187919376e+02 1.288657718120805384e+02
1.279664429530201346e+02 1.270134228187919376e+02 1.288657718120805384e+02
1.279664429530201346e+02 1.270134228187919376e+02 1.288657718120805384e+02
1.279664429530201346e+02 1.270134228187919376e+02 1.288657718120805384e+02
1.279664429530201346e+02 1.270134228187919376e+02 1.288657718120805384e+02
1.279664429530201346e+02 1.270134228187919376e+02 1.288657718120805384e+02
1.279664429530201346e+02 1.270134228187919376e+02 1.288657718120805384e+02
1.279664429530201346e+02 1.270134228187919376e+02 1.288657718120805384e+02
1.279664429530201346e+02 1.270134228187919376e+02 1.288657718120805384e+02
1.279664429530201346e+02 1.270134228187919376e+02 1.288657718120805384e+02
1.279664429530201346e+02 1.270134228187919376e+02 1.288657718120805384e+02
1.279664429530201346e+02 1.270134228187919376e+02 1.288657718120805384e+02
1.279664429530201346e+02 1.270134228187919376e+02 1.288657718120805384e+02
1.279664429530201346e+02 1.270134228187919376e+02 1.288657718120805384e+02
1.279664429530201346e+02 1.270134228187919376e+02 1.288657718120805384e+02
1.279664429530201346e+02 1.270134228187919376e+02 1.288657718120805384e+02
1.279664429530201346e+02 1.270134228187919376e+02 1.288657718120805384e+02
1.279664429530201346e+02 1.270134228187919376e+02 1.288657718120805384e+02
1.279664429530201346e+02 1.270134228187919376e+02 1.288657718120805384e+02
1.279664429530201346e+02 1.270134228187919376e+02 1.288657718120805384e+02
1.279664429530201346e+02 1.270134228187919376e+02 1.288657718120805384e+02
1.279664429530201346e+02 1.270134228187919376e+02 1.288657718120805384e+02
1.279664429530201346e+02 1.270134228187919376e+02 1.288657718120805384e+02
1.279664429530201346e+02 1.270134228187919376e+02 1.288657718120805384e+02
1.279664429530201346e+02 1.270134228187919376e+02 1.288657718120805384e+02
1.279664429530201346e+02 1.270134228187919376e+02 1.288657718120805384e+02
1.279664429530201346e+02 1.270134228187919376e+02 1.288657718120805384e+02
1.279664429530201346e+02 1.270134228187919376e+02 1.288657718120805384e+02
1.279664429530201346e+02 1.270134228187919376e+02 1.288657718120805384e+02
1.279664429530201346e+02 1.270134228187919376e+02 1.288657718120805384e+02
1.279664429530201346e+02 1.270134228187919376e+02 1.288657718120805384e+02
1.279664429530201346e+02 1.270134228187919376e+02 1.288657718120805384e+02
1.279664429530201346e+02 1.270134228187919376e+02 1.288657718120805384e+02
1.279664429530201346e+02 1.270134228187919376e+02 1.288657718120805384e+02
1.279664429530201346e+02 1.270134228187919376e+02 1.288657718120805384e+02
1.279664429530201346e+02 1.270134228187919376e+02 1.288657718120805384e+02
1.279664429530201346e+02 1.270134228187919376e+02 1.288657718120805384e+02
1.279664429530201346e+02 1.270134228187919376e+02 1.288657718120805384e+02
1.279664429530201346e+02 1.270134228187919376e+02 1.288657718120805384e+02
1.279664429530201346e+02 1.270134228187919376e+02 1.288657718120805384e+02
1.279664429530201346e+02 1.270134228187919376e+02 1.288657718120805384e+02
1.279664429530201346e+02 1.270134228187919376e+02 1.288657718120805384e+02
1.279664429530201346e+02 1.270134228187919376e+02 1.288657718120805384e+02
1.279664429530201346e+02 1.270134228187919376e+02 1.288657718120805384e+02
1.279664429530201346e+02 1.270134228187919376e+02 1.288657718120805384e+02
1.279664429530201346e+02 1.270134228187919376e+02 1.288657718120805384e+02
1.279664429530201346e+02 1.270134228187919376e+02 1.288657718120805384e+02
1.279664429530201346e+02 1.270134228187919376e+02 1.288657718120805384e+02
1.279664429530201346e+02 1.270134228187919376e+02 1.288657718120805384e+02
1.279664429530201346e+02 1.270134228187919376e+02 1.288657718120805384e+02
1.279664429530201346e+02 1.270134228187919376e+02 1.288657718120805384e+02
1.279664429530201346e+02 1.270134228187919376e+02 1.288657718120805384e+02
1.279664429530201346e+02 1.270134228187919376e+02 1.288657718120805384e+02
1.279664429530201346e+02 1.270134228187919376e+02 1.288657718120805384e+02
1.279664429530201346e+02 1.270134228187919376e+02 1.288657718120805384e+02
1.279664429530201346e+02 1.270134228187919376e+02 1.288657718120805384e+02
1.279664429530201346e+02 1.270134228187919376e+02 1.288657718120805384e+02
1.279664429530201346e+02 1.270134228187919376e+02 1.288657718120805384e+02
1.279664429530201346e+02 1.270134228187919376e+02 1.288657718120805384e+02
1.279664429530201346e+02 1.270134228187919376e+02 1.288657718120805384e+02
1.279664429530201346e+02 1.270134228187919376e+02 1.288657718120805384e+02
1.279664429530201346e+02 1.270134228187919376e+02 1.288657718120805384e+02
1.279664429530201346e+02 1.270134228187919376e+02 1.288657718120805384e+02
1.279664429530201346e+02 1.270134228187919376e+02 1.288657718120805384e+02
1.279664429530201346e+02 1.270134228187919376e+02 1.288657718120805384e+02
1.279664429530201346e+02 1.270134228187919376e+02 1.288657718120805384e+02
1.279664429530201346e+02 1.270134228187919376e+02 1.288657718120805384e+02
1.279664429530201346e+02 1.270134228187919376e+02 1.288657718120805384e+02
1.279664429530201346e+02 1.270134228187919376e+02 1.288657718120805384e+02
1.279664429530201346e+02 1.270134228187919376e+02 1.288657718120805384e+02
1.279664429530201346e+02 1.270134228187919376e+02 1.288657718120805384e+02
1.279664429530201346e+02 1.270134228187919376e+02 1.288657718120805384e+02
1.279664429530201346e+02 1.270134228187919376e+02 1.288657718120805384e+02
1.279664429530201346e+02 1.270134228187919376e+02 1.288657718120805384e+02
1.279664429530201346e+02 1.270134228187919376e+02 1.288657718120805384e+02
1.279664429530201346e+02 1.270134228187919376e+02 1.288657718120805384e+02
1.279664429530201346e+02 1.270134228187919376e+02 1.288657718120805384e+02
1.279664429530201346e+02 1.270134228187919376e+02 1.288657718120805384e+02
1.279664429530201346e+02 1.270134228187919376e+02 1.288657718120805384e+02
1.279664429530201346e+02 1.270134228187919376e+02 1.288657718120805384e+02
1.279664429530201346e+02 1.270134228187919376e+02 1.288657718120805384e+02
1.279664429530201346e+02 1.270134228187919376e+02 1.288657718120805384e+02
1.279664429530201346e+02 1.270134228187919376e+02 1.288657718120805384e+02
1.279664429530201346e+02 1.270134228187919376e+02 1.288657718120805384e+02
1.279664429530201346e+02 1.270134228187919376e+02 1.288657718120805384e+02
1.279664429530201346e+02 1.270134228187919376e+02 1.288657718120805384e+02
1.279664429530201346e+02 1.270134228187919376e+02 1.288657718120805384e+02
1.279664429530201346e+02 1.270134228187919376e+02 1.288657718120805384e+02
1.279664429530201346e+02 1.270134228187919376e+02 1.288657718120805384e+02
1.279664429530201346e+02 1.270134228187919376e+02 1.288657718120805384e+02
1.279664429530201346e+02 1.270134228187919376e+02 1.288657718120805384e+02
1.279664429530201346e+02 1.270134228187919376e+02 1.288657718120805384e+02
1.279664429530201346e+02 1.270134228187919376e+02 1.288657718120805384e+02
1.279664429530201346e+02 1.270134228187919376e+02 1.288657718120805384e+02
1.279664429530201346e+02 1.270134228187919376e+02 1.288657718120805384e+02
1.279664429530201346e+02 1.270134228187919376e+02 1.288657718120805384e+02
1.279664429530201346e+02 1.270134228187919376e+02 1.288657718120805384e+02
1.279664429530201346e+02 1.270134228187919376e+02 1.288657718120805384e+02
1.279664429530201346e+02 1.270134228187919376e+02 1.288657718120805384e+02
1.279664429530201346e+02 1.270134228187919376e+02 1.288657718120805384e+02
1.279664429530201346e+02 1.270134228187919376e+02 1.288657718120805384e+02
1.279664429530201346e+02 1.270134228187919376e+02 1.288657718120805384e+02
1.279664429530201346e+02 1.270134228187919376e+02 1.288657718120805384e+02
1.279664429530201346e+02 1.270134228187919376e+02 1.288657718120805384e+02
1.279664429530201346e+02 1.270134228187919376e+02 1.288657718120805384e+02
1.279664429530201346e+02 1.270134228187919376e+02 1.288657718120805384e+02
1.279664429530201346e+02 1.270134228187919376e+02 1.288657718120805384e+02
1.279664429530201346e+02 1.270134228187919376e+02 1.288657718120805384e+02
1.279664429530201346e+02 1.270134228187919376e+02 1.288657718120805384e+02
1.279664429530201346e+02 1.270134228187919376e+02 1.288657718120805384e+02
1.279664429530201346e+02 1.270134228187919376e+02 1.288657718120805384e+02
1.279664429530201346e+02 1.270134228187919376e+02 1.288657718120805384e+02
1.279664429530201346e+02 1.270134228187919376e+02 1.288657718120805384e+02
1.279664429530201346e+02 1.270134228187919376e+02 1.288657718120805384e+02
1.279664429530201346e+02 1.270134228187919376e+02 1.288657718120805384e+02
1.279664429530201346e+02 1.270134228187919376e+02 1.288657718120805384e+02
1.279664429530201346e+02 1.270134228187919376e+02 1.288657718120805384e+02
1.279664429530201346e+02 1.270134228187919376e+02 1.288657718120805384e+02
1.279664429530201346e+02 1.270134228187919376e+02 1.288657718120805384e+02
1.279664429530201346e+02 1.270134228187919376e+02 1.288657718120805384e+02
1.279664429530201346e+02 1.270134228187919376e+02 1.288657718120805384e+02
1.279664429530201346e+02 1.270134228187919376e+02 1.288657718120805384e+02
1.279664429530201346e+02 1.270134228187919376e+02 1.288657718120805384e+02
1.279664429530201346e+02 1.270134228187919376e+02 1.288657718120805384e+02
1.279664429530201346e+02 1.270134228187919376e+02 1.288657718120805384e+02
1.279664429530201346e+02 1.270134228187919376e+02 1.288657718120805384e+02
1.279664429530201346e+02 1.270134228187919376e+02 1.288657718120805384e+02
1.279664429530201346e+02 1.270134228187919376e+02 1.288657718120805384e+02
1.279664429530201346e+02 1.270134228187919376e+02 1.288657718120805384e+02
1.279664429530201346e+02 1.270134228187919376e+02 1.288657718120805384e+02
1.279664429530201346e+02 1.270134228187919376e+02 1.288657718120805384e+02
1.279664429530201346e+02 1.270134228187919376e+02 1.288657718120805384e+02
1.279664429530201346e+02 1.270134228187919376e+02 1.288657718120805384e+02
1.279664429530201346e+02 1.270134228187919376e+02 1.288657718120805384e+02
1.279664429530201346e+02 1.270134228187919376e+02 1.288657718120805384e+02
1.279664429530201346e+02 1.270134228187919376e+02 1.288657718120805384e+02
1.279664429530201346e+02 1.270134228187919376e+02 1.288657718120805384e+02
1.279664429530201346e+02 1.270134228187919376e+02 1.288657718120805384e+02
1.279664429530201346e+02 1.270134228187919376e+02 1.288657718120805384e+02
1.279664429530201346e+02 1.270134228187919376e+02 1.288657718120805384e+02
1.279664429530201346e+02 1.270134228187919376e+02 1.288657718120805384e+02
1.279664429530201346e+02 1.270134228187919376e+02 1.288657718120805384e+02
1.279664429530201346e+02 1.270134228187919376e+02 1.288657718120805384e+02
1.279664429530201346e+02 1.270134228187919376e+02 1.288657718120805384e+02
1.279664429530201346e+02 1.270134228187919376e+02 1.288657718120805384e+02
1.279664429530201346e+02 1.270134228187919376e+02 1.288657718120805384e+02
1.279664429530201346e+02 1.270134228187919376e+02 1.288657718120805384e+02
1.279664429530201346e+02 1.270134228187919376e+02 1.288657718120805384e+02
1.279664429530201346e+02 1.270134228187919376e+02 1.288657718120805384e+02
1.279664429530201346e+02 1.270134228187919376e+02 1.288657718120805384e+02
1.279664429530201346e+02 1.270134228187919376e+02 1.288657718120805384e+02
1.279664429530201346e+02 1.270134228187919376e+02 1.288657718120805384e+02
1.279664429530201346e+02 1.270134228187919376e+02 1.288657718120805384e+02
1.279664429530201346e+02 1.270134228187919376e+02 1.288657718120805384e+02
1.279664429530201346e+02 1.270134228187919376e+02 1.288657718120805384e+02
1.279664429530201346e+02 1.270134228187919376e+02 1.288657718120805384e+02
1.279664429530201346e+02 1.270134228187919376e+02 1.288657718120805384e+02
1.279664429530201346e+02 1.270134228187919376e+02 1.288657718120805384e+02
1.279664429530201346e+02 1.270134228187919376e+02 1.288657718120805384e+02
1.279664429530201346e+02 1.270134228187919376e+02 1.288657718120805384e+02
1.279664429530201346e+02 1.270134228187919376e+02 1.288657718120805384e+02
1.279664429530201346e+02 1.270134228187919376e+02 1.288657718120805384e+02
1.279664429530201346e+02 1.270134228187919376e+02 1.288657718120805384e+02
1.279664429530201346e+02 1.270134228187919376e+02 1.288657718120805384e+02
1.279664429530201346e+02 1.270134228187919376e+02 1.288657718120805384e+02
1.279664429530201346e+02 1.270134228187919376e+02 1.288657718120805384e+02
1.279664429530201346e+02 1.270134228187919376e+02 1.288657718120805384e+02
1.279664429530201346e+02 1.270134228187919376e+02 1.288657718120805384e+02
1.279664429530201346e+02 1.270134228187919376e+02 1.288657718120805384e+02
1.279664429530201346e+02 1.270134228187919376e+02 1.288657718120805384e+02
1.279664429530201346e+02 1.270134228187919376e+02 1.288657718120805384e+02
1.279664429530201346e+02 1.270134228187919376e+02 1.288657718120805384e+02
1.279664429530201346e+02 1.270134228187919376e+02 1.288657718120805384e+02
1.279664429530201346e+02 1.270134228187919376e+02 1.288657718120805384e+02
1.279664429530201346e+02 1.270134228187919376e+02 1.288657718120805384e+02
1.279664429530201346e+02 1.270134228187919376e+02 1.288657718120805384e+02
1.279664429530201346e+02 1.270134228187919376e+02 1.288657718120805384e+02
1.279664429530201346e+02 1.270134228187919376e+02 1.288657718120805384e+02
1.279664429530201346e+02 1.270134228187919376e+02 1.288657718120805384e+02
1.279664429530201346e+02 1.270134228187919376e+02 1.288657718120805384e+02
1.279664429530201346e+02 1.270134228187919376e+02 1.288657718120805384e+02
1.279664429530201346e+02 1.270134228187919376e+02 1.288657718120805384e+02
1.279664429530201346e+02 1.270134228187919376e+02 1.288657718120805384e+02
1.279664429530201346e+02 1.270134228187919376e+02 1.288657718120805384e+02
1.279664429530201346e+02 1.270134228187919376e+02 1.288657718120805384e+02
1.279664429530201346e+02 1.270134228187919376e+02 1.288657718120805384e+02
1.279664429530201346e+02 1.270134228187919376e+02 1.288657718120805384e+02
1.279664429530201346e+02 1.270134228187919376e+02 1.288657718120805384e+02
1.279664429530201346e+02 1.270134228187919376e+02 1.288657718120805384e+02
1.279664429530201346e+02 1.270134228187919376e+02 1.288657718120805384e+02
1.279664429530201346e+02 1.270134228187919376e+02 1.288657718120805384e+02
1.279664429530201346e+02 1.270134228187919376e+02 1.288657718120805384e+02
1.279664429530201346e+02 1.270134228187919376e+02 1.288657718120805384e+02
1.279664429530201346e+02 1.270134228187919376e+02 1.288657718120805384e+02
1.279664429530201346e+02 1.270134228187919376e+02 1.288657718120805384e+02
1.279664429530201346e+02 1.270134228187919376e+02 1.288657718120805384e+02
1.279664429530201346e+02 1.270134228187919376e+02 1.288657718120805384e+02
1.279664429530201346e+02 1.270134228187919376e+02 1.288657718120805384e+02
1.279664429530201346e+02 1.270134228187919376e+02 1.288657718120805384e+02
1.279664429530201346e+02 1.270134228187919376e+02 1.288657718120805384e+02
1.279664429530201346e+02 1.270134228187919376e+02 1.288657718120805384e+02
1.279664429530201346e+02 1.270134228187919376e+02 1.288657718120805384e+02
1.279664429530201346e+02 1.270134228187919376e+02 1.288657718120805384e+02
1.279664429530201346e+02 1.270134228187919376e+02 1.288657718120805384e+02
1.279664429530201346e+02 1.270134228187919376e+02 1.288657718120805384e+02
1.279664429530201346e+02 1.270134228187919376e+02 1.288657718120805384e+02
1.279664429530201346e+02 1.270134228187919376e+02 1.288657718120805384e+02
1.279664429530201346e+02 1.270134228187919376e+02 1.288657718120805384e+02
1.279664429530201346e+02 1.270134228187919376e+02 1.288657718120805384e+02
1.279664429530201346e+02 1.270134228187919376e+02 1.288657718120805384e+02
1.279664429530201346e+02 1.270134228187919376e+02 1.288657718120805384e+02
1.279664429530201346e+02 1.270134228187919376e+02 1.288657718120805384e+02
1.279664429530201346e+02 1.270134228187919376e+02 1.288657718120805384e+02
1.279664429530201346e+02 1.270134228187919376e+02 1.288657718120805384e+02
1.279664429530201346e+02 1.270134228187919376e+02 1.288657718120805384e+02
1.279664429530201346e+02 1.270134228187919376e+02 1.288657718120805384e+02
1.279664429530201346e+02 1.270134228187919376e+02 1.288657718120805384e+02
1.279664429530201346e+02 1.270134228187919376e+02 1.288657718120805384e+02
1.279664429530201346e+02 1.270134228187919376e+02 1.288657718120805384e+02
1.279664429530201346e+02 1.270134228187919376e+02 1.288657718120805384e+02
1.279664429530201346e+02 1.270134228187919376e+02 1.288657718120805384e+02
1.279664429530201346e+02 1.270134228187919376e+02 1.288657718120805384e+02
1.279664429530201346e+02 1.270134228187919376e+02 1.288657718120805384e+02
1.279664429530201346e+02 1.270134228187919376e+02 1.288657718120805384e+02
1.279664429530201346e+02 1.270134228187919376e+02 1.288657718120805384e+02
1.279664429530201346e+02 1.270134228187919376e+02 1.288657718120805384e+02
1.279664429530201346e+02 1.270134228187919376e+02 1.288657718120805384e+02
1.279664429530201346e+02 1.270134228187919376e+02 1.288657718120805384e+02
1.279664429530201346e+02 1.270134228187919376e+02 1.288657718120805384e+02
1.279664429530201346e+02 1.270134228187919376e+02 1.288657718120805384e+02
1.279664429530201346e+02 1.270134228187919376e+02 1.288657718120805384e+02
1.279664429530201346e+02 1.270134228187919376e+02 1.288657718120805384e+02
1.279664429530201346e+02 1.270134228187919376e+02 1.288657718120805384e+02
1.279664429530201346e+02 1.270134228187919376e+02 1.288657718120805384e+02
1.279664429530201346e+02 1.270134228187919376e+02 1.288657718120805384e+02
1.279664429530201346e+02 1.270134228187919376e+02 1.288657718120805384e+02
1.279664429530201346e+02 1.270134228187919376e+02 1.288657718120805384e+02
1.279664429530201346e+02 1.270134228187919376e+02 1.288657718120805384e+02
1.279664429530201346e+02 1.270134228187919376e+02 1.288657718120805384e+02
1.279664429530201346e+02 1.270134228187919376e+02 1.288657718120805384e+02
1.279664429530201346e+02 1.270134228187919376e+02 1.288657718120805384e+02
1.279664429530201346e+02 1.270134228187919376e+02 1.288657718120805384e+02
1.279664429530201346e+02 1.270134228187919376e+02 1.288657718120805384e+02
1.279664429530201346e+02 1.270134228187919376e+02 1.288657718120805384e+02
1.279664429530201346e+02 1.270134228187919376e+02 1.288657718120805384e+02
1.279664429530201346e+02 1.270134228187919376e+02 1.288657718120805384e+02
1.279664429530201346e+02 1.270134228187919376e+02 1.288657718120805384e+02
1.279664429530201346e+02 1.270134228187919376e+02 1.288657718120805384e+02
1.279664429530201346e+02 1.270134228187919376e+02 1.288657718120805384e+02
1.279664429530201346e+02 1.270134228187919376e+02 1.288657718120805384e+02
1.279664429530201346e+02 1.270134228187919376e+02 1.288657718120805384e+02
1.279664429530201346e+02 1.270134228187919376e+02 1.288657718120805384e+02
1.279664429530201346e+02 1.270134228187919376e+02 1.288657718120805384e+02
1.279664429530201346e+02 1.270134228187919376e+02 1.288657718120805384e+02
1.279664429530201346e+02 1.270134228187919376e+02 1.288657718120805384e+02
1.279664429530201346e+02 1.270134228187919376e+02 1.288657718120805384e+02
1.279664429530201346e+02 1.270134228187919376e+02 1.288657718120805384e+02
1.279664429530201346e+02 1.270134228187919376e+02 1.288657718120805384e+02
1.279664429530201346e+02 1.270134228187919376e+02 1.288657718120805384e+02
1.279664429530201346e+02 1.270134228187919376e+02 1.288657718120805384e+02
1.279664429530201346e+02 1.270134228187919376e+02 1.288657718120805384e+02
1.279664429530201346e+02 1.270134228187919376e+02 1.288657718120805384e+02
1.279664429530201346e+02 1.270134228187919376e+02 1.288657718120805384e+02
1.279664429530201346e+02 1.270134228187919376e+02 1.288657718120805384e+02
1.279664429530201346e+02 1.270134228187919376e+02 1.288657718120805384e+02
1.279664429530201346e+02 1.270134228187919376e+02 1.288657718120805384e+02
1.279664429530201346e+02 1.270134228187919376e+02 1.288657718120805384e+02
1.279664429530201346e+02 1.270134228187919376e+02 1.288657718120805384e+02
1.279664429530201346e+02 1.270134228187919376e+02 1.288657718120805384e+02
1.279664429530201346e+02 1.270134228187919376e+02 1.288657718120805384e+02
1.279664429530201346e+02 1.270134228187919376e+02 1.288657718120805384e+02
1.279664429530201346e+02 1.270134228187919376e+02 1.288657718120805384e+02
1.279664429530201346e+02 1.270134228187919376e+02 1.288657718120805384e+02
1.279664429530201346e+02 1.270134228187919376e+02 1.288657718120805384e+02
1.279664429530201346e+02 1.270134228187919376e+02 1.288657718120805384e+02
1.279664429530201346e+02 1.270134228187919376e+02 1.288657718120805384e+02
1.279664429530201346e+02 1.270134228187919376e+02 1.288657718120805384e+02
1.279664429530201346e+02 1.270134228187919376e+02 1.288657718120805384e+02
1.279664429530201346e+02 1.270134228187919376e+02 1.288657718120805384e+02
1.279664429530201346e+02 1.270134228187919376e+02 1.288657718120805384e+02
1.279664429530201346e+02 1.270134228187919376e+02 1.288657718120805384e+02
1.279664429530201346e+02 1.270134228187919376e+02 1.288657718120805384e+02
1.279664429530201346e+02 1.270134228187919376e+02 1.288657718120805384e+02
1.279664429530201346e+02 1.270134228187919376e+02 1.288657718120805384e+02
1.279664429530201346e+02 1.270134228187919376e+02 1.288657718120805384e+02
1.279664429530201346e+02 1.270134228187919376e+02 1.288657718120805384e+02
1.279664429530201346e+02 1.270134228187919376e+02 1.288657718120805384e+02
1.279664429530201346e+02 1.270134228187919376e+02 1.288657718120805384e+02
1.279664429530201346e+02 1.270134228187919376e+02 1.288657718120805384e+02
1.279664429530201346e+02 1.270134228187919376e+02 1.288657718120805384e+02
1.279664429530201346e+02 1.270134228187919376e+02 1.288657718120805384e+02
1.279664429530201346e+02 1.270134228187919376e+02 1.288657718120805384e+02
1.279664429530201346e+02 1.270134228187919376e+02 1.288657718120805384e+02
1.279664429530201346e+02 1.270134228187919376e+02 1.288657718120805384e+02
1.279664429530201346e+02 1.270134228187919376e+02 1.288657718120805384e+02
