1.286133333333333439e+02 1.282333333333333201e+02 1.279466666666666725e+02
1.285629139072847806e+02 1.279139072847682144e+02 1.279337748344370880e+02
1.287133333333333383e+02 1.280266666666666708e+02 1.279000000000000057e+02
1.284666666666666686e+02 1.280666666666666629e+02 1.280000000000000000e+02
1.286266666666666652e+02 1.279599999999999937e+02 1.279800000000000040e+02
1.285333333333333314e+02 1.280733333333333235e+02 1.281266666666666652e+02
1.284600000000000080e+02 1.280800000000000125e+02 1.280266666666666708e+02
1.286158940397351103e+02 1.279801324503311264e+02 1.278874172185430496e+02
1.286800000000000068e+02 1.279333333333333371e+02 1.277399999999999949e+02
1.288079470198675551e+02 1.279867549668874176e+02 1.277152317880794641e+02
1.287933333333333223e+02 1.281666666666666572e+02 1.276933333333333280e+02
1.288145695364238463e+02 1.281059602649006592e+02 1.277350993377483377e+02
1.288600000000000136e+02 1.282666666666666799e+02 1.276666666666666714e+02
1.287199999999999989e+02 1.282199999999999989e+02 1.277600000000000051e+02
1.286644295302013461e+02 1.281812080536912788e+02 1.278187919463087212e+02
1.286399999999999864e+02 1.280000000000000000e+02 1.277000000000000028e+02
1.287066666666666777e+02 1.279200000000000017e+02 1.277199999999999989e+02
1.285733333333333235e+02 1.280000000000000000e+02 1.277466666666666697e+02
1.284933333333333394e+02 1.279866666666666646e+02 1.275666666666666629e+02
1.284429530201342402e+02 1.278859060402684520e+02 1.277315436241610769e+02
1.283333333333333428e+02 1.278799999999999955e+02 1.278400000000000034e+02
1.284066666666666663e+02 1.281066666666666549e+02 1.280000000000000000e+02
1.285973154362416153e+02 1.281140939597315480e+02 1.279798657718120865e+02
1.285266666666666708e+02 1.280800000000000125e+02 1.279000000000000057e+02
1.286399999999999864e+02 1.280866666666666731e+02 1.279533333333333331e+02
1.285364238410596158e+02 1.280662251655629120e+02 1.279933774834437088e+02
1.285200000000000102e+02 1.279533333333333331e+02 1.282266666666666595e+02
1.286225165562914015e+02 1.278079470198675551e+02 1.282516556291390657e+02
1.286133333333333439e+02 1.277999999999999972e+02 1.281800000000000068e+02
1.286357615894039839e+02 1.277814569536423903e+02 1.281655629139072801e+02
1.285906040268456536e+02 1.278791946308724761e+02 1.282214765100671343e+02
1.285067567567567437e+02 1.278108108108108070e+02 1.280945945945946107e+02
1.284635761589403842e+02 1.275695364238410576e+02 1.281192052980132416e+02
1.283691275167785193e+02 1.274295302013422884e+02 1.281744966442952887e+02
1.284600000000000080e+02 1.275466666666666669e+02 1.281266666666666652e+02
1.283691275167785193e+02 1.273758389261744952e+02 1.281409395973154233e+02
1.283624161073825576e+02 1.275503355704697981e+02 1.281275167785234999e+02
1.284496644295302019e+02 1.274161073825503365e+02 1.280402684563758271e+02
1.284333333333333371e+02 1.274399999999999977e+02 1.278266666666666680e+02
1.285066666666666606e+02 1.273733333333333348e+02 1.277466666666666697e+02
1.284966887417218402e+02 1.273841059602649040e+02 1.277350993377483377e+02
1.285960264900662366e+02 1.274304635761589424e+02 1.277284768211920465e+02
1.284900662251655490e+02 1.274768211920529808e+02 1.277218543046357553e+02
1.283866666666666845e+02 1.276466666666666612e+02 1.276333333333333400e+02
1.284966442953020191e+02 1.275503355704697981e+02 1.276308724832214807e+02
1.284799999999999898e+02 1.275066666666666748e+02 1.276266666666666652e+02
1.284066666666666663e+02 1.274400000000000119e+02 1.277133333333333383e+02
1.283466666666666640e+02 1.273733333333333348e+02 1.277533333333333303e+02
1.284600000000000080e+02 1.275066666666666606e+02 1.276466666666666612e+02
1.284466666666666583e+02 1.277000000000000028e+02 1.277666666666666657e+02
1.285333333333333314e+02 1.276133333333333297e+02 1.277266666666666737e+02
1.286357615894039839e+02 1.275298013245033104e+02 1.277218543046357553e+02
1.286644295302013177e+02 1.275100671140939568e+02 1.278120805369127595e+02
1.288533333333333246e+02 1.275266666666666566e+02 1.278266666666666680e+02
1.288133333333333326e+02 1.274866666666666646e+02 1.277466666666666555e+02
1.286666666666666572e+02 1.275066666666666748e+02 1.278666666666666742e+02
1.286533333333333360e+02 1.275066666666666748e+02 1.278199999999999932e+02
1.288874172185430496e+02 1.275629139072847806e+02 1.278211920529801375e+02
1.288066666666666720e+02 1.274533333333333331e+02 1.278666666666666742e+02
1.286122448979591866e+02 1.276394557823129219e+02 1.280068027210884338e+02
1.287666666666666799e+02 1.276666666666666714e+02 1.280866666666666731e+02
1.286866666666666674e+02 1.275733333333333377e+02 1.280200000000000102e+02
1.288145695364238463e+02 1.276887417218542993e+02 1.279337748344370880e+02
1.288266666666666538e+02 1.278066666666666720e+02 1.280200000000000102e+02
1.288543046357615935e+02 1.277483443708609201e+02 1.280728476821192032e+02
1.289000000000000057e+02 1.278199999999999932e+02 1.279733333333333292e+02
1.289266666666666765e+02 1.277533333333333303e+02 1.278799999999999955e+02
1.290134228187919518e+02 1.277852348993288700e+02 1.279463087248322211e+02
1.290400000000000205e+02 1.277133333333333240e+02 1.280133333333333212e+02
1.291125827814569504e+02 1.276225165562913872e+02 1.280662251655629120e+02
1.292185430463576097e+02 1.276490066225165521e+02 1.279602649006622528e+02
1.291866666666666674e+02 1.275266666666666566e+02 1.280733333333333519e+02
1.293799999999999955e+02 1.276400000000000006e+02 1.280933333333333337e+02
1.294066666666666663e+02 1.274266666666666765e+02 1.281599999999999966e+02
1.294399999999999977e+02 1.273600000000000136e+02 1.281666666666666572e+02
1.293666666666666742e+02 1.273400000000000034e+02 1.281733333333333462e+02
1.294066666666666663e+02 1.274599999999999937e+02 1.280333333333333314e+02
1.293154362416107404e+02 1.273825503355704711e+02 1.282416107382550479e+02
1.294238410596026654e+02 1.274900662251655632e+02 1.281125827814569504e+02
1.293600000000000136e+02 1.274466666666666725e+02 1.280933333333333337e+02
1.294569536423840930e+02 1.274437086092715248e+02 1.280264900662251648e+02
1.293733333333333348e+02 1.274599999999999937e+02 1.280933333333333337e+02
1.293600000000000136e+02 1.276666666666666714e+02 1.282066666666666777e+02
1.294266666666666765e+02 1.276666666666666714e+02 1.283133333333333326e+02
1.292933333333333223e+02 1.275933333333333337e+02 1.283666666666666742e+02
1.293400000000000034e+02 1.275600000000000023e+02 1.284600000000000080e+02
1.291721854304635713e+02 1.274437086092715248e+02 1.283841059602648897e+02
1.292866666666666617e+02 1.274200000000000017e+02 1.283000000000000114e+02
1.290662251655629120e+02 1.274304635761589424e+02 1.284503311258278018e+02
1.290800000000000125e+02 1.276533333333333360e+02 1.284799999999999898e+02
1.290402684563758271e+02 1.277248322147651010e+02 1.284832214765100673e+02
1.289199999999999875e+02 1.278199999999999932e+02 1.284266666666666765e+02
1.288533333333333246e+02 1.275999999999999943e+02 1.285066666666666606e+02
1.288533333333333246e+02 1.275666666666666629e+02 1.285266666666666708e+02
1.287933333333333223e+02 1.275000000000000000e+02 1.286466666666666754e+02
1.288333333333333428e+02 1.274399999999999977e+02 1.286266666666666652e+02
1.288199999999999932e+02 1.274666666666666686e+02 1.286466666666666754e+02
1.287533333333333303e+02 1.274399999999999977e+02 1.286999999999999886e+02
1.286133333333333439e+02 1.274200000000000017e+02 1.285999999999999943e+02
1.286933333333333280e+02 1.274399999999999977e+02 1.285399999999999920e+02
1.287615894039735167e+02 1.274569536423841072e+02 1.286357615894039839e+02
1.287919463087248175e+02 1.274295302013422884e+02 1.287181208053691250e+02
1.287133333333333383e+02 1.272999999999999972e+02 1.286800000000000068e+02
1.287785234899328657e+02 1.274630872483221395e+02 1.286375838926174424e+02
1.286979865771812115e+02 1.274228187919463124e+02 1.286912751677852214e+02
1.287986577181207792e+02 1.273288590604026780e+02 1.287516778523489904e+02
1.288918918918919019e+02 1.271418918918918877e+02 1.286756756756756772e+02
1.287449664429530287e+02 1.271543624161073751e+02 1.286912751677852214e+02
1.288120805369127595e+02 1.271610738255033510e+02 1.286912751677852214e+02
1.290067114093959617e+02 1.270738255033557067e+02 1.288322147651006730e+02
1.289194630872483174e+02 1.270134228187919518e+02 1.289060402684563655e+02
1.288523489932885866e+02 1.270201342281879135e+02 1.289798657718120865e+02
1.288187919463087212e+02 1.269261744966443075e+02 1.290067114093959617e+02
1.287999999999999829e+02 1.268999999999999915e+02 1.290133333333333212e+02
1.288993288590604038e+02 1.268590604026845767e+02 1.289328859060402692e+02
1.288255033557047113e+02 1.268859060402684520e+02 1.288523489932885866e+02
1.288310810810810665e+02 1.268716216216216282e+02 1.288310810810810949e+02
1.288120805369127595e+02 1.268255033557046971e+02 1.288456375838926249e+02
1.288255033557047113e+02 1.267516778523489904e+02 1.288523489932885866e+02
1.288445945945945823e+02 1.268310810810810949e+02 1.289594594594594525e+02
1.288716216216216139e+02 1.267972972972972912e+02 1.290270270270270316e+02
1.288243243243243228e+02 1.267094594594594525e+02 1.289662162162162247e+02
1.287046979865772016e+02 1.267986577181208077e+02 1.290604026845637406e+02
1.287248322147651152e+02 1.268255033557046971e+02 1.291006711409395962e+02
1.287432432432432563e+02 1.267905405405405332e+02 1.290675675675675791e+02
1.287583892617449521e+02 1.268657718120805384e+02 1.289865771812080482e+02
1.287516778523489904e+02 1.268389261744966348e+02 1.289865771812080482e+02
1.287199999999999989e+02 1.267933333333333223e+02 1.290600000000000023e+02
1.286418918918918735e+02 1.267972972972972912e+02 1.290743243243243228e+02
1.286351351351351582e+02 1.267837837837837753e+02 1.290608108108108070e+02
1.286013513513513544e+02 1.267972972972972912e+02 1.291283783783783861e+02
1.286351351351351582e+02 1.268040540540540491e+02 1.292635135135135158e+02
1.285405405405405475e+02 1.267567567567567579e+02 1.293783783783783861e+02
1.284829931972789154e+02 1.267551020408163254e+02 1.293265306122448806e+02
1.284527027027027088e+02 1.266621621621621614e+02 1.293851351351351298e+02
1.284189189189189051e+02 1.266756756756756772e+02 1.294256756756756772e+02
1.284256756756756772e+02 1.266486486486486456e+02 1.294054054054054177e+02
1.283378378378378386e+02 1.266554054054054035e+02 1.293716216216216139e+02
1.283445945945946107e+02 1.266283783783783718e+02 1.294121621621621614e+02
1.283445945945946107e+02 1.266283783783783718e+02 1.294121621621621614e+02
1.283445945945946107e+02 1.266283783783783718e+02 1.294121621621621614e+02
1.283378378378378386e+02 1.266486486486486456e+02 1.293851351351351298e+02
1.283310810810810949e+02 1.266689189189189193e+02 1.293986486486486456e+02
1.283108108108108070e+02 1.266554054054054035e+02 1.293716216216216139e+02
1.283108108108108070e+02 1.266621621621621614e+02 1.293648648648648702e+02
1.283108108108108070e+02 1.266621621621621614e+02 1.293648648648648702e+02
1.283108108108108070e+02 1.266621621621621614e+02 1.293648648648648702e+02
1.283108108108108070e+02 1.266621621621621614e+02 1.293648648648648702e+02
1.283108108108108070e+02 1.266621621621621614e+02 1.293648648648648702e+02
1.283108108108108070e+02 1.266621621621621614e+02 1.293648648648648702e+02
1.283108108108108070e+02 1.266621621621621614e+02 1.293648648648648702e+02
1.283108108108108070e+02 1.266621621621621614e+02 1.293648648648648702e+02
1.283108108108108070e+02 1.266621621621621614e+02 1.293648648648648702e+02
1.283108108108108070e+02 1.266621621621621614e+02 1.293648648648648702e+02
1.283108108108108070e+02 1.266621621621621614e+02 1.293648648648648702e+02
1.283108108108108070e+02 1.266621621621621614e+02 1.293648648648648702e+02
1.283108108108108070e+02 1.266621621621621614e+02 1.293648648648648702e+02
1.283108108108108070e+02 1.266621621621621614e+02 1.293648648648648702e+02
1.283108108108108070e+02 1.266621621621621614e+02 1.293648648648648702e+02
1.283108108108108070e+02 1.266621621621621614e+02 1.293648648648648702e+02
1.283108108108108070e+02 1.266621621621621614e+02 1.293648648648648702e+02
1.283108108108108070e+02 1.266621621621621614e+02 1.293648648648648702e+02
1.283108108108108070e+02 1.266621621621621614e+02 1.293648648648648702e+02
1.283108108108108070e+02 1.266621621621621614e+02 1.293648648648648702e+02
1.283108108108108070e+02 1.266621621621621614e+02 1.293648648648648702e+02
1.283108108108108070e+02 1.266621621621621614e+02 1.293648648648648702e+02
1.283108108108108070e+02 1.266621621621621614e+02 1.293648648648648702e+02
1.283108108108108070e+02 1.266621621621621614e+02 1.293648648648648702e+02
1.283108108108108070e+02 1.266621621621621614e+02 1.293648648648648702e+02
1.283108108108108070e+02 1.266621621621621614e+02 1.293648648648648702e+02
1.283108108108108070e+02 1.266621621621621614e+02 1.293648648648648702e+02
1.283108108108108070e+02 1.266621621621621614e+02 1.293648648648648702e+02
1.283108108108108070e+02 1.266621621621621614e+02 1.293648648648648702e+02
1.283108108108108070e+02 1.266621621621621614e+02 1.293648648648648702e+02
1.283108108108108070e+02 1.266621621621621614e+02 1.293648648648648702e+02
1.283108108108108070e+02 1.266621621621621614e+02 1.293648648648648702e+02
1.283108108108108070e+02 1.266621621621621614e+02 1.293648648648648702e+02
1.283108108108108070e+02 1.266621621621621614e+02 1.293648648648648702e+02
1.283108108108108070e+02 1.266621621621621614e+02 1.293648648648648702e+02
1.283108108108108070e+02 1.266621621621621614e+02 1.293648648648648702e+02
1.283108108108108070e+02 1.266621621621621614e+02 1.293648648648648702e+02
1.283108108108108070e+02 1.266621621621621614e+02 1.293648648648648702e+02
1.283108108108108070e+02 1.266621621621621614e+02 1.293648648648648702e+02
1.283108108108108070e+02 1.266621621621621614e+02 1.293648648648648702e+02
1.283108108108108070e+02 1.266621621621621614e+02 1.293648648648648702e+02
1.283108108108108070e+02 1.266621621621621614e+02 1.293648648648648702e+02
1.283108108108108070e+02 1.266621621621621614e+02 1.293648648648648702e+02
1.283108108108108070e+02 1.266621621621621614e+02 1.293648648648648702e+02
1.283108108108108070e+02 1.266621621621621614e+02 1.293648648648648702e+02
1.283108108108108070e+02 1.266621621621621614e+02 1.293648648648648702e+02
1.283108108108108070e+02 1.266621621621621614e+02 1.293648648648648702e+02
1.283108108108108070e+02 1.266621621621621614e+02 1.293648648648648702e+02
1.283108108108108070e+02 1.266621621621621614e+02 1.293648648648648702e+02
1.283108108108108070e+02 1.266621621621621614e+02 1.293648648648648702e+02
1.283108108108108070e+02 1.266621621621621614e+02 1.293648648648648702e+02
1.283108108108108070e+02 1.266621621621621614e+02 1.293648648648648702e+02
1.283108108108108070e+02 1.266621621621621614e+02 1.293648648648648702e+02
1.283108108108108070e+02 1.266621621621621614e+02 1.293648648648648702e+02
1.283108108108108070e+02 1.266621621621621614e+02 1.293648648648648702e+02
1.283108108108108070e+02 1.266621621621621614e+02 1.293648648648648702e+02
1.283108108108108070e+02 1.266621621621621614e+02 1.293648648648648702e+02
1.283108108108108070e+02 1.266621621621621614e+02 1.293648648648648702e+02
1.283108108108108070e+02 1.266621621621621614e+02 1.293648648648648702e+02
1.283108108108108070e+02 1.266621621621621614e+02 1.293648648648648702e+02
1.283108108108108070e+02 1.266621621621621614e+02 1.293648648648648702e+02
1.283108108108108070e+02 1.266621621621621614e+02 1.293648648648648702e+02
1.283108108108108070e+02 1.266621621621621614e+02 1.293648648648648702e+02
1.283108108108108070e+02 1.266621621621621614e+02 1.293648648648648702e+02
1.283108108108108070e+02 1.266621621621621614e+02 1.293648648648648702e+02
1.283108108108108070e+02 1.266621621621621614e+02 1.293648648648648702e+02
1.283108108108108070e+02 1.266621621621621614e+02 1.293648648648648702e+02
1.283108108108108070e+02 1.266621621621621614e+02 1.293648648648648702e+02
1.283108108108108070e+02 1.266621621621621614e+02 1.293648648648648702e+02
1.283108108108108070e+02 1.266621621621621614e+02 1.293648648648648702e+02
1.283108108108108070e+02 1.266621621621621614e+02 1.293648648648648702e+02
1.283108108108108070e+02 1.266621621621621614e+02 1.293648648648648702e+02
1.283108108108108070e+02 1.266621621621621614e+02 1.293648648648648702e+02
1.283108108108108070e+02 1.266621621621621614e+02 1.293648648648648702e+02
1.283108108108108070e+02 1.266621621621621614e+02 1.293648648648648702e+02
1.283108108108108070e+02 1.266621621621621614e+02 1.293648648648648702e+02
1.283108108108108070e+02 1.266621621621621614e+02 1.293648648648648702e+02
1.283108108108108070e+02 1.266621621621621614e+02 1.293648648648648702e+02
1.283108108108108070e+02 1.266621621621621614e+02 1.293648648648648702e+02
1.283108108108108070e+02 1.266621621621621614e+02 1.293648648648648702e+02
1.283108108108108070e+02 1.266621621621621614e+02 1.293648648648648702e+02
1.283108108108108070e+02 1.266621621621621614e+02 1.293648648648648702e+02
1.283108108108108070e+02 1.266621621621621614e+02 1.293648648648648702e+02
1.283108108108108070e+02 1.266621621621621614e+02 1.293648648648648702e+02
1.283108108108108070e+02 1.266621621621621614e+02 1.293648648648648702e+02
1.283108108108108070e+02 1.266621621621621614e+02 1.293648648648648702e+02
1.283108108108108070e+02 1.266621621621621614e+02 1.293648648648648702e+02
1.283108108108108070e+02 1.266621621621621614e+02 1.293648648648648702e+02
1.283108108108108070e+02 1.266621621621621614e+02 1.293648648648648702e+02
1.283108108108108070e+02 1.266621621621621614e+02 1.293648648648648702e+02
1.283108108108108070e+02 1.266621621621621614e+02 1.293648648648648702e+02
1.283108108108108070e+02 1.266621621621621614e+02 1.293648648648648702e+02
1.283108108108108070e+02 1.266621621621621614e+02 1.293648648648648702e+02
1.283108108108108070e+02 1.266621621621621614e+02 1.293648648648648702e+02
1.283108108108108070e+02 1.266621621621621614e+02 1.293648648648648702e+02
1.283108108108108070e+02 1.266621621621621614e+02 1.293648648648648702e+02
1.283108108108108070e+02 1.266621621621621614e+02 1.293648648648648702e+02
1.283108108108108070e+02 1.266621621621621614e+02 1.293648648648648702e+02
1.283108108108108070e+02 1.266621621621621614e+02 1.293648648648648702e+02
1.283108108108108070e+02 1.266621621621621614e+02 1.293648648648648702e+02
1.283108108108108070e+02 1.266621621621621614e+02 1.293648648648648702e+02
1.283108108108108070e+02 1.266621621621621614e+02 1.293648648648648702e+02
1.283108108108108070e+02 1.266621621621621614e+02 1.293648648648648702e+02
1.283108108108108070e+02 1.266621621621621614e+02 1.293648648648648702e+02
1.283108108108108070e+02 1.266621621621621614e+02 1.293648648648648702e+02
1.283108108108108070e+02 1.266621621621621614e+02 1.293648648648648702e+02
1.283108108108108070e+02 1.266621621621621614e+02 1.293648648648648702e+02
1.283108108108108070e+02 1.266621621621621614e+02 1.293648648648648702e+02
1.283108108108108070e+02 1.266621621621621614e+02 1.293648648648648702e+02
1.283108108108108070e+02 1.266621621621621614e+02 1.293648648648648702e+02
1.283108108108108070e+02 1.266621621621621614e+02 1.293648648648648702e+02
1.283108108108108070e+02 1.266621621621621614e+02 1.293648648648648702e+02
1.283108108108108070e+02 1.266621621621621614e+02 1.293648648648648702e+02
1.283108108108108070e+02 1.266621621621621614e+02 1.293648648648648702e+02
1.283108108108108070e+02 1.266621621621621614e+02 1.293648648648648702e+02
1.283108108108108070e+02 1.266621621621621614e+02 1.293648648648648702e+02
1.283108108108108070e+02 1.266621621621621614e+02 1.293648648648648702e+02
1.283108108108108070e+02 1.266621621621621614e+02 1.293648648648648702e+02
1.283108108108108070e+02 1.266621621621621614e+02 1.293648648648648702e+02
1.283108108108108070e+02 1.266621621621621614e+02 1.293648648648648702e+02
1.283108108108108070e+02 1.266621621621621614e+02 1.293648648648648702e+02
1.283108108108108070e+02 1.266621621621621614e+02 1.293648648648648702e+02
1.283108108108108070e+02 1.266621621621621614e+02 1.293648648648648702e+02
1.283108108108108070e+02 1.266621621621621614e+02 1.293648648648648702e+02
1.283108108108108070e+02 1.266621621621621614e+02 1.293648648648648702e+02
1.283108108108108070e+02 1.266621621621621614e+02 1.293648648648648702e+02
1.283108108108108070e+02 1.266621621621621614e+02 1.293648648648648702e+02
1.283108108108108070e+02 1.266621621621621614e+02 1.293648648648648702e+02
1.283108108108108070e+02 1.266621621621621614e+02 1.293648648648648702e+02
1.283108108108108070e+02 1.266621621621621614e+02 1.293648648648648702e+02
1.283108108108108070e+02 1.266621621621621614e+02 1.293648648648648702e+02
1.283108108108108070e+02 1.266621621621621614e+02 1.293648648648648702e+02
1.283108108108108070e+02 1.266621621621621614e+02 1.293648648648648702e+02
1.283108108108108070e+02 1.266621621621621614e+02 1.293648648648648702e+02
1.283108108108108070e+02 1.266621621621621614e+02 1.293648648648648702e+02
1.283108108108108070e+02 1.266621621621621614e+02 1.293648648648648702e+02
1.283108108108108070e+02 1.266621621621621614e+02 1.293648648648648702e+02
1.283108108108108070e+02 1.266621621621621614e+02 1.293648648648648702e+02
1.283108108108108070e+02 1.266621621621621614e+02 1.293648648648648702e+02
1.283108108108108070e+02 1.266621621621621614e+02 1.293648648648648702e+02
1.283108108108108070e+02 1.266621621621621614e+02 1.293648648648648702e+02
1.283108108108108070e+02 1.266621621621621614e+02 1.293648648648648702e+02
1.283108108108108070e+02 1.266621621621621614e+02 1.293648648648648702e+02
1.283108108108108070e+02 1.266621621621621614e+02 1.293648648648648702e+02
1.283108108108108070e+02 1.266621621621621614e+02 1.293648648648648702e+02
1.283108108108108070e+02 1.266621621621621614e+02 1.293648648648648702e+02
1.283108108108108070e+02 1.266621621621621614e+02 1.293648648648648702e+02
1.283108108108108070e+02 1.266621621621621614e+02 1.293648648648648702e+02
1.283108108108108070e+02 1.266621621621621614e+02 1.293648648648648702e+02
1.283108108108108070e+02 1.266621621621621614e+02 1.293648648648648702e+02
1.283108108108108070e+02 1.266621621621621614e+02 1.293648648648648702e+02
1.283108108108108070e+02 1.266621621621621614e+02 1.293648648648648702e+02
1.283108108108108070e+02 1.266621621621621614e+02 1.293648648648648702e+02
1.283108108108108070e+02 1.266621621621621614e+02 1.293648648648648702e+02
1.283108108108108070e+02 1.266621621621621614e+02 1.293648648648648702e+02
1.283108108108108070e+02 1.266621621621621614e+02 1.293648648648648702e+02
1.283108108108108070e+02 1.266621621621621614e+02 1.293648648648648702e+02
1.283108108108108070e+02 1.266621621621621614e+02 1.293648648648648702e+02
1.283108108108108070e+02 1.266621621621621614e+02 1.293648648648648702e+02
1.283108108108108070e+02 1.266621621621621614e+02 1.293648648648648702e+02
1.283108108108108070e+02 1.266621621621621614e+02 1.293648648648648702e+02
1.283108108108108070e+02 1.266621621621621614e+02 1.293648648648648702e+02
1.283108108108108070e+02 1.266621621621621614e+02 1.293648648648648702e+02
1.283108108108108070e+02 1.266621621621621614e+02 1.293648648648648702e+02
1.283108108108108070e+02 1.266621621621621614e+02 1.293648648648648702e+02
1.283108108108108070e+02 1.266621621621621614e+02 1.293648648648648702e+02
1.283108108108108070e+02 1.266621621621621614e+02 1.293648648648648702e+02
1.283108108108108070e+02 1.266621621621621614e+02 1.293648648648648702e+02
1.283108108108108070e+02 1.266621621621621614e+02 1.293648648648648702e+02
1.283108108108108070e+02 1.266621621621621614e+02 1.293648648648648702e+02
1.283108108108108070e+02 1.266621621621621614e+02 1.293648648648648702e+02
1.283108108108108070e+02 1.266621621621621614e+02 1.293648648648648702e+02
1.283108108108108070e+02 1.266621621621621614e+02 1.293648648648648702e+02
1.283108108108108070e+02 1.266621621621621614e+02 1.293648648648648702e+02
1.283108108108108070e+02 1.266621621621621614e+02 1.293648648648648702e+02
1.283108108108108070e+02 1.266621621621621614e+02 1.293648648648648702e+02
1.283108108108108070e+02 1.266621621621621614e+02 1.293648648648648702e+02
1.283108108108108070e+02 1.266621621621621614e+02 1.293648648648648702e+02
1.283108108108108070e+02 1.266621621621621614e+02 1.293648648648648702e+02
1.283108108108108070e+02 1.266621621621621614e+02 1.293648648648648702e+02
1.283108108108108070e+02 1.266621621621621614e+02 1.293648648648648702e+02
1.283108108108108070e+02 1.266621621621621614e+02 1.293648648648648702e+02
1.283108108108108070e+02 1.266621621621621614e+02 1.293648648648648702e+02
1.283108108108108070e+02 1.266621621621621614e+02 1.293648648648648702e+02
1.283108108108108070e+02 1.266621621621621614e+02 1.293648648648648702e+02
1.283108108108108070e+02 1.266621621621621614e+02 1.293648648648648702e+02
1.283108108108108070e+02 1.266621621621621614e+02 1.293648648648648702e+02
1.283108108108108070e+02 1.266621621621621614e+02 1.293648648648648702e+02
1.283108108108108070e+02 1.266621621621621614e+02 1.293648648648648702e+02
1.283108108108108070e+02 1.266621621621621614e+02 1.293648648648648702e+02
1.283108108108108070e+02 1.266621621621621614e+02 1.293648648648648702e+02
1.283108108108108070e+02 1.266621621621621614e+02 1.293648648648648702e+02
1.283108108108108070e+02 1.266621621621621614e+02 1.293648648648648702e+02
1.283108108108108070e+02 1.266621621621621614e+02 1.293648648648648702e+02
1.283108108108108070e+02 1.266621621621621614e+02 1.293648648648648702e+02
1.283108108108108070e+02 1.266621621621621614e+02 1.293648648648648702e+02
1.283108108108108070e+02 1.266621621621621614e+02 1.293648648648648702e+02
1.283108108108108070e+02 1.266621621621621614e+02 1.293648648648648702e+02
1.283108108108108070e+02 1.266621621621621614e+02 1.293648648648648702e+02
1.283108108108108070e+02 1.266621621621621614e+02 1.293648648648648702e+02
1.283108108108108070e+02 1.266621621621621614e+02 1.293648648648648702e+02
1.283108108108108070e+02 1.266621621621621614e+02 1.293648648648648702e+02
1.283108108108108070e+02 1.266621621621621614e+02 1.293648648648648702e+02
1.283108108108108070e+02 1.266621621621621614e+02 1.293648648648648702e+02
1.283108108108108070e+02 1.266621621621621614e+02 1.293648648648648702e+02
1.283108108108108070e+02 1.266621621621621614e+02 1.293648648648648702e+02
1.283108108108108070e+02 1.266621621621621614e+02 1.293648648648648702e+02
1.283108108108108070e+02 1.266621621621621614e+02 1.293648648648648702e+02
1.283108108108108070e+02 1.266621621621621614e+02 1.293648648648648702e+02
1.283108108108108070e+02 1.266621621621621614e+02 1.293648648648648702e+02
1.283108108108108070e+02 1.266621621621621614e+02 1.293648648648648702e+02
1.283108108108108070e+02 1.266621621621621614e+02 1.293648648648648702e+02
1.283108108108108070e+02 1.266621621621621614e+02 1.293648648648648702e+02
1.283108108108108070e+02 1.266621621621621614e+02 1.293648648648648702e+02
1.283108108108108070e+02 1.266621621621621614e+02 1.293648648648648702e+02
1.283108108108108070e+02 1.266621621621621614e+02 1.293648648648648702e+02
1.283108108108108070e+02 1.266621621621621614e+02 1.293648648648648702e+02
1.283108108108108070e+02 1.266621621621621614e+02 1.293648648648648702e+02
1.283108108108108070e+02 1.266621621621621614e+02 1.293648648648648702e+02
1.283108108108108070e+02 1.266621621621621614e+02 1.293648648648648702e+02
1.283108108108108070e+02 1.266621621621621614e+02 1.293648648648648702e+02
1.283108108108108070e+02 1.266621621621621614e+02 1.293648648648648702e+02
1.283108108108108070e+02 1.266621621621621614e+02 1.293648648648648702e+02
1.283108108108108070e+02 1.266621621621621614e+02 1.293648648648648702e+02
1.283108108108108070e+02 1.266621621621621614e+02 1.293648648648648702e+02
1.283108108108108070e+02 1.266621621621621614e+02 1.293648648648648702e+02
1.283108108108108070e+02 1.266621621621621614e+02 1.293648648648648702e+02
1.283108108108108070e+02 1.266621621621621614e+02 1.293648648648648702e+02
1.283108108108108070e+02 1.266621621621621614e+02 1.293648648648648702e+02
1.283108108108108070e+02 1.266621621621621614e+02 1.293648648648648702e+02
1.283108108108108070e+02 1.266621621621621614e+02 1.293648648648648702e+02
1.283108108108108070e+02 1.266621621621621614e+02 1.293648648648648702e+02
1.283108108108108070e+02 1.266621621621621614e+02 1.293648648648648702e+02
1.283108108108108070e+02 1.266621621621621614e+02 1.293648648648648702e+02
1.283108108108108070e+02 1.266621621621621614e+02 1.293648648648648702e+02
1.283108108108108070e+02 1.266621621621621614e+02 1.293648648648648702e+02
1.283108108108108070e+02 1.266621621621621614e+02 1.293648648648648702e+02
1.283108108108108070e+02 1.266621621621621614e+02 1.293648648648648702e+02
1.283108108108108070e+02 1.266621621621621614e+02 1.293648648648648702e+02
1.283108108108108070e+02 1.266621621621621614e+02 1.293648648648648702e+02
1.283108108108108070e+02 1.266621621621621614e+02 1.293648648648648702e+02
1.283108108108108070e+02 1.266621621621621614e+02 1.293648648648648702e+02
1.283108108108108070e+02 1.266621621621621614e+02 1.293648648648648702e+02
1.283108108108108070e+02 1.266621621621621614e+02 1.293648648648648702e+02
1.283108108108108070e+02 1.266621621621621614e+02 1.293648648648648702e+02
1.283108108108108070e+02 1.266621621621621614e+02 1.293648648648648702e+02
1.283108108108108070e+02 1.266621621621621614e+02 1.293648648648648702e+02
1.283108108108108070e+02 1.266621621621621614e+02 1.293648648648648702e+02
1.283108108108108070e+02 1.266621621621621614e+02 1.293648648648648702e+02
1.283108108108108070e+02 1.266621621621621614e+02 1.293648648648648702e+02
1.283108108108108070e+02 1.266621621621621614e+02 1.293648648648648702e+02
1.283108108108108070e+02 1.266621621621621614e+02 1.293648648648648702e+02
1.283108108108108070e+02 1.266621621621621614e+02 1.293648648648648702e+02
1.283108108108108070e+02 1.266621621621621614e+02 1.293648648648648702e+02
1.283108108108108070e+02 1.266621621621621614e+02 1.293648648648648702e+02
1.283108108108108070e+02 1.266621621621621614e+02 1.293648648648648702e+02
1.283108108108108070e+02 1.266621621621621614e+02 1.293648648648648702e+02
1.283108108108108070e+02 1.266621621621621614e+02 1.293648648648648702e+02
1.283108108108108070e+02 1.266621621621621614e+02 1.293648648648648702e+02
1.283108108108108070e+02 1.266621621621621614e+02 1.293648648648648702e+02
1.283108108108108070e+02 1.266621621621621614e+02 1.293648648648648702e+02
1.283108108108108070e+02 1.266621621621621614e+02 1.293648648648648702e+02
1.283108108108108070e+02 1.266621621621621614e+02 1.293648648648648702e+02
1.283108108108108070e+02 1.266621621621621614e+02 1.293648648648648702e+02
1.283108108108108070e+02 1.266621621621621614e+02 1.293648648648648702e+02
1.283108108108108070e+02 1.266621621621621614e+02 1.293648648648648702e+02
1.283108108108108070e+02 1.266621621621621614e+02 1.293648648648648702e+02
1.283108108108108070e+02 1.266621621621621614e+02 1.293648648648648702e+02
1.283108108108108070e+02 1.266621621621621614e+02 1.293648648648648702e+02
1.283108108108108070e+02 1.266621621621621614e+02 1.293648648648648702e+02
1.283108108108108070e+02 1.266621621621621614e+02 1.293648648648648702e+02
1.283108108108108070e+02 1.266621621621621614e+02 1.293648648648648702e+02
1.283108108108108070e+02 1.266621621621621614e+02 1.293648648648648702e+02
1.283108108108108070e+02 1.266621621621621614e+02 1.293648648648648702e+02
1.283108108108108070e+02 1.266621621621621614e+02 1.293648648648648702e+02
1.283108108108108070e+02 1.266621621621621614e+02 1.293648648648648702e+02
1.283108108108108070e+02 1.266621621621621614e+02 1.293648648648648702e+02
1.283108108108108070e+02 1.266621621621621614e+02 1.293648648648648702e+02
1.283108108108108070e+02 1.266621621621621614e+02 1.293648648648648702e+02
1.283108108108108070e+02 1.266621621621621614e+02 1.293648648648648702e+02
1.283108108108108070e+02 1.266621621621621614e+02 1.293648648648648702e+02
1.283108108108108070e+02 1.266621621621621614e+02 1.293648648648648702e+02
1.283108108108108070e+02 1.266621621621621614e+02 1.293648648648648702e+02
1.283108108108108070e+02 1.266621621621621614e+02 1.293648648648648702e+02
1.283108108108108070e+02 1.266621621621621614e+02 1.293648648648648702e+02
1.283108108108108070e+02 1.266621621621621614e+02 1.293648648648648702e+02
1.283108108108108070e+02 1.266621621621621614e+02 1.293648648648648702e+02
1.283108108108108070e+02 1.266621621621621614e+02 1.293648648648648702e+02
1.283108108108108070e+02 1.266621621621621614e+02 1.293648648648648702e+02
1.283108108108108070e+02 1.266621621621621614e+02 1.293648648648648702e+02
1.283108108108108070e+02 1.266621621621621614e+02 1.293648648648648702e+02
1.283108108108108070e+02 1.266621621621621614e+02 1.293648648648648702e+02
1.283108108108108070e+02 1.266621621621621614e+02 1.293648648648648702e+02
1.283108108108108070e+02 1.266621621621621614e+02 1.293648648648648702e+02
1.283108108108108070e+02 1.266621621621621614e+02 1.293648648648648702e+02
1.283108108108108070e+02 1.266621621621621614e+02 1.293648648648648702e+02
1.283108108108108070e+02 1.266621621621621614e+02 1.293648648648648702e+02
1.283108108108108070e+02 1.266621621621621614e+02 1.293648648648648702e+02
1.283108108108108070e+02 1.266621621621621614e+02 1.293648648648648702e+02
1.283108108108108070e+02 1.266621621621621614e+02 1.293648648648648702e+02
1.283108108108108070e+02 1.266621621621621614e+02 1.293648648648648702e+02
1.283108108108108070e+02 1.266621621621621614e+02 1.293648648648648702e+02
1.283108108108108070e+02 1.266621621621621614e+02 1.293648648648648702e+02
1.283108108108108070e+02 1.266621621621621614e+02 1.293648648648648702e+02
1.283108108108108070e+02 1.266621621621621614e+02 1.293648648648648702e+02
1.283108108108108070e+02 1.266621621621621614e+02 1.293648648648648702e+02
1.283108108108108070e+02 1.266621621621621614e+02 1.293648648648648702e+02
1.283108108108108070e+02 1.266621621621621614e+02 1.293648648648648702e+02
1.283108108108108070e+02 1.266621621621621614e+02 1.293648648648648702e+02
1.283108108108108070e+02 1.266621621621621614e+02 1.293648648648648702e+02
1.283108108108108070e+02 1.266621621621621614e+02 1.293648648648648702e+02
1.283108108108108070e+02 1.266621621621621614e+02 1.293648648648648702e+02
1.283108108108108070e+02 1.266621621621621614e+02 1.293648648648648702e+02
1.283108108108108070e+02 1.266621621621621614e+02 1.293648648648648702e+02
1.283108108108108070e+02 1.266621621621621614e+02 1.293648648648648702e+02
1.283108108108108070e+02 1.266621621621621614e+02 1.293648648648648702e+02
1.283108108108108070e+02 1.266621621621621614e+02 1.293648648648648702e+02
1.283108108108108070e+02 1.266621621621621614e+02 1.293648648648648702e+02
1.283108108108108070e+02 1.266621621621621614e+02 1.293648648648648702e+02
1.283108108108108070e+02 1.266621621621621614e+02 1.293648648648648702e+02
1.283108108108108070e+02 1.266621621621621614e+02 1.293648648648648702e+02
1.283108108108108070e+02 1.266621621621621614e+02 1.293648648648648702e+02
1.283108108108108070e+02 1.266621621621621614e+02 1.293648648648648702e+02
1.283108108108108070e+02 1.266621621621621614e+02 1.293648648648648702e+02
1.283108108108108070e+02 1.266621621621621614e+02 1.293648648648648702e+02
1.283108108108108070e+02 1.266621621621621614e+02 1.293648648648648702e+02
1.283108108108108070e+02 1.266621621621621614e+02 1.293648648648648702e+02
1.283108108108108070e+02 1.266621621621621614e+02 1.293648648648648702e+02
1.283108108108108070e+02 1.266621621621621614e+02 1.293648648648648702e+02
1.283108108108108070e+02 1.266621621621621614e+02 1.293648648648648702e+02
1.283108108108108070e+02 1.266621621621621614e+02 1.293648648648648702e+02
1.283108108108108070e+02 1.266621621621621614e+02 1.293648648648648702e+02
1.283108108108108070e+02 1.266621621621621614e+02 1.293648648648648702e+02
1.283108108108108070e+02 1.266621621621621614e+02 1.293648648648648702e+02
1.283108108108108070e+02 1.266621621621621614e+02 1.293648648648648702e+02
1.283108108108108070e+02 1.266621621621621614e+02 1.293648648648648702e+02
1.283108108108108070e+02 1.266621621621621614e+02 1.293648648648648702e+02
1.283108108108108070e+02 1.266621621621621614e+02 1.293648648648648702e+02
1.283108108108108070e+02 1.266621621621621614e+02 1.293648648648648702e+02
1.283108108108108070e+02 1.266621621621621614e+02 1.293648648648648702e+02
1.283108108108108070e+02 1.266621621621621614e+02 1.293648648648648702e+02
1.283108108108108070e+02 1.266621621621621614e+02 1.293648648648648702e+02
1.283108108108108070e+02 1.266621621621621614e+02 1.293648648648648702e+02
1.283108108108108070e+02 1.266621621621621614e+02 1.293648648648648702e+02
1.283108108108108070e+02 1.266621621621621614e+02 1.293648648648648702e+02
1.283108108108108070e+02 1.266621621621621614e+02 1.293648648648648702e+02
1.283108108108108070e+02 1.266621621621621614e+02 1.293648648648648702e+02
1.283108108108108070e+02 1.266621621621621614e+02 1.293648648648648702e+02
1.283108108108108070e+02 1.266621621621621614e+02 1.293648648648648702e+02
1.283108108108108070e+02 1.266621621621621614e+02 1.293648648648648702e+02
1.283108108108108070e+02 1.266621621621621614e+02 1.293648648648648702e+02
1.283108108108108070e+02 1.266621621621621614e+02 1.293648648648648702e+02
1.283108108108108070e+02 1.266621621621621614e+02 1.293648648648648702e+02
1.283108108108108070e+02 1.266621621621621614e+02 1.293648648648648702e+02
1.283108108108108070e+02 1.266621621621621614e+02 1.293648648648648702e+02
1.283108108108108070e+02 1.266621621621621614e+02 1.293648648648648702e+02
