1.286907894736842195e+02 1.276118421052631646e+02 1.281776315789473699e+02
1.284563758389261636e+02 1.274697986577181155e+02 1.279328859060402692e+02
1.282702702702702595e+02 1.274189189189189193e+02 1.281756756756756772e+02
1.277133333333333383e+02 1.274599999999999937e+02 1.285933333333333337e+02
1.278013245033112639e+02 1.278476821192053023e+02 1.288013245033112639e+02
1.275855263157894797e+02 1.284868421052631504e+02 1.299736842105263293e+02
1.273599999999999994e+02 1.289933333333333394e+02 1.299466666666666583e+02
1.271960784313725554e+02 1.295228758169934622e+02 1.301307189542483798e+02
1.272582781456953711e+02 1.294569536423840930e+02 1.309470198675496704e+02
1.271400000000000006e+02 1.298466666666666640e+02 1.309000000000000057e+02
1.269868421052631646e+02 1.300328947368421098e+02 1.306118421052631504e+02
1.270993377483443680e+02 1.300662251655629120e+02 1.311258278145695328e+02
1.275231788079470192e+02 1.303774834437085985e+02 1.313576158940397249e+02
1.270860927152317856e+02 1.305894039735099454e+02 1.318079470198675551e+02
1.269735099337748352e+02 1.309205298013245056e+02 1.325827814569536542e+02
1.272450331125827745e+02 1.309337748344370880e+02 1.325033112582781598e+02
1.273310810810810807e+02 1.303040540540540633e+02 1.328918918918919019e+02
1.266842105263157947e+02 1.303157894736842195e+02 1.333421052631578902e+02
1.262516556291390799e+02 1.302715231788079393e+02 1.333509933774834622e+02
1.256993464052287521e+02 1.302222222222222285e+02 1.331960784313725412e+02
1.258066666666666720e+02 1.304266666666666765e+02 1.338333333333333428e+02
1.252847682119205359e+02 1.307350993377483519e+02 1.340331125827814560e+02
1.250799999999999983e+02 1.309600000000000080e+02 1.345000000000000000e+02
1.250266666666666708e+02 1.308933333333333451e+02 1.344600000000000080e+02
1.250133333333333354e+02 1.313666666666666742e+02 1.346533333333333360e+02
1.244697986577181155e+02 1.314093959731543748e+02 1.350134228187919518e+02
1.241599999999999966e+02 1.318400000000000034e+02 1.352599999999999909e+02
1.237434210526315752e+02 1.318815789473684106e+02 1.356315789473684106e+02
1.240335570469798654e+02 1.317583892617449806e+02 1.360805369127516826e+02
1.241324503311258241e+02 1.317483443708609343e+02 1.363178807947019777e+02
1.240860927152317856e+02 1.318410596026490111e+02 1.360331125827814560e+02
1.241986754966887361e+02 1.312450331125827745e+02 1.360000000000000000e+02
1.243400000000000034e+02 1.311599999999999966e+02 1.363666666666666742e+02
1.245637583892617499e+02 1.308322147651006730e+02 1.368322147651006730e+02
1.246599999999999966e+02 1.305933333333333337e+02 1.372599999999999909e+02
1.248456375838926107e+02 1.302214765100671059e+02 1.376375838926174424e+02
1.250065789473684248e+02 1.298421052631578902e+02 1.382171052631578902e+02
1.250927152317880768e+02 1.297019867549668959e+02 1.385364238410596158e+02
1.251677852348993270e+02 1.292818791946308750e+02 1.392684563758389231e+02
1.249466666666666725e+02 1.296466666666666754e+02 1.396333333333333258e+02
1.248333333333333286e+02 1.299933333333333394e+02 1.395000000000000000e+02
1.248266666666666680e+02 1.306866666666666674e+02 1.397533333333333303e+02
1.242631578947368354e+02 1.310855263157894797e+02 1.401776315789473699e+02
1.241568627450980387e+02 1.315620915032679648e+02 1.402549019607843093e+02
1.240743243243243228e+02 1.320810810810810949e+02 1.401486486486486456e+02
1.240723684210526301e+02 1.323289473684210407e+02 1.399736842105263293e+02
1.240649350649350708e+02 1.324350649350649292e+02 1.397727272727272805e+02
1.241959459459459509e+02 1.325270270270270316e+02 1.395878378378378386e+02
1.237199999999999989e+02 1.327800000000000011e+02 1.392400000000000091e+02
1.233443708609271567e+02 1.332649006622516481e+02 1.392582781456953569e+02
1.233288590604026780e+02 1.334161073825503365e+02 1.392953020134228268e+02
1.231710526315789451e+02 1.336578947368421098e+02 1.394078947368421098e+02
1.224765100671140914e+02 1.343422818791946440e+02 1.397583892617449806e+02
1.221824324324324351e+02 1.345945945945945823e+02 1.389797297297297405e+02
1.216357615894039697e+02 1.350198675496688736e+02 1.385827814569536542e+02
1.217748344370860991e+02 1.354569536423840930e+02 1.389933774834437088e+02
1.213841059602649040e+02 1.356092715231788191e+02 1.398410596026490111e+02
1.213907284768211952e+02 1.356688741721854399e+02 1.402251655629139009e+02
1.218133333333333326e+02 1.356733333333333462e+02 1.402266666666666595e+02
1.218211920529801375e+02 1.355165562913907422e+02 1.405165562913907422e+02
1.220268456375838895e+02 1.362953020134228268e+02 1.406442953020134325e+02
1.223066666666666720e+02 1.365666666666666629e+02 1.402800000000000011e+02
1.220533333333333275e+02 1.368000000000000114e+02 1.401266666666666652e+02
1.218609271523178847e+02 1.370463576158940384e+02 1.398609271523178847e+02
1.217152317880794641e+02 1.366688741721854399e+02 1.402185430463576097e+02
1.214768211920529808e+02 1.368807947019867584e+02 1.402781456953642305e+02
1.209215686274509807e+02 1.369542483660130756e+02 1.410000000000000000e+02
1.206644295302013461e+02 1.368926174496644421e+02 1.415302013422818845e+02
1.202000000000000028e+02 1.366533333333333360e+02 1.420200000000000102e+02
1.200000000000000000e+02 1.368466666666666640e+02 1.422800000000000011e+02
1.200849673202614412e+02 1.369738562091503127e+02 1.431241830065359579e+02
1.203701298701298725e+02 1.370259740259740227e+02 1.432662337662337677e+02
1.200199999999999960e+02 1.365200000000000102e+02 1.436866666666666674e+02
1.197368421052631646e+02 1.363750000000000000e+02 1.438881578947368496e+02
1.193066666666666720e+02 1.360399999999999920e+02 1.444199999999999875e+02
1.197894736842105203e+02 1.356447368421052602e+02 1.449078947368421098e+02
1.197417218543046289e+02 1.359867549668874176e+02 1.448609271523178847e+02
1.192119205298013185e+02 1.356158940397351103e+02 1.451324503311258241e+02
1.190921052631578902e+02 1.354671052631578902e+02 1.458092105263157805e+02
1.188675496688741759e+02 1.351854304635761537e+02 1.456688741721854399e+02
1.189934210526315752e+02 1.354473684210526301e+02 1.457894736842105203e+02
1.194697986577181155e+02 1.352483221476510096e+02 1.458456375838926249e+02
1.191721854304635713e+02 1.353841059602648897e+02 1.460264900662251648e+02
1.185838926174496635e+02 1.355637583892617499e+02 1.466442953020134325e+02
1.181192052980132416e+02 1.356092715231788191e+02 1.471324503311258241e+02
1.174569536423841072e+02 1.356754966887417311e+02 1.474701986754966754e+02
1.172933333333333366e+02 1.356200000000000045e+02 1.474799999999999898e+02
1.173333333333333286e+02 1.358799999999999955e+02 1.473333333333333428e+02
1.173866666666666703e+02 1.355933333333333337e+02 1.475399999999999920e+02
1.170133333333333354e+02 1.354600000000000080e+02 1.477400000000000091e+02
1.163576158940397391e+02 1.349205298013245056e+02 1.478211920529801375e+02
1.162013422818791923e+02 1.351140939597315480e+02 1.482214765100671059e+02
1.157450980392156765e+02 1.345816993464052302e+02 1.481372549019607732e+02
1.154503311258278160e+02 1.343973509933774722e+02 1.476423841059602751e+02
1.150264900662251648e+02 1.338675496688741759e+02 1.475099337748344510e+02
1.148289473684210549e+02 1.333421052631578902e+02 1.477039473684210407e+02
1.146601307189542496e+02 1.329346405228758101e+02 1.477647058823529278e+02
1.149668874172185440e+02 1.327350993377483519e+02 1.478079470198675551e+02
1.146733333333333320e+02 1.323600000000000136e+02 1.476200000000000045e+02
1.144496644295302019e+02 1.320335570469798654e+02 1.474966442953020191e+02
1.144161073825503365e+02 1.314765100671141056e+02 1.471879194630872405e+02
1.148278145695364287e+02 1.312980132450331041e+02 1.472450331125827745e+02
1.149869281045751563e+02 1.310000000000000000e+02 1.471568627450980387e+02
1.152039473684210549e+02 1.304342105263157805e+02 1.466578947368421098e+02
1.151764705882352899e+02 1.300522875816993462e+02 1.466797385620915009e+02
1.156466666666666612e+02 1.297266666666666595e+02 1.461533333333333360e+02
1.162733333333333263e+02 1.299399999999999977e+02 1.451533333333333360e+02
1.164666666666666686e+02 1.298866666666666561e+02 1.449733333333333292e+02
1.167666666666666657e+02 1.295933333333333337e+02 1.451533333333333360e+02
1.172236842105263150e+02 1.292500000000000000e+02 1.452105263157894797e+02
1.169668874172185440e+02 1.297086092715231871e+02 1.451523178807946977e+02
1.173157894736842053e+02 1.301315789473684106e+02 1.452368421052631504e+02
1.171390728476821153e+02 1.300264900662251648e+02 1.449668874172185440e+02
1.173774834437086128e+02 1.300728476821192032e+02 1.451920529801324449e+02
1.174210526315789451e+02 1.295263157894736707e+02 1.454539473684210407e+02
1.176710526315789451e+02 1.292236842105263293e+02 1.460921052631578902e+02
1.181073825503355721e+02 1.284899328859060290e+02 1.465570469798657598e+02
1.180392156862745168e+02 1.286143790849673110e+02 1.471568627450980387e+02
1.182733333333333263e+02 1.282800000000000011e+02 1.473066666666666720e+02
1.182800000000000011e+02 1.275400000000000063e+02 1.476266666666666652e+02
1.185197368421052602e+02 1.268486842105263150e+02 1.477894736842105203e+02
1.184900662251655632e+02 1.270927152317880768e+02 1.478278145695364287e+02
1.184671052631578902e+02 1.266513157894736850e+02 1.480197368421052602e+02
1.185263157894736850e+02 1.263947368421052602e+02 1.476710526315789593e+02
1.186533333333333360e+02 1.265133333333333354e+02 1.478600000000000136e+02
1.184039735099337776e+02 1.266754966887417169e+02 1.475364238410596158e+02
1.183311258278145743e+02 1.262980132450331183e+02 1.468543046357615935e+02
1.185866666666666731e+02 1.257066666666666634e+02 1.467066666666666777e+02
1.181200000000000045e+02 1.252933333333333366e+02 1.470066666666666606e+02
1.181764705882352899e+02 1.246405228758169983e+02 1.474444444444444571e+02
1.182416107382550337e+02 1.243288590604026780e+02 1.471812080536912788e+02
1.183907284768211952e+02 1.241192052980132416e+02 1.471920529801324449e+02
1.179934640522875782e+02 1.236209150326797328e+02 1.474052287581699261e+02
1.182600000000000051e+02 1.230999999999999943e+02 1.474133333333333269e+02
1.182368421052631646e+02 1.225394736842105203e+02 1.471578947368421098e+02
1.184473684210526301e+02 1.228947368421052602e+02 1.473486842105263293e+02
1.185906040268456394e+02 1.222818791946308750e+02 1.473087248322147786e+02
1.191493506493506516e+02 1.225909090909090935e+02 1.476558441558441643e+02
1.188366013071895395e+02 1.218169934640522882e+02 1.477385620915032689e+02
1.186291390728476784e+02 1.215960264900662224e+02 1.477748344370860991e+02
1.184967320261437891e+02 1.214313725490196134e+02 1.482352941176470722e+02
1.188133333333333326e+02 1.216933333333333280e+02 1.484466666666666583e+02
1.191372549019607874e+02 1.213137254901960773e+02 1.486666666666666572e+02
1.191655629139072801e+02 1.209668874172185440e+02 1.489470198675496704e+02
1.197866666666666617e+02 1.205400000000000063e+02 1.491466666666666754e+02
1.197583892617449663e+02 1.201208053691275097e+02 1.492617449664429614e+02
1.201854304635761537e+02 1.201192052980132416e+02 1.494701986754966754e+02
1.203533333333333388e+02 1.202733333333333263e+02 1.489733333333333292e+02
1.208815789473684248e+02 1.201973684210526301e+02 1.491578947368421098e+02
1.208199999999999932e+02 1.206599999999999966e+02 1.489466666666666583e+02
1.208940397350993408e+02 1.208807947019867584e+02 1.488874172185430496e+02
1.213666666666666600e+02 1.203799999999999955e+02 1.489266666666666765e+02
1.218333333333333286e+02 1.202800000000000011e+02 1.493333333333333428e+02
1.224802631578947398e+02 1.200263157894736850e+02 1.496907894736842195e+02
1.228733333333333348e+02 1.203799999999999955e+02 1.498866666666666561e+02
1.233933333333333309e+02 1.205333333333333314e+02 1.501333333333333258e+02
1.235364238410596016e+02 1.206225165562913872e+02 1.503576158940397249e+02
1.235033112582781456e+02 1.207880794701986815e+02 1.505695364238410718e+02
1.234210526315789451e+02 1.204144736842105203e+02 1.509802631578947398e+02
1.232972972972972912e+02 1.204324324324324351e+02 1.510405405405405475e+02
1.234466666666666725e+02 1.202600000000000051e+02 1.519866666666666788e+02
1.229932885906040241e+02 1.197651006711409423e+02 1.519932885906040383e+02
1.227302631578947398e+02 1.199342105263157947e+02 1.520263157894736707e+02
1.218947368421052602e+02 1.195263157894736850e+02 1.518223684210526301e+02
1.217666666666666657e+02 1.193599999999999994e+02 1.512533333333333303e+02
1.221200000000000045e+02 1.192666666666666657e+02 1.513066666666666720e+02
1.218445945945945965e+02 1.188108108108108070e+02 1.512905405405405475e+02
1.220860927152317856e+02 1.184238410596026512e+02 1.515231788079470334e+02
1.221554054054054035e+02 1.179864864864864842e+02 1.518108108108108070e+02
1.220794701986754944e+02 1.178145695364238463e+02 1.521920529801324733e+02
1.218476821192053023e+02 1.170662251655629120e+02 1.522516556291390657e+02
1.213907284768211952e+02 1.169072847682119232e+02 1.524238410596026370e+02
1.214266666666666623e+02 1.171866666666666674e+02 1.525933333333333337e+02
1.212960526315789451e+02 1.170657894736842053e+02 1.533684210526315894e+02
1.208648648648648702e+02 1.169121621621621614e+02 1.531756756756756772e+02
1.200986842105263150e+02 1.164407894736842053e+02 1.534802631578947398e+02
1.203266666666666680e+02 1.161133333333333297e+02 1.539333333333333371e+02
1.207039473684210549e+02 1.156907894736842053e+02 1.542960526315789593e+02
1.208926174496644279e+02 1.159060402684563797e+02 1.542953020134228268e+02
1.211400000000000006e+02 1.151800000000000068e+02 1.541133333333333439e+02
1.210592105263157947e+02 1.149210526315789451e+02 1.540592105263157805e+02
1.212287581699346362e+02 1.145490196078431353e+02 1.540653594771241899e+02
1.213355704697986539e+02 1.139932885906040241e+02 1.539261744966443075e+02
1.213642384105960303e+02 1.139933774834437088e+02 1.541655629139072801e+02
1.214533333333333331e+02 1.136400000000000006e+02 1.539666666666666686e+02
1.213959731543624230e+02 1.132348993288590577e+02 1.543288590604026922e+02
1.215033112582781456e+02 1.127814569536423903e+02 1.540463576158940384e+02
1.219391891891891930e+02 1.122432432432432421e+02 1.541216216216216139e+02
1.218431372549019613e+02 1.117581699346405202e+02 1.538692810457516202e+02
1.220264900662251648e+02 1.118079470198675551e+02 1.537682119205298079e+02
1.221486486486486456e+02 1.121216216216216282e+02 1.532770270270270316e+02
1.218866666666666703e+02 1.117733333333333263e+02 1.532266666666666595e+02
1.225000000000000000e+02 1.112999999999999972e+02 1.527733333333333405e+02
1.228807947019867584e+02 1.111721854304635713e+02 1.527549668874172255e+02
1.229933333333333394e+02 1.106133333333333297e+02 1.527133333333333383e+02
1.234437086092715248e+02 1.101721854304635713e+02 1.523907284768211809e+02
1.239731543624161105e+02 1.097516778523489904e+02 1.520268456375839037e+02
1.241733333333333320e+02 1.099000000000000057e+02 1.521066666666666549e+02
1.244399999999999977e+02 1.091066666666666691e+02 1.522199999999999989e+02
1.244933333333333394e+02 1.094066666666666663e+02 1.521133333333333439e+02
1.246866666666666674e+02 1.096466666666666612e+02 1.525733333333333235e+02
1.247597402597402549e+02 1.095454545454545467e+02 1.529025974025973937e+02
1.246442953020134183e+02 1.094630872483221538e+02 1.530604026845637691e+02
1.250066225165562912e+02 1.094172185430463600e+02 1.536887417218543135e+02
1.257718120805369182e+02 1.096241610738255048e+02 1.543557046979865675e+02
1.267350993377483377e+02 1.095695364238410576e+02 1.539602649006622528e+02
1.271111111111111143e+02 1.095228758169934622e+02 1.543594771241830017e+02
1.275100671140939568e+02 1.096845637583892596e+02 1.547248322147650867e+02
1.274834437086092720e+02 1.094966887417218544e+02 1.550331125827814560e+02
1.272847682119205359e+02 1.090529801324503296e+02 1.550993377483443680e+02
1.272999999999999972e+02 1.093599999999999994e+02 1.547666666666666799e+02
1.273866666666666703e+02 1.095666666666666629e+02 1.543533333333333246e+02
1.275197368421052602e+02 1.097894736842105203e+02 1.546710526315789593e+02
1.278013245033112639e+02 1.093377483443708655e+02 1.550927152317880768e+02
1.273973509933774864e+02 1.092781456953642447e+02 1.554105960264900546e+02
1.274733333333333292e+02 1.091466666666666612e+02 1.555800000000000125e+02
1.274013157894736850e+02 1.088815789473684248e+02 1.552500000000000000e+02
1.277600000000000051e+02 1.083199999999999932e+02 1.550133333333333212e+02
1.281125827814569504e+02 1.077350993377483377e+02 1.555298013245033246e+02
1.282185430463576097e+02 1.067350993377483377e+02 1.560728476821192032e+02
1.286928104575163445e+02 1.061241830065359437e+02 1.559150326797385731e+02
1.287218543046357695e+02 1.058940397350993408e+02 1.558476821192053023e+02
1.282272727272727195e+02 1.056688311688311757e+02 1.554220779220779320e+02
1.280200000000000102e+02 1.056466666666666612e+02 1.555866666666666731e+02
1.282066666666666777e+02 1.053533333333333388e+02 1.556999999999999886e+02
1.284802631578947398e+02 1.052171052631578902e+02 1.559407894736842195e+02
1.285424836601307277e+02 1.053594771241830017e+02 1.556405228758169983e+02
1.284276315789473699e+02 1.049210526315789451e+02 1.552236842105263293e+02
1.284266666666666765e+02 1.041133333333333297e+02 1.555066666666666606e+02
1.274563758389261778e+02 1.038456375838926107e+02 1.553355704697986539e+02
1.273881578947368354e+02 1.039276315789473699e+02 1.556842105263157805e+02
1.271733333333333320e+02 1.039599999999999937e+02 1.554266666666666765e+02
1.263199999999999932e+02 1.041066666666666691e+02 1.550666666666666629e+02
1.257682119205298079e+02 1.040993377483443680e+02 1.544635761589403842e+02
1.259205298013245056e+02 1.033841059602649040e+02 1.539006622516556320e+02
1.253311258278145743e+02 1.030529801324503296e+02 1.530463576158940384e+02
1.250533333333333275e+02 1.027933333333333366e+02 1.531800000000000068e+02
1.247933333333333366e+02 1.026933333333333280e+02 1.527133333333333383e+02
1.246711409395973220e+02 1.026510067114093943e+02 1.523691275167785193e+02
1.245298013245033104e+02 1.019602649006622528e+02 1.527019867549668959e+02
1.241324503311258241e+02 1.020596026490066208e+02 1.526158940397351103e+02
1.243509933774834479e+02 1.022317880794701921e+02 1.525629139072847806e+02
1.240132450331125824e+02 1.018543046357615935e+02 1.520000000000000000e+02
1.239675324675324646e+02 1.018766233766233711e+02 1.521623376623376487e+02
1.235369127516778462e+02 1.021073825503355721e+02 1.512080536912751541e+02
1.237039473684210549e+02 1.016052631578947398e+02 1.511907894736842195e+02
1.237074829931972744e+02 1.016326530612244881e+02 1.511768707482993079e+02
1.236842105263157947e+02 1.016315789473684248e+02 1.511578947368421098e+02
1.234140127388535007e+02 1.015031847133758021e+02 1.507324840764331100e+02
1.230328947368421098e+02 1.014276315789473699e+02 1.502565789473684106e+02
1.221324503311258241e+02 1.012847682119205359e+02 1.493973509933774722e+02
1.210993377483443680e+02 1.016225165562913872e+02 1.490397350993377472e+02
1.212953020134228126e+02 1.012416107382550337e+02 1.483087248322147786e+02
1.218199999999999932e+02 1.011533333333333360e+02 1.479533333333333474e+02
1.220993377483443680e+02 1.010596026490066208e+02 1.476821192052980223e+02
1.223046357615894095e+02 1.008145695364238463e+02 1.476821192052980223e+02
1.222384105960264833e+02 1.007880794701986815e+02 1.478410596026490111e+02
1.221688311688311757e+02 1.011493506493506516e+02 1.478896103896103966e+02
1.223400000000000034e+02 1.010333333333333314e+02 1.471866666666666674e+02
1.229139072847682144e+02 1.004172185430463600e+02 1.468609271523178847e+02
1.235066666666666606e+02 1.000400000000000063e+02 1.470133333333333212e+02
1.233421052631578902e+02 9.955263157894736992e+01 1.471710526315789593e+02
1.235761589403973488e+02 9.960264900662251364e+01 1.471920529801324449e+02
1.241118421052631646e+02 9.955921052631579471e+01 1.470394736842105203e+02
1.245133333333333354e+02 1.002399999999999949e+02 1.468600000000000136e+02
1.247600000000000051e+02 1.000533333333333275e+02 1.468933333333333451e+02
1.251258278145695328e+02 1.003046357615894095e+02 1.466622516556291487e+02
1.255394736842105203e+02 1.001381578947368354e+02 1.461315789473684106e+02
1.259934210526315752e+02 1.000855263157894797e+02 1.456842105263157805e+02
1.260000000000000000e+02 1.001710526315789451e+02 1.452236842105263293e+02
1.257066666666666634e+02 9.967333333333333201e+01 1.451866666666666674e+02
1.260872483221476443e+02 9.978523489932885582e+01 1.453154362416107404e+02
1.260199999999999960e+02 9.998666666666666458e+01 1.454066666666666663e+02
1.258733333333333348e+02 1.004333333333333371e+02 1.450666666666666629e+02
1.261307189542483655e+02 1.000392156862745168e+02 1.450588235294117680e+02
1.266092715231788048e+02 1.001986754966887361e+02 1.449271523178807968e+02
1.264200000000000017e+02 1.005133333333333354e+02 1.451066666666666549e+02
1.268741721854304672e+02 1.003178807947019919e+02 1.446092715231788191e+02
1.274161073825503365e+02 1.010201342281879135e+02 1.442080536912751541e+02
1.277999999999999972e+02 1.012333333333333343e+02 1.439199999999999875e+02
1.284000000000000057e+02 1.011599999999999966e+02 1.437933333333333223e+02
1.286133333333333439e+02 1.012333333333333343e+02 1.436266666666666652e+02
1.296442953020134325e+02 1.015637583892617499e+02 1.437583892617449806e+02
1.297058823529411882e+02 1.015947712418300597e+02 1.438627450980392268e+02
1.298157894736842195e+02 1.020657894736842053e+02 1.439605263157894797e+02
1.300466666666666526e+02 1.021266666666666652e+02 1.436866666666666674e+02
1.300939597315436345e+02 1.015704697986577116e+02 1.438993288590604038e+02
1.307651006711409423e+02 1.014832214765100673e+02 1.436778523489932979e+02
1.307207792207792068e+02 1.012467532467532436e+02 1.429155844155844193e+02
1.310533333333333417e+02 1.012666666666666657e+02 1.426133333333333439e+02
1.310130718954248437e+02 1.012483660130719016e+02 1.422091503267973849e+02
1.313400000000000034e+02 1.014000000000000057e+02 1.416466666666666754e+02
1.313266666666666538e+02 1.016666666666666714e+02 1.412466666666666697e+02
1.310784313725490335e+02 1.022418300653594798e+02 1.415555555555555429e+02
1.309605263157894797e+02 1.022960526315789451e+02 1.415526315789473699e+02
1.309933333333333394e+02 1.030066666666666606e+02 1.410999999999999943e+02
1.311333333333333258e+02 1.037333333333333343e+02 1.411666666666666572e+02
1.306688741721854399e+02 1.035430463576158928e+02 1.414768211920529666e+02
1.303973509933774722e+02 1.032251655629139009e+02 1.411125827814569504e+02
1.301409395973154233e+02 1.028926174496644279e+02 1.404161073825503365e+02
1.301381578947368496e+02 1.027697368421052602e+02 1.403026315789473699e+02
1.303557046979865675e+02 1.024697986577181155e+02 1.399530201342281828e+02
1.304000000000000057e+02 1.027066666666666634e+02 1.396533333333333360e+02
1.300397350993377472e+02 1.027152317880794641e+02 1.389602649006622528e+02
1.302697368421052602e+02 1.028026315789473699e+02 1.386184210526315894e+02
1.304238410596026370e+02 1.026622516556291345e+02 1.383178807947019777e+02
1.302684563758389231e+02 1.026912751677852356e+02 1.375234899328858944e+02
1.304900662251655490e+02 1.031986754966887361e+02 1.372251655629139009e+02
1.307615894039735167e+02 1.035960264900662224e+02 1.372582781456953569e+02
1.305167785234899327e+02 1.036778523489932837e+02 1.375906040268456252e+02
1.308666666666666742e+02 1.037000000000000028e+02 1.376333333333333258e+02
1.311503267973856168e+02 1.036013071895424815e+02 1.374117647058823479e+02
1.314630872483221538e+02 1.041275167785234856e+02 1.373087248322147786e+02
1.317549668874172255e+02 1.047615894039735167e+02 1.372649006622516481e+02
1.317236842105263293e+02 1.052697368421052602e+02 1.368421052631578902e+02
1.313758389261745094e+02 1.055033557046979809e+02 1.363557046979865675e+02
1.321399999999999864e+02 1.061066666666666691e+02 1.360933333333333337e+02
1.322119205298013185e+02 1.064966887417218544e+02 1.361456953642384065e+02
1.323288590604026922e+02 1.067114093959731491e+02 1.359463087248322211e+02
1.325328947368421098e+02 1.068223684210526301e+02 1.364210526315789593e+02
1.323533333333333530e+02 1.064133333333333269e+02 1.362133333333333383e+02
1.320200000000000102e+02 1.065999999999999943e+02 1.357199999999999989e+02
1.322251655629139009e+02 1.064569536423841072e+02 1.355033112582781598e+02
1.320333333333333314e+02 1.062733333333333263e+02 1.348600000000000136e+02
1.325600000000000023e+02 1.060933333333333337e+02 1.345466666666666526e+02
1.323866666666666561e+02 1.063666666666666600e+02 1.343666666666666742e+02
1.325399999999999920e+02 1.068866666666666703e+02 1.339466666666666583e+02
1.326266666666666652e+02 1.068666666666666600e+02 1.332800000000000011e+02
1.323708609271523073e+02 1.069867549668874176e+02 1.331192052980132416e+02
1.322091503267973849e+02 1.068496732026143832e+02 1.328366013071895395e+02
1.325855263157894797e+02 1.072828947368421098e+02 1.325197368421052602e+02
1.325200000000000102e+02 1.072933333333333366e+02 1.322133333333333383e+02
1.323660130718954235e+02 1.073725490196078454e+02 1.318496732026143832e+02
1.322733333333333405e+02 1.072533333333333303e+02 1.318266666666666538e+02
1.322733333333333405e+02 1.076866666666666674e+02 1.315733333333333235e+02
1.323046357615893953e+02 1.080728476821192032e+02 1.310463576158940384e+02
1.321599999999999966e+02 1.082533333333333303e+02 1.306333333333333258e+02
1.320397350993377472e+02 1.088079470198675551e+02 1.300000000000000000e+02
1.321118421052631504e+02 1.089407894736842053e+02 1.296381578947368496e+02
1.313377483443708513e+02 1.090596026490066208e+02 1.295827814569536542e+02
1.314569536423840930e+02 1.093443708609271567e+02 1.289735099337748352e+02
1.312039473684210407e+02 1.089078947368421098e+02 1.294342105263157805e+02
1.310197368421052602e+02 1.089802631578947398e+02 1.295921052631578902e+02
1.314266666666666765e+02 1.093400000000000034e+02 1.302866666666666617e+02
1.302733333333333405e+02 1.090933333333333337e+02 1.305600000000000023e+02
1.305165562913907422e+02 1.085827814569536400e+02 1.302980132450331041e+02
1.294026845637583847e+02 1.085570469798657740e+02 1.302617449664429614e+02
1.286845637583892596e+02 1.087382550335570528e+02 1.302483221476510096e+02
1.279864864864864842e+02 1.085337837837837895e+02 1.306081081081080981e+02
1.277066666666666634e+02 1.080533333333333275e+02 1.306333333333333258e+02
1.273552631578947398e+02 1.081973684210526301e+02 1.306578947368421098e+02
1.271275167785234856e+02 1.082483221476510096e+02 1.301275167785234999e+02
1.267266666666666737e+02 1.082466666666666697e+02 1.296733333333333462e+02
1.266381578947368354e+02 1.081250000000000000e+02 1.295526315789473699e+02
1.265816993464052302e+02 1.076209150326797328e+02 1.293986928104575043e+02
1.260600000000000023e+02 1.074599999999999937e+02 1.298533333333333246e+02
1.259675324675324646e+02 1.072272727272727337e+02 1.295194805194805099e+02
1.254800000000000040e+02 1.065866666666666731e+02 1.293000000000000114e+02
1.252532467532467564e+02 1.067792207792207790e+02 1.296688311688311614e+02
1.250529801324503296e+02 1.063973509933774864e+02 1.296225165562914015e+02
1.251946308724832164e+02 1.062080536912751683e+02 1.296912751677852214e+02
1.248300653594771177e+02 1.056209150326797328e+02 1.298888888888888857e+02
1.241250000000000000e+02 1.052302631578947398e+02 1.295328947368421098e+02
1.242281879194630818e+02 1.051275167785234856e+02 1.297852348993288558e+02
1.238609271523178847e+02 1.049139072847682144e+02 1.299801324503311264e+02
1.236466666666666612e+02 1.047800000000000011e+02 1.304199999999999875e+02
1.231986754966887361e+02 1.049205298013245056e+02 1.306026490066225278e+02
1.230604026845637549e+02 1.049395973154362451e+02 1.307718120805369040e+02
1.226891891891891930e+02 1.043040540540540491e+02 1.307027027027027088e+02
1.221854304635761537e+02 1.036622516556291345e+02 1.311192052980132416e+02
1.223333333333333286e+02 1.033799999999999955e+02 1.314799999999999898e+02
1.222185430463576097e+02 1.032516556291390799e+02 1.311854304635761537e+02
1.221250000000000000e+02 1.029736842105263150e+02 1.309605263157894797e+02
1.222066666666666634e+02 1.028733333333333348e+02 1.306399999999999864e+02
1.219399999999999977e+02 1.025266666666666708e+02 1.306333333333333258e+02
1.218733333333333348e+02 1.028066666666666720e+02 1.298733333333333348e+02
1.215799999999999983e+02 1.023666666666666600e+02 1.296800000000000068e+02
1.212600000000000051e+02 1.021466666666666612e+02 1.290533333333333417e+02
1.211721854304635713e+02 1.022980132450331183e+02 1.287615894039735167e+02
1.209403973509933792e+02 1.023841059602649040e+02 1.284172185430463458e+02
1.206533333333333360e+02 1.024266666666666623e+02 1.282066666666666777e+02
1.205600000000000023e+02 1.026200000000000045e+02 1.280999999999999943e+02
1.201655629139072801e+02 1.022516556291390799e+02 1.278211920529801375e+02
1.202147651006711442e+02 1.026711409395973220e+02 1.274765100671140914e+02
1.198456375838926107e+02 1.024295302013422884e+02 1.273489932885906057e+02
1.194228187919463124e+02 1.023557046979865817e+02 1.268926174496644279e+02
1.191066666666666691e+02 1.023733333333333348e+02 1.262733333333333263e+02
1.188799999999999955e+02 1.023533333333333388e+02 1.260266666666666708e+02
1.188815789473684248e+02 1.018355263157894797e+02 1.263092105263157947e+02
1.187019867549668817e+02 1.016622516556291345e+02 1.261788079470198625e+02
1.185100671140939568e+02 1.018456375838926107e+02 1.258993288590604038e+02
1.181447368421052602e+02 1.019144736842105203e+02 1.260657894736842053e+02
1.178066666666666720e+02 1.021933333333333280e+02 1.260466666666666669e+02
1.183691275167785193e+02 1.014899328859060432e+02 1.258657718120805384e+02
1.183066666666666720e+02 1.009933333333333394e+02 1.260000000000000000e+02
1.182617449664429472e+02 1.005704697986577116e+02 1.259194630872483174e+02
1.184516129032258078e+02 9.974838709677419502e+01 1.250258064516129082e+02
1.181879194630872547e+02 9.959731543624161532e+01 1.249798657718120865e+02
1.183199999999999932e+02 9.940000000000000568e+01 1.248533333333333388e+02
1.180066225165562912e+02 9.897350993377483519e+01 1.243841059602649040e+02
1.186052631578947398e+02 9.912500000000000000e+01 1.241118421052631646e+02
1.194437086092715248e+02 9.910596026490065924e+01 1.241854304635761537e+02
1.195855263157894797e+02 9.926973684210526017e+01 1.240197368421052602e+02
1.196644736842105203e+02 9.914473684210526017e+01 1.236250000000000000e+02
1.198300653594771177e+02 9.885620915032679079e+01 1.234248366013071916e+02
1.199803921568627487e+02 9.820915032679738488e+01 1.232810457516339824e+02
1.198310810810810807e+02 9.786486486486487024e+01 1.228243243243243228e+02
1.201045751633986924e+02 9.764705882352940591e+01 1.228496732026143832e+02
1.202666666666666657e+02 9.787333333333333485e+01 1.225000000000000000e+02
1.204304635761589424e+02 9.811920529801324165e+01 1.220397350993377472e+02
1.203959731543624230e+02 9.840268456375838468e+01 1.218456375838926107e+02
1.199933774834437088e+02 9.793377483443708797e+01 1.217615894039735167e+02
1.200794701986754944e+02 9.736423841059603035e+01 1.211192052980132416e+02
1.206143790849673252e+02 9.743137254901961342e+01 1.208366013071895395e+02
1.207199999999999989e+02 9.726000000000000512e+01 1.204933333333333394e+02
1.212550335570469855e+02 9.710067114093959617e+01 1.204697986577181155e+02
1.210999999999999943e+02 9.650000000000000000e+01 1.202533333333333303e+02
1.214172185430463600e+02 9.649006622516556320e+01 1.200198675496688736e+02
1.218657718120805384e+02 9.623489932885905773e+01 1.197382550335570528e+02
1.221200000000000045e+02 9.607999999999999829e+01 1.199933333333333394e+02
1.225866666666666731e+02 9.544666666666667254e+01 1.199333333333333371e+02
1.227189542483660176e+02 9.496732026143790506e+01 1.199019607843137294e+02
1.228866666666666703e+02 9.460666666666666913e+01 1.202533333333333303e+02
1.230328947368421098e+02 9.474342105263157521e+01 1.202763157894736850e+02
1.235033112582781456e+02 9.448344370860927199e+01 1.204172185430463600e+02
1.243733333333333348e+02 9.492666666666666231e+01 1.208400000000000034e+02
1.248666666666666600e+02 9.505333333333332746e+01 1.209533333333333331e+02
1.251533333333333360e+02 9.535999999999999943e+01 1.209133333333333269e+02
1.252679738562091529e+02 9.564052287581699829e+01 1.209019607843137294e+02
1.255033112582781456e+02 9.546357615894039839e+01 1.210993377483443680e+02
1.259668874172185440e+02 9.557615894039734883e+01 1.214238410596026512e+02
1.262185430463576097e+02 9.544370860927152478e+01 1.214768211920529808e+02
1.264705882352941160e+02 9.546405228758169415e+01 1.213986928104575185e+02
1.268815789473684248e+02 9.592763157894736992e+01 1.218486842105263150e+02
1.271599999999999966e+02 9.595999999999999375e+01 1.219000000000000057e+02
1.276622516556291345e+02 9.572847682119204649e+01 1.220331125827814560e+02
1.281644736842105203e+02 9.603289473684210975e+01 1.220592105263157947e+02
1.285424836601307277e+02 9.592156862745098067e+01 1.224575163398692865e+02
1.287284768211920607e+02 9.584105960264901114e+01 1.225894039735099312e+02
1.285298013245033246e+02 9.620529801324502728e+01 1.231059602649006592e+02
1.288092105263157805e+02 9.659210526315789025e+01 1.233618421052631646e+02
1.291315789473684106e+02 9.702631578947368496e+01 1.234407894736842053e+02
1.288799999999999955e+02 9.732666666666666799e+01 1.235133333333333354e+02
1.286845637583892596e+02 9.764429530201341834e+01 1.237114093959731491e+02
1.283815789473684106e+02 9.828289473684210975e+01 1.233947368421052602e+02
1.289199999999999875e+02 9.866666666666667140e+01 1.227933333333333366e+02
1.286490066225165663e+02 9.921192052980131848e+01 1.231986754966887361e+02
1.284736842105263293e+02 9.971710526315789025e+01 1.231644736842105203e+02
1.286842105263157805e+02 9.963815789473683537e+01 1.235592105263157947e+02
1.285099337748344510e+02 9.967549668874171687e+01 1.238278145695364287e+02
1.285472972972972912e+02 9.996621621621621046e+01 1.242162162162162105e+02
1.285800000000000125e+02 1.000000000000000000e+02 1.245733333333333377e+02
1.288750000000000000e+02 1.006184210526315752e+02 1.243289473684210549e+02
1.286993464052287663e+02 1.013006535947712479e+02 1.244444444444444429e+02
1.283774834437085985e+02 1.019205298013245056e+02 1.242913907284768271e+02
1.287960526315789593e+02 1.022828947368421098e+02 1.236776315789473699e+02
1.284039735099337634e+02 1.028410596026490111e+02 1.244238410596026512e+02
1.283684210526315894e+02 1.029868421052631646e+02 1.246578947368421098e+02
1.286266666666666652e+02 1.030666666666666629e+02 1.245999999999999943e+02
1.288289473684210407e+02 1.037500000000000000e+02 1.248947368421052602e+02
1.294407894736842195e+02 1.041052631578947398e+02 1.249736842105263150e+02
1.293733333333333348e+02 1.043066666666666720e+02 1.249733333333333292e+02
1.290533333333333417e+02 1.040933333333333337e+02 1.252266666666666737e+02
1.290939597315436345e+02 1.042147651006711442e+02 1.252953020134228126e+02
1.286710526315789593e+02 1.042302631578947398e+02 1.255131578947368354e+02
1.283750000000000000e+02 1.035328947368421098e+02 1.256973684210526301e+02
1.277666666666666657e+02 1.034666666666666686e+02 1.256400000000000006e+02
1.267800000000000011e+02 1.034066666666666663e+02 1.255733333333333377e+02
1.261333333333333400e+02 1.032133333333333383e+02 1.257933333333333366e+02
1.257302631578947398e+02 1.032368421052631646e+02 1.256776315789473699e+02
1.250933333333333337e+02 1.031533333333333360e+02 1.257133333333333383e+02
1.248940397350993408e+02 1.030596026490066208e+02 1.256754966887417169e+02
1.248145695364238463e+02 1.026821192052980081e+02 1.256225165562913872e+02
1.246732026143790790e+02 1.024444444444444429e+02 1.258692810457516345e+02
1.245000000000000000e+02 1.019266666666666623e+02 1.260799999999999983e+02
1.243026315789473699e+02 1.018815789473684248e+02 1.260592105263157947e+02
1.242251655629139009e+02 1.014304635761589424e+02 1.265629139072847664e+02
1.240728476821192032e+02 1.011125827814569504e+02 1.265827814569536400e+02
1.236158940397350960e+02 1.004437086092715248e+02 1.266357615894039697e+02
1.236973684210526301e+02 1.000592105263157947e+02 1.268881578947368354e+02
1.238199999999999932e+02 1.000666666666666629e+02 1.275000000000000000e+02
1.238866666666666703e+02 1.000600000000000023e+02 1.275999999999999943e+02
1.240600000000000023e+02 1.000799999999999983e+02 1.276866666666666674e+02
1.237019867549668817e+02 1.002119205298013185e+02 1.280463576158940384e+02
1.245263157894736850e+02 1.002631578947368354e+02 1.288421052631578902e+02
1.245933333333333337e+02 1.005266666666666708e+02 1.291133333333333439e+02
1.245098039215686327e+02 9.994771241830065378e+01 1.297908496732026151e+02
1.242781456953642447e+02 9.992715231788079677e+01 1.301721854304635713e+02
1.241390728476821153e+02 9.994039735099337918e+01 1.302450331125827745e+02
1.239210526315789451e+02 9.968421052631579471e+01 1.300723684210526301e+02
1.239006622516556320e+02 9.951655629139072801e+01 1.305430463576159070e+02
1.240728476821192032e+02 9.953642384105960161e+01 1.309470198675496704e+02
1.242847682119205359e+02 9.951655629139072801e+01 1.313245033112582689e+02
1.249060402684563797e+02 9.930872483221476443e+01 1.315973154362416153e+02
1.249867549668874176e+02 9.926490066225166231e+01 1.312781456953642305e+02
1.251258278145695328e+02 9.856291390728476642e+01 1.311920529801324449e+02
1.256200000000000045e+02 9.842000000000000171e+01 1.313133333333333326e+02
1.260993377483443680e+02 9.826490066225166231e+01 1.309668874172185440e+02
1.258333333333333286e+02 9.804000000000000625e+01 1.312199999999999989e+02
1.265064935064935128e+02 9.795454545454545325e+01 1.314155844155844193e+02
