1.286711409395973078e+02 1.274765100671140914e+02 1.284630872483221538e+02
1.289342105263157805e+02 1.277500000000000000e+02 1.285986842105263293e+02
1.286842105263157805e+02 1.279802631578947398e+02 1.286644736842105203e+02
1.288666666666666742e+02 1.281399999999999864e+02 1.285399999999999920e+02
1.288750000000000000e+02 1.282828947368421098e+02 1.284144736842105203e+02
1.288733333333333348e+02 1.284399999999999977e+02 1.285200000000000102e+02
1.289333333333333371e+02 1.283133333333333326e+02 1.284133333333333269e+02
1.288000000000000114e+02 1.283133333333333326e+02 1.283666666666666742e+02
1.291066666666666549e+02 1.286266666666666652e+02 1.283933333333333451e+02
1.290331125827814560e+02 1.285496688741721982e+02 1.281059602649006592e+02
1.291721854304635713e+02 1.288344370860927199e+02 1.281523178807946977e+02
1.293799999999999955e+02 1.288266666666666538e+02 1.279800000000000040e+02
1.295133333333333212e+02 1.289533333333333474e+02 1.280999999999999943e+02
1.296357615894039839e+02 1.288543046357615935e+02 1.280198675496688736e+02
1.295933333333333337e+02 1.288933333333333451e+02 1.281666666666666572e+02
1.295165562913907422e+02 1.290000000000000000e+02 1.280728476821192032e+02
1.293825503355704711e+02 1.288389261744966348e+02 1.280067114093959617e+02
1.293947368421052602e+02 1.290855263157894797e+02 1.280263157894736707e+02
1.295466666666666526e+02 1.292933333333333223e+02 1.280733333333333235e+02
1.296291390728476927e+02 1.291721854304635713e+02 1.281788079470198625e+02
1.295266666666666708e+02 1.294000000000000057e+02 1.281666666666666572e+02
1.295266666666666708e+02 1.292933333333333223e+02 1.280200000000000102e+02
1.295600000000000023e+02 1.292599999999999909e+02 1.280000000000000000e+02
1.297828947368421098e+02 1.291907894736842195e+02 1.281907894736842195e+02
1.295466666666666526e+02 1.292266666666666595e+02 1.282866666666666617e+02
1.292582781456953569e+02 1.291589403973509889e+02 1.280927152317880768e+02
1.290805369127516826e+02 1.291879194630872405e+02 1.282953020134228268e+02
1.291733333333333462e+02 1.289866666666666788e+02 1.281599999999999966e+02
1.293907284768211809e+02 1.289735099337748352e+02 1.281258278145695328e+02
1.292980132450331041e+02 1.289867549668874176e+02 1.281986754966887361e+02
1.293421052631578902e+02 1.289342105263157805e+02 1.282894736842105203e+02
1.293333333333333428e+02 1.289600000000000080e+02 1.284333333333333371e+02
1.294133333333333269e+02 1.288933333333333451e+02 1.283933333333333451e+02
1.295960264900662366e+02 1.290132450331125824e+02 1.282715231788079393e+02
1.295960264900662366e+02 1.289072847682119232e+02 1.282913907284768129e+02
1.296599999999999966e+02 1.287666666666666799e+02 1.283733333333333348e+02
1.295533333333333417e+02 1.287866666666666617e+02 1.285066666666666606e+02
1.296933333333333280e+02 1.284666666666666686e+02 1.287599999999999909e+02
1.296333333333333258e+02 1.285066666666666606e+02 1.286733333333333462e+02
1.295466666666666526e+02 1.286266666666666652e+02 1.286599999999999966e+02
1.294834437086092578e+02 1.289867549668874176e+02 1.286423841059602751e+02
1.294199999999999875e+02 1.289666666666666686e+02 1.284600000000000080e+02
1.293311258278145601e+02 1.288675496688741759e+02 1.285496688741721982e+02
1.293443708609271425e+02 1.288079470198675551e+02 1.284635761589403842e+02
1.294039735099337634e+02 1.290728476821192032e+02 1.284701986754966754e+02
1.291999999999999886e+02 1.288400000000000034e+02 1.286066666666666549e+02
1.293421052631578902e+02 1.287697368421052602e+02 1.284342105263157805e+02
1.292266666666666595e+02 1.288000000000000114e+02 1.281666666666666572e+02
1.289399999999999977e+02 1.289466666666666583e+02 1.281933333333333280e+02
1.291381578947368496e+02 1.288881578947368496e+02 1.281052631578947398e+02
1.293266666666666538e+02 1.286866666666666674e+02 1.280399999999999920e+02
1.293443708609271425e+02 1.288807947019867584e+02 1.278807947019867584e+02
1.293666666666666742e+02 1.287599999999999909e+02 1.282466666666666697e+02
1.294466666666666583e+02 1.287599999999999909e+02 1.281933333333333280e+02
1.294701986754966754e+02 1.287549668874172255e+02 1.280728476821192032e+02
1.294466666666666583e+02 1.288799999999999955e+02 1.281733333333333462e+02
1.297400000000000091e+02 1.288466666666666640e+02 1.283400000000000034e+02
1.295234899328858944e+02 1.288456375838926249e+02 1.286040268456375770e+02
1.294399999999999977e+02 1.288266666666666538e+02 1.286933333333333280e+02
1.292133333333333383e+02 1.286066666666666549e+02 1.288133333333333326e+02
1.293443708609271425e+02 1.286026490066225278e+02 1.284966887417218402e+02
1.293377483443708513e+02 1.285430463576159070e+02 1.283576158940397249e+02
1.295200000000000102e+02 1.286066666666666549e+02 1.284333333333333371e+02
1.295761589403973630e+02 1.285562913907284894e+02 1.284437086092715106e+02
1.296133333333333439e+02 1.287066666666666777e+02 1.283333333333333428e+02
1.295866666666666731e+02 1.287933333333333223e+02 1.279733333333333292e+02
1.295855263157894797e+02 1.286315789473684106e+02 1.279605263157894797e+02
1.297549668874172255e+02 1.286291390728476927e+02 1.280728476821192032e+02
1.296308724832214807e+02 1.286040268456375770e+02 1.279261744966442933e+02
1.298040540540540633e+02 1.286283783783783861e+02 1.275337837837837895e+02
1.300134106709448929e+02 1.289047613538195662e+02 1.272371125406228032e+02
1.297364864864864842e+02 1.291351351351351298e+02 1.270472972972972912e+02
1.299459459459459367e+02 1.291824324324324493e+02 1.271216216216216139e+02
1.299523809523809632e+02 1.292517006802721085e+02 1.269523809523809490e+02
1.300608108108108070e+02 1.290270270270270316e+02 1.268986486486486598e+02
1.299246575342465917e+02 1.288835616438356340e+02 1.272260273972602675e+02
1.302244897959183731e+02 1.290340136054421976e+02 1.272244897959183731e+02
1.302567567567567721e+02 1.292500000000000000e+02 1.272837837837837753e+02
1.303175675675675507e+02 1.290810810810810665e+02 1.273581081081081123e+02
1.302635135135135158e+02 1.290540540540540633e+02 1.271013513513513544e+02
1.303469387755102105e+02 1.288639455782312950e+02 1.272585034013605423e+02
1.303040540540540349e+02 1.287094594594594525e+02 1.270405405405405475e+02
1.302229729729729684e+02 1.286013513513513544e+02 1.268783783783783861e+02
1.303129251700680129e+02 1.283877551020408134e+02 1.269455782312925152e+02
1.304932432432432563e+02 1.282972972972972912e+02 1.271486486486486456e+02
1.303422818791946156e+02 1.284563758389261920e+02 1.270000000000000000e+02
1.303605442176870781e+02 1.284829931972789154e+02 1.270408163265306172e+02
1.300540540540540633e+02 1.285878378378378386e+02 1.272702702702702595e+02
1.301904761904761756e+02 1.282857142857143060e+02 1.272244897959183731e+02
1.303355704697986539e+02 1.281275167785234999e+02 1.273557046979865817e+02
1.304527027027026804e+02 1.280135135135135158e+02 1.273378378378378386e+02
1.302567567567567721e+02 1.279189189189189193e+02 1.275878378378378386e+02
1.301700680272108741e+02 1.278843537414965965e+02 1.277959183673469283e+02
1.300340136054421691e+02 1.279863945578231323e+02 1.275646258503401356e+02
1.301283783783783861e+02 1.277837837837837895e+02 1.275540540540540491e+02
1.298851351351351298e+02 1.278445945945945965e+02 1.275000000000000000e+02
1.303082191780821972e+02 1.277945205479452113e+02 1.275958904109589014e+02
1.302837837837837753e+02 1.280067567567567721e+02 1.276554054054054035e+02
1.304093959731543748e+02 1.279060402684563797e+02 1.276308724832214807e+02
1.303445945945945823e+02 1.276824324324324209e+02 1.274594594594594668e+02
1.302837837837837753e+02 1.277770270270270316e+02 1.275878378378378386e+02
1.304662162162162247e+02 1.279527027027027088e+02 1.275202702702702737e+02
1.304489795918367463e+02 1.282108843537415055e+02 1.274761904761904674e+02
1.305000000000000000e+02 1.282027027027027088e+02 1.274797297297297263e+02
1.304563758389261636e+02 1.280536912751678074e+02 1.274362416107382501e+02
1.305374149659863861e+02 1.282925170068027398e+02 1.273401360544217766e+02
1.305578231292516875e+02 1.279795918367346985e+02 1.273741496598639458e+02
1.303877551020408418e+02 1.278979591836734642e+02 1.273673469387755119e+02
1.303561643835616621e+02 1.280410958904109577e+02 1.274178082191780845e+02
1.302671232876712111e+02 1.280616438356164224e+02 1.275684931506849296e+02
1.300134228187919234e+02 1.282751677852348848e+02 1.274697986577181155e+02
1.298243243243243228e+02 1.283378378378378386e+02 1.272500000000000000e+02
1.298466666666666640e+02 1.281066666666666549e+02 1.271533333333333360e+02
1.298243243243243228e+02 1.282635135135135158e+02 1.273175675675675649e+02
1.298424657534246478e+02 1.282534246575342536e+02 1.275273972602739718e+02
1.298972602739725914e+02 1.285479452054794649e+02 1.274863013698630141e+02
1.298027210884353622e+02 1.283333333333333144e+02 1.274149659863945487e+02
1.293733333333333348e+02 1.280999999999999943e+02 1.278066666666666720e+02
1.293866666666666561e+02 1.280800000000000125e+02 1.280866666666666731e+02
1.296533333333333360e+02 1.279533333333333331e+02 1.280333333333333314e+02
1.296418918918919019e+02 1.279729729729729684e+02 1.276891891891891788e+02
1.297133333333333383e+02 1.281599999999999966e+02 1.279666666666666686e+02
1.297866666666666617e+02 1.281266666666666652e+02 1.280266666666666708e+02
1.297019867549668959e+02 1.279867549668874176e+02 1.280000000000000000e+02
1.294333333333333371e+02 1.279200000000000017e+02 1.279266666666666623e+02
1.293841059602648897e+02 1.280463576158940384e+02 1.279006622516556320e+02
1.292585034013605423e+02 1.280748299319727721e+02 1.279455782312925152e+02
1.294054054054054177e+02 1.279121621621621614e+02 1.278581081081081123e+02
1.296599999999999966e+02 1.279733333333333292e+02 1.279466666666666725e+02
1.297171052631578902e+02 1.281710526315789593e+02 1.279934210526315894e+02
1.297046979865771732e+02 1.280201342281879135e+02 1.279194630872483316e+02
1.298278145695364287e+02 1.280794701986754944e+02 1.279735099337748352e+02
1.300805369127516826e+02 1.283087248322147786e+02 1.280738255033556925e+02
1.301066666666666833e+02 1.285266666666666708e+02 1.282133333333333383e+02
1.298133333333333326e+02 1.284733333333333576e+02 1.282533333333333303e+02
1.298266666666666538e+02 1.283733333333333348e+02 1.281200000000000045e+02
1.298993288590604038e+02 1.282751677852349133e+02 1.281006711409395962e+02
1.298533333333333246e+02 1.282400000000000091e+02 1.281333333333333258e+02
1.300201342281879135e+02 1.284496644295302019e+02 1.280671140939597308e+02
1.300268456375838753e+02 1.281476510067114134e+02 1.281812080536912788e+02
1.297919463087248459e+02 1.283422818791946440e+02 1.282080536912751541e+02
1.299933333333333394e+02 1.282266666666666595e+02 1.279733333333333292e+02
1.303866666666666561e+02 1.283600000000000136e+02 1.279866666666666646e+02
1.302251655629139293e+02 1.283046357615893953e+02 1.280993377483443680e+02
1.300333333333333314e+02 1.283400000000000034e+02 1.279266666666666765e+02
1.301400000000000148e+02 1.283866666666666845e+02 1.279133333333333411e+02
1.301866666666666674e+02 1.285200000000000102e+02 1.279599999999999937e+02
1.302266666666666595e+02 1.286933333333333280e+02 1.279066666666666663e+02
1.300200000000000102e+02 1.287533333333333303e+02 1.281666666666666572e+02
1.301342281879194616e+02 1.288322147651006730e+02 1.278120805369127453e+02
1.301946308724832306e+02 1.289731543624160963e+02 1.279731543624161105e+02
1.301006711409395962e+02 1.289530201342281828e+02 1.279664429530201346e+02
1.304666666666666401e+02 1.289466666666666583e+02 1.280733333333333235e+02
1.304899328859060290e+02 1.290335570469798654e+02 1.279798657718120865e+02
1.305333333333333314e+02 1.291266666666666652e+02 1.279399999999999977e+02
1.303907284768212094e+02 1.290993377483443680e+02 1.279933774834437088e+02
1.304105960264900546e+02 1.291589403973509889e+02 1.278211920529801375e+02
1.305306122448979522e+02 1.293877551020408134e+02 1.279115646258503318e+02
1.307315436241610769e+02 1.293087248322147786e+02 1.277382550335570528e+02
1.308918918918918735e+02 1.294932432432432563e+02 1.277837837837837753e+02
1.308513513513513544e+02 1.296418918918918735e+02 1.276824324324324351e+02
1.307006802721088548e+02 1.300068027210884338e+02 1.279591836734693970e+02
1.305202702702702879e+02 1.298445945945945823e+02 1.278716216216216282e+02
1.304189189189189335e+02 1.297500000000000000e+02 1.276418918918918877e+02
1.304193020074869480e+02 1.298032390266979235e+02 1.278851685589699372e+02
1.305202702702702879e+02 1.297567567567567721e+02 1.278581081081081123e+02
1.307382550335570386e+02 1.298322147651006730e+02 1.278657718120805384e+02
1.306916020006706844e+02 1.299521882532230563e+02 1.278993590863792917e+02
1.308926174496644421e+02 1.296644295302013461e+02 1.278255033557046971e+02
1.307635135135135158e+02 1.298445945945945823e+02 1.280202702702702595e+02
1.307382550335570386e+02 1.296510067114093943e+02 1.280402684563758555e+02
1.308027210884353622e+02 1.295986394557823189e+02 1.278231292517006779e+02
1.310666666666666629e+02 1.295466666666666811e+02 1.280066666666666606e+02
1.308657718120805384e+02 1.295570469798657882e+02 1.282684563758389231e+02
1.307114093959731633e+02 1.293288590604026922e+02 1.279463087248322068e+02
1.306513157894736707e+02 1.293684210526315894e+02 1.278750000000000000e+02
1.306533333333333360e+02 1.294266666666666481e+02 1.278200000000000074e+02
1.304864864864864842e+02 1.295067567567567437e+02 1.276418918918918877e+02
1.307046979865771732e+02 1.293624161073825576e+02 1.276577181208053560e+02
1.306938775510203925e+02 1.292448979591836746e+02 1.278163265306122440e+02
1.306802721088435248e+02 1.291972789115646094e+02 1.277210884353741562e+02
1.308707482993197289e+02 1.292721088435374384e+02 1.277687074829932072e+02
1.311013513513513544e+02 1.292432432432432279e+02 1.278581081081081123e+02
1.308716216216216139e+02 1.292162162162161962e+02 1.278648648648648702e+02
1.310000000000000000e+02 1.292094594594594810e+02 1.280472972972972912e+02
1.309594594594594810e+02 1.292229729729729684e+02 1.280878378378378386e+02
1.310399999999999920e+02 1.291933333333333280e+02 1.283266666666666538e+02
1.309933774834437088e+02 1.294569536423840930e+02 1.282847682119205217e+02
1.312185430463576097e+02 1.295364238410596158e+02 1.282052980132450273e+02
1.311066666666666549e+02 1.295200000000000102e+02 1.283733333333333348e+02
1.312119205298013185e+02 1.294900662251655490e+02 1.283377483443708513e+02
1.310866666666666731e+02 1.298266666666666538e+02 1.285133333333333212e+02
1.309271523178807968e+02 1.300066225165562912e+02 1.283245033112582689e+02
1.308199999999999932e+02 1.300333333333333314e+02 1.281133333333333439e+02
1.310132450331125824e+02 1.296622516556291487e+02 1.280662251655629120e+02
1.309000000000000057e+02 1.296266666666666652e+02 1.278866666666666703e+02
1.310402684563758271e+02 1.296845637583892596e+02 1.279932885906040241e+02
1.311399999999999864e+02 1.295800000000000125e+02 1.278533333333333388e+02
1.310945945945946107e+02 1.296013513513513544e+02 1.276891891891891788e+02
1.311812080536912788e+02 1.297852348993288558e+02 1.276442953020134183e+02
1.311677852348993270e+02 1.300872483221476728e+02 1.275973154362416153e+02
1.311533333333333360e+02 1.301333333333333542e+02 1.276866666666666674e+02
1.312617449664429614e+02 1.299731543624160963e+02 1.276778523489932837e+02
1.313466666666666640e+02 1.302266666666666595e+02 1.275600000000000023e+02
1.313466666666666640e+02 1.303933333333333451e+02 1.274933333333333252e+02
1.314866666666666788e+02 1.301866666666666674e+02 1.273333333333333428e+02
1.314768211920529950e+02 1.301324503311258241e+02 1.272781456953642447e+02
1.311933333333333280e+02 1.300933333333333337e+02 1.274333333333333229e+02
1.311891891891891930e+02 1.302432432432432563e+02 1.274797297297297263e+02
1.314199999999999875e+02 1.302466666666666413e+02 1.272333333333333343e+02
1.315298013245032962e+02 1.302119205298013185e+02 1.272251655629139009e+02
1.314563758389261920e+02 1.299865771812080482e+02 1.271476510067114134e+02
1.316400000000000148e+02 1.302333333333333201e+02 1.272399999999999949e+02
1.315369127516778747e+02 1.303288590604026922e+02 1.271342281879194616e+02
1.314066666666666663e+02 1.300866666666666731e+02 1.269466666666666583e+02
1.315165562913907138e+02 1.301125827814569504e+02 1.268741721854304672e+02
1.317919463087248459e+02 1.301744966442952887e+02 1.270671140939597308e+02
1.315270270270270316e+02 1.299459459459459367e+02 1.269391891891891930e+02
1.315906040268456536e+02 1.299664429530201346e+02 1.267919463087248317e+02
1.316778523489932695e+02 1.299060402684563655e+02 1.268657718120805384e+02
1.317248322147651152e+02 1.300268456375839037e+02 1.269261744966442933e+02
1.317027027027027088e+02 1.300675675675675791e+02 1.270945945945945965e+02
1.316933333333333280e+02 1.302533333333333587e+02 1.270866666666666731e+02
1.320872483221476443e+02 1.304026845637583847e+02 1.270604026845637549e+02
1.320738255033556925e+02 1.304026845637583847e+02 1.270872483221476443e+02
1.321418918918919019e+02 1.304864864864864842e+02 1.270067567567567579e+02
1.323716216216216139e+02 1.303918918918918735e+02 1.269797297297297263e+02
1.324662162162161962e+02 1.302972972972972912e+02 1.270743243243243228e+02
1.324093959731543748e+02 1.302013422818791923e+02 1.270268456375838895e+02
1.323108108108108070e+02 1.302905405405405475e+02 1.269662162162162105e+02
1.322266666666666879e+02 1.302333333333333201e+02 1.268266666666666680e+02
1.322885906040268367e+02 1.302483221476510096e+02 1.269731543624161105e+02
1.326351351351351298e+02 1.302837837837837753e+02 1.268986486486486456e+02
1.321879194630872405e+02 1.303557046979865675e+02 1.267516778523489904e+02
1.324391891891891930e+02 1.304121621621621614e+02 1.268310810810810807e+02
1.326375838926174708e+02 1.302080536912751825e+02 1.265704697986577258e+02
1.324429530201342402e+02 1.302416107382550194e+02 1.263691275167785335e+02
1.324362416107382785e+02 1.303355704697986539e+02 1.265704697986577258e+02
1.325102040816326507e+02 1.301972789115646378e+02 1.266870748299319729e+02
1.323959731543623946e+02 1.304161073825503081e+02 1.264832214765100673e+02
1.324295302013422884e+02 1.301946308724832306e+02 1.264026845637583989e+02
1.325067567567567437e+02 1.300878378378378386e+02 1.266418918918919019e+02
1.324594594594594810e+02 1.299932432432432563e+02 1.267162162162162105e+02
1.323266666666666538e+02 1.300333333333333314e+02 1.265533333333333275e+02
1.322013422818791923e+02 1.302818791946308750e+02 1.267651006711409423e+02
1.323266666666666538e+02 1.301333333333333542e+02 1.268866666666666703e+02
1.325202702702702595e+02 1.299864864864864842e+02 1.268243243243243370e+02
1.326375838926174708e+02 1.301744966442952887e+02 1.267315436241610769e+02
1.325000000000000000e+02 1.299797297297297405e+02 1.264594594594594525e+02
1.325234899328858944e+02 1.300604026845637691e+02 1.264966442953020191e+02
1.323691275167785193e+02 1.299127516778523272e+02 1.264832214765100673e+02
1.324533333333333189e+02 1.296533333333333360e+02 1.262533333333333303e+02
1.323733333333333348e+02 1.296066666666666549e+02 1.263533333333333388e+02
1.321733333333333178e+02 1.295133333333333212e+02 1.263199999999999932e+02
1.323825503355704427e+02 1.295771812080537018e+02 1.264630872483221538e+02
1.323758389261745094e+02 1.294832214765100673e+02 1.264630872483221538e+02
1.326174496644295289e+02 1.293825503355704711e+02 1.263557046979865675e+02
1.326711409395973078e+02 1.292953020134228268e+02 1.264295302013422884e+02
1.328724832214765001e+02 1.293355704697986539e+02 1.263691275167785335e+02
1.330748299319728005e+02 1.294217687074829826e+02 1.264081632653061291e+02
1.327500000000000000e+02 1.293716216216216424e+02 1.263648648648648702e+02
1.328993288590604038e+02 1.292617449664429330e+02 1.262214765100671059e+02
1.330872483221476728e+02 1.293557046979865675e+02 1.264228187919463124e+02
1.331020408163265358e+02 1.292312925170068070e+02 1.261904761904761898e+02
1.332770270270270316e+02 1.291756756756756772e+02 1.262635135135135158e+02
1.330675675675675791e+02 1.291891891891891930e+02 1.264459459459459509e+02
1.330337837837837753e+02 1.292297297297297405e+02 1.264729729729729684e+02
1.329659863945578309e+02 1.292517006802721085e+02 1.263333333333333286e+02
1.328571428571428612e+02 1.292721088435374099e+02 1.263469387755102105e+02
1.327755102040816553e+02 1.292176870748299393e+02 1.267346938775510239e+02
1.327837837837837753e+02 1.291824324324324209e+02 1.268918918918918877e+02
1.330268456375838753e+02 1.291208053691275381e+02 1.270402684563758413e+02
1.331000000000000227e+02 1.288466666666666640e+02 1.267866666666666617e+02
1.328322147651006730e+02 1.287046979865771732e+02 1.267449664429530145e+02
1.326308724832214807e+02 1.287046979865771732e+02 1.266241610738255048e+02
1.327350993377483519e+02 1.287549668874171971e+02 1.265629139072847806e+02
1.326577181208053560e+02 1.285973154362416153e+02 1.266510067114093943e+02
1.327248322147650867e+02 1.286442953020134325e+02 1.264697986577181297e+02
1.329115646258503602e+02 1.287006802721088263e+02 1.263537414965986443e+02
1.329066666666666663e+02 1.285600000000000023e+02 1.264000000000000057e+02
1.331533333333333360e+02 1.286266666666666652e+02 1.264733333333333434e+02
1.331275167785234999e+02 1.286912751677852214e+02 1.267114093959731491e+02
1.333986486486486456e+02 1.289594594594594525e+02 1.265000000000000000e+02
1.334459459459459367e+02 1.289054054054053893e+02 1.266959459459459509e+02
1.333537414965986443e+02 1.287006802721088263e+02 1.265714285714285694e+02
1.333401360544217766e+02 1.288163265306122582e+02 1.265918367346938851e+02
1.331677852348993270e+02 1.287718120805369040e+02 1.263758389261745094e+02
1.330399999999999920e+02 1.287199999999999989e+02 1.264266666666666623e+02
1.332500000000000000e+02 1.287364864864864842e+02 1.262364864864864842e+02
1.333445945945945823e+02 1.288986486486486740e+02 1.262364864864864842e+02
1.336756756756756772e+02 1.290135135135135158e+02 1.262500000000000000e+02
1.336845637583892596e+02 1.290000000000000000e+02 1.260671140939597308e+02
1.335540540540540633e+02 1.289662162162162247e+02 1.259594594594594668e+02
1.333918918918919019e+02 1.290135135135135158e+02 1.258648648648648560e+02
1.331333333333333258e+02 1.287466666666666697e+02 1.259066666666666663e+02
1.334324324324324493e+02 1.288243243243243228e+02 1.260675675675675649e+02
1.335067567567567437e+02 1.286283783783783861e+02 1.258918918918919019e+02
1.336122448979591866e+02 1.283605442176870781e+02 1.259115646258503460e+02
1.337229729729729684e+02 1.284189189189189051e+02 1.258378378378378386e+02
1.337800000000000011e+02 1.285333333333333314e+02 1.259399999999999977e+02
1.337933333333333223e+02 1.283200000000000216e+02 1.261466666666666612e+02
1.337449664429530003e+02 1.282013422818791923e+02 1.263087248322147644e+02
1.336107382550335387e+02 1.281879194630872405e+02 1.262013422818791923e+02
1.335878378378378386e+02 1.281959459459459367e+02 1.262972972972972912e+02
1.335405405405405475e+02 1.282027027027027088e+02 1.263243243243243228e+02
1.335405405405405475e+02 1.281621621621621614e+02 1.264324324324324351e+02
1.335704697986577116e+02 1.280805369127516826e+02 1.265570469798657740e+02
1.338108108108108070e+02 1.281959459459459367e+02 1.263378378378378244e+02
1.339333333333333087e+02 1.281666666666666572e+02 1.261533333333333360e+02
1.337516778523489904e+02 1.281073825503355579e+02 1.261073825503355721e+02
1.339256756756756772e+02 1.280743243243243228e+02 1.259864864864864842e+02
1.337162162162161962e+02 1.281621621621621614e+02 1.263310810810810807e+02
1.336938775510204209e+02 1.285510204081632537e+02 1.264081632653061291e+02
1.336122448979591866e+02 1.286870748299319587e+02 1.265102040816326507e+02
1.336190476190476204e+02 1.286530612244897895e+02 1.265578231292517017e+02
1.335270270270270316e+02 1.285675675675675507e+02 1.264527027027027088e+02
1.335066666666666606e+02 1.283866666666666561e+02 1.265666666666666629e+02
1.335167785234899327e+02 1.283825503355704711e+02 1.263624161073825434e+02
1.332684563758389231e+02 1.283288590604026922e+02 1.262550335570469713e+02
1.330608108108108354e+02 1.282837837837838038e+02 1.262500000000000000e+02
1.329664429530201346e+02 1.283020134228187885e+02 1.265637583892617499e+02
1.331073825503355579e+02 1.284026845637583847e+02 1.263892617449664471e+02
1.331812080536912788e+02 1.282684563758389231e+02 1.262281879194630818e+02
1.329602649006622528e+02 1.283112582781457149e+02 1.262582781456953569e+02
1.328859060402684520e+02 1.280536912751677789e+02 1.263892617449664471e+02
1.327516778523489904e+02 1.281342281879194616e+02 1.263624161073825434e+02
1.329139072847682144e+02 1.281192052980132416e+02 1.263576158940397391e+02
1.329597315436241729e+02 1.279865771812080482e+02 1.262214765100671059e+02
1.333266666666666822e+02 1.279933333333333252e+02 1.260600000000000023e+02
1.332751677852349133e+02 1.280939597315436345e+02 1.261140939597315480e+02
1.331148648648648702e+02 1.278986486486486456e+02 1.258918918918919019e+02
1.332837837837837753e+02 1.277567567567567579e+02 1.260270270270270316e+02
1.328933333333333451e+02 1.280000000000000000e+02 1.258733333333333348e+02
1.328648648648648702e+02 1.279594594594594525e+02 1.259324324324324351e+02
1.328648648648648702e+02 1.280135135135135158e+02 1.258851351351351440e+02
1.329266666666666481e+02 1.279466666666666583e+02 1.259666666666666544e+02
1.327905405405405475e+02 1.277567567567567579e+02 1.259121621621621614e+02
1.329932885906040383e+02 1.278859060402684662e+02 1.255838926174496635e+02
1.329865771812080482e+02 1.278120805369127595e+02 1.257986577181208077e+02
1.331006711409395962e+02 1.278926174496644279e+02 1.258657718120805242e+02
1.330939597315436060e+02 1.279530201342281828e+02 1.256912751677852356e+02
1.331973684210526585e+02 1.279868421052631646e+02 1.256907894736842195e+02
1.333892617449664613e+02 1.282281879194630676e+02 1.257449664429530145e+02
1.336133333333333439e+02 1.282666666666666515e+02 1.255600000000000023e+02
1.335510204081632821e+02 1.284897959183673493e+02 1.254761904761904674e+02
1.338040540540540633e+02 1.284527027027027088e+02 1.256824324324324351e+02
1.337823129251700607e+02 1.285986394557823189e+02 1.255238095238095184e+02
1.340810810810810665e+02 1.284391891891891930e+02 1.253783783783783718e+02
1.342040816326530432e+02 1.284897959183673493e+02 1.253877551020408134e+02
1.342191780821917746e+02 1.285890410958904226e+02 1.252260273972602675e+02
1.343809523809523796e+02 1.282789115646258438e+02 1.251292517006802711e+02
1.343605442176870781e+02 1.284421768707482840e+02 1.249523809523809490e+02
1.342176870748299109e+02 1.284557823129251517e+02 1.252789115646258438e+02
1.341959459459459367e+02 1.284459459459459367e+02 1.252500000000000000e+02
1.342448979591836746e+02 1.283265306122449090e+02 1.248911564625850303e+02
1.342176870748299109e+02 1.283537414965986443e+02 1.249387755102040813e+02
1.340405405405405475e+02 1.283513513513513544e+02 1.250270270270270316e+02
1.337823129251700607e+02 1.281904761904762040e+02 1.250272108843537353e+02
1.338299319727891259e+02 1.282857142857142776e+02 1.253197278911564609e+02
1.336979865771812115e+02 1.284295302013422599e+02 1.255302013422818845e+02
1.336824324324324493e+02 1.283648648648648702e+02 1.255675675675675649e+02
1.335608108108108354e+02 1.283445945945945823e+02 1.253783783783783718e+02
1.337482993197278915e+02 1.283265306122449090e+02 1.253061224489795933e+02
1.337315436241610769e+02 1.284093959731543748e+02 1.253825503355704569e+02
1.337162162162161962e+02 1.283648648648648702e+02 1.254729729729729826e+02
1.337567567567567721e+02 1.281486486486486456e+02 1.254662162162162247e+02
1.335200000000000102e+02 1.280733333333333519e+02 1.253333333333333286e+02
1.334391891891891930e+02 1.279729729729729684e+02 1.257094594594594668e+02
1.335302013422818845e+02 1.280335570469798654e+02 1.256510067114093943e+02
1.333624161073825292e+02 1.278389261744966490e+02 1.254429530201342402e+02
1.333445945945945823e+02 1.276756756756756772e+02 1.255202702702702737e+02
1.331946308724832306e+02 1.275637583892617499e+02 1.255033557046979951e+02
1.333066666666666436e+02 1.275333333333333456e+02 1.254533333333333331e+02
1.333881578947368496e+02 1.274736842105263150e+02 1.253947368421052602e+02
1.330952380952381020e+02 1.274557823129251659e+02 1.252108843537414913e+02
1.328513513513513544e+02 1.274256756756756772e+02 1.252770270270270316e+02
1.330738255033557209e+02 1.272147651006711300e+02 1.252550335570469713e+02
1.331904761904761756e+02 1.272380952380952408e+02 1.254149659863945487e+02
1.331564625850340349e+02 1.272653061224489761e+02 1.253537414965986301e+02
1.329659863945578309e+02 1.273401360544217624e+02 1.253945578231292473e+02
1.330743243243243512e+02 1.272770270270270316e+02 1.254189189189189193e+02
1.330884353741496682e+02 1.270612244897959187e+02 1.253741496598639458e+02
1.329797297297297121e+02 1.271486486486486598e+02 1.253378378378378386e+02
1.328993288590604038e+02 1.269463087248322211e+02 1.255906040268456394e+02
1.328243243243243228e+02 1.268783783783783718e+02 1.255202702702702737e+02
1.329729729729729684e+02 1.266148648648648560e+02 1.255067567567567579e+02
1.328639455782312950e+02 1.265986394557823047e+02 1.256054421768707527e+02
1.328456375838925965e+02 1.265369127516778462e+02 1.256174496644295289e+02
1.326778523489932979e+02 1.264429530201342260e+02 1.253221476510067021e+02
1.325675675675675791e+02 1.262364864864864984e+02 1.254189189189189193e+02
1.327229729729729684e+02 1.263040540540540491e+02 1.255945945945945965e+02
1.328581081081080981e+02 1.264594594594594668e+02 1.257837837837837895e+02
1.327482993197278915e+02 1.264625850340135997e+02 1.257346938775510239e+02
1.326092715231787906e+02 1.264370860927152336e+02 1.257880794701986815e+02
1.325600000000000023e+02 1.264399999999999977e+02 1.257133333333333240e+02
1.325906040268456252e+02 1.263355704697986681e+02 1.256510067114093943e+02
1.326778523489932979e+02 1.263825503355704711e+02 1.255771812080536876e+02
1.328027210884353906e+02 1.262585034013605423e+02 1.255918367346938709e+02
1.328040540540540633e+02 1.261824324324324209e+02 1.256554054054054177e+02
1.326824324324324493e+02 1.260405405405405475e+02 1.256891891891891930e+02
1.327297297297297121e+02 1.258378378378378386e+02 1.256756756756756772e+02
1.324459459459459651e+02 1.257297297297297263e+02 1.254797297297297263e+02
1.322517006802721085e+02 1.260068027210884338e+02 1.254693877551020336e+02
1.323243243243243228e+02 1.261621621621621614e+02 1.253310810810810807e+02
1.325298013245033246e+02 1.260662251655629262e+02 1.249735099337748352e+02
1.325675675675675791e+02 1.258851351351351298e+02 1.250000000000000000e+02
1.323716216216216139e+02 1.259797297297297263e+02 1.249256756756756772e+02
1.322567567567567437e+02 1.262229729729729826e+02 1.251013513513513544e+02
1.321891891891891930e+02 1.259054054054054035e+02 1.251891891891891930e+02
1.320540540540540633e+02 1.258445945945945965e+02 1.250067567567567579e+02
1.318707482993197289e+02 1.259455782312925152e+02 1.248503401360544132e+02
1.320000000000000000e+02 1.259395973154362451e+02 1.249463087248322211e+02
1.317229729729729968e+02 1.260270270270270316e+02 1.249189189189189193e+02
1.318133333333333326e+02 1.257133333333333383e+02 1.247533333333333445e+02
1.315067567567567437e+02 1.256756756756756772e+02 1.247972972972973054e+02
1.314421768707483125e+02 1.253265306122449090e+02 1.248979591836734642e+02
1.315337837837837753e+02 1.253716216216216282e+02 1.250675675675675649e+02
1.314797297297297405e+02 1.253310810810810807e+02 1.250270270270270316e+02
1.315135135135135158e+02 1.253175675675675791e+02 1.248986486486486456e+02
1.315646258503401498e+02 1.251972789115646236e+02 1.251156462585034035e+02
1.316095890410958873e+02 1.249315068493150704e+02 1.250273972602739718e+02
1.316598639455782234e+02 1.249727891156462647e+02 1.250816326530612201e+02
1.320000000000000000e+02 1.247534246575342394e+02 1.251369863013698591e+02
1.320204081632653015e+02 1.246326530612244881e+02 1.249659863945578167e+02
1.320275862068965580e+02 1.246827586206896541e+02 1.252758620689655231e+02
1.324285714285714164e+02 1.246802721088435391e+02 1.253605442176870781e+02
1.324589041095890423e+02 1.247876712328767042e+02 1.253630136986301409e+02
1.324557823129251517e+02 1.245170068027210846e+02 1.256190476190476204e+02
1.324149659863945487e+02 1.245034013605442169e+02 1.256598639455782234e+02
1.325306122448979806e+02 1.245714285714285694e+02 1.255646258503401356e+02
1.325068493150684787e+02 1.246506849315068592e+02 1.252328767123287747e+02
1.324217687074830110e+02 1.245442176870748341e+02 1.252721088435374099e+02
1.323986486486486456e+02 1.245405405405405332e+02 1.253513513513513544e+02
1.322972972972972912e+02 1.247770270270270174e+02 1.253445945945945965e+02
1.324951944838158795e+02 1.248646658274771681e+02 1.253488616427629836e+02
1.322416107382550479e+02 1.246778523489932837e+02 1.253825503355704569e+02
1.320202702702702595e+02 1.246756756756756772e+02 1.255675675675675649e+02
1.319391891891891930e+02 1.247027027027027088e+02 1.253716216216216139e+02
1.318243277176642607e+02 1.246450581351108724e+02 1.252703491911305775e+02
1.318636616068122862e+02 1.244670408266298693e+02 1.253937754211726769e+02
1.319447193865001964e+02 1.246359112009796917e+02 1.249614672628371324e+02
1.320055127212661432e+02 1.246629304608756570e+02 1.251978857869268751e+02
1.321338542057719962e+02 1.247304786106156058e+02 1.251033183772909751e+02
1.324310660646277142e+02 1.247777623154335345e+02 1.252519243067188199e+02
1.321541186506939880e+02 1.248453104651734833e+02 1.250560346724730323e+02
1.322639693662797811e+02 1.248986695212324918e+02 1.248456069751844382e+02
1.322621956902778777e+02 1.248858393550174384e+02 1.248804094831491938e+02
1.323007027195665728e+02 1.250207905309774929e+02 1.251093210214734626e+02
1.321541186506939880e+02 1.248723297250694486e+02 1.252721887516408117e+02
1.321699051135075820e+02 1.247815768807280108e+02 1.251663873506266356e+02
1.321551575462627852e+02 1.247626547462112541e+02 1.252536513002481087e+02
1.319659863945578024e+02 1.248367346938775597e+02 1.250816326530612201e+02
1.319523809523809348e+02 1.247619047619047592e+02 1.250408163265306030e+02
1.320531464649968711e+02 1.247830569624644426e+02 1.250224261827120245e+02
1.319239324287267152e+02 1.248102599174686986e+02 1.249408173176992989e+02
1.318559250412160964e+02 1.248374628724729263e+02 1.252400498227459877e+02
1.320325319811621227e+02 1.250682193593152505e+02 1.252451694917448464e+02
1.321279545912585434e+02 1.251230939000175226e+02 1.250428283989652130e+02
1.319514742014742126e+02 1.251425223240291729e+02 1.251978857869268751e+02
1.319239324287267152e+02 1.253203153237982974e+02 1.250156254439609711e+02
1.318783783783783576e+02 1.255270270270270316e+02 1.249324324324324209e+02
1.319316798307690135e+02 1.254569084904655369e+02 1.249214548235401594e+02
1.321329650428403966e+02 1.256179366601226661e+02 1.248073932033663596e+02
1.320658699721499261e+02 1.255642606035702897e+02 1.246866220761235127e+02
1.320055412937394408e+02 1.256399500450981890e+02 1.247980018039270078e+02
1.320725794792189731e+02 1.257588363085726542e+02 1.248342312316425335e+02
1.320599472037479245e+02 1.258099685138747077e+02 1.245463744701377351e+02
1.320121939155975497e+02 1.259399929994368961e+02 1.245457224276735246e+02
1.320054844085285310e+02 1.259735405347821455e+02 1.245524319347425717e+02
1.320604026845637406e+02 1.260805369127516826e+02 1.246375838926174566e+02
1.320810810810810949e+02 1.260945945945945965e+02 1.246081081081081123e+02
1.322554408753038899e+02 1.261422349401801455e+02 1.246777650339294325e+02
1.322554408753038899e+02 1.262840860546339883e+02 1.245899524392675062e+02
1.321732220852546789e+02 1.262955968740963897e+02 1.245054653852592565e+02
1.322266666666666879e+02 1.261933333333333422e+02 1.244666666666666686e+02
1.322066666666666492e+02 1.262333333333333343e+02 1.245333333333333314e+02
1.323837823598097714e+02 1.264732208739058024e+02 1.244953850296316062e+02
1.324214738468094197e+02 1.264566250437535189e+02 1.245993984842258868e+02
1.323543787761189776e+02 1.264297870154773165e+02 1.246732030619854186e+02
1.324986517552034968e+02 1.264202559801180428e+02 1.246087188567878172e+02
1.324407885738073674e+02 1.267484704615211939e+02 1.246075811188972864e+02
1.324310660646277142e+02 1.267299038429175368e+02 1.247047842938253979e+02
1.324013453256022501e+02 1.267585528618606219e+02 1.246195270054330422e+02
1.328160905181453018e+02 1.268447356974754285e+02 1.245359139194755613e+02
1.325053690293416082e+02 1.269730771819812958e+02 1.244413465098396472e+02
1.326510067114093943e+02 1.270469798657718172e+02 1.246040268456375912e+02
1.327282779234834322e+02 1.272432697809410200e+02 1.247520679986433407e+02
1.327350327384573632e+02 1.273108179306809546e+02 1.248263709633572631e+02
1.326404653288215059e+02 1.273986305253428526e+02 1.247655776285913163e+02
1.324783497694456571e+02 1.273378371905769058e+02 1.246642554039814428e+02
1.327012586635874527e+02 1.276215394194846198e+02 1.248398805933052387e+02
1.327837872285379603e+02 1.276509173020438652e+02 1.249684213730234745e+02
1.328025808881973262e+02 1.276620683093285749e+02 1.249209383729931773e+02
1.326269556988735303e+02 1.276485586793805993e+02 1.249141835580191753e+02
1.325200000000000102e+02 1.275799999999999983e+02 1.247933333333333223e+02
1.325405405405405475e+02 1.275472972972972912e+02 1.247905405405405475e+02
1.326308724832214807e+02 1.277651006711409423e+02 1.246778523489932837e+02
1.325067567567567437e+02 1.278175675675675649e+02 1.247972972972973054e+02
1.324362416107382785e+02 1.278590604026845625e+02 1.247785234899328799e+02
1.324429530201342402e+02 1.276442953020134183e+02 1.245100671140939568e+02
