1.268344370860927199e+02 1.283576158940397249e+02 1.266622516556291345e+02
1.273866666666666703e+02 1.284466666666666583e+02 1.269266666666666623e+02
1.273006535947712479e+02 1.289738562091503127e+02 1.266732026143790790e+02
1.269342105263157947e+02 1.288223684210526301e+02 1.263881578947368354e+02
1.271986754966887361e+02 1.284172185430463458e+02 1.262847682119205359e+02
1.267733333333333263e+02 1.285533333333333417e+02 1.262533333333333303e+02
1.269337748344370880e+02 1.292185430463576097e+02 1.266688741721854257e+02
1.272416107382550337e+02 1.290402684563758271e+02 1.262281879194630818e+02
1.266333333333333400e+02 1.290466666666666526e+02 1.262066666666666634e+02
1.265328947368421098e+02 1.291052631578947398e+02 1.267434210526315752e+02
1.267947019867549727e+02 1.294304635761589282e+02 1.272185430463576097e+02
1.265228758169934622e+02 1.296013071895424957e+02 1.270849673202614412e+02
1.264466666666666725e+02 1.297333333333333201e+02 1.269599999999999937e+02
1.266038961038961048e+02 1.303116883116883002e+02 1.266103896103896034e+02
1.258599999999999994e+02 1.306466666666666754e+02 1.265799999999999983e+02
1.255466666666666669e+02 1.305999999999999943e+02 1.263266666666666680e+02
1.251258278145695328e+02 1.307947019867549727e+02 1.259337748344370880e+02
1.251148648648648702e+02 1.307567567567567437e+02 1.259864864864864842e+02
1.250196078431372513e+02 1.308562091503268050e+02 1.258169934640522882e+02
1.251133333333333297e+02 1.311866666666666674e+02 1.257000000000000028e+02
1.249271523178807968e+02 1.308940397350993408e+02 1.261655629139072801e+02
1.255855263157894797e+02 1.310986842105263293e+02 1.261381578947368354e+02
1.258322580645161253e+02 1.311741935483871089e+02 1.266774193548387046e+02
1.258741721854304672e+02 1.305364238410596158e+02 1.267019867549668817e+02
1.258599999999999994e+02 1.301999999999999886e+02 1.273333333333333286e+02
1.259470198675496704e+02 1.297615894039735167e+02 1.274039735099337776e+02
1.260132450331125824e+02 1.299602649006622528e+02 1.279205298013245056e+02
1.256447368421052602e+02 1.296250000000000000e+02 1.279210526315789451e+02
1.257763157894736850e+02 1.291118421052631504e+02 1.281710526315789593e+02
1.253552631578947398e+02 1.294736842105263293e+02 1.282500000000000000e+02
1.254965986394557831e+02 1.295782312925170174e+02 1.284217687074829826e+02
1.257483870967741950e+02 1.292645161290322449e+02 1.286258064516129025e+02
1.259006622516556320e+02 1.286158940397351103e+02 1.288079470198675551e+02
1.261307189542483655e+02 1.283071895424836555e+02 1.283529411764705799e+02
1.260600000000000023e+02 1.284266666666666765e+02 1.282666666666666799e+02
1.263933333333333309e+02 1.287066666666666777e+02 1.280000000000000000e+02
1.265394736842105203e+02 1.285263157894736707e+02 1.274934210526315752e+02
1.264117647058823479e+02 1.283137254901960773e+02 1.265882352941176521e+02
1.263157894736842053e+02 1.278815789473684248e+02 1.260789473684210549e+02
1.265666666666666629e+02 1.278666666666666600e+02 1.254866666666666646e+02
1.270326797385620949e+02 1.285620915032679648e+02 1.246013071895424815e+02
1.270675675675675649e+02 1.285067567567567437e+02 1.245000000000000000e+02
1.261200000000000045e+02 1.284266666666666765e+02 1.243933333333333309e+02
1.258815789473684248e+02 1.284605263157894797e+02 1.243552631578947398e+02
1.262847682119205359e+02 1.282913907284768129e+02 1.246490066225165521e+02
1.271059602649006592e+02 1.285298013245033246e+02 1.258211920529801375e+02
1.270129870129870113e+02 1.283766233766233711e+02 1.262857142857142918e+02
1.276666666666666714e+02 1.280392156862745026e+02 1.266535947712418277e+02
1.278750000000000000e+02 1.281973684210526301e+02 1.264342105263157947e+02
1.282450331125827745e+02 1.285033112582781598e+02 1.261986754966887361e+02
1.279363057324840725e+02 1.282611464968152859e+02 1.257834394904458577e+02
1.279013157894736850e+02 1.284013157894736707e+02 1.254078947368421098e+02
1.280131578947368496e+02 1.279539473684210549e+02 1.256184210526315752e+02
1.277933333333333366e+02 1.280266666666666708e+02 1.256933333333333280e+02
1.277417218543046289e+02 1.281655629139072801e+02 1.259867549668874176e+02
1.279668874172185440e+02 1.279735099337748352e+02 1.260794701986754944e+02
1.279605263157894797e+02 1.281578947368421098e+02 1.258355263157894797e+02
1.277814569536423903e+02 1.279867549668874176e+02 1.252582781456953711e+02
1.279533333333333331e+02 1.280466666666666526e+02 1.255666666666666629e+02
1.286052631578947398e+02 1.282171052631578902e+02 1.256644736842105203e+02
1.287483443708609343e+02 1.288145695364238463e+02 1.250596026490066208e+02
1.288627450980392268e+02 1.287254901960784252e+02 1.250065359477124218e+02
1.292214765100671059e+02 1.293355704697986539e+02 1.252013422818791923e+02
1.291192052980132416e+02 1.290662251655629120e+02 1.249602649006622528e+02
1.290810810810810949e+02 1.285945945945945823e+02 1.245675675675675649e+02
1.290662251655629120e+02 1.284834437086092578e+02 1.251258278145695328e+02
1.292052980132450273e+02 1.282052980132450273e+02 1.252980132450331183e+02
1.293666666666666742e+02 1.282533333333333303e+02 1.257199999999999989e+02
1.298410596026490111e+02 1.281390728476821153e+02 1.257880794701986815e+02
1.297302631578947398e+02 1.281250000000000000e+02 1.259539473684210549e+02
1.303790849673202672e+02 1.285555555555555429e+02 1.258169934640522882e+02
1.305099337748344510e+02 1.288211920529801375e+02 1.254701986754966896e+02
1.308733333333333348e+02 1.284399999999999977e+02 1.257133333333333383e+02
1.308145695364238463e+02 1.280794701986754944e+02 1.262715231788079535e+02
1.309671052631578902e+02 1.279144736842105203e+02 1.264473684210526301e+02
1.313466666666666640e+02 1.279266666666666623e+02 1.272333333333333343e+02
1.312147651006711442e+02 1.280067114093959617e+02 1.280402684563758271e+02
1.307549668874172255e+02 1.280066225165562912e+02 1.280596026490066208e+02
1.305496688741721982e+02 1.286092715231788191e+02 1.280860927152317856e+02
1.305637583892617499e+02 1.287919463087248459e+02 1.279328859060402692e+02
1.305163398692810404e+02 1.285424836601307277e+02 1.276666666666666714e+02
1.304743589743589780e+02 1.287756410256410220e+02 1.276666666666666714e+02
1.303288590604026922e+02 1.288120805369127595e+02 1.277046979865771874e+02
1.300866666666666731e+02 1.286466666666666754e+02 1.280800000000000125e+02
1.298026315789473699e+02 1.288684210526315894e+02 1.281381578947368496e+02
1.296953642384106047e+02 1.288543046357615935e+02 1.282516556291390657e+02
1.292715231788079393e+02 1.289072847682119232e+02 1.287682119205298079e+02
1.291216216216216139e+02 1.283851351351351298e+02 1.291621621621621614e+02
1.288933333333333451e+02 1.285133333333333212e+02 1.295399999999999920e+02
1.288300653594771177e+02 1.288039215686274588e+02 1.293267973856209210e+02
1.287189542483660034e+02 1.287385620915032689e+02 1.292875816993464184e+02
1.286013513513513544e+02 1.286554054054054177e+02 1.295270270270270316e+02
1.281250000000000000e+02 1.292171052631578902e+02 1.299144736842105203e+02
1.277549668874172255e+02 1.289536423841059616e+02 1.303774834437085985e+02
1.275986842105263150e+02 1.290723684210526301e+02 1.299210526315789593e+02
1.273841059602649040e+02 1.289072847682119232e+02 1.303112582781456865e+02
1.271895424836601336e+02 1.289477124183006538e+02 1.303006535947712337e+02
1.267483443708609201e+02 1.288476821192053023e+02 1.302913907284768129e+02
1.267162162162162105e+02 1.284459459459459367e+02 1.309121621621621614e+02
1.267662337662337677e+02 1.279805194805194759e+02 1.310389610389610482e+02
1.266533333333333360e+02 1.280266666666666708e+02 1.312933333333333223e+02
1.268145695364238463e+02 1.279403973509933792e+02 1.314966887417218402e+02
1.267947019867549727e+02 1.277682119205298079e+02 1.312450331125827745e+02
1.266418918918918877e+02 1.274594594594594525e+02 1.312770270270270316e+02
1.266912751677852356e+02 1.269395973154362451e+02 1.310067114093959617e+02
1.265131578947368354e+02 1.263618421052631646e+02 1.300657894736842195e+02
1.258933333333333309e+02 1.264533333333333331e+02 1.295933333333333337e+02
1.259459459459459509e+02 1.264121621621621614e+02 1.295067567567567437e+02
1.253921568627450966e+02 1.263594771241830017e+02 1.295490196078431495e+02
1.249735099337748352e+02 1.266953642384105905e+02 1.293642384105960161e+02
1.247919463087248317e+02 1.266577181208053702e+02 1.291342281879194616e+02
1.243092105263157947e+02 1.270065789473684248e+02 1.287368421052631504e+02
1.240536912751677789e+02 1.275369127516778462e+02 1.289395973154362309e+02
1.231933333333333280e+02 1.277933333333333366e+02 1.287666666666666799e+02
1.235096774193548441e+02 1.277225806451612868e+02 1.291161290322580726e+02
1.237894736842105203e+02 1.278026315789473699e+02 1.293421052631578902e+02
1.236266666666666652e+02 1.275333333333333314e+02 1.298333333333333428e+02
1.233809523809523796e+02 1.270476190476190510e+02 1.298367346938775597e+02
1.237236842105263150e+02 1.274342105263157947e+02 1.302368421052631504e+02
1.235761589403973488e+02 1.269139072847682144e+02 1.302450331125827745e+02
1.232483660130719016e+02 1.266078431372549034e+02 1.300261437908496873e+02
1.232903225806451672e+02 1.265935483870967744e+02 1.302258064516128968e+02
1.228799999999999955e+02 1.262333333333333343e+02 1.307133333333333383e+02
1.230198675496688736e+02 1.262649006622516623e+02 1.308543046357615935e+02
1.230993377483443680e+02 1.257086092715231729e+02 1.313443708609271425e+02
1.232236842105263150e+02 1.259144736842105203e+02 1.313618421052631504e+02
1.230705128205128176e+02 1.262307692307692264e+02 1.310705128205128176e+02
1.236274509803921546e+02 1.260326797385620949e+02 1.311176470588235361e+02
1.238266666666666680e+02 1.259933333333333394e+02 1.309333333333333371e+02
1.237945205479452113e+02 1.260616438356164366e+02 1.316849315068493240e+02
1.235496688741721840e+02 1.265827814569536400e+02 1.318145695364238463e+02
1.236291390728476784e+02 1.271456953642384065e+02 1.320927152317880768e+02
1.235302013422818845e+02 1.272483221476510096e+02 1.319664429530201346e+02
1.236291390728476784e+02 1.273046357615894095e+02 1.312715231788079393e+02
1.236052631578947398e+02 1.265723684210526301e+02 1.314736842105263293e+02
1.231466666666666612e+02 1.259200000000000017e+02 1.320266666666666708e+02
1.230134228187919518e+02 1.258993288590604038e+02 1.322483221476510096e+02
1.229127516778523557e+02 1.258724832214765144e+02 1.318255033557047113e+02
1.225000000000000000e+02 1.258815789473684248e+02 1.319078947368421098e+02
1.227748344370860991e+02 1.260728476821192032e+02 1.316556291390728575e+02
1.226298701298701275e+02 1.264285714285714306e+02 1.309090909090909065e+02
1.219605263157894797e+02 1.265328947368421098e+02 1.303947368421052602e+02
1.218831168831168839e+02 1.264935064935064872e+02 1.297922077922077904e+02
1.218496732026143832e+02 1.271633986928104605e+02 1.297320261437908471e+02
1.213557046979865817e+02 1.270872483221476443e+02 1.298255033557047113e+02
1.218466666666666640e+02 1.266666666666666714e+02 1.295466666666666526e+02
1.219281045751634025e+02 1.273202614379084991e+02 1.292810457516339966e+02
1.229133333333333269e+02 1.274466666666666725e+02 1.292533333333333303e+02
1.225098039215686327e+02 1.275359477124183059e+02 1.293529411764705799e+02
1.227382550335570528e+02 1.274966442953020191e+02 1.290805369127516826e+02
1.232352941176470580e+02 1.279738562091503269e+02 1.287973856209150370e+02
1.226225165562913872e+02 1.277350993377483377e+02 1.285960264900662366e+02
1.224295302013422884e+02 1.274630872483221538e+02 1.284697986577181155e+02
1.221973684210526301e+02 1.273947368421052602e+02 1.285000000000000000e+02
1.223199999999999932e+02 1.278733333333333348e+02 1.286066666666666549e+02
1.222266666666666737e+02 1.283666666666666742e+02 1.282800000000000011e+02
1.221381578947368354e+02 1.283421052631578902e+02 1.283092105263157805e+02
1.222147651006711442e+02 1.284832214765100673e+02 1.279664429530201346e+02
1.225771812080536876e+02 1.280604026845637691e+02 1.275033557046979809e+02
1.230838709677419303e+02 1.279677419354838719e+02 1.270709677419354904e+02
1.230844155844155807e+02 1.277012987012986969e+02 1.265389610389610340e+02
1.234407894736842053e+02 1.279013157894736850e+02 1.266776315789473699e+02
1.238216560509554114e+02 1.283439490445859974e+02 1.264840764331210181e+02
1.231933333333333280e+02 1.274000000000000057e+02 1.267533333333333303e+02
1.231710526315789451e+02 1.280197368421052602e+02 1.260723684210526301e+02
1.233443708609271567e+02 1.286026490066225278e+02 1.255827814569536400e+02
1.235165562913907280e+02 1.283377483443708513e+02 1.256887417218542993e+02
1.235199999999999960e+02 1.282400000000000091e+02 1.259000000000000057e+02
1.238750000000000000e+02 1.283552631578947398e+02 1.261907894736842053e+02
1.242066666666666634e+02 1.284199999999999875e+02 1.263933333333333309e+02
1.242617449664429472e+02 1.290268456375839037e+02 1.257986577181208077e+02
1.236845637583892596e+02 1.293154362416107404e+02 1.258859060402684520e+02
1.239084967320261370e+02 1.298627450980392268e+02 1.261045751633986924e+02
1.247647058823529420e+02 1.303398692810457646e+02 1.261503267973856168e+02
1.248333333333333286e+02 1.299399999999999977e+02 1.258333333333333286e+02
1.249729729729729684e+02 1.297094594594594525e+02 1.258581081081081123e+02
1.247814569536423903e+02 1.294370860927152194e+02 1.260264900662251648e+02
1.247254901960784252e+02 1.292614379084967311e+02 1.263267973856209210e+02
1.244503311258278160e+02 1.296953642384106047e+02 1.261721854304635713e+02
1.248466666666666640e+02 1.296733333333333462e+02 1.264533333333333331e+02
1.251111111111111143e+02 1.295424836601307277e+02 1.264705882352941160e+02
1.247697368421052602e+02 1.301907894736842195e+02 1.265986842105263150e+02
1.247894736842105203e+02 1.300000000000000000e+02 1.265065789473684248e+02
1.246466666666666612e+02 1.299133333333333269e+02 1.266266666666666652e+02
1.247583892617449663e+02 1.297785234899328941e+02 1.267785234899328799e+02
1.254220779220779178e+02 1.296428571428571388e+02 1.266103896103896034e+02
1.253576158940397391e+02 1.298410596026490111e+02 1.265827814569536400e+02
1.252297297297297263e+02 1.299256756756756772e+02 1.264121621621621614e+02
1.251933333333333280e+02 1.299266666666666765e+02 1.262333333333333343e+02
1.254276315789473699e+02 1.304342105263157805e+02 1.264407894736842053e+02
1.257254901960784252e+02 1.309215686274509665e+02 1.258366013071895395e+02
1.256907894736842053e+02 1.314407894736842195e+02 1.254802631578947398e+02
1.253355263157894797e+02 1.314671052631578902e+02 1.252763157894736850e+02
1.247284768211920465e+02 1.317947019867549727e+02 1.259668874172185440e+02
1.241476510067114134e+02 1.319597315436241729e+02 1.260067114093959759e+02
1.240980392156862706e+02 1.323660130718954235e+02 1.258692810457516345e+02
1.244172185430463600e+02 1.329072847682119232e+02 1.263509933774834479e+02
1.243666666666666600e+02 1.334133333333333269e+02 1.266400000000000006e+02
1.240743243243243228e+02 1.337770270270270316e+02 1.266418918918918877e+02
1.241854304635761537e+02 1.344370860927152194e+02 1.266622516556291345e+02
1.243790849673202672e+02 1.340196078431372655e+02 1.266535947712418277e+02
1.245999999999999943e+02 1.340999999999999943e+02 1.271599999999999966e+02
1.249931506849315070e+02 1.338630136986301409e+02 1.269589041095890423e+02
1.253533333333333388e+02 1.339933333333333394e+02 1.266066666666666691e+02
1.251842105263157947e+02 1.342631578947368496e+02 1.266184210526315752e+02
1.250264900662251648e+02 1.340463576158940384e+02 1.270397350993377472e+02
1.249415584415584419e+02 1.336363636363636260e+02 1.272597402597402549e+02
1.249251700680272137e+02 1.331836734693877418e+02 1.278707482993197289e+02
1.249019607843137294e+02 1.333333333333333428e+02 1.277516339869280984e+02
1.246274509803921546e+02 1.331633986928104605e+02 1.278954248366013076e+02
1.244897959183673493e+02 1.331564625850340065e+02 1.281292517006802711e+02
1.241012658227848107e+02 1.332594936708860871e+02 1.283987341772152035e+02
1.238888888888888857e+02 1.333986928104575043e+02 1.281633986928104605e+02
1.237666666666666657e+02 1.333799999999999955e+02 1.282599999999999909e+02
1.239066666666666663e+02 1.329333333333333371e+02 1.283133333333333326e+02
1.237987012987013031e+02 1.330389610389610482e+02 1.287142857142857224e+02
1.238333333333333286e+02 1.333933333333333451e+02 1.282666666666666799e+02
1.232875816993464042e+02 1.335620915032679648e+02 1.287385620915032689e+02
1.233866666666666703e+02 1.336733333333333462e+02 1.288000000000000114e+02
1.233270440251572353e+02 1.336415094339622556e+02 1.286603773584905639e+02
1.232941176470588260e+02 1.339084967320261512e+02 1.292810457516339966e+02
1.231161290322580584e+02 1.337870967741935431e+02 1.298000000000000114e+02
1.229346405228758101e+02 1.333921568627451109e+02 1.294575163398692723e+02
1.229870129870129887e+02 1.336623376623376487e+02 1.297662337662337677e+02
1.231342281879194616e+02 1.339530201342281828e+02 1.296778523489932979e+02
1.231372549019607874e+02 1.338366013071895395e+02 1.297058823529411882e+02
1.234934210526315752e+02 1.344210526315789593e+02 1.298421052631578902e+02
1.234870129870129887e+02 1.346428571428571388e+02 1.294155844155844193e+02
1.238888888888888857e+02 1.338366013071895395e+02 1.296405228758169983e+02
1.236315789473684248e+02 1.338092105263157805e+02 1.297894736842105203e+02
1.234834437086092720e+02 1.341523178807946977e+02 1.299205298013245056e+02
1.230463576158940384e+02 1.344238410596026370e+02 1.301589403973509889e+02
1.234399999999999977e+02 1.344199999999999875e+02 1.302599999999999909e+02
1.229868421052631646e+02 1.342171052631578902e+02 1.304276315789473699e+02
1.227272727272727337e+02 1.345974025974026063e+02 1.305064935064935128e+02
1.221589403973509889e+02 1.342119205298013185e+02 1.305761589403973630e+02
1.213225806451612954e+02 1.347419354838709751e+02 1.304709677419354819e+02
1.214350649350649292e+02 1.342597402597402549e+02 1.306233766233766289e+02
1.215430463576158928e+02 1.348476821192053023e+02 1.303841059602648897e+02
1.219936305732484101e+02 1.352420382165605020e+02 1.303821656050955369e+02
1.219551282051282044e+02 1.354038461538461604e+02 1.305769230769230660e+02
1.221184210526315752e+02 1.357894736842105203e+02 1.305657894736842195e+02
1.219139072847682144e+02 1.356953642384106047e+02 1.304635761589403842e+02
1.213653846153846132e+02 1.350320512820512704e+02 1.305961538461538396e+02
1.213733333333333348e+02 1.346599999999999966e+02 1.307400000000000091e+02
1.215389610389610340e+02 1.346883116883116998e+02 1.316363636363636260e+02
1.222828947368421098e+02 1.354473684210526301e+02 1.314736842105263293e+02
1.221290322580645125e+02 1.355096774193548299e+02 1.312064516129032370e+02
1.222384105960264833e+02 1.359801324503311264e+02 1.314768211920529666e+02
1.223046357615894095e+02 1.359072847682119232e+02 1.316688741721854399e+02
1.222307692307692264e+02 1.358333333333333428e+02 1.321089743589743648e+02
1.229459459459459509e+02 1.360945945945945823e+02 1.319459459459459367e+02
1.226776315789473699e+02 1.364013157894736707e+02 1.320197368421052602e+02
1.227733333333333263e+02 1.359199999999999875e+02 1.321599999999999966e+02
1.231360544217687050e+02 1.362653061224489761e+02 1.323333333333333428e+02
1.236066666666666691e+02 1.364266666666666765e+02 1.321066666666666549e+02
1.234863013698630141e+02 1.364726027397260282e+02 1.324109589041095774e+02
1.236148648648648702e+02 1.368648648648648702e+02 1.325000000000000000e+02
1.235973154362416153e+02 1.372348993288590577e+02 1.325503355704697981e+02
1.232960526315789451e+02 1.371315789473684106e+02 1.319276315789473699e+02
1.234765100671140914e+02 1.372818791946308750e+02 1.324697986577181155e+02
1.232875816993464042e+02 1.367385620915032689e+02 1.323398692810457646e+02
1.237697368421052602e+02 1.365789473684210407e+02 1.323421052631578902e+02
1.237549668874172255e+02 1.361920529801324449e+02 1.319668874172185440e+02
1.239605263157894797e+02 1.363684210526315894e+02 1.318223684210526301e+02
1.237682119205298079e+02 1.370927152317880768e+02 1.311920529801324449e+02
1.233552631578947398e+02 1.372565789473684106e+02 1.308157894736842195e+02
1.236193548387096826e+02 1.369032258064516157e+02 1.307354838709677551e+02
1.230733333333333377e+02 1.373600000000000136e+02 1.307066666666666777e+02
1.220466666666666669e+02 1.371599999999999966e+02 1.307333333333333201e+02
1.216200000000000045e+02 1.372666666666666799e+02 1.305266666666666708e+02
1.215855263157894797e+02 1.375197368421052602e+02 1.307236842105263293e+02
1.214429530201342402e+02 1.376979865771812115e+02 1.309530201342281828e+02
1.214105960264900688e+02 1.379536423841059616e+02 1.308807947019867584e+02
1.212617449664429472e+02 1.377785234899328941e+02 1.304429530201342402e+02
1.215629139072847664e+02 1.375562913907284894e+02 1.299403973509933792e+02
1.210933333333333337e+02 1.379266666666666765e+02 1.298733333333333348e+02
1.209599999999999937e+02 1.381800000000000068e+02 1.301333333333333258e+02
1.209463087248322211e+02 1.386107382550335672e+02 1.304563758389261636e+02
1.212751677852348990e+02 1.388791946308724903e+02 1.297248322147650867e+02
1.208543046357615935e+02 1.387814569536423903e+02 1.294768211920529666e+02
1.203594771241830017e+02 1.386339869281045765e+02 1.291307189542483798e+02
1.194797297297297263e+02 1.387027027027027088e+02 1.291216216216216139e+02
1.191788079470198625e+02 1.387218543046357695e+02 1.292450331125827745e+02
1.191428571428571388e+02 1.389220779220779320e+02 1.295389610389610482e+02
1.192222222222222285e+02 1.389869281045751563e+02 1.298366013071895395e+02
1.190065789473684248e+02 1.385986842105263293e+02 1.302894736842105203e+02
1.190067114093959759e+02 1.387516778523489904e+02 1.302550335570469713e+02
1.189539473684210549e+02 1.385855263157894797e+02 1.300723684210526301e+02
1.187207792207792210e+02 1.385974025974026063e+02 1.303051948051948159e+02
1.186622516556291345e+02 1.384966887417218402e+02 1.304370860927152194e+02
1.188807947019867584e+02 1.381854304635761537e+02 1.301986754966887361e+02
1.186993464052287521e+02 1.383333333333333428e+02 1.302875816993464184e+02
1.182416107382550337e+02 1.380805369127516826e+02 1.300268456375839037e+02
1.186442953020134183e+02 1.380000000000000000e+02 1.299798657718120865e+02
1.190529801324503296e+02 1.378543046357615935e+02 1.296490066225165663e+02
1.191602564102564088e+02 1.382756410256410220e+02 1.294807692307692264e+02
1.195733333333333377e+02 1.384199999999999875e+02 1.295999999999999943e+02
1.202039473684210549e+02 1.377894736842105203e+02 1.293157894736842195e+02
1.208355263157894797e+02 1.375000000000000000e+02 1.287171052631578902e+02
1.205894039735099312e+02 1.375827814569536542e+02 1.289006622516556320e+02
1.210263157894736850e+02 1.366644736842105203e+02 1.291052631578947398e+02
1.211118421052631646e+02 1.369934210526315894e+02 1.285328947368421098e+02
1.212399999999999949e+02 1.371333333333333258e+02 1.283333333333333428e+02
1.214605263157894797e+02 1.370394736842105203e+02 1.286118421052631504e+02
1.213199999999999932e+02 1.369533333333333474e+02 1.283266666666666538e+02
1.218211920529801375e+02 1.364569536423840930e+02 1.283973509933774722e+02
1.213666666666666600e+02 1.359799999999999898e+02 1.279466666666666725e+02
1.219271523178807968e+02 1.362516556291390657e+02 1.277615894039735167e+02
1.218684210526315752e+02 1.362368421052631504e+02 1.280065789473684106e+02
1.221200000000000045e+02 1.366133333333333439e+02 1.276533333333333360e+02
1.224473684210526301e+02 1.358881578947368496e+02 1.275855263157894797e+02
1.227615894039735167e+02 1.360860927152317856e+02 1.274370860927152336e+02
1.230584415584415581e+02 1.357662337662337677e+02 1.269220779220779178e+02
1.231854304635761537e+02 1.355629139072847806e+02 1.266688741721854257e+02
1.239411764705882320e+02 1.351830065359477260e+02 1.266274509803921546e+02
1.238940397350993408e+02 1.350066225165562912e+02 1.266887417218542993e+02
1.237687074829931930e+02 1.347619047619047592e+02 1.262176870748299251e+02
1.241045751633986924e+02 1.345620915032679648e+02 1.259934640522875782e+02
1.241351351351351298e+02 1.340608108108108070e+02 1.261554054054054035e+02
1.237565789473684248e+02 1.341578947368421098e+02 1.259407894736842053e+02
1.241655629139072801e+02 1.339337748344370880e+02 1.256754966887417169e+02
1.245234899328859086e+02 1.338791946308724903e+02 1.256510067114093943e+02
1.242684563758389231e+02 1.336442953020134325e+02 1.257516778523489904e+02
1.243439490445859832e+02 1.341464968152866106e+02 1.258407643312101953e+02
1.247350993377483377e+02 1.340198675496688736e+02 1.256953642384105905e+02
1.250600000000000023e+02 1.339000000000000057e+02 1.254133333333333269e+02
1.251879194630872547e+02 1.339261744966443075e+02 1.247785234899328799e+02
1.251788079470198625e+02 1.336556291390728575e+02 1.250397350993377472e+02
1.247315436241610769e+02 1.341342281879194616e+02 1.250402684563758413e+02
1.247434210526315752e+02 1.341644736842105203e+02 1.246052631578947398e+02
1.240131578947368354e+02 1.345986842105263293e+02 1.252039473684210549e+02
1.235870967741935544e+02 1.343677419354838776e+02 1.247612903225806491e+02
1.240723684210526301e+02 1.345921052631578902e+02 1.249539473684210549e+02
1.241059602649006592e+02 1.347880794701986815e+02 1.240529801324503296e+02
1.241917808219178028e+02 1.353698630136986196e+02 1.241438356164383521e+02
1.239090909090909065e+02 1.358896103896103966e+02 1.240129870129870113e+02
1.232875816993464042e+02 1.357647058823529278e+02 1.240784313725490193e+02
1.231610738255033510e+02 1.358791946308724903e+02 1.240201342281879135e+02
1.229337748344370880e+02 1.361589403973509889e+02 1.230596026490066208e+02
1.230794701986754944e+02 1.359867549668874176e+02 1.232516556291390799e+02
1.230961538461538396e+02 1.359230769230769340e+02 1.231474358974358978e+02
1.230457516339869244e+02 1.356797385620915009e+02 1.232156862745098067e+02
1.226800000000000068e+02 1.357599999999999909e+02 1.233133333333333326e+02
1.227248322147651010e+02 1.356308724832214807e+02 1.236241610738255048e+02
1.230000000000000000e+02 1.358199999999999932e+02 1.235000000000000000e+02
1.225135135135135158e+02 1.354324324324324209e+02 1.232635135135135158e+02
1.223947368421052602e+02 1.353618421052631504e+02 1.237697368421052602e+02
1.223266666666666680e+02 1.350333333333333314e+02 1.238333333333333286e+02
1.227199999999999989e+02 1.348199999999999932e+02 1.240933333333333337e+02
1.229072847682119232e+02 1.348807947019867584e+02 1.245761589403973488e+02
1.225751633986928084e+02 1.345032679738561967e+02 1.244901960784313673e+02
1.227820512820512846e+02 1.341602564102564088e+02 1.244935897435897374e+02
1.231266666666666652e+02 1.340200000000000102e+02 1.250066666666666606e+02
1.229150326797385588e+02 1.340261437908496873e+02 1.253137254901960773e+02
1.234294871794871824e+02 1.338525641025641164e+02 1.249679487179487154e+02
1.236466666666666612e+02 1.339799999999999898e+02 1.246866666666666674e+02
1.241073825503355721e+02 1.339798657718120865e+02 1.251208053691275097e+02
1.239536423841059616e+02 1.340794701986754944e+02 1.243973509933774864e+02
1.244183006535947698e+02 1.343071895424836555e+02 1.249150326797385588e+02
1.240743243243243228e+02 1.339662162162162247e+02 1.247432432432432421e+02
1.241870967741935488e+02 1.338322580645161395e+02 1.244645161290322619e+02
1.244834437086092720e+02 1.338807947019867584e+02 1.247086092715231729e+02
1.247583892617449663e+02 1.336442953020134325e+02 1.251409395973154375e+02
1.245751633986928084e+02 1.338431372549019613e+02 1.255424836601307135e+02
1.246387096774193566e+02 1.339548387096774320e+02 1.260516129032258021e+02
1.245270270270270316e+02 1.337702702702702595e+02 1.262567567567567579e+02
1.247823129251700749e+02 1.339455782312925294e+02 1.260680272108843525e+02
1.249806451612903260e+02 1.339419354838709637e+02 1.264387096774193537e+02
1.250457516339869244e+02 1.342026143790849630e+02 1.267712418300653638e+02
1.253533333333333388e+02 1.348133333333333326e+02 1.269733333333333292e+02
1.256470588235294059e+02 1.345424836601307277e+02 1.272614379084967311e+02
1.255064935064935128e+02 1.346623376623376487e+02 1.273376623376623371e+02
1.256339869281045765e+02 1.353464052287581580e+02 1.271764705882352899e+02
1.260872483221476443e+02 1.352416107382550194e+02 1.269127516778523557e+02
1.265131578947368354e+02 1.353552631578947398e+02 1.274013157894736850e+02
1.270328947368421098e+02 1.355723684210526301e+02 1.276315789473684248e+02
1.268235294117647101e+02 1.354183006535947698e+02 1.271503267973856168e+02
1.271830065359477118e+02 1.355751633986928084e+02 1.263986928104575185e+02
1.276381578947368354e+02 1.352039473684210407e+02 1.266644736842105203e+02
1.275460526315789451e+02 1.353552631578947398e+02 1.266842105263157947e+02
1.278618421052631646e+02 1.356118421052631504e+02 1.259605263157894797e+02
1.278666666666666600e+02 1.356599999999999966e+02 1.262999999999999972e+02
1.278807947019867584e+02 1.357086092715231871e+02 1.269470198675496704e+02
1.276866666666666674e+02 1.355133333333333212e+02 1.267333333333333343e+02
1.273841059602649040e+02 1.358940397350993408e+02 1.271324503311258241e+02
1.277748344370860991e+02 1.358145695364238463e+02 1.272847682119205359e+02
1.281756756756756772e+02 1.352162162162162247e+02 1.277027027027027088e+02
1.281533333333333360e+02 1.349866666666666788e+02 1.274133333333333269e+02
1.286418918918919019e+02 1.348175675675675791e+02 1.270135135135135158e+02
1.282792207792207932e+02 1.345974025974026063e+02 1.270519480519480453e+02
1.282171052631578902e+02 1.347302631578947398e+02 1.270723684210526301e+02
1.278235294117647101e+02 1.342418300653594656e+02 1.270522875816993462e+02
1.279466666666666725e+02 1.343533333333333246e+02 1.270066666666666606e+02
1.274697986577181155e+02 1.344026845637583847e+02 1.265302013422818845e+02
1.272119205298013185e+02 1.341589403973509889e+02 1.263046357615894095e+02
1.267908496732026151e+02 1.341111111111111143e+02 1.264313725490196134e+02
1.261266666666666652e+02 1.331066666666666549e+02 1.260466666666666669e+02
1.263421052631578902e+02 1.333421052631578902e+02 1.252368421052631646e+02
1.268039215686274446e+02 1.331045751633986924e+02 1.252418300653594798e+02
1.265400000000000063e+02 1.324466666666666583e+02 1.256599999999999966e+02
1.265033112582781456e+02 1.323377483443708513e+02 1.257483443708609201e+02
1.264458598726114644e+02 1.321146496815286753e+02 1.262484076433121061e+02
1.265592105263157947e+02 1.316644736842105203e+02 1.262894736842105203e+02
1.267124183006535958e+02 1.313006535947712337e+02 1.262418300653594798e+02
1.269346405228758101e+02 1.313986928104575043e+02 1.260915032679738630e+02
1.269006622516556320e+02 1.314834437086092578e+02 1.259536423841059616e+02
1.270529801324503296e+02 1.316225165562914015e+02 1.257218543046357553e+02
1.270194805194805241e+02 1.318376623376623513e+02 1.251428571428571388e+02
1.272565789473684248e+02 1.325394736842105203e+02 1.251381578947368354e+02
1.269530201342281828e+02 1.324966442953020191e+02 1.250738255033557067e+02
1.273783783783783718e+02 1.328243243243243228e+02 1.251216216216216282e+02
1.275695364238410576e+02 1.327748344370860991e+02 1.246357615894039697e+02
1.278866666666666703e+02 1.333133333333333326e+02 1.244200000000000017e+02
1.272960526315789451e+02 1.330921052631578902e+02 1.238881578947368354e+02
1.273377483443708655e+02 1.333509933774834337e+02 1.242052980132450273e+02
1.273245033112582831e+02 1.331258278145695328e+02 1.241456953642384065e+02
1.275620915032679790e+02 1.333594771241830017e+02 1.240522875816993462e+02
1.276133333333333297e+02 1.338733333333333348e+02 1.243266666666666680e+02
1.281298701298701417e+02 1.340000000000000000e+02 1.239090909090909065e+02
1.276158940397350960e+02 1.344172185430463458e+02 1.237880794701986815e+02
1.273202614379084991e+02 1.336078431372548891e+02 1.240261437908496731e+02
1.273648648648648702e+02 1.335270270270270316e+02 1.242229729729729684e+02
1.271342281879194616e+02 1.334295302013422884e+02 1.241208053691275097e+02
1.274149659863945629e+02 1.338843537414965965e+02 1.242993197278911595e+02
1.273790849673202672e+02 1.334509803921568505e+02 1.247647058823529420e+02
1.277814569536423903e+02 1.332317880794701921e+02 1.251655629139072801e+02
1.280266666666666708e+02 1.331999999999999886e+02 1.252266666666666737e+02
1.281513157894736707e+02 1.335855263157894797e+02 1.254078947368421098e+02
1.285533333333333417e+02 1.334666666666666686e+02 1.252800000000000011e+02
1.284466666666666583e+02 1.333400000000000034e+02 1.249733333333333292e+02
1.291891891891891930e+02 1.331283783783783861e+02 1.251283783783783718e+02
1.293717948717948616e+02 1.331923076923076792e+02 1.253846153846153868e+02
1.301688311688311614e+02 1.330584415584415581e+02 1.251168831168831161e+02
1.304768211920529666e+02 1.330198675496688736e+02 1.251258278145695328e+02
1.307533333333333303e+02 1.330866666666666731e+02 1.245733333333333377e+02
1.311073825503355579e+02 1.331543624161073751e+02 1.239395973154362451e+02
1.306577181208053560e+02 1.324295302013422884e+02 1.240604026845637549e+02
1.306092715231788191e+02 1.330794701986754944e+02 1.236291390728476784e+02
1.304580645161290420e+02 1.328580645161290192e+02 1.239419354838709637e+02
1.305855263157894797e+02 1.331644736842105203e+02 1.241513157894736850e+02
1.304635761589403842e+02 1.331589403973509889e+02 1.242980132450331183e+02
1.307515923566878939e+02 1.329617834394904321e+02 1.244585987261146443e+02
1.312617449664429614e+02 1.329731543624160963e+02 1.244026845637583847e+02
1.308456375838926249e+02 1.330335570469798654e+02 1.240000000000000000e+02
1.307800000000000011e+02 1.328666666666666742e+02 1.238599999999999994e+02
1.305866666666666731e+02 1.326800000000000068e+02 1.236333333333333400e+02
1.304144736842105203e+02 1.324144736842105203e+02 1.236973684210526301e+02
1.309276315789473699e+02 1.324539473684210407e+02 1.238157894736842053e+02
1.311744966442952887e+02 1.327919463087248459e+02 1.234295302013422884e+02
1.313071895424836555e+02 1.325620915032679648e+02 1.228627450980392126e+02
1.314295302013422884e+02 1.325771812080537018e+02 1.219664429530201346e+02
1.310866666666666731e+02 1.327333333333333201e+02 1.218066666666666720e+02
1.306225165562914015e+02 1.325364238410596158e+02 1.217947019867549727e+02
1.305294117647058840e+02 1.329281045751633883e+02 1.212875816993464042e+02
1.310592105263157805e+02 1.328289473684210407e+02 1.214013157894736850e+02
1.312715231788079393e+02 1.336225165562914015e+02 1.215562913907284752e+02
1.307741935483871032e+02 1.342129032258064569e+02 1.218516129032258135e+02
1.309600000000000080e+02 1.341066666666666549e+02 1.215266666666666708e+02
1.311132075471698215e+02 1.336666666666666572e+02 1.211823899371069189e+02
1.315695364238410718e+02 1.340596026490066208e+02 1.210132450331125824e+02
1.316710526315789593e+02 1.337500000000000000e+02 1.205394736842105203e+02
1.317278911564625901e+02 1.335918367346938851e+02 1.209727891156462647e+02
1.320202702702702595e+02 1.337229729729729684e+02 1.208783783783783718e+02
1.320649350649350708e+02 1.341233766233766289e+02 1.207857142857142918e+02
1.318466666666666640e+02 1.345133333333333212e+02 1.204066666666666663e+02
1.319533333333333474e+02 1.342733333333333405e+02 1.201200000000000045e+02
1.318533333333333246e+02 1.344266666666666765e+02 1.201333333333333400e+02
1.314350649350649292e+02 1.350519480519480453e+02 1.199285714285714306e+02
1.316923076923076792e+02 1.348846153846153868e+02 1.195512820512820582e+02
1.320738255033556925e+02 1.352214765100671059e+02 1.191208053691275097e+02
1.320328947368421098e+02 1.358815789473684106e+02 1.195592105263157947e+02
1.320326797385620807e+02 1.356209150326797328e+02 1.196666666666666714e+02
1.325584415584415581e+02 1.358311688311688386e+02 1.198051948051948017e+02
1.323266666666666538e+02 1.354199999999999875e+02 1.193799999999999955e+02
1.323066666666666720e+02 1.351866666666666674e+02 1.191200000000000045e+02
1.321854304635761537e+02 1.350463576158940384e+02 1.193774834437086128e+02
1.316689189189189051e+02 1.354459459459459367e+02 1.185540540540540491e+02
1.311192052980132416e+02 1.358145695364238463e+02 1.191589403973509889e+02
1.307115384615384528e+02 1.355256410256410220e+02 1.190448717948717956e+02
1.306381578947368496e+02 1.355131578947368496e+02 1.190131578947368354e+02
1.307210884353741562e+02 1.357823129251700607e+02 1.188775510204081627e+02
1.302751677852349133e+02 1.358724832214765001e+02 1.187516778523489904e+02
1.301493506493506516e+02 1.354220779220779320e+02 1.182727272727272663e+02
1.303533333333333246e+02 1.359533333333333474e+02 1.183533333333333246e+02
1.302317880794701921e+02 1.364701986754966754e+02 1.183576158940397391e+02
1.304539473684210407e+02 1.365921052631578902e+02 1.184342105263157947e+02
1.307727272727272805e+02 1.361948051948051841e+02 1.182662337662337677e+02
1.306282051282051384e+02 1.361025641025641164e+02 1.175576923076923066e+02
1.299597315436241729e+02 1.360805369127516826e+02 1.178724832214765144e+02
1.299933774834437088e+02 1.363311258278145601e+02 1.180860927152317856e+02
1.302281879194630960e+02 1.357986577181208077e+02 1.180671140939597308e+02
1.303624161073825576e+02 1.354093959731543748e+02 1.181543624161073893e+02
1.305000000000000000e+02 1.356578947368421098e+02 1.185263157894736850e+02
1.303815789473684106e+02 1.357565789473684106e+02 1.187105263157894797e+02
1.299736842105263293e+02 1.357565789473684106e+02 1.186776315789473699e+02
1.299470198675496704e+02 1.353973509933774722e+02 1.192649006622516623e+02
1.301428571428571388e+02 1.354155844155844193e+02 1.197597402597402549e+02
1.302781456953642305e+02 1.353443708609271425e+02 1.199337748344370880e+02
1.302922077922077904e+02 1.348636363636363740e+02 1.194805194805194759e+02
