1.275960264900662224e+02 1.282649006622516481e+02 1.276357615894039697e+02
1.276842105263157947e+02 1.285065789473684106e+02 1.280460526315789593e+02
1.277919463087248317e+02 1.290671140939597308e+02 1.284362416107382501e+02
1.267181208053691250e+02 1.299127516778523557e+02 1.294161073825503365e+02
1.260799999999999983e+02 1.306533333333333360e+02 1.300399999999999920e+02
1.257297297297297263e+02 1.309594594594594525e+02 1.306891891891891930e+02
1.257852348993288558e+02 1.313825503355704711e+02 1.316040268456375770e+02
1.256577181208053702e+02 1.316308724832214807e+02 1.327382550335570386e+02
1.259800000000000040e+02 1.319933333333333394e+02 1.345333333333333314e+02
1.263774834437086128e+02 1.319006622516556320e+02 1.352052980132450273e+02
1.261176470588235361e+02 1.320653594771241899e+02 1.364117647058823479e+02
1.258815789473684248e+02 1.324473684210526301e+02 1.370394736842105203e+02
1.251866666666666674e+02 1.328400000000000034e+02 1.382266666666666595e+02
1.251523178807946977e+02 1.336092715231788191e+02 1.390860927152317856e+02
1.247748344370860991e+02 1.348410596026490111e+02 1.394304635761589282e+02
1.247466666666666555e+02 1.349666666666666686e+02 1.405733333333333235e+02
1.247687074829931930e+02 1.356054421768707527e+02 1.418163265306122582e+02
1.252266666666666737e+02 1.360733333333333235e+02 1.426133333333333439e+02
1.255771812080536876e+02 1.367583892617449806e+02 1.432013422818791923e+02
1.266842105263157947e+02 1.372368421052631504e+02 1.438421052631578902e+02
1.273245033112582831e+02 1.376821192052980223e+02 1.443642384105960161e+02
1.281986754966887361e+02 1.378145695364238463e+02 1.455496688741721982e+02
1.285197368421052602e+02 1.383486842105263293e+02 1.466184210526315894e+02
1.293533333333333246e+02 1.384799999999999898e+02 1.472533333333333303e+02
1.296225165562914015e+02 1.392582781456953569e+02 1.477748344370860991e+02
1.297414965986394577e+02 1.389047619047618980e+02 1.489523809523809632e+02
1.305973154362416153e+02 1.389865771812080482e+02 1.495704697986577116e+02
1.303378378378378386e+02 1.392162162162162247e+02 1.506486486486486456e+02
1.302953020134228268e+02 1.396040268456375770e+02 1.517785234899328941e+02
1.303959731543624230e+02 1.401409395973154233e+02 1.532080536912751541e+02
1.308053691275167694e+02 1.404161073825503365e+02 1.540604026845637691e+02
1.316418918918919019e+02 1.403445945945945823e+02 1.550743243243243228e+02
1.322119205298013185e+02 1.404701986754966754e+02 1.558940397350993408e+02
1.330805369127516826e+02 1.407114093959731633e+02 1.568657718120805384e+02
1.328466666666666640e+02 1.404399999999999977e+02 1.583266666666666538e+02
1.332450331125827745e+02 1.407615894039735167e+02 1.589271523178807968e+02
1.331854304635761537e+02 1.409205298013245056e+02 1.601986754966887361e+02
1.333377483443708513e+02 1.409735099337748352e+02 1.612317880794701921e+02
1.341466666666666754e+02 1.406066666666666549e+02 1.626266666666666652e+02
1.348940397350993408e+02 1.401192052980132416e+02 1.636092715231788191e+02
1.353006535947712337e+02 1.400065359477124218e+02 1.641372549019607732e+02
1.357094594594594525e+02 1.398445945945945823e+02 1.650540540540540633e+02
1.364228187919462982e+02 1.400268456375839037e+02 1.656308724832214807e+02
1.374539473684210407e+02 1.396513157894736707e+02 1.667894736842105203e+02
1.384662162162162247e+02 1.395675675675675791e+02 1.674594594594594525e+02
1.392302631578947398e+02 1.396842105263157805e+02 1.677894736842105203e+02
1.403108108108108070e+02 1.396959459459459367e+02 1.680743243243243228e+02
1.413576158940397249e+02 1.403642384105960161e+02 1.683841059602648897e+02
1.427785234899328941e+02 1.403758389261745094e+02 1.687181208053691250e+02
1.438940397350993408e+02 1.405496688741721982e+02 1.696556291390728575e+02
1.443973509933774722e+02 1.401589403973509889e+02 1.697417218543046431e+02
1.449533333333333474e+02 1.399533333333333474e+02 1.705666666666666629e+02
1.454105960264900546e+02 1.392649006622516481e+02 1.721258278145695328e+02
1.461409395973154233e+02 1.387718120805369040e+02 1.725570469798657598e+02
1.468993288590604038e+02 1.387651006711409423e+02 1.732885906040268367e+02
1.476711409395973078e+02 1.381744966442952887e+02 1.743422818791946440e+02
1.476158940397351103e+02 1.375231788079470334e+02 1.754503311258278018e+02
1.476510067114093943e+02 1.375369127516778462e+02 1.759731543624160963e+02
1.474161073825503365e+02 1.372751677852349133e+02 1.771677852348993270e+02
1.480335570469798654e+02 1.380000000000000000e+02 1.783020134228187885e+02
1.481390728476821153e+02 1.379470198675496704e+02 1.792649006622516481e+02
1.482800000000000011e+02 1.372599999999999909e+02 1.802133333333333383e+02
1.483466666666666640e+02 1.371266666666666652e+02 1.810399999999999920e+02
1.486599999999999966e+02 1.373266666666666538e+02 1.824333333333333371e+02
1.487254901960784252e+02 1.375424836601307277e+02 1.833529411764705799e+02
1.483377483443708513e+02 1.367947019867549727e+02 1.845298013245033246e+02
1.481045751633986924e+02 1.367973856209150370e+02 1.853398692810457646e+02
1.472302631578947398e+02 1.371118421052631504e+02 1.863355263157894797e+02
1.469256756756756772e+02 1.369797297297297405e+02 1.874797297297297405e+02
1.460466666666666526e+02 1.372333333333333201e+02 1.882466666666666697e+02
1.455200000000000102e+02 1.371266666666666652e+02 1.891066666666666549e+02
1.454594594594594525e+02 1.371756756756756772e+02 1.900540540540540633e+02
1.451192052980132416e+02 1.368874172185430496e+02 1.909403973509933792e+02
1.450933333333333337e+02 1.365000000000000000e+02 1.921066666666666549e+02
1.451351351351351298e+02 1.370067567567567437e+02 1.930540540540540633e+02
1.456644736842105203e+02 1.369276315789473699e+02 1.939868421052631504e+02
1.453092105263157805e+02 1.375394736842105203e+02 1.956447368421052602e+02
1.443026315789473699e+02 1.379473684210526301e+02 1.962171052631578902e+02
1.438940397350993408e+02 1.382317880794701921e+02 1.966622516556291487e+02
1.438255033557047113e+02 1.390000000000000000e+02 1.970738255033556925e+02
1.435100671140939710e+02 1.400939597315436345e+02 1.977449664429530287e+02
1.436308724832214807e+02 1.413221476510067021e+02 1.978590604026845767e+02
1.439411764705882320e+02 1.422418300653594656e+02 1.977712418300653496e+02
1.440463576158940384e+02 1.435496688741721982e+02 1.972119205298013185e+02
1.432702702702702595e+02 1.446891891891891930e+02 1.965067567567567437e+02
1.427350993377483519e+02 1.453443708609271425e+02 1.969602649006622528e+02
1.424026845637583847e+02 1.465906040268456252e+02 1.972214765100671059e+02
1.425466666666666526e+02 1.476866666666666674e+02 1.978333333333333428e+02
1.427248322147650867e+02 1.480000000000000000e+02 1.983355704697986539e+02
1.429536423841059616e+02 1.488807947019867584e+02 1.993841059602648897e+02
1.428859060402684520e+02 1.497516778523489904e+02 2.003691275167785193e+02
1.430860927152317856e+02 1.504238410596026370e+02 2.007880794701986815e+02
1.439315068493150704e+02 1.511986301369863099e+02 2.007808219178082254e+02
1.446308724832214807e+02 1.519194630872483174e+02 2.004496644295302019e+02
1.454697986577181155e+02 1.524228187919462982e+02 2.001610738255033652e+02
1.458979591836734642e+02 1.538707482993197289e+02 1.998503401360544274e+02
1.462244897959183731e+02 1.547551020408163254e+02 1.996326530612244881e+02
1.462402597402597451e+02 1.560000000000000000e+02 1.989025974025973937e+02
1.468053691275167694e+02 1.569664429530201346e+02 1.984362416107382501e+02
1.472818791946308750e+02 1.580805369127516826e+02 1.979395973154362309e+02
1.477400000000000091e+02 1.587066666666666777e+02 1.976266666666666652e+02
1.489470198675496704e+02 1.595562913907284894e+02 1.977218543046357695e+02
1.505526315789473699e+02 1.608157894736842195e+02 1.979934210526315894e+02
1.513137254901960773e+02 1.616993464052287663e+02 1.986078431372548891e+02
1.518410596026490111e+02 1.623178807947019777e+02 1.981059602649006592e+02
1.525263157894736707e+02 1.624473684210526301e+02 1.970789473684210407e+02
1.539261744966443075e+02 1.622818791946308750e+02 1.960939597315436345e+02
1.549866666666666788e+02 1.619866666666666788e+02 1.951733333333333462e+02
1.559666666666666686e+02 1.623933333333333451e+02 1.950466666666666526e+02
1.571315789473684106e+02 1.627171052631578902e+02 1.949671052631578902e+02
1.578079470198675551e+02 1.629668874172185440e+02 1.946423841059602751e+02
1.587432432432432563e+02 1.635472972972972912e+02 1.948513513513513544e+02
1.593815789473684106e+02 1.638947368421052602e+02 1.949539473684210407e+02
1.610986842105263293e+02 1.633947368421052602e+02 1.951052631578947398e+02
1.622745098039215748e+02 1.635555555555555429e+02 1.943137254901960773e+02
1.634934210526315894e+02 1.636052631578947398e+02 1.932565789473684106e+02
1.641533333333333360e+02 1.637599999999999909e+02 1.936733333333333462e+02
1.649600000000000080e+02 1.636200000000000045e+02 1.933866666666666561e+02
1.661360544217687050e+02 1.634285714285714164e+02 1.926530612244897895e+02
1.664866666666666788e+02 1.639533333333333474e+02 1.920466666666666526e+02
1.670728476821192032e+02 1.640927152317880768e+02 1.911920529801324449e+02
1.681390728476821153e+02 1.642185430463576097e+02 1.897350993377483519e+02
1.695761589403973630e+02 1.646556291390728575e+02 1.895629139072847806e+02
1.699194630872483174e+02 1.655302013422818845e+02 1.894026845637583847e+02
1.702847682119205217e+02 1.657284768211920607e+02 1.885231788079470334e+02
1.710666666666666629e+02 1.660466666666666526e+02 1.874799999999999898e+02
1.713933333333333451e+02 1.662933333333333223e+02 1.864266666666666765e+02
1.719266666666666765e+02 1.665600000000000023e+02 1.856333333333333258e+02
1.727417218543046431e+02 1.659006622516556320e+02 1.847483443708609343e+02
1.734199999999999875e+02 1.655466666666666526e+02 1.837866666666666617e+02
1.733288590604026922e+02 1.652885906040268367e+02 1.830402684563758271e+02
1.741333333333333258e+02 1.646999999999999886e+02 1.823600000000000136e+02
1.743716216216216139e+02 1.645472972972972912e+02 1.809932432432432563e+02
1.745100671140939710e+02 1.641342281879194616e+02 1.802147651006711442e+02
1.749668874172185440e+02 1.640596026490066208e+02 1.791390728476821153e+02
1.760743243243243228e+02 1.633243243243243228e+02 1.782094594594594525e+02
1.761133333333333439e+02 1.623400000000000034e+02 1.778400000000000034e+02
1.764189189189189051e+02 1.617094594594594525e+02 1.769054054054054177e+02
1.765234899328858944e+02 1.604630872483221538e+02 1.766241610738254906e+02
1.762894736842105203e+02 1.592368421052631504e+02 1.761776315789473699e+02
1.761610738255033652e+02 1.577986577181208077e+02 1.758389261744966348e+02
1.755399999999999920e+02 1.570666666666666629e+02 1.755733333333333235e+02
1.752913907284768129e+02 1.562649006622516481e+02 1.760662251655629120e+02
1.752281879194630960e+02 1.555906040268456252e+02 1.772013422818791923e+02
1.745436241610738364e+02 1.549597315436241729e+02 1.786375838926174424e+02
1.749794520547945069e+02 1.536780821917808169e+02 1.796301369863013804e+02
1.749597315436241729e+02 1.530067114093959617e+02 1.800939597315436345e+02
1.746933333333333280e+02 1.516866666666666674e+02 1.798066666666666720e+02
1.747814569536423903e+02 1.506622516556291487e+02 1.804370860927152194e+02
1.748853503184713247e+02 1.493757961783439612e+02 1.809617834394904321e+02
1.741351351351351298e+02 1.486756756756756772e+02 1.814662162162162247e+02
1.738701298701298583e+02 1.484415584415584419e+02 1.821753246753246742e+02
1.728400000000000034e+02 1.474533333333333474e+02 1.828733333333333348e+02
1.720337837837837753e+02 1.465270270270270316e+02 1.832770270270270316e+02
1.716800000000000068e+02 1.460533333333333417e+02 1.839866666666666788e+02
1.706066666666666549e+02 1.455600000000000023e+02 1.843133333333333326e+02
1.695133333333333212e+02 1.448133333333333326e+02 1.841399999999999864e+02
1.684066666666666663e+02 1.445066666666666606e+02 1.843400000000000034e+02
1.674768211920529666e+02 1.445298013245033246e+02 1.842119205298013185e+02
1.665838926174496635e+02 1.441275167785234999e+02 1.844026845637583847e+02
1.665894039735099454e+02 1.438145695364238463e+02 1.849470198675496704e+02
1.667152317880794783e+02 1.420993377483443680e+02 1.845298013245033246e+02
1.663288590604026922e+02 1.415771812080537018e+02 1.845771812080537018e+02
1.656621621621621614e+02 1.403716216216216139e+02 1.848378378378378386e+02
1.647631578947368496e+02 1.399605263157894797e+02 1.853750000000000000e+02
1.627947019867549727e+02 1.397350993377483519e+02 1.858476821192053023e+02
1.624496644295302019e+02 1.388724832214765001e+02 1.864899328859060290e+02
1.616599999999999966e+02 1.379466666666666583e+02 1.867733333333333405e+02
1.608410596026490111e+02 1.373245033112582689e+02 1.870397350993377472e+02
1.603947368421052602e+02 1.365197368421052602e+02 1.871250000000000000e+02
1.599533333333333474e+02 1.364066666666666663e+02 1.875399999999999920e+02
1.601125827814569504e+02 1.366688741721854399e+02 1.893576158940397249e+02
1.593831168831168839e+02 1.363246753246753258e+02 1.899675324675324646e+02
1.584333333333333371e+02 1.351133333333333439e+02 1.901800000000000068e+02
1.580789473684210407e+02 1.338750000000000000e+02 1.900526315789473699e+02
1.572348993288590577e+02 1.334563758389261636e+02 1.903892617449664328e+02
1.568104575163398806e+02 1.322941176470588118e+02 1.902745098039215748e+02
1.557565789473684106e+02 1.316118421052631504e+02 1.911513157894736707e+02
1.556466666666666754e+02 1.308799999999999955e+02 1.915000000000000000e+02
1.550066225165562912e+02 1.306357615894039839e+02 1.915761589403973630e+02
1.551200000000000045e+02 1.287599999999999909e+02 1.915733333333333235e+02
1.551324503311258241e+02 1.277947019867549727e+02 1.918476821192053023e+02
1.546225165562914015e+02 1.267682119205298079e+02 1.919867549668874176e+02
1.550000000000000000e+02 1.252866666666666617e+02 1.925733333333333235e+02
1.551632653061224403e+02 1.240748299319727863e+02 1.928299319727891259e+02
1.555555555555555429e+02 1.232875816993464042e+02 1.935032679738561967e+02
1.563443708609271425e+02 1.226821192052980081e+02 1.934437086092715106e+02
1.572105263157894797e+02 1.219473684210526301e+02 1.938815789473684106e+02
1.582066666666666777e+02 1.210333333333333314e+02 1.945800000000000125e+02
1.588609271523178847e+02 1.204966887417218544e+02 1.952052980132450273e+02
1.594539473684210407e+02 1.203223684210526301e+02 1.952565789473684106e+02
1.597333333333333201e+02 1.199066666666666663e+02 1.963000000000000114e+02
1.602550335570469713e+02 1.200805369127516826e+02 1.979194630872483174e+02
1.605637583892617499e+02 1.192483221476510096e+02 1.988657718120805384e+02
1.613486842105263293e+02 1.191118421052631646e+02 1.993486842105263293e+02
1.624765100671141056e+02 1.197651006711409423e+02 1.999664429530201346e+02
1.629266666666666765e+02 1.197666666666666657e+02 2.009199999999999875e+02
1.635200000000000102e+02 1.197866666666666617e+02 2.019199999999999875e+02
1.641456953642384065e+02 1.192450331125827745e+02 2.025099337748344510e+02
1.645234899328858944e+02 1.187046979865771874e+02 2.034899328859060290e+02
1.654594594594594525e+02 1.178040540540540633e+02 2.039391891891891930e+02
1.658040540540540633e+02 1.174054054054054035e+02 2.042094594594594525e+02
1.668476821192053023e+02 1.170397350993377472e+02 2.049006622516556320e+02
1.671399999999999864e+02 1.158400000000000034e+02 2.050933333333333337e+02
1.681733333333333462e+02 1.154133333333333269e+02 2.050733333333333235e+02
1.691428571428571388e+02 1.146688311688311757e+02 2.055454545454545325e+02
1.697908496732026151e+02 1.140326797385620949e+02 2.065947712418300739e+02
1.703841059602648897e+02 1.139271523178807968e+02 2.075629139072847806e+02
1.707333333333333201e+02 1.129133333333333269e+02 2.074000000000000057e+02
1.717315436241610769e+02 1.121744966442953029e+02 2.076912751677852214e+02
1.722763157894736707e+02 1.117631578947368354e+02 2.091776315789473699e+02
1.726266666666666652e+02 1.117933333333333366e+02 2.103066666666666720e+02
1.727615894039735167e+02 1.120198675496688736e+02 2.115033112582781598e+02
1.730522875816993462e+02 1.110784313725490193e+02 2.121568627450980387e+02
1.737919463087248459e+02 1.109395973154362451e+02 2.130738255033556925e+02
1.738000000000000114e+02 1.099666666666666686e+02 2.142199999999999989e+02
1.734729729729729684e+02 1.094324324324324351e+02 2.152972972972972912e+02
1.738456375838926249e+02 1.091543624161073893e+02 2.162147651006711442e+02
1.740067567567567437e+02 1.089662162162162105e+02 2.175202702702702595e+02
1.744026845637583847e+02 1.088724832214765144e+02 2.183825503355704711e+02
1.746756756756756772e+02 1.084594594594594525e+02 2.189527027027027088e+02
1.751621621621621614e+02 1.084324324324324351e+02 2.198108108108108070e+02
1.746118421052631504e+02 1.084276315789473699e+02 2.208750000000000000e+02
1.740000000000000000e+02 1.079470198675496704e+02 2.222185430463576097e+02
1.744635761589403842e+02 1.073907284768211952e+02 2.233774834437085985e+02
1.746709677419354705e+02 1.066645161290322648e+02 2.237225806451612868e+02
1.750335570469798654e+02 1.056510067114093943e+02 2.241006711409395962e+02
1.750200000000000102e+02 1.048466666666666640e+02 2.247666666666666799e+02
1.748466666666666640e+02 1.041200000000000045e+02 2.252533333333333303e+02
1.745066666666666606e+02 1.030733333333333377e+02 2.254333333333333371e+02
1.743266666666666538e+02 1.019133333333333269e+02 2.259133333333333269e+02
1.745882352941176521e+02 1.009673202614379051e+02 2.261241830065359579e+02
1.742133333333333383e+02 1.004866666666666646e+02 2.269933333333333394e+02
1.731933333333333280e+02 1.002000000000000028e+02 2.278533333333333246e+02
1.723959731543624230e+02 1.003422818791946298e+02 2.288255033557047113e+02
1.714183006535947698e+02 1.003921568627450966e+02 2.297320261437908471e+02
1.704799999999999898e+02 1.000066666666666606e+02 2.301066666666666549e+02
1.693333333333333428e+02 9.959333333333333371e+01 2.308000000000000114e+02
1.689266666666666765e+02 9.920666666666666345e+01 2.311800000000000068e+02
1.686158940397351103e+02 9.882781456953642873e+01 2.321854304635761537e+02
1.678581081081080981e+02 9.910135135135134021e+01 2.334864864864864842e+02
1.678791946308724903e+02 9.929530201342281259e+01 2.346845637583892596e+02
1.676933333333333280e+02 9.958666666666665890e+01 2.356399999999999864e+02
1.675533333333333417e+02 1.002133333333333383e+02 2.363733333333333348e+02
1.669868421052631504e+02 1.010065789473684248e+02 2.370065789473684106e+02
1.663310810810810949e+02 1.012432432432432421e+02 2.377837837837837753e+02
1.656266666666666652e+02 1.020866666666666731e+02 2.384199999999999875e+02
1.654933333333333394e+02 1.028733333333333348e+02 2.395999999999999943e+02
1.647400000000000091e+02 1.028599999999999994e+02 2.402933333333333223e+02
1.639150326797385731e+02 1.040392156862745168e+02 2.397843137254901933e+02
1.635562913907284894e+02 1.051986754966887361e+02 2.393708609271523073e+02
1.636824324324324209e+02 1.060810810810810807e+02 2.399256756756756772e+02
1.632631578947368496e+02 1.070000000000000000e+02 2.400789473684210407e+02
1.625133333333333212e+02 1.076400000000000006e+02 2.408933333333333451e+02
1.613856209150326890e+02 1.081045751633986924e+02 2.413986928104575043e+02
1.607837837837837753e+02 1.090067567567567579e+02 2.420540540540540633e+02
1.596490066225165663e+02 1.099668874172185440e+02 2.423178807947019777e+02
1.589594594594594525e+02 1.099932432432432421e+02 2.424932432432432563e+02
1.579324324324324209e+02 1.108851351351351298e+02 2.427027027027027088e+02
1.568926174496644421e+02 1.108859060402684520e+02 2.432617449664429614e+02
1.558133333333333326e+02 1.108266666666666680e+02 2.431133333333333439e+02
1.544155844155844193e+02 1.106688311688311757e+02 2.438831168831168839e+02
1.536754966887417311e+02 1.104370860927152336e+02 2.441523178807946977e+02
1.523087248322147786e+02 1.109194630872483174e+02 2.441208053691275097e+02
1.509006622516556320e+02 1.111456953642384065e+02 2.439337748344370880e+02
1.499395973154362309e+02 1.111006711409395962e+02 2.437382550335570386e+02
1.494304635761589282e+02 1.114370860927152336e+02 2.434304635761589282e+02
1.481233766233766289e+02 1.109545454545454533e+02 2.429935064935064872e+02
1.470272108843537353e+02 1.106734693877551052e+02 2.423401360544217766e+02
1.458815789473684106e+02 1.107500000000000000e+02 2.426513157894736707e+02
1.452317880794701921e+02 1.110596026490066208e+02 2.423973509933774722e+02
1.447094594594594525e+02 1.112500000000000000e+02 2.419662162162162247e+02
1.440266666666666708e+02 1.121400000000000006e+02 2.419066666666666663e+02
1.437599999999999909e+02 1.129333333333333371e+02 2.417800000000000011e+02
1.430671140939597308e+02 1.140067114093959759e+02 2.415570469798657598e+02
1.422894736842105203e+02 1.147631578947368354e+02 2.409013157894736707e+02
1.416710526315789593e+02 1.151776315789473699e+02 2.399802631578947398e+02
1.410872483221476443e+02 1.153959731543624230e+02 2.399328859060402692e+02
1.400466666666666526e+02 1.157266666666666737e+02 2.393066666666666720e+02
1.389333333333333371e+02 1.158066666666666720e+02 2.391666666666666572e+02
1.381496598639455726e+02 1.161360544217687050e+02 2.385170068027210846e+02
1.367181208053691250e+02 1.158053691275167836e+02 2.389060402684563655e+02
1.354407894736842195e+02 1.155526315789473699e+02 2.391513157894736707e+02
1.349399999999999977e+02 1.151933333333333280e+02 2.397533333333333303e+02
1.344799999999999898e+02 1.147600000000000051e+02 2.405866666666666731e+02
1.335810810810810949e+02 1.149459459459459509e+02 2.412432432432432563e+02
1.324733333333333292e+02 1.144466666666666725e+02 2.416933333333333280e+02
1.315637583892617499e+02 1.141073825503355721e+02 2.420000000000000000e+02
1.302847682119205217e+02 1.142317880794701921e+02 2.417284768211920607e+02
1.290604026845637691e+02 1.147248322147651010e+02 2.419127516778523557e+02
1.282236842105263293e+02 1.154144736842105203e+02 2.415855263157894797e+02
1.273790849673202672e+02 1.163137254901960773e+02 2.417843137254901933e+02
1.264797297297297263e+02 1.166013513513513544e+02 2.421621621621621614e+02
1.251891891891891930e+02 1.171891891891891930e+02 2.428783783783783861e+02
1.249013157894736850e+02 1.180657894736842053e+02 2.427565789473684106e+02
1.249337748344370880e+02 1.191854304635761537e+02 2.427284768211920607e+02
1.242147651006711442e+02 1.197583892617449663e+02 2.433355704697986539e+02
1.235400000000000063e+02 1.204399999999999977e+02 2.427866666666666617e+02
1.230000000000000000e+02 1.211689189189189193e+02 2.422635135135135158e+02
1.218322147651006588e+02 1.220402684563758413e+02 2.420872483221476728e+02
1.209072847682119232e+02 1.229867549668874176e+02 2.415894039735099454e+02
1.203684210526315752e+02 1.234868421052631646e+02 2.410855263157894797e+02
1.204800000000000040e+02 1.241533333333333360e+02 2.402133333333333383e+02
1.198456375838926107e+02 1.248926174496644279e+02 2.391744966442952887e+02
1.192027027027027088e+02 1.255675675675675649e+02 2.386621621621621614e+02
1.188366013071895395e+02 1.260326797385620949e+02 2.376666666666666572e+02
1.182993197278911595e+02 1.260068027210884338e+02 2.367142857142857224e+02
1.173513513513513544e+02 1.262905405405405475e+02 2.358445945945945823e+02
1.166733333333333320e+02 1.267399999999999949e+02 2.355466666666666526e+02
1.160333333333333314e+02 1.272866666666666617e+02 2.351333333333333258e+02
1.151513157894736850e+02 1.276710526315789451e+02 2.350000000000000000e+02
1.140261437908496731e+02 1.283006535947712337e+02 2.349346405228758101e+02
1.131543624161073893e+02 1.281006711409395962e+02 2.344899328859060290e+02
1.123199999999999932e+02 1.279933333333333394e+02 2.339133333333333269e+02
1.111052631578947398e+02 1.283355263157894797e+02 2.333355263157894797e+02
1.108104575163398664e+02 1.288562091503268050e+02 2.323921568627451109e+02
1.103243243243243228e+02 1.286283783783783861e+02 2.321959459459459367e+02
1.095394736842105203e+02 1.280460526315789593e+02 2.313355263157894797e+02
1.084172185430463600e+02 1.279867549668874176e+02 2.308145695364238463e+02
1.071324503311258241e+02 1.290132450331125824e+02 2.304105960264900546e+02
1.063881578947368354e+02 1.301184210526315894e+02 2.296776315789473699e+02
1.065436241610738222e+02 1.308187919463087212e+02 2.290738255033556925e+02
1.058590604026845625e+02 1.315906040268456252e+02 2.284563758389261636e+02
1.048716216216216282e+02 1.323783783783783861e+02 2.282770270270270316e+02
1.046241610738255048e+02 1.332885906040268367e+02 2.273624161073825576e+02
1.041788079470198625e+02 1.339668874172185440e+02 2.275231788079470334e+02
1.034333333333333371e+02 1.346800000000000068e+02 2.275400000000000205e+02
1.030266666666666708e+02 1.359600000000000080e+02 2.269533333333333474e+02
1.028562091503267908e+02 1.368954248366013076e+02 2.265424836601307277e+02
1.023092105263157947e+02 1.381644736842105203e+02 2.255723684210526301e+02
1.023557046979865817e+02 1.385100671140939710e+02 2.250402684563758271e+02
1.027218543046357553e+02 1.389536423841059616e+02 2.238410596026490111e+02
1.024533333333333331e+02 1.391399999999999864e+02 2.234333333333333371e+02
1.023020134228187885e+02 1.396510067114093943e+02 2.224026845637583847e+02
1.024899328859060432e+02 1.405973154362416153e+02 2.217181208053691250e+02
1.022800000000000011e+02 1.414000000000000057e+02 2.212533333333333303e+02
1.015933333333333337e+02 1.422266666666666595e+02 2.205999999999999943e+02
1.014666666666666686e+02 1.430733333333333235e+02 2.200399999999999920e+02
1.011133333333333297e+02 1.436866666666666674e+02 2.191866666666666674e+02
1.006466666666666612e+02 1.446200000000000045e+02 2.182933333333333223e+02
9.997333333333332916e+01 1.450200000000000102e+02 2.179866666666666788e+02
9.944295302013422599e+01 1.453825503355704711e+02 2.176778523489932979e+02
9.946666666666666856e+01 1.463133333333333326e+02 2.163400000000000034e+02
9.985333333333333883e+01 1.472133333333333383e+02 2.156533333333333360e+02
1.005100671140939568e+02 1.477986577181208077e+02 2.147852348993288558e+02
1.006688741721854257e+02 1.483377483443708513e+02 2.143509933774834337e+02
1.006577181208053702e+02 1.497382550335570386e+02 2.140872483221476443e+02
1.005000000000000000e+02 1.508092105263157805e+02 2.130065789473684106e+02
1.008874172185430496e+02 1.518543046357615935e+02 2.121788079470198625e+02
1.006143790849673252e+02 1.524248366013071916e+02 2.114052287581699261e+02
1.002434210526315752e+02 1.531710526315789593e+02 2.110855263157894797e+02
9.966666666666667140e+01 1.539199999999999875e+02 2.100466666666666526e+02
9.925000000000000000e+01 1.547565789473684106e+02 2.094736842105263293e+02
9.815999999999999659e+01 1.557800000000000011e+02 2.086533333333333360e+02
9.782781456953642873e+01 1.560132450331125824e+02 2.081324503311258241e+02
9.748322147651006730e+01 1.570134228187919518e+02 2.070939597315436345e+02
9.692715231788079677e+01 1.579602649006622528e+02 2.063576158940397249e+02
9.612162162162162815e+01 1.587094594594594525e+02 2.063986486486486456e+02
9.536666666666666003e+01 1.594666666666666686e+02 2.062400000000000091e+02
9.446938775510204778e+01 1.604829931972789154e+02 2.066326530612244881e+02
9.407482993197278631e+01 1.608095238095237960e+02 2.065238095238095184e+02
9.371999999999999886e+01 1.614333333333333371e+02 2.060800000000000125e+02
9.301324503311258241e+01 1.620860927152317856e+02 2.057615894039735167e+02
9.172185430463575528e+01 1.624370860927152194e+02 2.048543046357615935e+02
9.089261744966442791e+01 1.631140939597315480e+02 2.043758389261745094e+02
9.079999999999999716e+01 1.633600000000000136e+02 2.040533333333333417e+02
9.007999999999999829e+01 1.633199999999999932e+02 2.028533333333333246e+02
8.967763157894736992e+01 1.637236842105263293e+02 2.015460526315789593e+02
8.894039735099337918e+01 1.637615894039735167e+02 2.005298013245033246e+02
8.856666666666666288e+01 1.638733333333333348e+02 1.998533333333333246e+02
8.770666666666666345e+01 1.646266666666666652e+02 1.990933333333333337e+02
8.664000000000000057e+01 1.642466666666666697e+02 1.988600000000000136e+02
8.594630872483222106e+01 1.643221476510067021e+02 1.981275167785234999e+02
8.511184210526316463e+01 1.641118421052631504e+02 1.975065789473684106e+02
8.482432432432432279e+01 1.645000000000000000e+02 1.959391891891891930e+02
8.477702702702703164e+01 1.641013513513513544e+02 1.945337837837837753e+02
8.443046357615894237e+01 1.632913907284768129e+02 1.937019867549668959e+02
8.465333333333333599e+01 1.627933333333333223e+02 1.928799999999999955e+02
8.532894736842105488e+01 1.616776315789473699e+02 1.916710526315789593e+02
8.516778523489932695e+01 1.606711409395973078e+02 1.909194630872483174e+02
8.586274509803921262e+01 1.600392156862745026e+02 1.906862745098039227e+02
8.600000000000000000e+01 1.584900662251655490e+02 1.900397350993377472e+02
8.610135135135135442e+01 1.575945945945945823e+02 1.895540540540540633e+02
8.614093959731543748e+01 1.566040268456375770e+02 1.891006711409395962e+02
8.652348993288590862e+01 1.556375838926174424e+02 1.886308724832214807e+02
8.674342105263157521e+01 1.542631578947368496e+02 1.887105263157894797e+02
8.740268456375838468e+01 1.535637583892617499e+02 1.884630872483221538e+02
8.779865771812080766e+01 1.528255033557047113e+02 1.884697986577181155e+02
8.777181208053690398e+01 1.512751677852349133e+02 1.885906040268456536e+02
8.766442953020134610e+01 1.502617449664429614e+02 1.883624161073825576e+02
8.740939597315436060e+01 1.489932885906040383e+02 1.882013422818791923e+02
8.643999999999999773e+01 1.479133333333333269e+02 1.882800000000000011e+02
8.525827814569537111e+01 1.473907284768211809e+02 1.879337748344370880e+02
8.475333333333333030e+01 1.467599999999999909e+02 1.878199999999999932e+02
8.483443708609271994e+01 1.459403973509933792e+02 1.874503311258278018e+02
8.491216216216216139e+01 1.449189189189189051e+02 1.873918918918919019e+02
8.444295302013422599e+01 1.436644295302013461e+02 1.869597315436241729e+02
8.432666666666666799e+01 1.428199999999999932e+02 1.865333333333333314e+02
8.421999999999999886e+01 1.411999999999999886e+02 1.868666666666666742e+02
8.453333333333333144e+01 1.405133333333333212e+02 1.872533333333333303e+02
8.465771812080537018e+01 1.396442953020134325e+02 1.877181208053691250e+02
8.419594594594595094e+01 1.382837837837837753e+02 1.874527027027027088e+02
8.369934640522875213e+01 1.367777777777777715e+02 1.870196078431372655e+02
8.392617449664429330e+01 1.354899328859060290e+02 1.867382550335570386e+02
8.397333333333332916e+01 1.345200000000000102e+02 1.866999999999999886e+02
8.394155844155844193e+01 1.334480519480519547e+02 1.873571428571428612e+02
8.361842105263157521e+01 1.326184210526315894e+02 1.875394736842105203e+02
8.362745098039215463e+01 1.315816993464052302e+02 1.879215686274509665e+02
8.302013422818791355e+01 1.305100671140939710e+02 1.883557046979865675e+02
8.178378378378378954e+01 1.293108108108108070e+02 1.881216216216216139e+02
8.121999999999999886e+01 1.285533333333333417e+02 1.881800000000000068e+02
8.087162162162162815e+01 1.278445945945945965e+02 1.885472972972972912e+02
8.084105960264901114e+01 1.266490066225165521e+02 1.894437086092715106e+02
8.059060402684563940e+01 1.258657718120805384e+02 1.901677852348993270e+02
7.938926174496644705e+01 1.256040268456375770e+02 1.905704697986577116e+02
7.887500000000000000e+01 1.252500000000000000e+02 1.916052631578947398e+02
7.865540540540540349e+01 1.246148648648648702e+02 1.923175675675675791e+02
7.850000000000000000e+01 1.238333333333333286e+02 1.927333333333333201e+02
7.832214765100671627e+01 1.233154362416107404e+02 1.934093959731543748e+02
7.851333333333333542e+01 1.228000000000000114e+02 1.949533333333333474e+02
7.871052631578947967e+01 1.218750000000000000e+02 1.960263157894736707e+02
7.843918918918919303e+01 1.213581081081081123e+02 1.970270270270270316e+02
7.798666666666666458e+01 1.208933333333333309e+02 1.977933333333333223e+02
7.778000000000000114e+01 1.197066666666666634e+02 1.981866666666666674e+02
7.764000000000000057e+01 1.188266666666666680e+02 1.988066666666666720e+02
7.675675675675675791e+01 1.187297297297297263e+02 1.999594594594594525e+02
7.634000000000000341e+01 1.184200000000000017e+02 2.010800000000000125e+02
7.610526315789473983e+01 1.183815789473684248e+02 2.022236842105263293e+02
7.560666666666666913e+01 1.177000000000000028e+02 2.023799999999999955e+02
7.547972972972972627e+01 1.168243243243243228e+02 2.029797297297297405e+02
7.493421052631579471e+01 1.160855263157894797e+02 2.039605263157894512e+02
7.473825503355705280e+01 1.153154362416107404e+02 2.047046979865771732e+02
7.465999999999999659e+01 1.145933333333333337e+02 2.056866666666666674e+02
7.402631578947368496e+01 1.139342105263157947e+02 2.062894736842105203e+02
7.360784313725490335e+01 1.136339869281045765e+02 2.069150326797385731e+02
7.374172185430462889e+01 1.131788079470198625e+02 2.071456953642384065e+02
7.404827586206896228e+01 1.128551724137930989e+02 2.082689655172413836e+02
7.465100671140939426e+01 1.125704697986577116e+02 2.088389261744966348e+02
7.500675675675675791e+01 1.117905405405405475e+02 2.093378378378378386e+02
7.654729729729729115e+01 1.111486486486486456e+02 2.095878378378378386e+02
7.765789473684210975e+01 1.097434210526315752e+02 2.098552631578947398e+02
7.797315436241611053e+01 1.083825503355704711e+02 2.095234899328858944e+02
7.865562913907284326e+01 1.075165562913907280e+02 2.094172185430463458e+02
7.921476510067114418e+01 1.068053691275167836e+02 2.089463087248322211e+02
8.064238410596026085e+01 1.062450331125827745e+02 2.087417218543046431e+02
8.186486486486487024e+01 1.058243243243243228e+02 2.086216216216216139e+02
8.316107382550335103e+01 1.064563758389261778e+02 2.085167785234899327e+02
8.395394736842105488e+01 1.065000000000000000e+02 2.079868421052631504e+02
8.489261744966442791e+01 1.070000000000000000e+02 2.071812080536912788e+02
8.576000000000000512e+01 1.063133333333333326e+02 2.067199999999999989e+02
8.680794701986755513e+01 1.059271523178807968e+02 2.065827814569536542e+02
8.816778523489932695e+01 1.055906040268456394e+02 2.068255033557047113e+02
8.945033112582781598e+01 1.056821192052980081e+02 2.075894039735099454e+02
9.022818791946308181e+01 1.059395973154362451e+02 2.076442953020134325e+02
9.113815789473683537e+01 1.066250000000000000e+02 2.080789473684210407e+02
9.251999999999999602e+01 1.070266666666666708e+02 2.086933333333333280e+02
9.381379310344827616e+01 1.071931034482758633e+02 2.087724137931034534e+02
9.538513513513512976e+01 1.075675675675675649e+02 2.085810810810810949e+02
9.596710526315789025e+01 1.077565789473684248e+02 2.096842105263157805e+02
9.684868421052631504e+01 1.074802631578947398e+02 2.101710526315789593e+02
9.776315789473683537e+01 1.070328947368421098e+02 2.108881578947368496e+02
9.891333333333332689e+01 1.068266666666666680e+02 2.112266666666666595e+02
9.963758389261745663e+01 1.071140939597315480e+02 2.127114093959731633e+02
1.002119205298013185e+02 1.075960264900662224e+02 2.137682119205298079e+02
1.001721854304635713e+02 1.076953642384105905e+02 2.146953642384106047e+02
1.008599999999999994e+02 1.081400000000000006e+02 2.151533333333333360e+02
1.001744966442953029e+02 1.086778523489932837e+02 2.162550335570469713e+02
9.971999999999999886e+01 1.092999999999999972e+02 2.172933333333333223e+02
9.967785234899328373e+01 1.097986577181208077e+02 2.180000000000000000e+02
9.885430463576159354e+01 1.093377483443708655e+02 2.193973509933774722e+02
9.921999999999999886e+01 1.092266666666666737e+02 2.203066666666666720e+02
9.925333333333333030e+01 1.087333333333333343e+02 2.215133333333333212e+02
1.002925170068027256e+02 1.090068027210884338e+02 2.222244897959183731e+02
1.015197368421052602e+02 1.089276315789473699e+02 2.235131578947368496e+02
1.018580645161290334e+02 1.089354838709677438e+02 2.244129032258064456e+02
1.022774193548387132e+02 1.088258064516129053e+02 2.251419354838709808e+02
1.022933333333333366e+02 1.091333333333333400e+02 2.262333333333333201e+02
1.030135135135135158e+02 1.096756756756756630e+02 2.276013513513513544e+02
1.030067114093959759e+02 1.096241610738255048e+02 2.289731543624160963e+02
1.034800000000000040e+02 1.098066666666666720e+02 2.296200000000000045e+02
1.041466666666666612e+02 1.096533333333333360e+02 2.308000000000000114e+02
1.039328859060402692e+02 1.094832214765100673e+02 2.320201342281879135e+02
1.042818791946308750e+02 1.097449664429530145e+02 2.335906040268456252e+02
1.046533333333333360e+02 1.101133333333333297e+02 2.342599999999999909e+02
1.051200000000000045e+02 1.109399999999999977e+02 2.348933333333333451e+02
1.056510067114093943e+02 1.117114093959731491e+02 2.356711409395973078e+02
1.056375838926174566e+02 1.123557046979865817e+02 2.369731543624160963e+02
1.060662251655629120e+02 1.133576158940397391e+02 2.382715231788079393e+02
1.069866666666666646e+02 1.140799999999999983e+02 2.393199999999999932e+02
1.079536423841059616e+02 1.144172185430463600e+02 2.396490066225165663e+02
1.082199999999999989e+02 1.150666666666666629e+02 2.402400000000000091e+02
1.090000000000000000e+02 1.154295302013422884e+02 2.409865771812080482e+02
1.100408163265306172e+02 1.150680272108843525e+02 2.413741496598639458e+02
1.107210884353741420e+02 1.148027210884353764e+02 2.418095238095237960e+02
1.114866666666666646e+02 1.146400000000000006e+02 2.423666666666666742e+02
1.125133333333333354e+02 1.148333333333333286e+02 2.433066666666666720e+02
1.130680272108843525e+02 1.146938775510204067e+02 2.432993197278911452e+02
1.143599999999999994e+02 1.147933333333333366e+02 2.433266666666666538e+02
1.154078947368421098e+02 1.153092105263157947e+02 2.436118421052631504e+02
1.159115646258503460e+02 1.157142857142857082e+02 2.440136054421768677e+02
