1.273311258278145743e+02 1.285298013245033246e+02 1.284701986754966754e+02
1.278888888888888857e+02 1.286666666666666572e+02 1.280065359477124218e+02
1.278866666666666703e+02 1.286999999999999886e+02 1.280733333333333235e+02
1.282666666666666799e+02 1.290866666666666731e+02 1.277733333333333263e+02
1.282052980132450273e+02 1.292384105960264833e+02 1.278543046357615935e+02
1.282333333333333201e+02 1.295266666666666708e+02 1.273733333333333348e+02
1.280939597315436345e+02 1.293288590604026922e+02 1.272550335570469855e+02
1.278333333333333286e+02 1.289533333333333474e+02 1.274266666666666623e+02
1.280065359477124218e+02 1.289150326797385731e+02 1.272091503267973849e+02
1.278986486486486456e+02 1.289121621621621614e+02 1.271486486486486456e+02
1.280657894736842195e+02 1.290263157894736707e+02 1.271447368421052602e+02
1.277058823529411740e+02 1.292810457516339966e+02 1.270130718954248437e+02
1.280131578947368496e+02 1.296052631578947398e+02 1.270394736842105203e+02
1.279805194805194759e+02 1.297142857142857224e+02 1.267662337662337677e+02
1.277733333333333263e+02 1.298066666666666720e+02 1.268266666666666680e+02
1.281052631578947398e+02 1.295657894736842195e+02 1.268289473684210549e+02
1.279054054054054035e+02 1.296216216216216139e+02 1.265337837837837895e+02
1.277385620915032689e+02 1.299477124183006538e+02 1.261633986928104605e+02
1.273866666666666703e+02 1.298733333333333348e+02 1.260333333333333314e+02
1.276821192052980081e+02 1.296158940397351103e+02 1.255298013245033104e+02
1.280333333333333314e+02 1.297800000000000011e+02 1.257733333333333263e+02
1.280337837837837753e+02 1.297027027027027088e+02 1.255945945945945965e+02
1.276225165562913872e+02 1.292516556291390657e+02 1.257615894039735167e+02
1.278187919463087212e+02 1.292214765100671059e+02 1.254496644295302019e+02
1.277333333333333343e+02 1.294466666666666583e+02 1.252000000000000028e+02
1.278344370860927199e+02 1.292384105960264833e+02 1.249867549668874176e+02
1.277466666666666697e+02 1.291133333333333439e+02 1.247933333333333366e+02
1.280328947368421098e+02 1.292236842105263293e+02 1.251842105263157947e+02
1.280860927152317856e+02 1.291059602649006592e+02 1.251456953642384065e+02
1.284362416107382501e+02 1.292348993288590577e+02 1.250134228187919518e+02
1.285167785234899327e+02 1.294429530201342402e+02 1.249194630872483174e+02
1.281854304635761537e+02 1.294768211920529666e+02 1.250331125827814560e+02
1.281533333333333360e+02 1.292666666666666799e+02 1.252133333333333383e+02
1.276291390728476784e+02 1.295894039735099454e+02 1.253311258278145743e+02
1.274066666666666663e+02 1.294666666666666686e+02 1.251333333333333400e+02
1.273199999999999932e+02 1.293266666666666538e+02 1.255600000000000023e+02
1.277417218543046289e+02 1.294039735099337634e+02 1.258278145695364287e+02
1.275866666666666731e+02 1.291200000000000045e+02 1.259333333333333371e+02
1.277333333333333343e+02 1.289399999999999977e+02 1.260533333333333275e+02
1.279399999999999977e+02 1.287333333333333201e+02 1.258733333333333348e+02
1.282317880794701921e+02 1.281986754966887361e+02 1.259801324503311264e+02
1.280608108108108070e+02 1.273648648648648702e+02 1.257162162162162105e+02
1.279671052631578902e+02 1.272631578947368354e+02 1.257434210526315752e+02
1.278866666666666703e+02 1.271266666666666652e+02 1.256266666666666652e+02
1.286953642384106047e+02 1.269470198675496704e+02 1.260132450331125824e+02
1.283642384105960161e+02 1.266887417218542993e+02 1.257549668874172255e+02
1.285496688741721982e+02 1.266556291390728433e+02 1.257947019867549727e+02
1.286870748299319587e+02 1.266666666666666714e+02 1.259251700680272137e+02
1.287162162162162247e+02 1.260405405405405475e+02 1.264932432432432421e+02
1.286118421052631504e+02 1.262500000000000000e+02 1.263486842105263150e+02
1.288881578947368496e+02 1.262565789473684248e+02 1.266513157894736850e+02
1.293266666666666538e+02 1.261200000000000045e+02 1.263066666666666720e+02
1.291599999999999966e+02 1.262933333333333366e+02 1.263066666666666720e+02
1.289867549668874176e+02 1.260993377483443680e+02 1.263841059602649040e+02
1.291125827814569504e+02 1.257748344370860991e+02 1.262052980132450273e+02
1.289668874172185440e+02 1.257615894039735167e+02 1.259735099337748352e+02
1.291456953642384065e+02 1.256490066225165521e+02 1.264105960264900688e+02
1.292631578947368496e+02 1.257697368421052602e+02 1.264013157894736850e+02
1.294966887417218402e+02 1.257814569536423903e+02 1.268145695364238463e+02
1.292147651006711442e+02 1.261610738255033510e+02 1.270201342281879135e+02
1.296418918918919019e+02 1.263378378378378386e+02 1.266554054054054035e+02
1.301866666666666674e+02 1.264066666666666663e+02 1.267600000000000051e+02
1.302894736842105203e+02 1.262697368421052602e+02 1.271447368421052602e+02
1.308000000000000114e+02 1.261333333333333400e+02 1.272733333333333263e+02
1.308157894736842195e+02 1.261578947368421098e+02 1.270328947368421098e+02
1.310397350993377472e+02 1.264304635761589424e+02 1.272450331125827745e+02
1.310131578947368496e+02 1.265526315789473699e+02 1.270921052631578902e+02
1.309199999999999875e+02 1.268199999999999932e+02 1.270999999999999943e+02
1.307152317880794783e+02 1.267483443708609201e+02 1.269867549668874176e+02
1.302847682119205217e+02 1.264569536423841072e+02 1.264172185430463600e+02
1.305099337748344510e+02 1.262913907284768271e+02 1.262715231788079535e+02
1.308791946308724903e+02 1.263288590604026780e+02 1.261275167785234856e+02
1.312631578947368496e+02 1.263486842105263150e+02 1.261447368421052602e+02
1.309473684210526301e+02 1.265328947368421098e+02 1.261644736842105203e+02
1.307866666666666617e+02 1.263066666666666720e+02 1.261200000000000045e+02
1.306599999999999966e+02 1.263266666666666680e+02 1.256800000000000068e+02
1.305761589403973630e+02 1.267880794701986815e+02 1.254635761589403984e+02
1.306776315789473699e+02 1.262631578947368354e+02 1.257302631578947398e+02
1.308456375838926249e+02 1.263087248322147644e+02 1.257785234899328799e+02
1.304967320261438033e+02 1.264444444444444429e+02 1.257908496732026151e+02
1.305533333333333417e+02 1.267533333333333303e+02 1.257866666666666617e+02
1.306912751677852214e+02 1.269194630872483174e+02 1.253288590604026780e+02
1.308066666666666720e+02 1.268599999999999994e+02 1.250666666666666629e+02
1.311447368421052602e+02 1.271381578947368354e+02 1.247171052631578902e+02
1.310526315789473699e+02 1.276578947368421098e+02 1.245526315789473699e+02
1.310397350993377472e+02 1.274039735099337776e+02 1.248013245033112639e+02
1.308675496688741759e+02 1.273841059602649040e+02 1.249271523178807968e+02
1.308278145695364287e+02 1.275894039735099312e+02 1.253576158940397391e+02
1.307947019867549727e+02 1.273642384105960303e+02 1.255894039735099312e+02
1.307368421052631504e+02 1.272171052631578902e+02 1.256184210526315752e+02
1.307697368421052602e+02 1.272631578947368354e+02 1.257697368421052602e+02
1.307828947368421098e+02 1.273881578947368354e+02 1.258750000000000000e+02
1.304052287581699261e+02 1.273529411764705941e+02 1.258235294117647101e+02
1.304967320261438033e+02 1.270915032679738630e+02 1.261830065359477118e+02
1.303600000000000136e+02 1.264266666666666623e+02 1.255733333333333377e+02
1.302631578947368496e+02 1.266973684210526301e+02 1.254473684210526301e+02
1.301800000000000068e+02 1.267000000000000028e+02 1.254599999999999937e+02
1.299333333333333371e+02 1.267333333333333343e+02 1.256533333333333360e+02
1.297500000000000000e+02 1.270065789473684248e+02 1.261644736842105203e+02
1.293133333333333326e+02 1.262933333333333366e+02 1.262199999999999989e+02
1.291466666666666754e+02 1.258599999999999994e+02 1.265199999999999960e+02
1.289266666666666765e+02 1.262666666666666657e+02 1.262066666666666634e+02
1.289337748344370880e+02 1.261059602649006592e+02 1.264437086092715248e+02
1.290855263157894797e+02 1.264605263157894797e+02 1.264934210526315752e+02
1.292105263157894797e+02 1.261118421052631646e+02 1.264868421052631646e+02
1.291059602649006592e+02 1.260993377483443680e+02 1.263046357615894095e+02
1.292941176470588118e+02 1.261307189542483655e+02 1.264509803921568647e+02
1.297039473684210407e+02 1.260263157894736850e+02 1.264078947368421098e+02
1.301842105263157805e+02 1.262434210526315752e+02 1.263157894736842053e+02
1.301045751633986924e+02 1.260261437908496731e+02 1.260784313725490193e+02
1.303223684210526301e+02 1.262960526315789451e+02 1.259736842105263150e+02
1.302715231788079393e+02 1.258741721854304672e+02 1.262516556291390799e+02
1.300933333333333337e+02 1.260000000000000000e+02 1.260333333333333314e+02
1.300331125827814560e+02 1.258807947019867584e+02 1.260132450331125824e+02
1.302317880794701921e+02 1.259668874172185440e+02 1.258278145695364287e+02
1.299933333333333394e+02 1.260866666666666731e+02 1.262666666666666657e+02
1.299000000000000057e+02 1.261266666666666652e+02 1.261800000000000068e+02
1.299411764705882320e+02 1.262614379084967311e+02 1.264509803921568647e+02
1.295921052631578902e+02 1.262302631578947398e+02 1.264671052631578902e+02
1.294900662251655490e+02 1.262913907284768271e+02 1.267284768211920465e+02
1.297333333333333201e+02 1.263199999999999932e+02 1.265933333333333337e+02
1.298389261744966348e+02 1.262013422818791923e+02 1.267718120805369182e+02
1.297880794701986815e+02 1.261655629139072801e+02 1.268476821192053023e+02
1.298199999999999932e+02 1.261066666666666691e+02 1.268066666666666720e+02
1.299933333333333394e+02 1.257266666666666737e+02 1.266466666666666612e+02
1.299144736842105203e+02 1.256315789473684248e+02 1.267236842105263150e+02
1.297549668874172255e+02 1.255960264900662224e+02 1.269072847682119232e+02
1.301192052980132416e+02 1.256225165562913872e+02 1.272185430463576097e+02
1.304600000000000080e+02 1.258333333333333286e+02 1.273733333333333348e+02
1.299664429530201346e+02 1.257583892617449663e+02 1.276577181208053702e+02
1.296599999999999966e+02 1.259466666666666725e+02 1.276400000000000006e+02
1.297114093959731633e+02 1.257382550335570528e+02 1.275302013422818845e+02
1.293445945945945823e+02 1.257229729729729684e+02 1.273175675675675649e+02
1.286266666666666652e+02 1.251733333333333320e+02 1.272666666666666657e+02
1.285266666666666708e+02 1.258400000000000034e+02 1.274599999999999937e+02
1.286333333333333258e+02 1.258799999999999955e+02 1.275466666666666669e+02
1.286333333333333258e+02 1.262533333333333303e+02 1.279866666666666646e+02
1.289466666666666583e+02 1.262666666666666657e+02 1.284466666666666583e+02
1.292281879194630960e+02 1.261677852348993270e+02 1.283959731543624230e+02
1.290986842105263293e+02 1.263223684210526301e+02 1.285855263157894797e+02
1.293733333333333348e+02 1.265000000000000000e+02 1.283466666666666640e+02
1.291999999999999886e+02 1.264266666666666623e+02 1.281133333333333439e+02
1.291666666666666572e+02 1.263466666666666640e+02 1.278599999999999994e+02
1.288609271523178847e+02 1.265894039735099312e+02 1.278807947019867584e+02
1.290728476821192032e+02 1.263907284768211952e+02 1.277218543046357553e+02
1.290133333333333212e+02 1.266066666666666691e+02 1.276333333333333400e+02
1.291959459459459367e+02 1.267972972972972912e+02 1.277297297297297263e+02
1.294900662251655490e+02 1.271920529801324449e+02 1.280132450331125824e+02
1.298410596026490111e+02 1.265629139072847664e+02 1.277615894039735167e+02
1.297466666666666697e+02 1.267533333333333303e+02 1.279933333333333394e+02
1.296887417218543135e+02 1.269536423841059616e+02 1.284039735099337634e+02
1.295430463576159070e+02 1.268344370860927199e+02 1.279271523178807968e+02
1.297466666666666697e+02 1.267066666666666634e+02 1.279666666666666686e+02
1.296026490066225278e+02 1.265099337748344368e+02 1.279933774834437088e+02
1.292317880794701921e+02 1.264437086092715248e+02 1.280794701986754944e+02
1.294399999999999977e+02 1.260866666666666731e+02 1.278400000000000034e+02
1.288400000000000034e+02 1.262333333333333343e+02 1.278933333333333309e+02
1.286466666666666754e+02 1.261866666666666674e+02 1.280066666666666606e+02
1.289150326797385731e+02 1.263267973856209210e+02 1.277908496732026151e+02
1.288993288590604038e+02 1.260134228187919518e+02 1.278791946308724903e+02
1.290000000000000000e+02 1.258533333333333388e+02 1.281399999999999864e+02
1.292913907284768129e+02 1.261192052980132416e+02 1.282119205298013185e+02
1.294736842105263293e+02 1.263947368421052602e+02 1.280394736842105203e+02
1.296599999999999966e+02 1.264133333333333269e+02 1.278599999999999994e+02
1.305761589403973630e+02 1.262649006622516623e+02 1.280000000000000000e+02
1.305999999999999943e+02 1.255133333333333354e+02 1.283533333333333246e+02
1.305066666666666606e+02 1.253799999999999955e+02 1.286333333333333258e+02
1.305723684210526301e+02 1.257631578947368354e+02 1.281250000000000000e+02
1.306999999999999886e+02 1.258066666666666720e+02 1.279266666666666623e+02
1.307368421052631504e+02 1.259868421052631646e+02 1.278223684210526301e+02
1.308799999999999955e+02 1.259599999999999937e+02 1.278133333333333326e+02
1.313355263157894512e+02 1.260789473684210549e+02 1.279473684210526301e+02
1.317039473684210407e+02 1.259802631578947398e+02 1.280263157894736707e+02
1.316622516556291487e+02 1.266291390728476784e+02 1.279470198675496704e+02
1.314304635761589282e+02 1.262847682119205359e+02 1.280331125827814560e+02
1.310402684563758271e+02 1.262483221476510096e+02 1.281946308724832306e+02
1.305960264900662366e+02 1.259801324503311264e+02 1.283311258278145601e+02
1.307615894039735167e+02 1.259403973509933792e+02 1.281986754966887361e+02
1.309605263157894797e+02 1.260131578947368354e+02 1.281447368421052602e+02
1.308733333333333348e+02 1.263333333333333286e+02 1.284733333333333292e+02
1.308692810457516202e+02 1.262483660130719016e+02 1.286339869281045765e+02
1.310728476821192032e+02 1.260331125827814560e+02 1.286821192052980223e+02
1.311059602649006592e+02 1.263245033112582831e+02 1.283443708609271425e+02
1.312599999999999909e+02 1.268266666666666680e+02 1.286800000000000068e+02
1.313355704697986539e+02 1.269060402684563797e+02 1.286241610738254906e+02
1.311764705882353041e+02 1.268039215686274446e+02 1.290915032679738488e+02
1.309466666666666583e+02 1.271466666666666612e+02 1.293066666666666720e+02
1.308600000000000136e+02 1.270333333333333314e+02 1.295266666666666708e+02
1.308289473684210407e+02 1.272697368421052602e+02 1.296118421052631504e+02
1.307483443708609343e+02 1.272516556291390799e+02 1.296622516556291487e+02
1.307986577181208077e+02 1.273892617449664471e+02 1.297919463087248459e+02
1.310131578947368496e+02 1.275328947368421098e+02 1.297565789473684106e+02
1.309801324503311264e+02 1.273973509933774864e+02 1.295364238410596158e+02
1.311879194630872405e+02 1.275100671140939568e+02 1.291744966442952887e+02
1.311250000000000000e+02 1.277828947368421098e+02 1.291447368421052602e+02
1.311800000000000068e+02 1.281666666666666572e+02 1.293533333333333246e+02
1.309736842105263293e+02 1.283552631578947398e+02 1.296250000000000000e+02
1.307533333333333303e+02 1.280533333333333417e+02 1.296800000000000068e+02
1.309333333333333371e+02 1.276800000000000068e+02 1.301333333333333258e+02
1.309530201342281828e+02 1.277718120805369182e+02 1.301812080536912788e+02
1.305165562913907422e+02 1.279403973509933792e+02 1.298344370860927199e+02
1.306013071895424957e+02 1.279934640522875782e+02 1.301437908496731950e+02
1.304304635761589282e+02 1.277350993377483377e+02 1.296953642384106047e+02
1.303733333333333348e+02 1.282533333333333303e+02 1.296200000000000045e+02
1.300131578947368496e+02 1.285526315789473699e+02 1.298157894736842195e+02
1.300671140939597308e+02 1.286845637583892596e+02 1.299530201342281828e+02
1.302922077922077904e+02 1.290844155844155807e+02 1.297857142857142776e+02
1.302953020134228268e+02 1.293422818791946440e+02 1.297718120805369040e+02
1.305065789473684106e+02 1.297828947368421098e+02 1.300131578947368496e+02
1.309602649006622528e+02 1.294768211920529666e+02 1.299337748344370880e+02
1.311733333333333462e+02 1.294199999999999875e+02 1.301200000000000045e+02
1.311184210526315894e+02 1.290592105263157805e+02 1.302236842105263293e+02
1.308199999999999932e+02 1.292800000000000011e+02 1.298866666666666561e+02
1.311184210526315894e+02 1.292763157894736707e+02 1.298684210526315894e+02
1.314026845637583847e+02 1.293288590604026922e+02 1.301409395973154233e+02
1.312847682119205217e+02 1.293311258278145601e+02 1.300860927152317856e+02
1.313333333333333428e+02 1.292466666666666697e+02 1.303600000000000136e+02
1.312933333333333223e+02 1.295200000000000102e+02 1.304066666666666663e+02
1.308874172185430496e+02 1.295695364238410718e+02 1.305364238410596158e+02
1.309733333333333292e+02 1.297066666666666777e+02 1.304600000000000080e+02
1.315666666666666629e+02 1.305000000000000000e+02 1.301133333333333439e+02
1.318169934640522740e+02 1.306209150326797328e+02 1.300000000000000000e+02
1.313400000000000034e+02 1.302933333333333223e+02 1.300999999999999943e+02
1.311842105263157805e+02 1.301973684210526301e+02 1.302565789473684106e+02
1.308255033557047113e+02 1.302550335570469713e+02 1.303489932885906057e+02
1.306644736842105203e+02 1.305263157894736707e+02 1.305394736842105203e+02
1.305800000000000125e+02 1.305733333333333235e+02 1.303866666666666561e+02
1.304437086092715106e+02 1.306622516556291487e+02 1.305430463576159070e+02
1.300266666666666708e+02 1.309133333333333269e+02 1.305866666666666731e+02
1.299133333333333269e+02 1.307266666666666595e+02 1.303933333333333451e+02
1.299731543624160963e+02 1.308791946308724903e+02 1.302013422818791923e+02
1.302781456953642305e+02 1.311986754966887361e+02 1.301390728476821153e+02
1.306291390728476927e+02 1.311059602649006592e+02 1.300596026490066208e+02
1.309473684210526301e+02 1.311315789473684106e+02 1.300789473684210407e+02
1.304866666666666788e+02 1.308466666666666640e+02 1.305000000000000000e+02
1.302091503267973849e+02 1.306078431372548891e+02 1.302679738562091529e+02
1.305866666666666731e+02 1.305866666666666731e+02 1.300999999999999943e+02
1.305000000000000000e+02 1.303799999999999955e+02 1.298199999999999932e+02
1.301333333333333258e+02 1.301333333333333258e+02 1.299199999999999875e+02
1.302080536912751541e+02 1.300000000000000000e+02 1.303154362416107404e+02
1.299066666666666663e+02 1.302199999999999989e+02 1.305399999999999920e+02
1.298199999999999932e+02 1.301399999999999864e+02 1.305866666666666731e+02
1.300198675496688736e+02 1.300596026490066208e+02 1.304105960264900546e+02
1.301578947368421098e+02 1.300526315789473699e+02 1.301907894736842195e+02
1.302894736842105203e+02 1.299078947368421098e+02 1.302236842105263293e+02
1.298543046357615935e+02 1.299470198675496704e+02 1.299735099337748352e+02
1.298355263157894797e+02 1.301973684210526301e+02 1.297631578947368496e+02
1.296092715231788191e+02 1.301523178807946977e+02 1.302384105960264833e+02
1.295200000000000102e+02 1.297133333333333383e+02 1.302333333333333201e+02
1.293799999999999955e+02 1.300600000000000023e+02 1.299799999999999898e+02
1.289403973509933792e+02 1.300993377483443680e+02 1.299072847682119232e+02
1.292333333333333201e+02 1.298000000000000114e+02 1.304600000000000080e+02
1.291986754966887361e+02 1.300728476821192032e+02 1.306622516556291487e+02
1.293051948051948159e+02 1.299415584415584419e+02 1.309025974025973937e+02
1.292781456953642305e+02 1.297218543046357695e+02 1.312516556291390657e+02
1.294437086092715106e+02 1.296026490066225278e+02 1.311258278145695328e+02
1.294039735099337634e+02 1.292715231788079393e+02 1.310331125827814560e+02
1.294105960264900546e+02 1.291920529801324449e+02 1.314172185430463458e+02
1.294933333333333394e+02 1.291200000000000045e+02 1.313666666666666742e+02
1.292933333333333223e+02 1.292333333333333201e+02 1.310066666666666606e+02
1.292185430463576097e+02 1.292582781456953569e+02 1.310000000000000000e+02
1.294864864864864842e+02 1.292635135135135158e+02 1.305270270270270316e+02
1.291999999999999886e+02 1.295933333333333337e+02 1.304533333333333474e+02
1.293333333333333428e+02 1.296133333333333439e+02 1.303466666666666640e+02
1.292533333333333303e+02 1.296200000000000045e+02 1.299399999999999977e+02
1.294304635761589282e+02 1.295231788079470334e+02 1.301986754966887361e+02
1.293221476510067021e+02 1.293691275167785193e+02 1.298322147651006730e+02
1.294052287581699261e+02 1.292222222222222285e+02 1.298823529411764639e+02
1.291666666666666572e+02 1.292733333333333405e+02 1.300666666666666629e+02
1.291933333333333280e+02 1.298333333333333428e+02 1.305600000000000023e+02
1.291456953642384065e+02 1.299536423841059616e+02 1.302781456953642305e+02
1.291466666666666754e+02 1.302466666666666697e+02 1.301133333333333439e+02
1.289733333333333292e+02 1.305866666666666731e+02 1.300266666666666708e+02
1.286973684210526301e+02 1.311052631578947398e+02 1.301578947368421098e+02
1.285298013245033246e+02 1.309536423841059616e+02 1.302980132450331041e+02
1.286973684210526301e+02 1.306513157894736707e+02 1.303355263157894797e+02
1.286845637583892596e+02 1.310604026845637691e+02 1.298859060402684520e+02
1.289139072847682144e+02 1.312384105960264833e+02 1.302052980132450273e+02
1.291513157894736707e+02 1.310921052631578902e+02 1.300986842105263293e+02
1.292666666666666799e+02 1.306200000000000045e+02 1.304466666666666583e+02
1.290657894736842195e+02 1.309210526315789593e+02 1.305263157894736707e+02
1.291006711409395962e+02 1.308993288590604038e+02 1.307248322147650867e+02
1.287565789473684106e+02 1.307500000000000000e+02 1.306381578947368496e+02
1.288552631578947398e+02 1.308223684210526301e+02 1.305855263157894797e+02
1.287152317880794783e+02 1.312516556291390657e+02 1.304370860927152194e+02
1.282684563758389231e+02 1.308993288590604038e+02 1.302751677852349133e+02
1.284866666666666788e+02 1.312466666666666697e+02 1.303266666666666538e+02
1.282147651006711442e+02 1.314228187919462982e+02 1.298120805369127595e+02
1.286710526315789593e+02 1.318947368421052602e+02 1.300855263157894797e+02
1.286333333333333258e+02 1.317400000000000091e+02 1.300200000000000102e+02
1.286066666666666549e+02 1.315733333333333235e+02 1.299133333333333269e+02
1.281986754966887361e+02 1.310794701986754944e+02 1.296490066225165663e+02
1.280263157894736707e+02 1.310328947368421098e+02 1.297828947368421098e+02
1.278733333333333348e+02 1.311666666666666572e+02 1.296933333333333280e+02
1.277647058823529420e+02 1.310653594771241899e+02 1.294836601307189596e+02
1.277866666666666617e+02 1.314600000000000080e+02 1.295933333333333337e+02
1.278266666666666680e+02 1.317866666666666617e+02 1.294466666666666583e+02
1.275657894736842053e+02 1.316776315789473699e+02 1.293355263157894797e+02
1.277697368421052602e+02 1.314539473684210407e+02 1.292631578947368496e+02
1.275789473684210549e+02 1.313684210526315894e+02 1.293421052631578902e+02
1.277382550335570528e+02 1.312214765100671059e+02 1.290268456375839037e+02
1.278400000000000034e+02 1.312266666666666595e+02 1.283600000000000136e+02
1.272091503267973849e+02 1.310784313725490335e+02 1.280653594771241899e+02
1.274161073825503365e+02 1.313557046979865675e+02 1.283624161073825576e+02
1.271052631578947398e+02 1.313815789473684106e+02 1.280526315789473699e+02
1.271599999999999966e+02 1.313066666666666720e+02 1.279333333333333371e+02
1.268266666666666680e+02 1.312333333333333201e+02 1.284666666666666686e+02
1.268947368421052602e+02 1.310328947368421098e+02 1.284605263157894797e+02
1.269740259740259773e+02 1.310000000000000000e+02 1.285259740259740227e+02
1.267533333333333303e+02 1.310399999999999920e+02 1.286866666666666674e+02
1.264266666666666623e+02 1.311933333333333280e+02 1.289399999999999977e+02
1.263266666666666680e+02 1.315733333333333235e+02 1.290866666666666731e+02
1.265202702702702737e+02 1.315405405405405475e+02 1.291081081081080981e+02
1.258120805369127453e+02 1.316308724832214807e+02 1.288590604026845767e+02
1.258926174496644279e+02 1.316577181208053560e+02 1.290067114093959617e+02
1.258627450980392126e+02 1.315032679738561967e+02 1.287254901960784252e+02
1.259266666666666623e+02 1.320399999999999920e+02 1.285800000000000125e+02
1.261400000000000006e+02 1.318133333333333326e+02 1.281800000000000068e+02
1.258258064516129053e+02 1.319677419354838719e+02 1.278516129032258135e+02
1.260397350993377472e+02 1.313841059602648897e+02 1.277814569536423903e+02
1.258278145695364287e+02 1.314635761589403842e+02 1.273841059602649040e+02
1.259466666666666725e+02 1.315000000000000000e+02 1.272466666666666697e+02
1.258881578947368354e+02 1.314671052631578902e+02 1.271052631578947398e+02
1.260855263157894797e+02 1.313881578947368496e+02 1.275921052631578902e+02
1.263355263157894797e+02 1.313881578947368496e+02 1.275855263157894797e+02
1.260592105263157947e+02 1.313421052631578902e+02 1.275328947368421098e+02
1.258636363636363598e+02 1.319740259740259773e+02 1.275064935064935128e+02
1.262666666666666657e+02 1.319199999999999875e+02 1.273799999999999955e+02
1.266400000000000006e+02 1.319133333333333269e+02 1.274666666666666686e+02
1.265789473684210549e+02 1.319605263157894797e+02 1.267631578947368354e+02
1.265328947368421098e+02 1.316578947368421098e+02 1.271315789473684248e+02
1.263400000000000034e+02 1.317199999999999989e+02 1.270133333333333354e+02
1.259671052631578902e+02 1.322697368421052602e+02 1.271973684210526301e+02
1.254671052631578902e+02 1.319802631578947398e+02 1.268355263157894797e+02
1.253907284768211952e+02 1.320066225165562912e+02 1.268013245033112639e+02
1.252483221476510096e+02 1.316577181208053560e+02 1.267449664429530145e+02
1.249599999999999937e+02 1.314000000000000057e+02 1.265533333333333275e+02
1.251381578947368354e+02 1.314407894736842195e+02 1.264539473684210549e+02
1.254429530201342260e+02 1.310604026845637691e+02 1.264026845637583847e+02
1.256776315789473699e+02 1.309407894736842195e+02 1.263026315789473699e+02
1.255799999999999983e+02 1.312133333333333383e+02 1.265133333333333354e+02
1.259610389610389660e+02 1.310844155844155807e+02 1.264285714285714306e+02
1.259473684210526301e+02 1.309342105263157805e+02 1.267960526315789451e+02
1.259337748344370880e+02 1.313112582781456865e+02 1.269933774834437088e+02
1.260268456375838895e+02 1.312214765100671059e+02 1.271342281879194616e+02
1.259350649350649292e+02 1.315974025974026063e+02 1.267467532467532436e+02
1.259290322580645096e+02 1.319935483870967801e+02 1.266580645161290306e+02
1.262715231788079535e+02 1.323443708609271425e+02 1.263774834437086128e+02
1.261689189189189193e+02 1.325202702702702595e+02 1.259121621621621614e+02
1.259599999999999937e+02 1.322733333333333405e+02 1.259466666666666725e+02
1.258874172185430496e+02 1.326821192052980223e+02 1.258609271523178847e+02
1.256842105263157947e+02 1.329342105263157805e+02 1.255855263157894797e+02
1.255328947368421098e+02 1.331907894736842195e+02 1.253750000000000000e+02
1.257828947368421098e+02 1.331973684210526301e+02 1.257565789473684248e+02
1.257218543046357553e+02 1.328476821192053023e+02 1.255827814569536400e+02
1.256953642384105905e+02 1.329801324503311264e+02 1.256556291390728433e+02
1.255921052631578902e+02 1.332763157894736707e+02 1.252565789473684248e+02
1.254967320261437891e+02 1.335490196078431495e+02 1.257843137254901933e+02
1.253799999999999955e+02 1.335200000000000102e+02 1.256800000000000068e+02
1.254539473684210549e+02 1.333421052631578902e+02 1.252894736842105203e+02
1.249411764705882320e+02 1.333202614379084991e+02 1.247647058823529420e+02
1.247682119205298079e+02 1.334768211920529666e+02 1.247615894039735167e+02
1.248157894736842053e+02 1.331118421052631504e+02 1.249802631578947398e+02
1.251052631578947398e+02 1.333289473684210407e+02 1.247434210526315752e+02
1.250066225165562912e+02 1.333907284768211809e+02 1.242052980132450273e+02
1.245866666666666731e+02 1.334799999999999898e+02 1.240133333333333354e+02
1.246026490066225136e+02 1.336225165562914015e+02 1.240662251655629120e+02
1.247960526315789451e+02 1.332828947368421098e+02 1.239934210526315752e+02
1.249735099337748352e+02 1.332781456953642305e+02 1.241589403973509889e+02
1.246133333333333297e+02 1.337466666666666697e+02 1.238066666666666720e+02
1.247600000000000051e+02 1.337866666666666617e+02 1.240333333333333314e+02
1.243758389261744952e+02 1.340738255033556925e+02 1.242214765100671201e+02
1.244026845637583847e+02 1.339194630872483174e+02 1.240335570469798654e+02
1.241973684210526301e+02 1.338092105263157805e+02 1.241776315789473699e+02
1.243026315789473699e+02 1.336842105263157805e+02 1.241184210526315752e+02
1.243509933774834479e+02 1.336622516556291487e+02 1.243509933774834479e+02
1.243815789473684248e+02 1.333815789473684106e+02 1.242763157894736850e+02
1.243825503355704711e+02 1.333087248322147786e+02 1.238590604026845625e+02
1.247806451612903231e+02 1.333225806451612812e+02 1.236903225806451587e+02
1.246644736842105203e+02 1.331907894736842195e+02 1.238355263157894797e+02
1.245960264900662224e+02 1.329139072847682144e+02 1.239668874172185440e+02
1.248926174496644279e+02 1.327516778523489904e+02 1.238926174496644279e+02
1.248211920529801375e+02 1.323245033112582689e+02 1.241854304635761537e+02
1.246266666666666652e+02 1.318866666666666561e+02 1.244200000000000017e+02
1.247284768211920465e+02 1.318344370860927199e+02 1.245033112582781456e+02
1.249084967320261370e+02 1.316078431372548891e+02 1.244901960784313673e+02
1.251466666666666612e+02 1.310466666666666526e+02 1.248866666666666703e+02
1.249391891891891930e+02 1.313310810810810949e+02 1.247567567567567579e+02
1.248410596026490111e+02 1.311655629139072801e+02 1.249668874172185440e+02
1.252450331125827745e+02 1.310132450331125824e+02 1.248741721854304672e+02
1.249602649006622528e+02 1.312913907284768129e+02 1.248278145695364287e+02
1.252317880794701921e+02 1.311456953642384065e+02 1.245695364238410576e+02
1.250331125827814560e+02 1.309536423841059616e+02 1.242913907284768271e+02
1.247682119205298079e+02 1.311456953642384065e+02 1.243443708609271567e+02
1.245234899328859086e+02 1.310738255033556925e+02 1.245167785234899327e+02
1.240266666666666708e+02 1.316133333333333439e+02 1.247600000000000051e+02
1.239740259740259773e+02 1.313506493506493484e+02 1.247272727272727337e+02
1.241476510067113992e+02 1.317315436241610769e+02 1.247986577181208077e+02
1.242236842105263150e+02 1.321710526315789593e+02 1.249013157894736850e+02
1.242662337662337677e+02 1.318506493506493484e+02 1.248376623376623371e+02
1.241543624161073893e+02 1.319798657718120865e+02 1.246107382550335529e+02
1.241052631578947398e+02 1.318223684210526301e+02 1.249144736842105203e+02
1.242516556291390799e+02 1.321456953642384065e+02 1.249933774834437088e+02
1.246979865771812115e+02 1.318724832214765001e+02 1.248322147651006730e+02
1.247171052631578902e+02 1.316710526315789593e+02 1.246315789473684248e+02
1.248223684210526301e+02 1.320197368421052602e+02 1.244473684210526301e+02
1.251307189542483655e+02 1.324836601307189596e+02 1.246797385620915009e+02
1.256470588235294059e+02 1.323333333333333428e+02 1.246209150326797328e+02
1.259133333333333269e+02 1.323933333333333451e+02 1.250666666666666629e+02
1.257297297297297263e+02 1.321216216216216139e+02 1.248648648648648702e+02
1.257142857142857082e+02 1.322727272727272805e+02 1.251558441558441501e+02
1.259662162162162105e+02 1.323513513513513544e+02 1.248243243243243228e+02
1.259066666666666663e+02 1.323600000000000136e+02 1.249133333333333269e+02
1.259933333333333394e+02 1.325266666666666708e+02 1.247000000000000028e+02
1.259013157894736850e+02 1.321513157894736707e+02 1.247697368421052602e+02
1.260065789473684248e+02 1.322763157894736707e+02 1.248552631578947398e+02
1.260986842105263150e+02 1.326710526315789593e+02 1.248618421052631646e+02
1.258523489932885866e+02 1.327718120805369040e+02 1.248590604026845625e+02
1.261513157894736850e+02 1.325592105263157805e+02 1.249539473684210549e+02
1.260666666666666629e+02 1.320333333333333314e+02 1.249066666666666663e+02
1.265065789473684248e+02 1.319802631578947398e+02 1.250000000000000000e+02
1.258266666666666680e+02 1.323600000000000136e+02 1.250533333333333275e+02
1.260397350993377472e+02 1.320529801324503296e+02 1.252913907284768271e+02
1.259411764705882320e+02 1.317516339869281126e+02 1.250849673202614412e+02
1.259934210526315752e+02 1.319473684210526301e+02 1.253157894736842053e+02
1.260596026490066208e+02 1.320596026490066208e+02 1.252185430463576097e+02
1.262080536912751683e+02 1.325570469798657598e+02 1.255436241610738222e+02
1.258741721854304672e+02 1.321721854304635713e+02 1.257086092715231729e+02
1.255600000000000023e+02 1.326333333333333258e+02 1.257800000000000011e+02
1.254399999999999977e+02 1.325999999999999943e+02 1.254466666666666725e+02
1.258866666666666703e+02 1.325399999999999920e+02 1.257600000000000051e+02
1.259800000000000040e+02 1.326399999999999864e+02 1.259200000000000017e+02
1.266333333333333400e+02 1.324866666666666788e+02 1.258333333333333286e+02
1.266623376623376629e+02 1.325259740259740227e+02 1.264220779220779178e+02
1.263071895424836555e+02 1.325947712418300739e+02 1.267908496732026151e+02
1.262894736842105203e+02 1.325460526315789593e+02 1.269539473684210549e+02
1.260066225165562912e+02 1.319801324503311264e+02 1.270331125827814560e+02
1.264013157894736850e+02 1.322171052631578902e+02 1.272105263157894797e+02
1.257697368421052602e+02 1.319868421052631504e+02 1.269342105263157947e+02
1.261644736842105203e+02 1.318552631578947398e+02 1.271973684210526301e+02
1.261710526315789451e+02 1.318355263157894797e+02 1.272697368421052602e+02
1.257631578947368354e+02 1.317434210526315894e+02 1.271644736842105203e+02
1.255637583892617499e+02 1.314295302013422884e+02 1.271208053691275097e+02
1.257133333333333383e+02 1.315133333333333212e+02 1.269800000000000040e+02
1.256078431372549034e+02 1.317581699346405344e+02 1.272875816993464042e+02
1.256447368421052602e+02 1.318684210526315894e+02 1.272565789473684248e+02
1.256776315789473699e+02 1.321907894736842195e+02 1.269671052631578902e+02
1.254437086092715248e+02 1.321258278145695328e+02 1.270397350993377472e+02
1.256933333333333280e+02 1.319199999999999875e+02 1.273666666666666600e+02
1.259934210526315752e+02 1.319934210526315894e+02 1.277960526315789451e+02
1.261466666666666612e+02 1.320600000000000023e+02 1.274800000000000040e+02
1.258211920529801375e+02 1.323443708609271425e+02 1.276026490066225136e+02
1.260266666666666708e+02 1.322933333333333223e+02 1.273533333333333388e+02
1.261800000000000068e+02 1.320266666666666708e+02 1.273733333333333348e+02
1.258618421052631646e+02 1.317039473684210407e+02 1.266776315789473699e+02
1.259006622516556320e+02 1.319536423841059616e+02 1.266887417218542993e+02
1.257814569536423903e+02 1.318940397350993408e+02 1.266357615894039697e+02
1.256842105263157947e+02 1.320263157894736707e+02 1.264868421052631646e+02
1.251200000000000045e+02 1.323866666666666561e+02 1.266133333333333297e+02
1.248940397350993408e+02 1.323907284768211809e+02 1.267483443708609201e+02
1.250799999999999983e+02 1.320933333333333337e+02 1.269933333333333394e+02
1.250131578947368354e+02 1.324671052631578902e+02 1.271776315789473699e+02
1.251973684210526301e+02 1.326776315789473699e+02 1.276315789473684248e+02
1.254933333333333394e+02 1.325066666666666606e+02 1.274533333333333331e+02
1.261351351351351298e+02 1.327229729729729684e+02 1.277229729729729684e+02
1.258666666666666600e+02 1.325399999999999920e+02 1.282733333333333405e+02
1.259602649006622528e+02 1.325761589403973630e+02 1.280794701986754944e+02
1.253026315789473699e+02 1.321644736842105203e+02 1.275263157894736850e+02
1.250927152317880768e+02 1.322384105960264833e+02 1.274437086092715248e+02
1.248724832214765144e+02 1.319127516778523557e+02 1.280604026845637691e+02
1.250197368421052602e+02 1.319868421052631504e+02 1.283157894736842195e+02
1.250130718954248437e+02 1.325032679738561967e+02 1.285163398692810404e+02
1.247666666666666657e+02 1.327933333333333223e+02 1.284466666666666583e+02
1.247333333333333343e+02 1.327466666666666697e+02 1.283933333333333451e+02
1.246266666666666652e+02 1.331333333333333258e+02 1.282533333333333303e+02
1.249602649006622528e+02 1.335695364238410718e+02 1.279337748344370880e+02
1.249194630872483174e+02 1.336442953020134325e+02 1.279798657718120865e+02
1.249350649350649292e+02 1.338311688311688386e+02 1.282272727272727195e+02
1.244248366013071916e+02 1.339542483660130756e+02 1.284248366013071916e+02
1.244066666666666663e+02 1.340466666666666811e+02 1.279999999999999858e+02
1.243092105263157947e+02 1.339342105263157805e+02 1.277697368421052602e+02
1.243087248322147644e+02 1.345570469798657598e+02 1.279597315436241587e+02
1.246013071895424815e+02 1.346862745098039227e+02 1.279934640522875782e+02
1.243599999999999994e+02 1.350866666666666731e+02 1.280999999999999943e+02
1.242866666666666617e+02 1.355333333333333314e+02 1.279800000000000040e+02
1.244200000000000017e+02 1.353266666666666538e+02 1.281933333333333280e+02
1.245234899328859086e+02 1.350469798657718172e+02 1.281342281879194616e+02
1.244000000000000057e+02 1.349533333333333474e+02 1.283066666666666720e+02
1.243973509933774864e+02 1.354370860927152194e+02 1.282450331125827745e+02
1.248211920529801375e+02 1.352052980132450273e+02 1.276821192052980081e+02
1.249000000000000057e+02 1.349399999999999977e+02 1.280800000000000125e+02
1.249533333333333331e+02 1.345266666666666708e+02 1.282599999999999909e+02
1.249934210526315752e+02 1.346776315789473699e+02 1.286052631578947398e+02
1.248266666666666680e+02 1.349266666666666765e+02 1.285200000000000102e+02
1.248289473684210549e+02 1.350197368421052602e+02 1.282236842105263293e+02
1.248476821192053023e+02 1.349139072847682144e+02 1.281324503311258241e+02
1.247748344370860991e+02 1.344437086092715106e+02 1.284768211920529666e+02
1.246535947712418277e+02 1.344705882352941160e+02 1.285032679738561967e+02
1.245333333333333314e+02 1.348799999999999955e+02 1.284733333333333292e+02
1.250533333333333275e+02 1.349066666666666663e+02 1.282133333333333383e+02
