1.275695364238410576e+02 1.276092715231788048e+02 1.288675496688741759e+02
1.272251655629139009e+02 1.276291390728476784e+02 1.284172185430463458e+02
1.274466666666666725e+02 1.276933333333333280e+02 1.285399999999999920e+02
1.273552631578947398e+02 1.280065789473684106e+02 1.284342105263157805e+02
1.272368421052631646e+02 1.275394736842105203e+02 1.284868421052631504e+02
1.273973509933774864e+02 1.275827814569536400e+02 1.282781456953642305e+02
1.275066666666666606e+02 1.276733333333333320e+02 1.280000000000000000e+02
1.272999999999999972e+02 1.274200000000000017e+02 1.281666666666666572e+02
1.274736842105263150e+02 1.272960526315789451e+02 1.280526315789473699e+02
1.275324675324675354e+02 1.269675324675324646e+02 1.279675324675324646e+02
1.273599999999999994e+02 1.270533333333333275e+02 1.281266666666666652e+02
1.277615894039735167e+02 1.269006622516556320e+02 1.281324503311258241e+02
1.276821192052980081e+02 1.267019867549668817e+02 1.281324503311258241e+02
1.277733333333333263e+02 1.268266666666666680e+02 1.281733333333333462e+02
1.272399999999999949e+02 1.266533333333333360e+02 1.279466666666666725e+02
1.271543624161073893e+02 1.264496644295302019e+02 1.281946308724832306e+02
1.271800000000000068e+02 1.264333333333333371e+02 1.285466666666666526e+02
1.270714285714285694e+02 1.263116883116883145e+02 1.290844155844155807e+02
1.269666666666666686e+02 1.262666666666666657e+02 1.288799999999999955e+02
1.269530201342281828e+02 1.263557046979865817e+02 1.286375838926174424e+02
1.269395973154362451e+02 1.261610738255033510e+02 1.287046979865771732e+02
1.267866666666666617e+02 1.261866666666666674e+02 1.286933333333333280e+02
1.269470198675496704e+02 1.262317880794701921e+02 1.288079470198675551e+02
1.268926174496644279e+02 1.263020134228187885e+02 1.289127516778523557e+02
1.265960264900662224e+02 1.261920529801324449e+02 1.290463576158940384e+02
1.263289473684210549e+02 1.259013157894736850e+02 1.294473684210526301e+02
1.258799999999999955e+02 1.258866666666666703e+02 1.294399999999999977e+02
1.256351351351351298e+02 1.257432432432432421e+02 1.299054054054054177e+02
1.252384105960264833e+02 1.253046357615894095e+02 1.298609271523178847e+02
1.252399999999999949e+02 1.253799999999999955e+02 1.298733333333333348e+02
1.249470198675496704e+02 1.254834437086092720e+02 1.298874172185430496e+02
1.248799999999999955e+02 1.255533333333333275e+02 1.307133333333333383e+02
1.247364864864864842e+02 1.254797297297297263e+02 1.309864864864865126e+02
1.245202702702702737e+02 1.257094594594594525e+02 1.313445945945945823e+02
1.247229729729729684e+02 1.256554054054054035e+02 1.314256756756756772e+02
1.243026315789473699e+02 1.258092105263157947e+02 1.314934210526315894e+02
1.243509933774834479e+02 1.258874172185430496e+02 1.314768211920529666e+02
1.246599999999999966e+02 1.259533333333333331e+02 1.317199999999999989e+02
1.244026845637583847e+02 1.257181208053691250e+02 1.318724832214765001e+02
1.244966887417218544e+02 1.260000000000000000e+02 1.316092715231788191e+02
1.243799999999999955e+02 1.256800000000000068e+02 1.317533333333333303e+02
1.244966887417218544e+02 1.257615894039735167e+02 1.320066225165562912e+02
1.243509933774834479e+02 1.256357615894039697e+02 1.319602649006622528e+02
1.241133333333333297e+02 1.261466666666666612e+02 1.318866666666666561e+02
1.240536912751677789e+02 1.261946308724832164e+02 1.318791946308724903e+02
1.239399999999999977e+02 1.262466666666666697e+02 1.321266666666666652e+02
1.237999999999999972e+02 1.265133333333333354e+02 1.321333333333333258e+02
1.236824324324324351e+02 1.270135135135135158e+02 1.320540540540540633e+02
1.236622516556291345e+02 1.271523178807946977e+02 1.315629139072847806e+02
1.235197368421052602e+02 1.276381578947368354e+02 1.312171052631578902e+02
1.232582781456953711e+02 1.275231788079470192e+02 1.310066225165562912e+02
1.235066666666666606e+02 1.277666666666666657e+02 1.311599999999999966e+02
1.236666666666666714e+02 1.285666666666666629e+02 1.307933333333333223e+02
1.235933333333333337e+02 1.288199999999999932e+02 1.304733333333333292e+02
1.232434210526315752e+02 1.292565789473684106e+02 1.305592105263157805e+02
1.233708609271523216e+02 1.294304635761589282e+02 1.301986754966887361e+02
1.236250000000000000e+02 1.296710526315789593e+02 1.304210526315789593e+02
1.239662162162162105e+02 1.299391891891891930e+02 1.302702702702702595e+02
1.239866666666666646e+02 1.300066666666666606e+02 1.302066666666666777e+02
1.237933333333333366e+02 1.301333333333333258e+02 1.299799999999999898e+02
1.236486486486486456e+02 1.305540540540540633e+02 1.299256756756756772e+02
1.235298013245033104e+02 1.305827814569536542e+02 1.300132450331125824e+02
1.236040268456375770e+02 1.305302013422818845e+02 1.298590604026845767e+02
1.234666666666666686e+02 1.305666666666666629e+02 1.299333333333333371e+02
1.232251655629139009e+02 1.305496688741721982e+02 1.299006622516556320e+02
1.233266666666666680e+02 1.306399999999999864e+02 1.299399999999999977e+02
1.233245033112582831e+02 1.306622516556291487e+02 1.298079470198675551e+02
1.235266666666666708e+02 1.308600000000000136e+02 1.301999999999999886e+02
1.231476510067114134e+02 1.310805369127516826e+02 1.304295302013422884e+02
1.230198675496688736e+02 1.307152317880794783e+02 1.306423841059602751e+02
1.231351351351351298e+02 1.308648648648648702e+02 1.306081081081080981e+02
1.228476821192053023e+02 1.308410596026490111e+02 1.305827814569536542e+02
1.228552631578947398e+02 1.309473684210526301e+02 1.305065789473684106e+02
1.226733333333333320e+02 1.311933333333333280e+02 1.306999999999999886e+02
1.225266666666666708e+02 1.313266666666666538e+02 1.305066666666666606e+02
1.224105960264900688e+02 1.314304635761589282e+02 1.302913907284768129e+02
1.221333333333333400e+02 1.316200000000000045e+02 1.306533333333333360e+02
1.217094594594594525e+02 1.317432432432432563e+02 1.303513513513513544e+02
1.215436241610738222e+02 1.319597315436241729e+02 1.303221476510067021e+02
1.215033557046979809e+02 1.321543624161073751e+02 1.302751677852349133e+02
1.217199999999999989e+02 1.328533333333333246e+02 1.300000000000000000e+02
1.214133333333333269e+02 1.330800000000000125e+02 1.298666666666666742e+02
1.213866666666666703e+02 1.330466666666666526e+02 1.299333333333333371e+02
1.212013422818791923e+02 1.334765100671141056e+02 1.303221476510067021e+02
1.212368421052631646e+02 1.333157894736842195e+02 1.300263157894736707e+02
1.213199999999999932e+02 1.332266666666666595e+02 1.301933333333333280e+02
1.210799999999999983e+02 1.337400000000000091e+02 1.301800000000000068e+02
1.212533333333333303e+02 1.339799999999999898e+02 1.302666666666666799e+02
1.211266666666666652e+02 1.341866666666666674e+02 1.304933333333333394e+02
1.212080536912751683e+02 1.343154362416107404e+02 1.302953020134228268e+02
1.208344370860927199e+02 1.346092715231788191e+02 1.306821192052980223e+02
1.209607843137254832e+02 1.346993464052287663e+02 1.310522875816993462e+02
1.206490066225165521e+02 1.348807947019867584e+02 1.311390728476821153e+02
1.207866666666666617e+02 1.349333333333333371e+02 1.315200000000000102e+02
1.204666666666666686e+02 1.350000000000000000e+02 1.316466666666666754e+02
1.205131578947368354e+02 1.348223684210526301e+02 1.314407894736842195e+02
1.201666666666666714e+02 1.352133333333333383e+02 1.313666666666666742e+02
1.202133333333333383e+02 1.354266666666666765e+02 1.313733333333333348e+02
1.204933333333333394e+02 1.356866666666666674e+02 1.316133333333333439e+02
1.204933333333333394e+02 1.356200000000000045e+02 1.316599999999999966e+02
1.200333333333333314e+02 1.356733333333333462e+02 1.312733333333333405e+02
1.198666666666666600e+02 1.356999999999999886e+02 1.311333333333333258e+02
1.193947368421052602e+02 1.358223684210526301e+02 1.311381578947368496e+02
1.195266666666666708e+02 1.358066666666666720e+02 1.309399999999999977e+02
1.192434210526315752e+02 1.356842105263157805e+02 1.308881578947368496e+02
1.192133333333333383e+02 1.360200000000000102e+02 1.310866666666666731e+02
1.190662251655629120e+02 1.361192052980132416e+02 1.310000000000000000e+02
1.189066666666666663e+02 1.360733333333333235e+02 1.311666666666666572e+02
1.186026490066225136e+02 1.360198675496688736e+02 1.312384105960264833e+02
1.182080536912751683e+02 1.360268456375839037e+02 1.311879194630872405e+02
1.182199999999999989e+02 1.360000000000000000e+02 1.310600000000000023e+02
1.181400000000000006e+02 1.362599999999999909e+02 1.308866666666666561e+02
1.178933333333333309e+02 1.363400000000000034e+02 1.310866666666666731e+02
1.174172185430463600e+02 1.364503311258278018e+02 1.307417218543046431e+02
1.170799999999999983e+02 1.365866666666666731e+02 1.306399999999999864e+02
1.170000000000000000e+02 1.363333333333333428e+02 1.308666666666666742e+02
1.171812080536912788e+02 1.361677852348993270e+02 1.307315436241610769e+02
1.172600000000000051e+02 1.360000000000000000e+02 1.305266666666666708e+02
1.171208053691275097e+02 1.358859060402684520e+02 1.302617449664429614e+02
1.171059602649006592e+02 1.356887417218543135e+02 1.301390728476821153e+02
1.170600000000000023e+02 1.358733333333333348e+02 1.300466666666666526e+02
1.170067114093959759e+02 1.358791946308724903e+02 1.296711409395973078e+02
1.168724832214765144e+02 1.361073825503355579e+02 1.296577181208053560e+02
1.167181208053691250e+02 1.360402684563758271e+02 1.296845637583892596e+02
1.167350993377483377e+02 1.358874172185430496e+02 1.297019867549668959e+02
1.165570469798657740e+02 1.358456375838926249e+02 1.298926174496644421e+02
1.160000000000000000e+02 1.355733333333333235e+02 1.295800000000000125e+02
1.155933333333333337e+02 1.358600000000000136e+02 1.294533333333333474e+02
1.153443708609271567e+02 1.359271523178807968e+02 1.294503311258278018e+02
1.152266666666666737e+02 1.357733333333333405e+02 1.293066666666666720e+02
1.151666666666666714e+02 1.356266666666666652e+02 1.290133333333333212e+02
1.150805369127516826e+02 1.355973154362416153e+02 1.286845637583892596e+02
1.149536423841059616e+02 1.355298013245033246e+02 1.287086092715231871e+02
1.148187919463087212e+02 1.351744966442952887e+02 1.286107382550335672e+02
1.149200000000000017e+02 1.350333333333333314e+02 1.285333333333333314e+02
1.148675496688741759e+02 1.348211920529801375e+02 1.282913907284768129e+02
1.144697986577181155e+02 1.347986577181208077e+02 1.280469798657718172e+02
1.142745098039215748e+02 1.345555555555555429e+02 1.277581699346405202e+02
1.141523178807946977e+02 1.345827814569536542e+02 1.275894039735099312e+02
1.140529801324503296e+02 1.345761589403973630e+02 1.273973509933774864e+02
1.141666666666666714e+02 1.345999999999999943e+02 1.270533333333333275e+02
1.138799999999999955e+02 1.343466666666666640e+02 1.271733333333333320e+02
1.138120805369127453e+02 1.340805369127516542e+02 1.270872483221476585e+02
1.138466666666666640e+02 1.341200000000000045e+02 1.275999999999999943e+02
1.136666666666666714e+02 1.341200000000000045e+02 1.277866666666666617e+02
1.135133333333333354e+02 1.343733333333333348e+02 1.277666666666666657e+02
1.133892617449664471e+02 1.343758389261745094e+02 1.278523489932885866e+02
1.133799999999999955e+02 1.344866666666666788e+02 1.276933333333333280e+02
1.130980392156862706e+02 1.343725490196078454e+02 1.278235294117647101e+02
1.127058823529411740e+02 1.340653594771241899e+02 1.279477124183006538e+02
1.125761589403973488e+02 1.338476821192053023e+02 1.278874172185430496e+02
1.125167785234899327e+02 1.337181208053691250e+02 1.277919463087248317e+02
1.125629139072847664e+02 1.336953642384106047e+02 1.280927152317880768e+02
1.125999999999999943e+02 1.335666666666666629e+02 1.282866666666666617e+02
1.125723684210526301e+02 1.335394736842105203e+02 1.282631578947368496e+02
1.121125827814569504e+02 1.328675496688741759e+02 1.283311258278145601e+02
1.117986577181208077e+02 1.326711409395973078e+02 1.285973154362416153e+02
1.115906040268456394e+02 1.324228187919462982e+02 1.284899328859060290e+02
1.117066666666666634e+02 1.319733333333333292e+02 1.286800000000000068e+02
1.116442953020134183e+02 1.320738255033556925e+02 1.288456375838926249e+02
1.112565789473684248e+02 1.318223684210526301e+02 1.290131578947368496e+02
1.113443708609271567e+02 1.315960264900662366e+02 1.292450331125827745e+02
1.114200000000000017e+02 1.312800000000000011e+02 1.292933333333333223e+02
1.115666666666666629e+02 1.310200000000000102e+02 1.293266666666666538e+02
1.114966887417218544e+02 1.308675496688741759e+02 1.295629139072847806e+02
1.114105960264900688e+02 1.310927152317880768e+02 1.297748344370860991e+02
1.114066666666666663e+02 1.311266666666666652e+02 1.296666666666666572e+02
1.111830065359477118e+02 1.310392156862745026e+02 1.295555555555555429e+02
1.114200000000000017e+02 1.309600000000000080e+02 1.294266666666666765e+02
1.118456375838926107e+02 1.305704697986577116e+02 1.291409395973154233e+02
1.120198675496688736e+02 1.303245033112582689e+02 1.293708609271523073e+02
1.122649006622516623e+02 1.302913907284768129e+02 1.294701986754966754e+02
1.122960526315789451e+02 1.302039473684210407e+02 1.294407894736842195e+02
1.125620915032679790e+02 1.301633986928104605e+02 1.290130718954248437e+02
1.127533333333333303e+02 1.300200000000000102e+02 1.294333333333333371e+02
1.129266666666666623e+02 1.297666666666666799e+02 1.294399999999999977e+02
1.132133333333333383e+02 1.297133333333333383e+02 1.293600000000000136e+02
1.135199999999999960e+02 1.296266666666666652e+02 1.294733333333333292e+02
1.138859060402684520e+02 1.297315436241610769e+02 1.299328859060402692e+02
1.139133333333333269e+02 1.296599999999999966e+02 1.299799999999999898e+02
1.136066666666666691e+02 1.296466666666666754e+02 1.302666666666666799e+02
1.136158940397350960e+02 1.295761589403973630e+02 1.303841059602648897e+02
1.140266666666666708e+02 1.292199999999999989e+02 1.301066666666666549e+02
1.141986754966887361e+02 1.287417218543046431e+02 1.301721854304635713e+02
1.143466666666666640e+02 1.282266666666666595e+02 1.299266666666666765e+02
1.141933333333333280e+02 1.281733333333333462e+02 1.300933333333333337e+02
1.138866666666666703e+02 1.283533333333333246e+02 1.297466666666666697e+02
1.137972972972972912e+02 1.282837837837837753e+02 1.294459459459459367e+02
1.136933333333333280e+02 1.282466666666666697e+02 1.295666666666666629e+02
1.134399999999999977e+02 1.281733333333333462e+02 1.302800000000000011e+02
1.134304635761589424e+02 1.280198675496688736e+02 1.300794701986754944e+02
1.131045751633986924e+02 1.279803921568627487e+02 1.300784313725490335e+02
1.128933333333333309e+02 1.279933333333333394e+02 1.298533333333333246e+02
1.126710526315789451e+02 1.282105263157894797e+02 1.300460526315789593e+02
1.129200000000000017e+02 1.281999999999999886e+02 1.295533333333333417e+02
1.129536423841059616e+02 1.282251655629139009e+02 1.293642384105960161e+02
1.129735099337748352e+02 1.281854304635761537e+02 1.291986754966887361e+02
1.133783783783783718e+02 1.282297297297297405e+02 1.292500000000000000e+02
1.134437086092715248e+02 1.283841059602648897e+02 1.289668874172185440e+02
1.131200000000000045e+02 1.287666666666666799e+02 1.285866666666666731e+02
1.130463576158940384e+02 1.289205298013245056e+02 1.282251655629139009e+02
1.131866666666666674e+02 1.291599999999999966e+02 1.279000000000000057e+02
1.128366013071895395e+02 1.297058823529411882e+02 1.279411764705882320e+02
1.125100671140939568e+02 1.297315436241610769e+02 1.278724832214765144e+02
1.126133333333333297e+02 1.298933333333333451e+02 1.276400000000000006e+02
1.129530201342281828e+02 1.298926174496644421e+02 1.272953020134228126e+02
1.128145695364238463e+02 1.297350993377483519e+02 1.271854304635761537e+02
1.129933774834437088e+02 1.300331125827814560e+02 1.268874172185430496e+02
1.127399999999999949e+02 1.296733333333333462e+02 1.268266666666666680e+02
1.128278145695364287e+02 1.296688741721854399e+02 1.263443708609271567e+02
1.129865771812080482e+02 1.298053691275167694e+02 1.264496644295302019e+02
1.128199999999999932e+02 1.297199999999999989e+02 1.261400000000000006e+02
1.131400000000000006e+02 1.296333333333333258e+02 1.261466666666666612e+02
1.129205298013245056e+02 1.293245033112582689e+02 1.256490066225165521e+02
1.129536423841059616e+02 1.291324503311258241e+02 1.253576158940397391e+02
1.133509933774834479e+02 1.291854304635761537e+02 1.251589403973509889e+02
1.133774834437086128e+02 1.289536423841059616e+02 1.250860927152317856e+02
1.134161073825503365e+02 1.291208053691275097e+02 1.249463087248322211e+02
1.134466666666666725e+02 1.293266666666666538e+02 1.249333333333333371e+02
1.135436241610738222e+02 1.295369127516778462e+02 1.251275167785234856e+02
1.133489932885906057e+02 1.296778523489932979e+02 1.250805369127516826e+02
1.133533333333333388e+02 1.299666666666666686e+02 1.248333333333333286e+02
1.131854304635761537e+02 1.296953642384106047e+02 1.249536423841059616e+02
1.132171052631578902e+02 1.297236842105263293e+02 1.245263157894736850e+02
1.134966887417218544e+02 1.299337748344370880e+02 1.240927152317880768e+02
1.136333333333333400e+02 1.301066666666666549e+02 1.243266666666666680e+02
1.136241610738255048e+02 1.301677852348993270e+02 1.244295302013422884e+02
1.136933333333333280e+02 1.301533333333333360e+02 1.241333333333333400e+02
1.139266666666666623e+02 1.303866666666666561e+02 1.239000000000000057e+02
1.139266666666666623e+02 1.303266666666666538e+02 1.238666666666666600e+02
1.142715231788079535e+02 1.303576158940397249e+02 1.238013245033112639e+02
1.147880794701986815e+02 1.304503311258278018e+02 1.238278145695364287e+02
1.147852348993288558e+02 1.304765100671141056e+02 1.238255033557046971e+02
1.148815789473684248e+02 1.308026315789473699e+02 1.237171052631578902e+02
1.153799999999999955e+02 1.308933333333333451e+02 1.238666666666666600e+02
1.153576158940397391e+02 1.310463576158940384e+02 1.238344370860927199e+02
1.158026315789473699e+02 1.311052631578947398e+02 1.238421052631578902e+02
1.160799999999999983e+02 1.310933333333333337e+02 1.240533333333333275e+02
1.160402684563758413e+02 1.307382550335570386e+02 1.241208053691275097e+02
1.159415584415584419e+02 1.307467532467532578e+02 1.241883116883116855e+02
1.159932885906040241e+02 1.309530201342281828e+02 1.241543624161073893e+02
1.162105263157894797e+02 1.311381578947368496e+02 1.239802631578947398e+02
1.163576158940397391e+02 1.315827814569536542e+02 1.237549668874172255e+02
1.163355704697986539e+02 1.315503355704697981e+02 1.239261744966442933e+02
1.165466666666666669e+02 1.318199999999999932e+02 1.238733333333333348e+02
1.167718120805369182e+02 1.315906040268456252e+02 1.238053691275167836e+02
1.167682119205298079e+02 1.315894039735099454e+02 1.236821192052980081e+02
1.168523489932885866e+02 1.319194630872483174e+02 1.232684563758389231e+02
1.170000000000000000e+02 1.320733333333333235e+02 1.232933333333333366e+02
1.170333333333333314e+02 1.322599999999999909e+02 1.231466666666666612e+02
1.168476821192053023e+02 1.325629139072847806e+02 1.234900662251655632e+02
1.172236842105263150e+02 1.327236842105263293e+02 1.232105263157894797e+02
1.174238410596026512e+02 1.326821192052980223e+02 1.231192052980132416e+02
1.174800000000000040e+02 1.329000000000000057e+02 1.233066666666666720e+02
1.176107382550335529e+02 1.332281879194630960e+02 1.232348993288590577e+02
1.178400000000000034e+02 1.335266666666666708e+02 1.235466666666666669e+02
1.177199999999999989e+02 1.335333333333333314e+02 1.234733333333333292e+02
1.178799999999999955e+02 1.335733333333333235e+02 1.236533333333333360e+02
1.180066666666666606e+02 1.334933333333333394e+02 1.236066666666666691e+02
1.182733333333333263e+02 1.336200000000000045e+02 1.236866666666666674e+02
1.181879194630872547e+02 1.336442953020134325e+02 1.236577181208053702e+02
1.187000000000000028e+02 1.336466666666666754e+02 1.240066666666666606e+02
1.191133333333333297e+02 1.335933333333333337e+02 1.242800000000000011e+02
1.192600000000000051e+02 1.337800000000000011e+02 1.245333333333333314e+02
1.191324503311258241e+02 1.337483443708609343e+02 1.242649006622516623e+02
1.194733333333333292e+02 1.339133333333333269e+02 1.243599999999999994e+02
1.198410596026490111e+02 1.340596026490066208e+02 1.246026490066225136e+02
1.199194630872483174e+02 1.342751677852349133e+02 1.246979865771812115e+02
1.198940397350993408e+02 1.343377483443708513e+02 1.248476821192053023e+02
1.197199999999999989e+02 1.344666666666666686e+02 1.249333333333333371e+02
1.200723684210526301e+02 1.341052631578947398e+02 1.251184210526315752e+02
1.198874172185430496e+02 1.344370860927152194e+02 1.253973509933774864e+02
1.202000000000000028e+02 1.341933333333333280e+02 1.254866666666666646e+02
1.202302631578947398e+02 1.342894736842105203e+02 1.260526315789473699e+02
1.202810457516339824e+02 1.347385620915032689e+02 1.258954248366013076e+02
1.200794701986754944e+02 1.349536423841059616e+02 1.258874172185430496e+02
1.199673202614379051e+02 1.350000000000000000e+02 1.258235294117647101e+02
1.198400000000000034e+02 1.349600000000000080e+02 1.255999999999999943e+02
1.196333333333333400e+02 1.350266666666666708e+02 1.260266666666666708e+02
1.194934210526315752e+02 1.351447368421052602e+02 1.259078947368421098e+02
1.196066666666666691e+02 1.348533333333333246e+02 1.263400000000000034e+02
1.197947019867549727e+02 1.352251655629139009e+02 1.262384105960264833e+02
1.193691275167785193e+02 1.354429530201342402e+02 1.260805369127516826e+02
1.192999999999999972e+02 1.356466666666666754e+02 1.261933333333333280e+02
1.192450331125827745e+02 1.360463576158940384e+02 1.265298013245033104e+02
1.192266666666666737e+02 1.363866666666666561e+02 1.266066666666666691e+02
1.192980132450331183e+02 1.366490066225165663e+02 1.264437086092715248e+02
1.193178807947019919e+02 1.367483443708609343e+02 1.266092715231788048e+02
1.193618421052631646e+02 1.369144736842105203e+02 1.267697368421052602e+02
1.195666666666666629e+02 1.373266666666666538e+02 1.271599999999999966e+02
1.195570469798657740e+02 1.372348993288590577e+02 1.270067114093959759e+02
1.197600000000000051e+02 1.373466666666666640e+02 1.271733333333333320e+02
1.198066666666666720e+02 1.375666666666666629e+02 1.275000000000000000e+02
1.196423841059602609e+02 1.373509933774834337e+02 1.277152317880794641e+02
1.198609271523178847e+02 1.372781456953642305e+02 1.276887417218542993e+02
1.200201342281879135e+02 1.373825503355704711e+02 1.277718120805369182e+02
1.203157894736842053e+02 1.376644736842105203e+02 1.277894736842105203e+02
1.198211920529801375e+02 1.380529801324503296e+02 1.282847682119205217e+02
1.198926174496644279e+02 1.382080536912751541e+02 1.282751677852349133e+02
1.201655629139072801e+02 1.379867549668874176e+02 1.285231788079470334e+02
1.200600000000000023e+02 1.378333333333333428e+02 1.285866666666666731e+02
1.202733333333333263e+02 1.380666666666666629e+02 1.283133333333333326e+02
1.201200000000000045e+02 1.383533333333333246e+02 1.281866666666666674e+02
1.202013422818791923e+02 1.380671140939597308e+02 1.284295302013422884e+02
1.203758389261744952e+02 1.385436241610738364e+02 1.283422818791946440e+02
1.206510067114093943e+02 1.391208053691275097e+02 1.279664429530201346e+02
1.207483443708609201e+02 1.394834437086092578e+02 1.282119205298013185e+02
1.208013245033112639e+02 1.394370860927152194e+02 1.279470198675496704e+02
1.207666666666666657e+02 1.396466666666666754e+02 1.279333333333333371e+02
1.211466666666666612e+02 1.397533333333333303e+02 1.276533333333333360e+02
1.212333333333333343e+02 1.399533333333333474e+02 1.275133333333333354e+02
1.208791946308724903e+02 1.400000000000000000e+02 1.272885906040268509e+02
1.210799999999999983e+02 1.395999999999999943e+02 1.272333333333333343e+02
1.210463576158940384e+02 1.398741721854304672e+02 1.272119205298013185e+02
1.211342281879194616e+02 1.402818791946308750e+02 1.270067114093959759e+02
1.212533333333333303e+02 1.409000000000000057e+02 1.268333333333333286e+02
1.208039215686274446e+02 1.409869281045751563e+02 1.271699346405228823e+02
1.211986754966887361e+02 1.411059602649006592e+02 1.271192052980132416e+02
1.211275167785234856e+02 1.414966442953020191e+02 1.271543624161073893e+02
1.213046357615894095e+02 1.413907284768211809e+02 1.273443708609271567e+02
1.216423841059602609e+02 1.417814569536423903e+02 1.277019867549668817e+02
1.218445945945945965e+02 1.417432432432432563e+02 1.277972972972972912e+02
1.216133333333333297e+02 1.422466666666666697e+02 1.274533333333333331e+02
1.213866666666666703e+02 1.424533333333333474e+02 1.274533333333333331e+02
1.212317880794701921e+02 1.423178807947019777e+02 1.273708609271523216e+02
1.207466666666666697e+02 1.428199999999999932e+02 1.272199999999999989e+02
1.206510067114093943e+02 1.426778523489932979e+02 1.272953020134228126e+02
1.208590604026845625e+02 1.432147651006711442e+02 1.274765100671140914e+02
1.207999999999999972e+02 1.435733333333333235e+02 1.277866666666666617e+02
1.207986577181208077e+02 1.437315436241610769e+02 1.279530201342281828e+02
1.205855263157894797e+02 1.438355263157894797e+02 1.279473684210526301e+02
1.201192052980132416e+02 1.437748344370860991e+02 1.278344370860927199e+02
1.203466666666666640e+02 1.440999999999999943e+02 1.274133333333333269e+02
1.203933333333333309e+02 1.443333333333333428e+02 1.273333333333333286e+02
1.204866666666666646e+02 1.444866666666666788e+02 1.275133333333333354e+02
1.208666666666666600e+02 1.444733333333333292e+02 1.272266666666666737e+02
1.207583892617449663e+02 1.448791946308724903e+02 1.271610738255033510e+02
1.202199999999999989e+02 1.448533333333333246e+02 1.273666666666666600e+02
1.200000000000000000e+02 1.449866666666666788e+02 1.272800000000000011e+02
1.200066225165562912e+02 1.449933774834437088e+02 1.275033112582781456e+02
1.198066666666666720e+02 1.448933333333333451e+02 1.275333333333333314e+02
1.199932885906040241e+02 1.448523489932885866e+02 1.275973154362416153e+02
1.199470198675496704e+02 1.453377483443708513e+02 1.279668874172185440e+02
1.197483443708609201e+02 1.451390728476821153e+02 1.278079470198675551e+02
1.195933333333333337e+02 1.450999999999999943e+02 1.279333333333333371e+02
1.196599999999999966e+02 1.450933333333333337e+02 1.280266666666666708e+02
1.196291390728476784e+02 1.451192052980132416e+02 1.281059602649006592e+02
1.192550335570469855e+02 1.454966442953020191e+02 1.283221476510067021e+02
1.189533333333333331e+02 1.455466666666666526e+02 1.281066666666666549e+02
1.190333333333333314e+02 1.458866666666666561e+02 1.278933333333333309e+02
1.190066666666666606e+02 1.457866666666666617e+02 1.281399999999999864e+02
1.190134228187919518e+02 1.458657718120805384e+02 1.282684563758389231e+02
1.189731543624161105e+02 1.459194630872483174e+02 1.281677852348993270e+02
1.186158940397350960e+02 1.461324503311258241e+02 1.282649006622516481e+02
1.183907284768211952e+02 1.460463576158940384e+02 1.283907284768211809e+02
1.182933333333333366e+02 1.461533333333333360e+02 1.283666666666666742e+02
1.181800000000000068e+02 1.464533333333333474e+02 1.284266666666666765e+02
1.176510067114093943e+02 1.468791946308724903e+02 1.283557046979865675e+02
1.175600000000000023e+02 1.474000000000000057e+02 1.281533333333333360e+02
1.173666666666666600e+02 1.478133333333333326e+02 1.283199999999999932e+02
1.167248322147651010e+02 1.478657718120805384e+02 1.283758389261745094e+02
1.169735099337748352e+02 1.478211920529801375e+02 1.282450331125827745e+02
1.168053691275167836e+02 1.480536912751677789e+02 1.283087248322147786e+02
1.167919463087248317e+02 1.480604026845637691e+02 1.286107382550335672e+02
1.164539473684210549e+02 1.479078947368421098e+02 1.286250000000000000e+02
1.161200000000000045e+02 1.475600000000000023e+02 1.287066666666666777e+02
1.162399999999999949e+02 1.477066666666666777e+02 1.289399999999999977e+02
1.161655629139072801e+02 1.477152317880794783e+02 1.295165562913907422e+02
1.161973684210526301e+02 1.481052631578947398e+02 1.295855263157894797e+02
1.163221476510067163e+02 1.484362416107382501e+02 1.295503355704697981e+02
1.159205298013245056e+02 1.484635761589403842e+02 1.297152317880794783e+02
1.160799999999999983e+02 1.485133333333333212e+02 1.300266666666666708e+02
1.161666666666666714e+02 1.490000000000000000e+02 1.304000000000000057e+02
1.158666666666666600e+02 1.489466666666666583e+02 1.307666666666666799e+02
1.159798657718120865e+02 1.490604026845637691e+02 1.307449664429530287e+02
1.162733333333333263e+02 1.490533333333333417e+02 1.309799999999999898e+02
1.161800000000000068e+02 1.489399999999999977e+02 1.311066666666666549e+02
1.161133333333333297e+02 1.494066666666666663e+02 1.310466666666666526e+02
1.163046357615894095e+02 1.493245033112582689e+02 1.311523178807946977e+02
1.163509933774834479e+02 1.496291390728476927e+02 1.311324503311258241e+02
1.162333333333333343e+02 1.498466666666666640e+02 1.311733333333333462e+02
1.165199999999999960e+02 1.503666666666666742e+02 1.310399999999999920e+02
1.163066666666666720e+02 1.502933333333333223e+02 1.310866666666666731e+02
1.162980132450331183e+02 1.504304635761589282e+02 1.310860927152317856e+02
1.162933333333333366e+02 1.508000000000000114e+02 1.313466666666666640e+02
1.167114093959731491e+02 1.510536912751677789e+02 1.312953020134228268e+02
1.169466666666666725e+02 1.511800000000000068e+02 1.314266666666666765e+02
1.170860927152317856e+02 1.512052980132450273e+02 1.310000000000000000e+02
1.171533333333333360e+02 1.513600000000000136e+02 1.312666666666666799e+02
1.170872483221476443e+02 1.515033557046979809e+02 1.316375838926174424e+02
1.171655629139072801e+02 1.516490066225165663e+02 1.312781456953642305e+02
1.169403973509933792e+02 1.516754966887417311e+02 1.311721854304635713e+02
1.170132450331125824e+02 1.516357615894039839e+02 1.308410596026490111e+02
1.170199999999999960e+02 1.518000000000000114e+02 1.308400000000000034e+02
1.170939597315436203e+02 1.519597315436241729e+02 1.306577181208053560e+02
1.172368421052631646e+02 1.523552631578947398e+02 1.304078947368421098e+02
1.172066666666666634e+02 1.521066666666666549e+02 1.304466666666666583e+02
1.171578947368421098e+02 1.522565789473684106e+02 1.301513157894736707e+02
1.170657894736842053e+02 1.525460526315789593e+02 1.300131578947368496e+02
1.170866666666666731e+02 1.524266666666666765e+02 1.302133333333333383e+02
1.171666666666666714e+02 1.525266666666666708e+02 1.300999999999999943e+02
1.174200000000000017e+02 1.527933333333333223e+02 1.294466666666666583e+02
1.173733333333333348e+02 1.527666666666666799e+02 1.291999999999999886e+02
1.172266666666666737e+02 1.529000000000000057e+02 1.289266666666666765e+02
1.170784313725490193e+02 1.531830065359477260e+02 1.286078431372548891e+02
1.168791946308724903e+02 1.533825503355704711e+02 1.287919463087248459e+02
1.167449664429530145e+02 1.531946308724832306e+02 1.287382550335570386e+02
1.168609271523178847e+02 1.532913907284768129e+02 1.283311258278145601e+02
1.170199999999999960e+02 1.536599999999999966e+02 1.281866666666666674e+02
1.172119205298013185e+02 1.539006622516556320e+02 1.284105960264900546e+02
1.171946308724832164e+02 1.542550335570469713e+02 1.281476510067114134e+02
1.170604026845637549e+02 1.544093959731543748e+02 1.277516778523489904e+02
1.175165562913907280e+02 1.545430463576159070e+02 1.282185430463576097e+02
1.176400000000000006e+02 1.546800000000000068e+02 1.278733333333333348e+02
1.174866666666666646e+02 1.547266666666666595e+02 1.272733333333333263e+02
1.173133333333333326e+02 1.549333333333333371e+02 1.273933333333333309e+02
1.175364238410596016e+02 1.548410596026490111e+02 1.275562913907284752e+02
1.175333333333333314e+02 1.546800000000000068e+02 1.277066666666666634e+02
1.174466666666666725e+02 1.547400000000000091e+02 1.279800000000000040e+02
1.176842105263157947e+02 1.549539473684210407e+02 1.278421052631578902e+02
1.177549668874172255e+02 1.550993377483443680e+02 1.278543046357615935e+02
1.180397350993377472e+02 1.551456953642384065e+02 1.276026490066225136e+02
1.181866666666666674e+02 1.551933333333333280e+02 1.275000000000000000e+02
1.182933333333333366e+02 1.554666666666666686e+02 1.275866666666666731e+02
1.182679738562091529e+02 1.559673202614379193e+02 1.276732026143790790e+02
1.185033112582781456e+02 1.560264900662251648e+02 1.278807947019867584e+02
1.185333333333333314e+02 1.558933333333333451e+02 1.278199999999999932e+02
1.188266666666666680e+02 1.560000000000000000e+02 1.277133333333333383e+02
1.190197368421052602e+02 1.559144736842105203e+02 1.275526315789473699e+02
1.188807947019867584e+02 1.558476821192053023e+02 1.273576158940397391e+02
1.190331125827814560e+02 1.558211920529801375e+02 1.275562913907284752e+02
1.194736842105263150e+02 1.556842105263157805e+02 1.275921052631578902e+02
1.193288590604026780e+02 1.554228187919462982e+02 1.277449664429530145e+02
1.196953642384105905e+02 1.552847682119205217e+02 1.274503311258278160e+02
1.198145695364238463e+02 1.553245033112582689e+02 1.272913907284768271e+02
1.202450331125827745e+02 1.553576158940397249e+02 1.271125827814569504e+02
1.205496688741721840e+02 1.551986754966887361e+02 1.272052980132450273e+02
1.207333333333333343e+02 1.554333333333333371e+02 1.272600000000000051e+02
1.205000000000000000e+02 1.552094594594594525e+02 1.267702702702702737e+02
1.205302013422818845e+02 1.553959731543624230e+02 1.267718120805369182e+02
1.207333333333333343e+02 1.554266666666666765e+02 1.265000000000000000e+02
1.209530201342281828e+02 1.558590604026845767e+02 1.264496644295302019e+02
1.213666666666666600e+02 1.558799999999999955e+02 1.259666666666666686e+02
1.217800000000000011e+02 1.561200000000000045e+02 1.256666666666666714e+02
1.218039215686274446e+02 1.560784313725490335e+02 1.257189542483660176e+02
1.221148648648648560e+02 1.564256756756756772e+02 1.249459459459459509e+02
1.221891891891891930e+02 1.561216216216216424e+02 1.248513513513513544e+02
1.220135135135135158e+02 1.559594594594594525e+02 1.249797297297297263e+02
1.223243243243243228e+02 1.561486486486486456e+02 1.250608108108108070e+02
1.226486486486486456e+02 1.561689189189189051e+02 1.252027027027026946e+02
1.226554054054054035e+02 1.559391891891891930e+02 1.249797297297297263e+02
1.229932885906040241e+02 1.557651006711409423e+02 1.246912751677852356e+02
1.230000000000000000e+02 1.558066666666666720e+02 1.248133333333333326e+02
1.231066666666666691e+02 1.558333333333333428e+02 1.248733333333333348e+02
1.233509933774834479e+02 1.558344370860927199e+02 1.244503311258278160e+02
1.236601307189542496e+02 1.558235294117646959e+02 1.245686274509803866e+02
1.240000000000000000e+02 1.560331125827814560e+02 1.242582781456953711e+02
1.240866666666666731e+02 1.561599999999999966e+02 1.242066666666666634e+02
1.240933333333333337e+02 1.562400000000000091e+02 1.239533333333333331e+02
1.240533333333333275e+02 1.563000000000000114e+02 1.238199999999999932e+02
1.240066666666666606e+02 1.562133333333333383e+02 1.240799999999999983e+02
1.240264900662251648e+02 1.560397350993377472e+02 1.243576158940397391e+02
1.240397350993377472e+02 1.561125827814569504e+02 1.244105960264900688e+02
1.243533333333333388e+02 1.560999999999999943e+02 1.246133333333333297e+02
1.246490066225165521e+02 1.566092715231788191e+02 1.240728476821192032e+02
1.248092105263157947e+02 1.566578947368421098e+02 1.238881578947368354e+02
1.247852348993288558e+02 1.569060402684563655e+02 1.236442953020134183e+02
1.250067114093959759e+02 1.569597315436241729e+02 1.239127516778523557e+02
1.252133333333333383e+02 1.570133333333333212e+02 1.239200000000000017e+02
1.248476821192053023e+02 1.570728476821192032e+02 1.237615894039735167e+02
1.248344370860927199e+02 1.571589403973509889e+02 1.240264900662251648e+02
1.247302631578947398e+02 1.572500000000000000e+02 1.240986842105263150e+02
1.250000000000000000e+02 1.575131578947368496e+02 1.237434210526315752e+02
1.249276315789473699e+02 1.576973684210526301e+02 1.237368421052631646e+02
1.251655629139072801e+02 1.578874172185430496e+02 1.235298013245033104e+02
1.255570469798657740e+02 1.578724832214765001e+02 1.233288590604026780e+02
1.259194630872483174e+02 1.580335570469798654e+02 1.233959731543624230e+02
1.263486842105263150e+02 1.579013157894736707e+02 1.233815789473684248e+02
1.265600000000000023e+02 1.582199999999999989e+02 1.233866666666666703e+02
1.269798657718120865e+02 1.580738255033556925e+02 1.234765100671140914e+02
1.273733333333333348e+02 1.582533333333333303e+02 1.237133333333333383e+02
1.277814569536423903e+02 1.580662251655629120e+02 1.236556291390728433e+02
1.280132450331125824e+02 1.585364238410596158e+02 1.234966887417218544e+02
1.283311258278145601e+02 1.582384105960264833e+02 1.235761589403973488e+02
1.282466666666666697e+02 1.581733333333333462e+02 1.233066666666666720e+02
1.283489932885906057e+02 1.579463087248322211e+02 1.230402684563758413e+02
1.283774834437085985e+02 1.581589403973509889e+02 1.229271523178807968e+02
1.284304635761589282e+02 1.579801324503311264e+02 1.228211920529801375e+02
1.286754966887417311e+02 1.580728476821192032e+02 1.229867549668874176e+02
1.285066666666666606e+02 1.583333333333333428e+02 1.227866666666666617e+02
1.283774834437085985e+02 1.581788079470198625e+02 1.224900662251655632e+02
1.284437086092715106e+02 1.580596026490066208e+02 1.230794701986754944e+02
1.287843137254901933e+02 1.580980392156862706e+02 1.227450980392156907e+02
1.286399999999999864e+02 1.581533333333333360e+02 1.228199999999999932e+02
1.284834437086092578e+02 1.583576158940397249e+02 1.232649006622516623e+02
1.285866666666666731e+02 1.584866666666666788e+02 1.233799999999999955e+02
1.287483443708609343e+02 1.586556291390728575e+02 1.233642384105960303e+02
1.286533333333333360e+02 1.587333333333333201e+02 1.235333333333333314e+02
1.287814569536423903e+02 1.591059602649006592e+02 1.239602649006622528e+02
1.288947368421052602e+02 1.592763157894736707e+02 1.241842105263157947e+02
