1.272185430463576097e+02 1.282185430463576097e+02 1.261986754966887361e+02
1.276225165562913872e+02 1.281192052980132416e+02 1.263642384105960303e+02
1.273571428571428612e+02 1.282142857142857224e+02 1.262857142857142918e+02
1.275921052631578902e+02 1.284276315789473699e+02 1.262500000000000000e+02
1.275400000000000063e+02 1.287800000000000011e+02 1.261133333333333297e+02
1.273841059602649040e+02 1.290132450331125824e+02 1.259205298013245056e+02
1.276241610738255048e+02 1.289731543624160963e+02 1.257382550335570528e+02
1.279000000000000057e+02 1.290399999999999920e+02 1.260933333333333337e+02
1.281456953642384065e+02 1.291523178807946977e+02 1.258940397350993408e+02
1.283181818181818130e+02 1.293961038961039094e+02 1.260844155844155807e+02
1.284276315789473699e+02 1.292631578947368496e+02 1.261315789473684248e+02
1.284172185430463458e+02 1.287682119205298079e+02 1.260662251655629120e+02
1.278866666666666703e+02 1.282800000000000011e+02 1.255733333333333377e+02
1.281733333333333462e+02 1.283199999999999932e+02 1.253799999999999955e+02
1.278675496688741759e+02 1.281125827814569504e+02 1.252317880794701921e+02
1.277516778523489904e+02 1.279865771812080482e+02 1.255436241610738222e+02
1.277933333333333366e+02 1.276200000000000045e+02 1.256866666666666674e+02
1.271589403973509889e+02 1.273708609271523216e+02 1.257086092715231729e+02
1.273355263157894797e+02 1.273881578947368354e+02 1.259605263157894797e+02
1.281538461538461604e+02 1.275000000000000000e+02 1.259230769230769198e+02
1.286133333333333439e+02 1.272333333333333343e+02 1.266733333333333320e+02
1.288133333333333326e+02 1.270400000000000063e+02 1.261800000000000068e+02
1.282400000000000091e+02 1.267866666666666617e+02 1.261733333333333320e+02
1.285519480519480453e+02 1.266428571428571388e+02 1.263181818181818130e+02
1.285302013422818845e+02 1.264697986577181155e+02 1.264630872483221538e+02
1.290264900662251648e+02 1.268079470198675551e+02 1.261854304635761537e+02
1.292500000000000000e+02 1.268355263157894797e+02 1.263947368421052602e+02
1.290592105263157805e+02 1.266118421052631646e+02 1.263815789473684248e+02
1.290649350649350708e+02 1.265454545454545467e+02 1.262012987012986969e+02
1.292133333333333383e+02 1.268266666666666680e+02 1.259599999999999937e+02
1.296241610738254906e+02 1.263020134228187885e+02 1.259731543624161105e+02
1.297635135135135158e+02 1.262567567567567579e+02 1.257027027027027088e+02
1.297599999999999909e+02 1.259800000000000040e+02 1.257600000000000051e+02
1.300733333333333235e+02 1.260533333333333275e+02 1.259466666666666725e+02
1.298791946308724903e+02 1.265100671140939568e+02 1.258657718120805384e+02
1.298410596026490111e+02 1.261523178807946977e+02 1.256688741721854257e+02
1.296821192052980223e+02 1.258410596026490111e+02 1.257615894039735167e+02
1.301879194630872405e+02 1.259932885906040241e+02 1.259060402684563797e+02
1.299932885906040383e+02 1.257382550335570528e+02 1.262013422818791923e+02
1.303199999999999932e+02 1.251933333333333280e+02 1.266800000000000068e+02
1.303288590604026922e+02 1.248456375838926107e+02 1.263959731543624230e+02
1.302800000000000011e+02 1.249533333333333331e+02 1.263666666666666600e+02
1.303333333333333428e+02 1.254117647058823479e+02 1.259607843137254832e+02
1.304078947368421098e+02 1.254078947368421098e+02 1.262171052631578902e+02
1.301883116883116998e+02 1.254350649350649292e+02 1.263636363636363598e+02
1.303157894736842195e+02 1.254342105263157947e+02 1.260065789473684248e+02
1.303881578947368496e+02 1.247960526315789451e+02 1.255131578947368354e+02
1.299530201342281828e+02 1.246979865771812115e+02 1.254228187919463124e+02
1.303509933774834337e+02 1.246887417218542993e+02 1.256754966887417169e+02
1.305838926174496635e+02 1.248053691275167836e+02 1.254563758389261778e+02
1.309735099337748352e+02 1.254304635761589424e+02 1.252450331125827745e+02
1.303398692810457646e+02 1.255555555555555571e+02 1.251895424836601336e+02
1.300200000000000102e+02 1.253799999999999955e+02 1.250066666666666606e+02
1.302214765100671059e+02 1.252818791946308750e+02 1.248456375838926107e+02
1.298741721854304672e+02 1.255894039735099312e+02 1.247152317880794641e+02
1.299802631578947398e+02 1.253355263157894797e+02 1.242565789473684248e+02
1.300993377483443680e+02 1.254039735099337776e+02 1.239801324503311264e+02
1.302052980132450273e+02 1.254105960264900688e+02 1.237814569536423903e+02
1.299399999999999977e+02 1.251599999999999966e+02 1.236466666666666612e+02
1.295228758169934622e+02 1.248039215686274446e+02 1.235359477124183059e+02
1.297385620915032689e+02 1.245816993464052302e+02 1.235359477124183059e+02
1.302792207792207932e+02 1.244480519480519547e+02 1.235129870129870113e+02
1.301946308724832306e+02 1.239194630872483174e+02 1.238053691275167836e+02
1.297777777777777715e+02 1.245359477124183059e+02 1.236732026143790790e+02
1.299199999999999875e+02 1.242000000000000028e+02 1.235866666666666731e+02
1.300000000000000000e+02 1.246554054054054035e+02 1.234729729729729684e+02
1.301333333333333258e+02 1.243199999999999932e+02 1.235000000000000000e+02
1.304117647058823479e+02 1.246405228758169983e+02 1.231960784313725554e+02
1.302147651006711442e+02 1.249798657718120865e+02 1.233557046979865817e+02
1.296800000000000068e+02 1.244533333333333331e+02 1.237600000000000051e+02
1.294496644295302019e+02 1.245503355704697981e+02 1.240939597315436203e+02
1.294900662251655490e+02 1.240794701986754944e+02 1.235827814569536400e+02
1.299199999999999875e+02 1.240600000000000023e+02 1.237133333333333383e+02
1.296466666666666754e+02 1.238866666666666703e+02 1.237399999999999949e+02
1.298199999999999932e+02 1.239000000000000057e+02 1.234399999999999977e+02
1.301986754966887361e+02 1.237615894039735167e+02 1.236622516556291345e+02
1.299271523178807968e+02 1.240331125827814560e+02 1.237152317880794641e+02
1.303178807947019777e+02 1.241258278145695328e+02 1.235695364238410576e+02
1.301589403973509889e+02 1.245298013245033104e+02 1.238145695364238463e+02
1.296800000000000068e+02 1.247800000000000011e+02 1.238133333333333326e+02
1.298692810457516202e+02 1.250522875816993462e+02 1.238496732026143832e+02
1.300533333333333417e+02 1.249733333333333292e+02 1.240066666666666606e+02
1.298896103896103966e+02 1.252987012987013031e+02 1.236948051948051983e+02
1.294172185430463458e+02 1.253973509933774864e+02 1.236887417218542993e+02
1.294129032258064456e+02 1.253806451612903174e+02 1.238774193548387075e+02
1.291788079470198625e+02 1.253245033112582831e+02 1.244834437086092720e+02
1.292147651006711442e+02 1.248993288590604038e+02 1.249664429530201346e+02
1.291324503311258241e+02 1.249006622516556320e+02 1.252185430463576097e+02
1.294610389610389518e+02 1.250454545454545467e+02 1.254740259740259773e+02
1.295424836601307277e+02 1.250784313725490193e+02 1.255228758169934622e+02
1.295870967741935544e+02 1.248322580645161253e+02 1.254129032258064456e+02
1.296493506493506516e+02 1.253051948051948017e+02 1.247922077922077904e+02
1.295033112582781598e+02 1.251523178807946977e+02 1.248013245033112639e+02
1.295526315789473699e+02 1.251578947368421098e+02 1.241710526315789451e+02
1.295099337748344510e+02 1.250927152317880768e+02 1.238145695364238463e+02
1.294569536423840930e+02 1.249536423841059616e+02 1.238807947019867584e+02
1.293907284768211809e+02 1.247086092715231729e+02 1.234635761589403984e+02
1.297086092715231871e+02 1.247947019867549727e+02 1.241192052980132416e+02
1.292039473684210407e+02 1.243355263157894797e+02 1.237697368421052602e+02
1.285460526315789593e+02 1.249342105263157947e+02 1.238223684210526301e+02
1.284701986754966754e+02 1.247814569536423903e+02 1.235761589403973488e+02
1.284228187919462982e+02 1.249395973154362451e+02 1.236711409395973220e+02
1.280132450331125824e+02 1.248675496688741759e+02 1.234370860927152336e+02
1.279801324503311264e+02 1.251192052980132416e+02 1.231920529801324449e+02
1.281266666666666652e+02 1.250666666666666629e+02 1.232733333333333263e+02
1.285359477124183059e+02 1.248627450980392126e+02 1.232352941176470580e+02
1.285359477124183059e+02 1.250065359477124218e+02 1.235098039215686327e+02
1.285584415584415581e+02 1.252662337662337677e+02 1.236363636363636402e+02
1.289932885906040383e+02 1.251879194630872547e+02 1.238791946308724903e+02
1.285800000000000125e+02 1.249866666666666646e+02 1.235666666666666629e+02
1.285466666666666526e+02 1.248866666666666703e+02 1.231800000000000068e+02
1.281599999999999966e+02 1.250533333333333275e+02 1.231066666666666691e+02
1.279466666666666725e+02 1.252333333333333343e+02 1.230333333333333314e+02
1.283576158940397249e+02 1.249337748344370880e+02 1.231390728476821153e+02
1.278933333333333309e+02 1.248400000000000034e+02 1.232800000000000011e+02
1.272999999999999972e+02 1.247533333333333303e+02 1.232399999999999949e+02
1.270466666666666669e+02 1.250600000000000023e+02 1.228333333333333286e+02
1.270738255033557067e+02 1.253959731543624230e+02 1.229395973154362451e+02
1.271266666666666652e+02 1.254000000000000057e+02 1.230133333333333354e+02
1.272266666666666737e+02 1.250400000000000063e+02 1.231733333333333320e+02
1.269006622516556320e+02 1.247350993377483377e+02 1.234701986754966896e+02
1.269933333333333394e+02 1.247466666666666697e+02 1.237733333333333263e+02
1.268933333333333309e+02 1.247199999999999989e+02 1.239333333333333371e+02
1.270529801324503296e+02 1.248013245033112639e+02 1.234105960264900688e+02
1.267368421052631646e+02 1.247894736842105203e+02 1.230657894736842053e+02
1.268040540540540491e+02 1.247972972972972912e+02 1.232027027027027088e+02
1.271895424836601336e+02 1.249477124183006538e+02 1.231176470588235361e+02
1.272368421052631646e+02 1.246973684210526301e+02 1.233486842105263150e+02
1.272715231788079535e+02 1.247682119205298079e+02 1.236622516556291345e+02
1.269802631578947398e+02 1.247894736842105203e+02 1.232565789473684248e+02
1.268299319727891117e+02 1.252653061224489761e+02 1.237551020408163254e+02
1.268476821192053023e+02 1.252980132450331183e+02 1.237880794701986815e+02
1.267248322147651010e+02 1.252684563758389231e+02 1.240201342281879135e+02
1.267516778523489904e+02 1.253154362416107404e+02 1.240536912751677789e+02
1.266887417218542993e+02 1.253443708609271567e+02 1.242119205298013185e+02
1.262565789473684248e+02 1.255657894736842053e+02 1.243815789473684248e+02
1.262416107382550337e+02 1.256174496644295289e+02 1.240268456375838895e+02
1.261333333333333400e+02 1.256733333333333320e+02 1.235733333333333377e+02
1.261342281879194616e+02 1.255100671140939568e+02 1.235234899328859086e+02
1.258926174496644279e+02 1.256040268456375770e+02 1.235100671140939568e+02
1.258888888888888857e+02 1.255163398692810404e+02 1.237058823529411740e+02
1.254569536423841072e+02 1.251523178807946977e+02 1.235364238410596016e+02
1.255163398692810404e+02 1.252222222222222285e+02 1.232679738562091529e+02
1.252266666666666737e+02 1.250400000000000063e+02 1.227866666666666617e+02
1.255999999999999943e+02 1.250799999999999983e+02 1.225133333333333354e+02
1.257254901960784252e+02 1.252483660130719016e+02 1.226535947712418277e+02
1.262399999999999949e+02 1.249133333333333269e+02 1.224200000000000017e+02
1.262066666666666634e+02 1.250933333333333337e+02 1.220066666666666606e+02
1.262533333333333303e+02 1.249466666666666725e+02 1.221800000000000068e+02
1.262199999999999989e+02 1.251466666666666612e+02 1.220666666666666629e+02
1.258636363636363598e+02 1.253636363636363598e+02 1.221428571428571388e+02
1.258581081081081123e+02 1.250135135135135158e+02 1.229932432432432421e+02
1.258199999999999932e+02 1.251933333333333280e+02 1.231266666666666652e+02
1.257697368421052602e+02 1.246644736842105203e+02 1.230065789473684248e+02
1.260993377483443680e+02 1.247086092715231729e+02 1.230331125827814560e+02
1.257218543046357553e+02 1.247019867549668817e+02 1.228013245033112639e+02
1.254238410596026512e+02 1.248079470198675551e+02 1.226158940397350960e+02
1.255799999999999983e+02 1.246466666666666612e+02 1.227066666666666634e+02
1.255533333333333275e+02 1.247866666666666617e+02 1.228199999999999932e+02
1.250127388535031798e+02 1.250254777070063739e+02 1.232292993630573221e+02
1.255704697986577116e+02 1.249530201342281828e+02 1.231006711409395962e+02
1.251589403973509889e+02 1.250331125827814560e+02 1.230927152317880768e+02
1.250533333333333275e+02 1.247999999999999972e+02 1.233866666666666703e+02
1.252236842105263150e+02 1.249868421052631646e+02 1.233026315789473699e+02
1.251161290322580584e+02 1.251225806451612925e+02 1.232387096774193509e+02
1.250460526315789451e+02 1.254802631578947398e+02 1.232565789473684248e+02
1.253733333333333348e+02 1.251733333333333320e+02 1.230866666666666731e+02
1.250743243243243228e+02 1.254932432432432421e+02 1.232972972972972912e+02
1.249271523178807968e+02 1.255695364238410576e+02 1.232847682119205359e+02
1.247284768211920465e+02 1.256490066225165521e+02 1.232450331125827745e+02
1.246973684210526301e+02 1.255065789473684248e+02 1.235592105263157947e+02
1.250266666666666708e+02 1.253733333333333348e+02 1.237466666666666697e+02
1.250198675496688736e+02 1.254768211920529808e+02 1.240264900662251648e+02
1.252026143790849630e+02 1.253071895424836555e+02 1.236862745098039227e+02
1.256688741721854257e+02 1.251258278145695328e+02 1.235827814569536400e+02
1.252960526315789451e+02 1.246250000000000000e+02 1.235394736842105203e+02
1.250202702702702737e+02 1.241824324324324351e+02 1.236824324324324351e+02
1.247615894039735167e+02 1.241920529801324449e+02 1.233642384105960303e+02
1.250986842105263150e+02 1.239013157894736850e+02 1.233552631578947398e+02
1.247748344370860991e+02 1.232913907284768271e+02 1.233841059602649040e+02
1.247733333333333263e+02 1.233533333333333388e+02 1.231533333333333360e+02
1.246644295302013461e+02 1.230268456375838895e+02 1.229328859060402692e+02
1.249933333333333394e+02 1.228199999999999932e+02 1.228933333333333309e+02
1.247229729729729684e+02 1.230945945945945965e+02 1.219864864864864842e+02
1.248609271523178847e+02 1.234701986754966896e+02 1.221324503311258241e+02
1.248815789473684248e+02 1.236842105263157947e+02 1.222434210526315752e+02
1.249060402684563797e+02 1.242550335570469855e+02 1.220201342281879135e+02
1.249139072847682144e+02 1.242052980132450273e+02 1.221523178807946977e+02
1.244630872483221538e+02 1.251342281879194616e+02 1.220067114093959759e+02
1.241192052980132416e+02 1.249470198675496704e+02 1.222582781456953711e+02
1.243006535947712479e+02 1.248300653594771177e+02 1.221437908496732092e+02
1.237777777777777715e+02 1.249869281045751563e+02 1.223790849673202672e+02
1.238552631578947398e+02 1.249802631578947398e+02 1.218289473684210549e+02
1.240400000000000063e+02 1.253266666666666680e+02 1.218866666666666703e+02
1.237199999999999989e+02 1.252133333333333383e+02 1.220466666666666669e+02
1.234575163398692865e+02 1.253529411764705941e+02 1.216862745098039227e+02
1.232533333333333303e+02 1.258599999999999994e+02 1.219066666666666663e+02
1.237218543046357553e+02 1.252119205298013185e+02 1.207284768211920465e+02
1.235354838709677381e+02 1.246064516129032285e+02 1.204387096774193537e+02
1.235133333333333354e+02 1.251466666666666612e+02 1.202866666666666617e+02
1.235333333333333314e+02 1.250333333333333314e+02 1.200799999999999983e+02
1.234248366013071916e+02 1.249215686274509807e+02 1.204575163398692865e+02
1.236933333333333280e+02 1.245799999999999983e+02 1.204866666666666646e+02
1.235960264900662224e+02 1.243112582781457007e+02 1.201986754966887361e+02
1.235131578947368354e+02 1.241447368421052602e+02 1.201578947368421098e+02
1.231689189189189193e+02 1.239864864864864842e+02 1.202972972972972912e+02
1.233223684210526301e+02 1.240394736842105203e+02 1.204605263157894797e+02
1.228145695364238463e+02 1.241655629139072801e+02 1.206291390728476784e+02
1.225723684210526301e+02 1.240131578947368354e+02 1.210723684210526301e+02
1.227133333333333383e+02 1.235933333333333337e+02 1.207000000000000028e+02
1.228145695364238463e+02 1.229801324503311264e+02 1.208013245033112639e+02
1.226688741721854257e+02 1.227152317880794641e+02 1.204768211920529808e+02
1.223265306122448948e+02 1.228571428571428612e+02 1.202380952380952408e+02
1.219266666666666623e+02 1.229399999999999977e+02 1.205333333333333314e+02
1.219399999999999977e+02 1.229533333333333331e+02 1.207933333333333366e+02
1.219470198675496704e+02 1.228145695364238463e+02 1.210198675496688736e+02
1.220933333333333337e+02 1.227000000000000028e+02 1.210600000000000023e+02
1.219868421052631646e+02 1.222828947368421098e+02 1.213289473684210549e+02
1.221390728476821153e+02 1.221192052980132416e+02 1.214768211920529808e+02
1.220522875816993462e+02 1.218562091503267908e+02 1.214509803921568647e+02
1.221192052980132416e+02 1.217483443708609201e+02 1.216887417218542993e+02
1.221558441558441501e+02 1.218896103896103966e+02 1.222012987012986969e+02
1.220333333333333314e+02 1.217733333333333263e+02 1.220733333333333377e+02
1.221258278145695328e+02 1.214900662251655632e+02 1.222913907284768271e+02
1.220784313725490193e+02 1.211176470588235361e+02 1.226797385620915009e+02
1.226339869281045765e+02 1.211176470588235361e+02 1.230915032679738630e+02
1.227419354838709609e+02 1.210451612903225822e+02 1.229612903225806519e+02
1.229205298013245056e+02 1.207880794701986815e+02 1.227086092715231729e+02
1.231390728476821153e+02 1.206953642384105905e+02 1.226953642384105905e+02
1.234333333333333371e+02 1.202399999999999949e+02 1.228866666666666703e+02
1.233489932885906057e+02 1.202348993288590577e+02 1.232348993288590577e+02
1.232384105960264833e+02 1.204105960264900688e+02 1.235099337748344368e+02
1.234765100671140914e+02 1.199060402684563797e+02 1.233221476510067163e+02
1.240000000000000000e+02 1.195394736842105203e+02 1.234013157894736850e+02
1.243815789473684248e+02 1.199144736842105203e+02 1.234605263157894797e+02
1.245799999999999983e+02 1.201466666666666612e+02 1.233199999999999932e+02
1.244313725490196134e+02 1.202287581699346362e+02 1.229477124183006538e+02
1.243708609271523216e+02 1.199337748344370880e+02 1.227682119205298079e+02
1.245364238410596016e+02 1.202450331125827745e+02 1.224834437086092720e+02
1.246357615894039697e+02 1.203576158940397391e+02 1.227682119205298079e+02
1.246577181208053702e+02 1.201946308724832164e+02 1.224563758389261778e+02
1.244866666666666646e+02 1.205199999999999960e+02 1.221066666666666691e+02
1.247814569536423903e+02 1.207880794701986815e+02 1.217417218543046289e+02
1.247615894039735167e+02 1.209403973509933792e+02 1.213178807947019919e+02
1.247417218543046289e+02 1.214900662251655632e+02 1.210463576158940384e+02
1.246209150326797328e+02 1.211830065359477118e+02 1.210653594771241899e+02
1.251324503311258241e+02 1.209205298013245056e+02 1.213443708609271567e+02
1.253725490196078454e+02 1.210261437908496731e+02 1.213006535947712479e+02
1.255999999999999943e+02 1.205266666666666708e+02 1.209466666666666725e+02
1.258092105263157947e+02 1.208750000000000000e+02 1.210197368421052602e+02
1.256622516556291345e+02 1.209801324503311264e+02 1.209867549668874176e+02
1.262384105960264833e+02 1.209403973509933792e+02 1.209470198675496704e+02
1.263557046979865817e+02 1.209798657718120865e+02 1.205302013422818845e+02
1.264210526315789451e+02 1.208092105263157947e+02 1.206184210526315752e+02
1.267046979865771874e+02 1.210604026845637549e+02 1.207718120805369182e+02
1.269072847682119232e+02 1.207814569536423903e+02 1.205960264900662224e+02
1.266225165562913872e+02 1.207218543046357553e+02 1.206357615894039697e+02
1.268311688311688243e+02 1.205519480519480453e+02 1.208896103896103966e+02
1.264966887417218544e+02 1.202251655629139009e+02 1.209933774834437088e+02
1.265562913907284752e+02 1.194569536423841072e+02 1.214503311258278160e+02
1.268157894736842053e+02 1.198223684210526301e+02 1.211118421052631646e+02
1.270264900662251648e+02 1.199867549668874176e+02 1.213973509933774864e+02
1.271879194630872547e+02 1.198993288590604038e+02 1.216577181208053702e+02
1.274437086092715248e+02 1.196225165562913872e+02 1.213642384105960303e+02
1.279150326797385588e+02 1.196405228758169983e+02 1.217973856209150370e+02
1.277320261437908471e+02 1.197777777777777715e+02 1.221111111111111143e+02
1.279189189189189193e+02 1.194459459459459509e+02 1.227702702702702737e+02
1.282013422818791923e+02 1.192684563758389231e+02 1.225704697986577116e+02
1.278874172185430496e+02 1.186291390728476784e+02 1.225231788079470192e+02
1.280328947368421098e+02 1.186052631578947398e+02 1.225526315789473699e+02
1.282400000000000091e+02 1.185666666666666629e+02 1.226933333333333280e+02
1.282317880794701921e+02 1.180993377483443680e+02 1.226688741721854257e+02
1.282792207792207932e+02 1.175000000000000000e+02 1.227597402597402549e+02
1.286903225806451587e+02 1.173741935483870975e+02 1.223161290322580612e+02
1.286948051948051841e+02 1.173181818181818130e+02 1.222727272727272663e+02
1.285200000000000102e+02 1.173066666666666720e+02 1.220400000000000063e+02
1.285197368421052602e+02 1.173486842105263150e+02 1.222763157894736850e+02
1.287682119205298079e+02 1.172384105960264833e+02 1.222715231788079535e+02
1.285933333333333337e+02 1.176466666666666612e+02 1.226800000000000068e+02
1.285266666666666708e+02 1.180533333333333275e+02 1.221400000000000006e+02
1.281333333333333258e+02 1.179200000000000017e+02 1.219000000000000057e+02
1.280728476821192032e+02 1.181523178807946977e+02 1.216158940397350960e+02
1.279536423841059616e+02 1.183708609271523216e+02 1.215695364238410576e+02
1.280666666666666629e+02 1.181933333333333280e+02 1.215000000000000000e+02
1.282837837837837753e+02 1.181689189189189193e+02 1.212094594594594525e+02
1.283154362416107404e+02 1.182617449664429472e+02 1.210536912751677789e+02
1.287086092715231871e+02 1.182715231788079535e+02 1.211854304635761537e+02
1.283666666666666742e+02 1.180999999999999943e+02 1.210666666666666629e+02
1.283422818791946440e+02 1.183221476510067163e+02 1.210268456375838895e+02
1.284429530201342402e+02 1.187651006711409423e+02 1.207449664429530145e+02
1.287027027027027088e+02 1.191486486486486456e+02 1.209256756756756772e+02
1.288799999999999955e+02 1.196066666666666691e+02 1.211066666666666691e+02
1.288675496688741759e+02 1.201920529801324449e+02 1.207549668874172255e+02
1.288926174496644421e+02 1.209865771812080482e+02 1.208523489932885866e+02
1.286753246753246742e+02 1.206818181818181870e+02 1.208246753246753258e+02
1.287066666666666777e+02 1.205600000000000023e+02 1.209066666666666663e+02
1.289084967320261512e+02 1.203986928104575185e+02 1.206274509803921546e+02
1.287567567567567437e+02 1.206959459459459509e+02 1.203108108108108070e+02
1.285827814569536542e+02 1.205231788079470192e+02 1.208079470198675551e+02
1.287199999999999989e+02 1.207866666666666617e+02 1.214399999999999977e+02
1.292818791946308750e+02 1.211677852348993270e+02 1.211812080536912788e+02
1.285620915032679648e+02 1.211699346405228823e+02 1.214640522875816941e+02
1.286800000000000068e+02 1.209533333333333331e+02 1.215866666666666731e+02
1.284765100671141056e+02 1.210738255033557067e+02 1.219127516778523557e+02
1.284701986754966754e+02 1.208940397350993408e+02 1.215430463576158928e+02
1.289205298013245056e+02 1.209867549668874176e+02 1.216688741721854257e+02
1.287814569536423903e+02 1.206357615894039697e+02 1.217417218543046289e+02
1.286510067114093943e+02 1.207718120805369182e+02 1.217718120805369182e+02
1.283691275167785193e+02 1.209328859060402692e+02 1.220604026845637549e+02
1.281390728476821153e+02 1.211192052980132416e+02 1.222715231788079535e+02
1.282214765100671059e+02 1.211208053691275097e+02 1.220402684563758413e+02
1.287449664429530287e+02 1.205570469798657740e+02 1.215234899328859086e+02
1.288013245033112639e+02 1.204039735099337776e+02 1.215960264900662224e+02
1.287843137254901933e+02 1.207843137254901933e+02 1.216013071895424815e+02
1.287583892617449806e+02 1.207986577181208077e+02 1.216174496644295289e+02
1.287114093959731633e+02 1.209731543624161105e+02 1.211208053691275097e+02
1.288278145695364287e+02 1.213046357615894095e+02 1.208344370860927199e+02
1.289276315789473699e+02 1.212500000000000000e+02 1.207236842105263150e+02
1.287987012987013031e+02 1.208311688311688243e+02 1.201298701298701275e+02
1.286533333333333360e+02 1.205400000000000063e+02 1.192333333333333343e+02
1.289539473684210407e+02 1.204078947368421098e+02 1.190460526315789451e+02
1.288866666666666561e+02 1.204000000000000057e+02 1.190400000000000063e+02
1.289346405228758101e+02 1.202026143790849630e+02 1.189803921568627487e+02
1.288741721854304672e+02 1.199933774834437088e+02 1.183774834437086128e+02
1.290333333333333314e+02 1.200199999999999960e+02 1.183666666666666600e+02
1.291324503311258241e+02 1.205430463576158928e+02 1.184039735099337776e+02
1.289403973509933792e+02 1.207086092715231729e+02 1.188476821192053023e+02
1.286442953020134325e+02 1.201812080536912788e+02 1.185570469798657740e+02
1.285686274509803866e+02 1.201568627450980387e+02 1.182483660130719016e+02
1.282599999999999909e+02 1.206133333333333297e+02 1.186200000000000045e+02
1.285430463576159070e+02 1.205231788079470192e+02 1.190397350993377472e+02
1.279019607843137294e+02 1.205490196078431353e+02 1.188823529411764639e+02
1.274635761589403984e+02 1.212317880794701921e+02 1.189668874172185440e+02
1.272866666666666617e+02 1.217533333333333303e+02 1.190000000000000000e+02
1.275100671140939568e+02 1.219194630872483174e+02 1.188724832214765144e+02
1.274569536423841072e+02 1.217483443708609201e+02 1.187284768211920465e+02
1.274342105263157947e+02 1.218750000000000000e+02 1.192500000000000000e+02
1.273133333333333326e+02 1.221066666666666691e+02 1.190733333333333377e+02
1.268666666666666600e+02 1.224466666666666725e+02 1.192199999999999989e+02
1.269210526315789451e+02 1.225460526315789451e+02 1.190000000000000000e+02
1.267152317880794641e+02 1.224701986754966896e+02 1.189735099337748352e+02
1.267748344370860991e+02 1.217814569536423903e+02 1.191721854304635713e+02
1.264026845637583847e+02 1.215570469798657740e+02 1.188255033557046971e+02
1.267600000000000051e+02 1.216066666666666691e+02 1.194599999999999937e+02
1.271523178807946977e+02 1.212119205298013185e+02 1.194966887417218544e+02
1.273046357615894095e+02 1.211589403973509889e+02 1.194238410596026512e+02
1.275000000000000000e+02 1.209675324675324646e+02 1.194155844155844193e+02
1.277266666666666737e+02 1.209733333333333292e+02 1.191866666666666674e+02
1.276845637583892596e+02 1.204228187919463124e+02 1.188255033557046971e+02
1.275960264900662224e+02 1.207086092715231729e+02 1.190397350993377472e+02
1.275933333333333337e+02 1.202133333333333383e+02 1.193266666666666680e+02
1.278187919463087212e+02 1.202953020134228126e+02 1.192416107382550337e+02
1.278211920529801375e+02 1.200993377483443680e+02 1.188675496688741759e+02
1.279473684210526301e+02 1.197565789473684248e+02 1.189539473684210549e+02
1.279602649006622528e+02 1.192649006622516623e+02 1.194701986754966896e+02
1.279271523178807968e+02 1.188476821192053023e+02 1.194768211920529808e+02
1.274533333333333331e+02 1.188733333333333348e+02 1.192733333333333263e+02
1.271192052980132416e+02 1.190463576158940384e+02 1.193708609271523216e+02
1.272684563758389231e+02 1.187449664429530145e+02 1.193825503355704711e+02
1.270397350993377472e+02 1.181258278145695328e+02 1.196556291390728433e+02
1.274802631578947398e+02 1.176578947368421098e+02 1.202434210526315752e+02
1.274052287581699403e+02 1.175359477124183059e+02 1.203856209150326748e+02
1.272229729729729684e+02 1.179391891891891930e+02 1.203716216216216282e+02
1.277027027027027088e+02 1.177229729729729684e+02 1.205067567567567579e+02
1.274900662251655632e+02 1.179867549668874176e+02 1.207483443708609201e+02
1.272847682119205359e+02 1.183576158940397391e+02 1.206423841059602609e+02
1.273642384105960303e+02 1.182913907284768271e+02 1.206953642384105905e+02
1.272999999999999972e+02 1.182399999999999949e+02 1.208866666666666703e+02
1.272715231788079535e+02 1.184966887417218544e+02 1.209933774834437088e+02
1.270733333333333377e+02 1.184466666666666725e+02 1.213266666666666680e+02
1.270662251655629120e+02 1.185033112582781456e+02 1.210728476821192032e+02
1.271418918918918877e+02 1.185135135135135158e+02 1.208716216216216282e+02
1.274771241830065378e+02 1.185686274509803866e+02 1.210000000000000000e+02
1.274105960264900688e+02 1.185298013245033104e+02 1.208079470198675551e+02
1.274630872483221538e+02 1.182550335570469855e+02 1.207315436241610769e+02
1.273907284768211952e+02 1.184172185430463600e+02 1.206092715231788048e+02
1.275033112582781456e+02 1.180993377483443680e+02 1.209006622516556320e+02
1.274248366013071916e+02 1.177254901960784252e+02 1.215163398692810404e+02
1.271666666666666714e+02 1.171933333333333280e+02 1.217000000000000028e+02
1.266666666666666714e+02 1.168733333333333348e+02 1.216599999999999966e+02
1.257549668874172255e+02 1.172251655629139009e+02 1.214768211920529808e+02
1.256013513513513544e+02 1.173108108108108070e+02 1.213716216216216282e+02
1.259533333333333331e+02 1.178466666666666640e+02 1.217199999999999989e+02
1.255761589403973488e+02 1.178278145695364287e+02 1.219536423841059616e+02
1.251699346405228823e+02 1.176797385620915009e+02 1.220718954248365975e+02
1.251192052980132416e+02 1.178476821192053023e+02 1.220397350993377472e+02
1.253959731543624230e+02 1.177852348993288558e+02 1.224093959731543606e+02
1.258053691275167836e+02 1.177315436241610769e+02 1.224228187919463124e+02
1.256339869281045765e+02 1.179673202614379051e+02 1.226209150326797328e+02
1.254765100671140914e+02 1.187248322147651010e+02 1.225637583892617499e+02
1.256423841059602609e+02 1.188410596026490111e+02 1.221655629139072801e+02
1.257733333333333263e+02 1.191200000000000045e+02 1.222533333333333303e+02
1.258410596026490111e+02 1.191456953642384065e+02 1.225430463576158928e+02
1.260328947368421098e+02 1.186513157894736850e+02 1.225131578947368354e+02
1.259870129870129887e+02 1.187337662337662323e+02 1.225649350649350708e+02
1.264210526315789451e+02 1.189802631578947398e+02 1.223947368421052602e+02
1.264038461538461604e+02 1.190128205128205110e+02 1.223782051282051242e+02
1.263489932885906057e+02 1.186510067114093943e+02 1.224496644295302019e+02
1.263378378378378386e+02 1.185000000000000000e+02 1.224594594594594525e+02
1.264304635761589424e+02 1.183907284768211952e+02 1.221192052980132416e+02
1.260199999999999960e+02 1.184466666666666725e+02 1.221133333333333297e+02
1.262133333333333383e+02 1.182733333333333263e+02 1.218133333333333326e+02
1.257385620915032689e+02 1.178235294117647101e+02 1.222941176470588260e+02
1.257066666666666634e+02 1.181133333333333297e+02 1.218866666666666703e+02
1.257894736842105203e+02 1.180789473684210549e+02 1.220592105263157947e+02
1.259477124183006538e+02 1.181895424836601336e+02 1.215620915032679790e+02
1.261578947368421098e+02 1.184144736842105203e+02 1.212960526315789451e+02
1.258223684210526301e+02 1.186513157894736850e+02 1.212894736842105203e+02
1.260993377483443680e+02 1.187549668874172255e+02 1.215165562913907280e+02
1.260784313725490193e+02 1.186078431372549034e+02 1.214771241830065378e+02
1.260000000000000000e+02 1.184039735099337776e+02 1.216688741721854257e+02
1.257315436241610769e+02 1.184026845637583847e+02 1.221610738255033510e+02
1.256291390728476784e+02 1.183774834437086128e+02 1.225165562913907280e+02
1.257171052631578902e+02 1.182039473684210549e+02 1.227960526315789451e+02
1.257549668874172255e+02 1.184635761589403984e+02 1.223907284768211952e+02
1.257933333333333366e+02 1.187133333333333383e+02 1.224866666666666646e+02
1.260939597315436203e+02 1.187852348993288558e+02 1.232416107382550337e+02
1.259933774834437088e+02 1.191192052980132416e+02 1.233311258278145743e+02
1.260264900662251648e+02 1.191655629139072801e+02 1.232649006622516623e+02
1.260066225165562912e+02 1.190264900662251648e+02 1.233841059602649040e+02
1.260789473684210549e+02 1.191184210526315752e+02 1.238486842105263150e+02
1.260263157894736850e+02 1.190855263157894797e+02 1.244605263157894797e+02
1.263774834437086128e+02 1.188476821192053023e+02 1.245496688741721840e+02
1.265266666666666708e+02 1.187266666666666737e+02 1.249266666666666623e+02
1.265999999999999943e+02 1.189000000000000057e+02 1.250400000000000063e+02
1.268344370860927199e+02 1.188807947019867584e+02 1.250463576158940384e+02
1.269337748344370880e+02 1.189337748344370880e+02 1.251920529801324449e+02
1.267333333333333343e+02 1.190866666666666731e+02 1.250000000000000000e+02
1.270000000000000000e+02 1.198355263157894797e+02 1.252763157894736850e+02
1.271907894736842053e+02 1.198421052631578902e+02 1.252434210526315752e+02
1.278741721854304672e+02 1.200397350993377472e+02 1.252119205298013185e+02
1.273377483443708655e+02 1.200397350993377472e+02 1.255231788079470192e+02
1.276666666666666714e+02 1.205333333333333314e+02 1.253599999999999994e+02
1.275855263157894797e+02 1.203815789473684248e+02 1.257828947368421098e+02
1.280536912751677789e+02 1.203959731543624230e+02 1.255771812080536876e+02
1.280264900662251648e+02 1.202317880794701921e+02 1.250529801324503296e+02
1.280671140939597308e+02 1.207315436241610769e+02 1.246107382550335529e+02
1.282697368421052602e+02 1.197960526315789451e+02 1.253552631578947398e+02
1.286158940397351103e+02 1.197748344370860991e+02 1.249933774834437088e+02
1.285165562913907422e+02 1.200662251655629120e+02 1.250794701986754944e+02
1.278476821192053023e+02 1.199602649006622528e+02 1.252251655629139009e+02
1.279266666666666623e+02 1.198799999999999955e+02 1.250866666666666731e+02
1.280921052631578902e+02 1.202302631578947398e+02 1.243815789473684248e+02
1.283199999999999932e+02 1.204133333333333269e+02 1.245133333333333354e+02
1.284066666666666663e+02 1.202199999999999989e+02 1.240333333333333314e+02
1.285231788079470334e+02 1.200860927152317856e+02 1.235629139072847664e+02
1.289798657718120865e+02 1.202684563758389231e+02 1.233288590604026780e+02
1.290986842105263293e+02 1.204671052631578902e+02 1.231381578947368354e+02
1.295266666666666708e+02 1.206333333333333400e+02 1.227000000000000028e+02
1.294900662251655490e+02 1.204569536423841072e+02 1.227086092715231729e+02
1.293866666666666561e+02 1.202533333333333303e+02 1.226333333333333400e+02
1.297615894039735167e+02 1.200662251655629120e+02 1.230132450331125824e+02
1.301741935483871089e+02 1.196580645161290306e+02 1.230903225806451644e+02
1.303333333333333428e+02 1.192066666666666634e+02 1.230199999999999960e+02
1.303157894736842195e+02 1.193552631578947398e+02 1.231118421052631646e+02
1.300197368421052602e+02 1.193486842105263150e+02 1.230328947368421098e+02
1.302516556291390657e+02 1.193708609271523216e+02 1.234172185430463600e+02
1.308823529411764639e+02 1.193267973856209210e+02 1.234705882352941160e+02
1.307828947368421098e+02 1.191447368421052602e+02 1.236250000000000000e+02
1.314039735099337634e+02 1.188344370860927199e+02 1.232980132450331183e+02
1.312953020134228268e+02 1.184630872483221538e+02 1.230000000000000000e+02
1.315200000000000102e+02 1.186266666666666652e+02 1.231200000000000045e+02
1.313377483443708513e+02 1.183708609271523216e+02 1.228675496688741759e+02
1.311125827814569504e+02 1.184635761589403984e+02 1.228013245033112639e+02
1.309533333333333474e+02 1.186066666666666691e+02 1.227133333333333383e+02
1.311907894736842195e+02 1.185460526315789451e+02 1.226513157894736850e+02
1.311776315789473699e+02 1.181710526315789451e+02 1.225986842105263150e+02
1.312533333333333303e+02 1.176400000000000006e+02 1.227666666666666657e+02
1.315466666666666526e+02 1.178066666666666720e+02 1.228733333333333348e+02
1.309328859060402692e+02 1.180738255033557067e+02 1.222550335570469855e+02
1.307682119205298079e+02 1.180397350993377472e+02 1.216754966887417169e+02
1.307466666666666697e+02 1.183133333333333326e+02 1.216533333333333360e+02
1.303660130718954235e+02 1.187058823529411740e+02 1.219869281045751563e+02
1.300662251655629120e+02 1.184039735099337776e+02 1.216092715231788048e+02
1.297635135135135158e+02 1.183175675675675649e+02 1.215000000000000000e+02
1.298675496688741759e+02 1.179735099337748352e+02 1.215364238410596016e+02
1.291125827814569504e+02 1.178079470198675551e+02 1.212913907284768271e+02
1.290855263157894797e+02 1.170855263157894797e+02 1.214868421052631646e+02
1.295460526315789593e+02 1.176907894736842053e+02 1.217763157894736850e+02
1.296442953020134325e+02 1.177583892617449663e+02 1.220000000000000000e+02
1.295608108108108070e+02 1.177702702702702737e+02 1.220540540540540491e+02
1.299205298013245056e+02 1.173841059602649040e+02 1.214304635761589424e+02
1.301946308724832306e+02 1.177382550335570528e+02 1.213959731543624230e+02
1.300000000000000000e+02 1.176842105263157947e+02 1.216118421052631646e+02
1.302818791946308750e+02 1.175033557046979809e+02 1.214093959731543606e+02
1.300463576158940384e+02 1.173443708609271567e+02 1.209470198675496704e+02
1.298940397350993408e+02 1.172649006622516623e+02 1.211721854304635713e+02
1.298666666666666742e+02 1.172666666666666657e+02 1.215600000000000023e+02
1.302450331125827745e+02 1.170397350993377472e+02 1.219271523178807968e+02
1.301764705882353041e+02 1.168235294117647101e+02 1.218823529411764639e+02
1.304466666666666583e+02 1.171933333333333280e+02 1.217533333333333303e+02
1.305328947368421098e+02 1.170328947368421098e+02 1.220197368421052602e+02
1.304671052631578902e+02 1.167434210526315752e+02 1.221184210526315752e+02
1.305066666666666606e+02 1.169133333333333269e+02 1.220199999999999960e+02
1.304295302013422884e+02 1.170335570469798654e+02 1.223020134228187885e+02
1.303266666666666538e+02 1.167266666666666737e+02 1.221266666666666652e+02
1.304133333333333269e+02 1.165466666666666669e+02 1.219333333333333371e+02
1.305695364238410718e+02 1.162450331125827745e+02 1.221655629139072801e+02
1.308079470198675551e+02 1.160198675496688736e+02 1.219205298013245056e+02
1.308874172185430496e+02 1.158211920529801375e+02 1.215629139072847664e+02
