1.266733333333333320e+02 1.279333333333333371e+02 1.285733333333333235e+02
1.266266666666666652e+02 1.279266666666666623e+02 1.284600000000000080e+02
1.267199999999999989e+02 1.279000000000000057e+02 1.285733333333333235e+02
1.267133333333333383e+02 1.278199999999999932e+02 1.285933333333333337e+02
1.266979865771812115e+02 1.277516778523489904e+02 1.284697986577181155e+02
1.266821192052980081e+02 1.278145695364238463e+02 1.285033112582781598e+02
1.266066666666666691e+02 1.278333333333333286e+02 1.284533333333333474e+02
1.266400000000000006e+02 1.277533333333333303e+02 1.284799999999999898e+02
1.267399999999999949e+02 1.276800000000000068e+02 1.284066666666666663e+02
1.267266666666666737e+02 1.277000000000000028e+02 1.284533333333333474e+02
1.267466666666666697e+02 1.277933333333333366e+02 1.284600000000000080e+02
1.267399999999999949e+02 1.278933333333333309e+02 1.284333333333333371e+02
1.266466666666666612e+02 1.278333333333333286e+02 1.285333333333333314e+02
1.266200000000000045e+02 1.277266666666666737e+02 1.285333333333333314e+02
1.267000000000000028e+02 1.277066666666666634e+02 1.285933333333333337e+02
1.266400000000000006e+02 1.276133333333333297e+02 1.286466666666666754e+02
1.267066666666666634e+02 1.276066666666666691e+02 1.285266666666666708e+02
1.267483443708609201e+02 1.276887417218542993e+02 1.285099337748344510e+02
1.267600000000000051e+02 1.275333333333333314e+02 1.285733333333333235e+02
1.267417218543046289e+02 1.275430463576158928e+02 1.285033112582781598e+02
1.266688741721854257e+02 1.276092715231788048e+02 1.286291390728476927e+02
1.266533333333333360e+02 1.275799999999999983e+02 1.286666666666666572e+02
1.266800000000000068e+02 1.276266666666666652e+02 1.286466666666666754e+02
1.266599999999999966e+02 1.276200000000000045e+02 1.286599999999999966e+02
1.265906040268456394e+02 1.276308724832214807e+02 1.285704697986577116e+02
1.265933333333333337e+02 1.275733333333333377e+02 1.286399999999999864e+02
1.267019867549668817e+02 1.275629139072847664e+02 1.286490066225165663e+02
1.267666666666666657e+02 1.275000000000000000e+02 1.286533333333333360e+02
1.267785234899328799e+02 1.276308724832214807e+02 1.286711409395973078e+02
1.266556291390728433e+02 1.276092715231788048e+02 1.285430463576159070e+02
1.266933333333333280e+02 1.277000000000000028e+02 1.285533333333333417e+02
1.266933333333333280e+02 1.276200000000000045e+02 1.285200000000000102e+02
1.266533333333333360e+02 1.275600000000000023e+02 1.285533333333333417e+02
1.265866666666666731e+02 1.275600000000000023e+02 1.285133333333333212e+02
1.265761589403973488e+02 1.275827814569536400e+02 1.285298013245033246e+02
1.266333333333333400e+02 1.276733333333333320e+02 1.284866666666666788e+02
1.266466666666666612e+02 1.276866666666666674e+02 1.284866666666666788e+02
1.265033112582781456e+02 1.277549668874172255e+02 1.283509933774834337e+02
1.264066666666666663e+02 1.277600000000000051e+02 1.284866666666666788e+02
1.264666666666666686e+02 1.279000000000000057e+02 1.284399999999999977e+02
1.263400000000000034e+02 1.278266666666666680e+02 1.284866666666666788e+02
1.263866666666666703e+02 1.278533333333333388e+02 1.285266666666666708e+02
1.263400000000000034e+02 1.277999999999999972e+02 1.285399999999999920e+02
1.263400000000000034e+02 1.277933333333333366e+02 1.284600000000000080e+02
1.263266666666666680e+02 1.279399999999999977e+02 1.285533333333333417e+02
1.262684563758389231e+02 1.279060402684563797e+02 1.285570469798657598e+02
1.263758389261744952e+02 1.279261744966442933e+02 1.285637583892617499e+02
1.262066666666666634e+02 1.279466666666666725e+02 1.284199999999999875e+02
1.263266666666666680e+02 1.279866666666666646e+02 1.284799999999999898e+02
1.262533333333333303e+02 1.280066666666666606e+02 1.284466666666666583e+02
1.262133333333333383e+02 1.279666666666666686e+02 1.284199999999999875e+02
1.261866666666666674e+02 1.280200000000000102e+02 1.284399999999999977e+02
1.262266666666666737e+02 1.279933333333333394e+02 1.283266666666666538e+02
1.263133333333333326e+02 1.279533333333333331e+02 1.283866666666666561e+02
1.262199999999999989e+02 1.280000000000000000e+02 1.282866666666666617e+02
1.262333333333333343e+02 1.279333333333333371e+02 1.283600000000000136e+02
1.262666666666666657e+02 1.279866666666666646e+02 1.282333333333333201e+02
1.261733333333333320e+02 1.280866666666666731e+02 1.280666666666666629e+02
1.263400000000000034e+02 1.280600000000000023e+02 1.282133333333333383e+02
1.263666666666666600e+02 1.280333333333333314e+02 1.283333333333333428e+02
1.264000000000000057e+02 1.280000000000000000e+02 1.282733333333333405e+02
1.264733333333333292e+02 1.279599999999999937e+02 1.282866666666666617e+02
1.264768211920529808e+02 1.280794701986754944e+02 1.282847682119205217e+02
1.264733333333333292e+02 1.280266666666666708e+02 1.283866666666666561e+02
1.264266666666666623e+02 1.280399999999999920e+02 1.283866666666666561e+02
1.264295302013422884e+02 1.280268456375839037e+02 1.283557046979865675e+02
1.265033557046979809e+02 1.279530201342281828e+02 1.283087248322147786e+02
1.264304635761589424e+02 1.280529801324503296e+02 1.283311258278145601e+02
1.264599999999999937e+02 1.280466666666666526e+02 1.283733333333333348e+02
1.264503311258278160e+02 1.280662251655629120e+02 1.283509933774834337e+02
1.264866666666666646e+02 1.280200000000000102e+02 1.282666666666666799e+02
1.265133333333333354e+02 1.280800000000000125e+02 1.282466666666666697e+02
1.264429530201342260e+02 1.279463087248322211e+02 1.283221476510067021e+02
1.264666666666666686e+02 1.279266666666666623e+02 1.282933333333333223e+02
1.265133333333333354e+02 1.279266666666666623e+02 1.283066666666666720e+02
1.264304635761589424e+02 1.279867549668874176e+02 1.283046357615893953e+02
1.263666666666666600e+02 1.280266666666666708e+02 1.282733333333333405e+02
1.263576158940397391e+02 1.279403973509933792e+02 1.283443708609271425e+02
1.262533333333333303e+02 1.279533333333333331e+02 1.283866666666666561e+02
1.263266666666666680e+02 1.279266666666666623e+02 1.283666666666666742e+02
1.263245033112582831e+02 1.280066225165562912e+02 1.283708609271523073e+02
1.262582781456953711e+02 1.280066225165562912e+02 1.284569536423840930e+02
1.262999999999999972e+02 1.280733333333333235e+02 1.283933333333333451e+02
1.263642384105960303e+02 1.281125827814569504e+02 1.283377483443708513e+02
1.263199999999999932e+02 1.280399999999999920e+02 1.283933333333333451e+02
1.263866666666666703e+02 1.279466666666666725e+02 1.284133333333333269e+02
1.263666666666666600e+02 1.279866666666666646e+02 1.283133333333333326e+02
1.263400000000000034e+02 1.279533333333333331e+02 1.283866666666666561e+02
1.261854304635761537e+02 1.279668874172185440e+02 1.284105960264900546e+02
1.261733333333333320e+02 1.279066666666666663e+02 1.284333333333333371e+02
1.262800000000000011e+02 1.278199999999999932e+02 1.283733333333333348e+02
1.262800000000000011e+02 1.278799999999999955e+02 1.284466666666666583e+02
1.263866666666666703e+02 1.278400000000000034e+02 1.283600000000000136e+02
1.263466666666666640e+02 1.277000000000000028e+02 1.283133333333333326e+02
1.264666666666666686e+02 1.277199999999999989e+02 1.282666666666666799e+02
1.263599999999999994e+02 1.276933333333333280e+02 1.283466666666666640e+02
1.262913907284768271e+02 1.277086092715231729e+02 1.284569536423840930e+02
1.263799999999999955e+02 1.276466666666666612e+02 1.285733333333333235e+02
1.262866666666666617e+02 1.277800000000000011e+02 1.285266666666666708e+02
1.263133333333333326e+02 1.276666666666666714e+02 1.284799999999999898e+02
1.263443708609271567e+02 1.278609271523178847e+02 1.284966887417218402e+02
1.263466666666666640e+02 1.277733333333333263e+02 1.285000000000000000e+02
1.264666666666666686e+02 1.277199999999999989e+02 1.285466666666666526e+02
1.264800000000000040e+02 1.277466666666666697e+02 1.285399999999999920e+02
1.264466666666666725e+02 1.278333333333333286e+02 1.284600000000000080e+02
1.263691275167785193e+02 1.278456375838926107e+02 1.283959731543624230e+02
1.263933333333333309e+02 1.277999999999999972e+02 1.284533333333333474e+02
1.264399999999999977e+02 1.277533333333333303e+02 1.283600000000000136e+02
1.265430463576158928e+02 1.276556291390728433e+02 1.283311258278145601e+02
1.264333333333333371e+02 1.277800000000000011e+02 1.284266666666666765e+02
1.264666666666666686e+02 1.277933333333333366e+02 1.284133333333333269e+02
1.264266666666666623e+02 1.277600000000000051e+02 1.283600000000000136e+02
1.263933333333333309e+02 1.276533333333333360e+02 1.284199999999999875e+02
1.264666666666666686e+02 1.276933333333333280e+02 1.283400000000000034e+02
1.264768211920529808e+02 1.276622516556291345e+02 1.283178807947019777e+02
1.264866666666666646e+02 1.277399999999999949e+02 1.282066666666666777e+02
1.264200000000000017e+02 1.277399999999999949e+02 1.282533333333333303e+02
1.264733333333333292e+02 1.277600000000000051e+02 1.282800000000000011e+02
1.265866666666666731e+02 1.277733333333333263e+02 1.281666666666666572e+02
1.266533333333333360e+02 1.277666666666666657e+02 1.281866666666666674e+02
1.266533333333333360e+02 1.277533333333333303e+02 1.282199999999999989e+02
1.266333333333333400e+02 1.276800000000000068e+02 1.282866666666666617e+02
1.266490066225165521e+02 1.276423841059602609e+02 1.283907284768211809e+02
1.266066666666666691e+02 1.276599999999999966e+02 1.284399999999999977e+02
1.265666666666666629e+02 1.276466666666666612e+02 1.284733333333333292e+02
1.266308724832214807e+02 1.276577181208053702e+02 1.284899328859060290e+02
1.265799999999999983e+02 1.277266666666666737e+02 1.284733333333333292e+02
1.265866666666666731e+02 1.276866666666666674e+02 1.284933333333333394e+02
1.265866666666666731e+02 1.276666666666666714e+02 1.284199999999999875e+02
1.266400000000000006e+02 1.277466666666666697e+02 1.284266666666666765e+02
1.266666666666666714e+02 1.276800000000000068e+02 1.283733333333333348e+02
1.266666666666666714e+02 1.277133333333333383e+02 1.283666666666666742e+02
1.266933333333333280e+02 1.276533333333333360e+02 1.283799999999999955e+02
1.267533333333333303e+02 1.275733333333333377e+02 1.284399999999999977e+02
1.268120805369127453e+02 1.276174496644295289e+02 1.284026845637583847e+02
1.267800000000000011e+02 1.276200000000000045e+02 1.283866666666666561e+02
1.269266666666666623e+02 1.275600000000000023e+02 1.284333333333333371e+02
1.268866666666666703e+02 1.275533333333333275e+02 1.284266666666666765e+02
1.269200000000000017e+02 1.274866666666666646e+02 1.283866666666666561e+02
1.268933333333333309e+02 1.275866666666666731e+02 1.283199999999999932e+02
1.268199999999999932e+02 1.275199999999999960e+02 1.282800000000000011e+02
1.267733333333333263e+02 1.274933333333333394e+02 1.283466666666666640e+02
1.266912751677852356e+02 1.276107382550335529e+02 1.282550335570469713e+02
1.266133333333333297e+02 1.275400000000000063e+02 1.282400000000000091e+02
1.265637583892617499e+02 1.275637583892617499e+02 1.283087248322147786e+02
1.266733333333333320e+02 1.275199999999999960e+02 1.281866666666666674e+02
1.266357615894039697e+02 1.276291390728476784e+02 1.280927152317880768e+02
1.266733333333333320e+02 1.275799999999999983e+02 1.282199999999999989e+02
1.265666666666666629e+02 1.276800000000000068e+02 1.281533333333333360e+02
1.266400000000000006e+02 1.276666666666666714e+02 1.281066666666666549e+02
1.266466666666666612e+02 1.277266666666666737e+02 1.281200000000000045e+02
1.266800000000000068e+02 1.276800000000000068e+02 1.280866666666666731e+02
1.266666666666666714e+02 1.276733333333333320e+02 1.281933333333333280e+02
1.266241610738255048e+02 1.277651006711409423e+02 1.281812080536912788e+02
1.266133333333333297e+02 1.278133333333333326e+02 1.282466666666666697e+02
1.265400000000000063e+02 1.278799999999999955e+02 1.281599999999999966e+02
1.265933333333333337e+02 1.279066666666666663e+02 1.281866666666666674e+02
1.265600000000000023e+02 1.279333333333333371e+02 1.282199999999999989e+02
1.265199999999999960e+02 1.279733333333333292e+02 1.282199999999999989e+02
1.264399999999999977e+02 1.279266666666666623e+02 1.281266666666666652e+02
1.264800000000000040e+02 1.279399999999999977e+02 1.280733333333333235e+02
1.264666666666666686e+02 1.278599999999999994e+02 1.280933333333333337e+02
1.264333333333333371e+02 1.279133333333333269e+02 1.281200000000000045e+02
1.264399999999999977e+02 1.279866666666666646e+02 1.281200000000000045e+02
1.263666666666666600e+02 1.280000000000000000e+02 1.281866666666666674e+02
1.263266666666666680e+02 1.279933333333333394e+02 1.281399999999999864e+02
1.263400000000000034e+02 1.279800000000000040e+02 1.281933333333333280e+02
1.263400000000000034e+02 1.280533333333333417e+02 1.281066666666666549e+02
1.263046357615894095e+02 1.280000000000000000e+02 1.281523178807946977e+02
1.263799999999999955e+02 1.280133333333333212e+02 1.282199999999999989e+02
1.263799999999999955e+02 1.279733333333333292e+02 1.282400000000000091e+02
1.262533333333333303e+02 1.280333333333333314e+02 1.282066666666666777e+02
1.262866666666666617e+02 1.280266666666666708e+02 1.281666666666666572e+02
1.262666666666666657e+02 1.280999999999999943e+02 1.281800000000000068e+02
1.263199999999999932e+02 1.281399999999999864e+02 1.281866666666666674e+02
1.262800000000000011e+02 1.281599999999999966e+02 1.281800000000000068e+02
1.262866666666666617e+02 1.281733333333333462e+02 1.280666666666666629e+02
1.262649006622516623e+02 1.281655629139072801e+02 1.280728476821192032e+02
1.263576158940397391e+02 1.281854304635761537e+02 1.281192052980132416e+02
1.263333333333333286e+02 1.282733333333333405e+02 1.281266666666666652e+02
1.264599999999999937e+02 1.282199999999999989e+02 1.281399999999999864e+02
1.264333333333333371e+02 1.282533333333333303e+02 1.280266666666666708e+02
1.263673469387754977e+02 1.282925170068027114e+02 1.279523809523809490e+02
1.263265306122448948e+02 1.282176870748299393e+02 1.279795918367346985e+02
1.264000000000000057e+02 1.281399999999999864e+02 1.280466666666666526e+02
1.263466666666666640e+02 1.282199999999999989e+02 1.280266666666666708e+02
1.263533333333333388e+02 1.281999999999999886e+02 1.279933333333333394e+02
1.263599999999999994e+02 1.282400000000000091e+02 1.280399999999999920e+02
1.263799999999999955e+02 1.282466666666666697e+02 1.280066666666666606e+02
1.263866666666666703e+02 1.282666666666666799e+02 1.280733333333333235e+02
1.262999999999999972e+02 1.281599999999999966e+02 1.280733333333333235e+02
1.264133333333333269e+02 1.281666666666666572e+02 1.280133333333333212e+02
1.263533333333333388e+02 1.281599999999999966e+02 1.280399999999999920e+02
1.263866666666666703e+02 1.282066666666666777e+02 1.280133333333333212e+02
1.264399999999999977e+02 1.281933333333333280e+02 1.280933333333333337e+02
1.264933333333333394e+02 1.281533333333333360e+02 1.279933333333333394e+02
1.264599999999999937e+02 1.281666666666666572e+02 1.279733333333333292e+02
1.263866666666666703e+02 1.281800000000000068e+02 1.279800000000000040e+02
1.264000000000000057e+02 1.281800000000000068e+02 1.279666666666666686e+02
1.264866666666666646e+02 1.282133333333333383e+02 1.279866666666666646e+02
1.264000000000000057e+02 1.283000000000000114e+02 1.280399999999999920e+02
1.264000000000000057e+02 1.283000000000000114e+02 1.280399999999999920e+02
1.264304635761589424e+02 1.283311258278145601e+02 1.280927152317880768e+02
1.265133333333333354e+02 1.282533333333333303e+02 1.279933333333333394e+02
1.265533333333333275e+02 1.282933333333333223e+02 1.279800000000000040e+02
1.264933333333333394e+02 1.283466666666666640e+02 1.279800000000000040e+02
1.264800000000000040e+02 1.283400000000000034e+02 1.279066666666666663e+02
1.265436241610738222e+02 1.283221476510067021e+02 1.278926174496644279e+02
1.265400000000000063e+02 1.283000000000000114e+02 1.279066666666666663e+02
1.265960264900662224e+02 1.282715231788079393e+02 1.279006622516556320e+02
1.265866666666666731e+02 1.282933333333333223e+02 1.279666666666666686e+02
1.265933333333333337e+02 1.283000000000000114e+02 1.279599999999999937e+02
1.265570469798657740e+02 1.282684563758389231e+02 1.279194630872483174e+02
1.265466666666666669e+02 1.283533333333333246e+02 1.278866666666666703e+02
1.265933333333333337e+02 1.283066666666666720e+02 1.278733333333333348e+02
1.265799999999999983e+02 1.282733333333333405e+02 1.278866666666666703e+02
1.265466666666666669e+02 1.282666666666666799e+02 1.278799999999999955e+02
1.265866666666666731e+02 1.282933333333333223e+02 1.278733333333333348e+02
1.265999999999999943e+02 1.282800000000000011e+02 1.278400000000000034e+02
1.266200000000000045e+02 1.282066666666666777e+02 1.278799999999999955e+02
1.265466666666666669e+02 1.282800000000000011e+02 1.278866666666666703e+02
1.265266666666666708e+02 1.282599999999999909e+02 1.278866666666666703e+02
1.265400000000000063e+02 1.282599999999999909e+02 1.278533333333333388e+02
1.265533333333333275e+02 1.283333333333333428e+02 1.278466666666666640e+02
1.265533333333333275e+02 1.283333333333333428e+02 1.278466666666666640e+02
1.265666666666666629e+02 1.283266666666666538e+02 1.278799999999999955e+02
1.265799999999999983e+02 1.283400000000000034e+02 1.279266666666666623e+02
1.265999999999999943e+02 1.283533333333333246e+02 1.278933333333333309e+02
1.265866666666666731e+02 1.283666666666666742e+02 1.278933333333333309e+02
1.265866666666666731e+02 1.283666666666666742e+02 1.278933333333333309e+02
1.265866666666666731e+02 1.283666666666666742e+02 1.278933333333333309e+02
1.265866666666666731e+02 1.283666666666666742e+02 1.278933333333333309e+02
1.265866666666666731e+02 1.283666666666666742e+02 1.278933333333333309e+02
1.265866666666666731e+02 1.283666666666666742e+02 1.278933333333333309e+02
1.265866666666666731e+02 1.283666666666666742e+02 1.278933333333333309e+02
1.265866666666666731e+02 1.283666666666666742e+02 1.278933333333333309e+02
1.265866666666666731e+02 1.283666666666666742e+02 1.278933333333333309e+02
1.265866666666666731e+02 1.283666666666666742e+02 1.278933333333333309e+02
1.265866666666666731e+02 1.283666666666666742e+02 1.278933333333333309e+02
1.265866666666666731e+02 1.283666666666666742e+02 1.278933333333333309e+02
1.265866666666666731e+02 1.283666666666666742e+02 1.278933333333333309e+02
1.265866666666666731e+02 1.283666666666666742e+02 1.278933333333333309e+02
1.265866666666666731e+02 1.283666666666666742e+02 1.278933333333333309e+02
1.265866666666666731e+02 1.283666666666666742e+02 1.278933333333333309e+02
1.265866666666666731e+02 1.283666666666666742e+02 1.278933333333333309e+02
1.265866666666666731e+02 1.283666666666666742e+02 1.278933333333333309e+02
1.265866666666666731e+02 1.283666666666666742e+02 1.278933333333333309e+02
1.265866666666666731e+02 1.283666666666666742e+02 1.278933333333333309e+02
1.265866666666666731e+02 1.283666666666666742e+02 1.278933333333333309e+02
1.265866666666666731e+02 1.283666666666666742e+02 1.278933333333333309e+02
1.265866666666666731e+02 1.283666666666666742e+02 1.278933333333333309e+02
1.265866666666666731e+02 1.283666666666666742e+02 1.278933333333333309e+02
1.265866666666666731e+02 1.283666666666666742e+02 1.278933333333333309e+02
1.265866666666666731e+02 1.283666666666666742e+02 1.278933333333333309e+02
1.265866666666666731e+02 1.283666666666666742e+02 1.278933333333333309e+02
1.265866666666666731e+02 1.283666666666666742e+02 1.278933333333333309e+02
1.265866666666666731e+02 1.283666666666666742e+02 1.278933333333333309e+02
1.265866666666666731e+02 1.283666666666666742e+02 1.278933333333333309e+02
1.265866666666666731e+02 1.283666666666666742e+02 1.278933333333333309e+02
1.265866666666666731e+02 1.283666666666666742e+02 1.278933333333333309e+02
1.265866666666666731e+02 1.283666666666666742e+02 1.278933333333333309e+02
1.265866666666666731e+02 1.283666666666666742e+02 1.278933333333333309e+02
1.265866666666666731e+02 1.283666666666666742e+02 1.278933333333333309e+02
1.265866666666666731e+02 1.283666666666666742e+02 1.278933333333333309e+02
1.265866666666666731e+02 1.283666666666666742e+02 1.278933333333333309e+02
1.265866666666666731e+02 1.283666666666666742e+02 1.278933333333333309e+02
1.265866666666666731e+02 1.283666666666666742e+02 1.278933333333333309e+02
1.265866666666666731e+02 1.283666666666666742e+02 1.278933333333333309e+02
1.265866666666666731e+02 1.283666666666666742e+02 1.278933333333333309e+02
1.265866666666666731e+02 1.283666666666666742e+02 1.278933333333333309e+02
1.265866666666666731e+02 1.283666666666666742e+02 1.278933333333333309e+02
1.265866666666666731e+02 1.283666666666666742e+02 1.278933333333333309e+02
1.265866666666666731e+02 1.283666666666666742e+02 1.278933333333333309e+02
1.265866666666666731e+02 1.283666666666666742e+02 1.278933333333333309e+02
1.265866666666666731e+02 1.283666666666666742e+02 1.278933333333333309e+02
1.265866666666666731e+02 1.283666666666666742e+02 1.278933333333333309e+02
1.265866666666666731e+02 1.283666666666666742e+02 1.278933333333333309e+02
1.265866666666666731e+02 1.283666666666666742e+02 1.278933333333333309e+02
1.265866666666666731e+02 1.283666666666666742e+02 1.278933333333333309e+02
1.265866666666666731e+02 1.283666666666666742e+02 1.278933333333333309e+02
1.265866666666666731e+02 1.283666666666666742e+02 1.278933333333333309e+02
1.265866666666666731e+02 1.283666666666666742e+02 1.278933333333333309e+02
1.265866666666666731e+02 1.283666666666666742e+02 1.278933333333333309e+02
1.265866666666666731e+02 1.283666666666666742e+02 1.278933333333333309e+02
1.265866666666666731e+02 1.283666666666666742e+02 1.278933333333333309e+02
1.265866666666666731e+02 1.283666666666666742e+02 1.278933333333333309e+02
1.265866666666666731e+02 1.283666666666666742e+02 1.278933333333333309e+02
1.265866666666666731e+02 1.283666666666666742e+02 1.278933333333333309e+02
1.265866666666666731e+02 1.283666666666666742e+02 1.278933333333333309e+02
1.265866666666666731e+02 1.283666666666666742e+02 1.278933333333333309e+02
1.265866666666666731e+02 1.283666666666666742e+02 1.278933333333333309e+02
1.265866666666666731e+02 1.283666666666666742e+02 1.278933333333333309e+02
1.265866666666666731e+02 1.283666666666666742e+02 1.278933333333333309e+02
1.265866666666666731e+02 1.283666666666666742e+02 1.278933333333333309e+02
1.265866666666666731e+02 1.283666666666666742e+02 1.278933333333333309e+02
1.265866666666666731e+02 1.283666666666666742e+02 1.278933333333333309e+02
1.265866666666666731e+02 1.283666666666666742e+02 1.278933333333333309e+02
1.265866666666666731e+02 1.283666666666666742e+02 1.278933333333333309e+02
1.265866666666666731e+02 1.283666666666666742e+02 1.278933333333333309e+02
1.265866666666666731e+02 1.283666666666666742e+02 1.278933333333333309e+02
1.265866666666666731e+02 1.283666666666666742e+02 1.278933333333333309e+02
1.265866666666666731e+02 1.283666666666666742e+02 1.278933333333333309e+02
1.265866666666666731e+02 1.283666666666666742e+02 1.278933333333333309e+02
1.265866666666666731e+02 1.283666666666666742e+02 1.278933333333333309e+02
1.265866666666666731e+02 1.283666666666666742e+02 1.278933333333333309e+02
1.265866666666666731e+02 1.283666666666666742e+02 1.278933333333333309e+02
1.265866666666666731e+02 1.283666666666666742e+02 1.278933333333333309e+02
1.265866666666666731e+02 1.283666666666666742e+02 1.278933333333333309e+02
1.265866666666666731e+02 1.283666666666666742e+02 1.278933333333333309e+02
1.265866666666666731e+02 1.283666666666666742e+02 1.278933333333333309e+02
1.265866666666666731e+02 1.283666666666666742e+02 1.278933333333333309e+02
1.265866666666666731e+02 1.283666666666666742e+02 1.278933333333333309e+02
1.265866666666666731e+02 1.283666666666666742e+02 1.278933333333333309e+02
1.265866666666666731e+02 1.283666666666666742e+02 1.278933333333333309e+02
1.265866666666666731e+02 1.283666666666666742e+02 1.278933333333333309e+02
1.265866666666666731e+02 1.283666666666666742e+02 1.278933333333333309e+02
1.265866666666666731e+02 1.283666666666666742e+02 1.278933333333333309e+02
1.265866666666666731e+02 1.283666666666666742e+02 1.278933333333333309e+02
1.265866666666666731e+02 1.283666666666666742e+02 1.278933333333333309e+02
1.265866666666666731e+02 1.283666666666666742e+02 1.278933333333333309e+02
1.265866666666666731e+02 1.283666666666666742e+02 1.278933333333333309e+02
1.265866666666666731e+02 1.283666666666666742e+02 1.278933333333333309e+02
1.265866666666666731e+02 1.283666666666666742e+02 1.278933333333333309e+02
1.265866666666666731e+02 1.283666666666666742e+02 1.278933333333333309e+02
1.265866666666666731e+02 1.283666666666666742e+02 1.278933333333333309e+02
1.265866666666666731e+02 1.283666666666666742e+02 1.278933333333333309e+02
1.265866666666666731e+02 1.283666666666666742e+02 1.278933333333333309e+02
1.265866666666666731e+02 1.283666666666666742e+02 1.278933333333333309e+02
1.265866666666666731e+02 1.283666666666666742e+02 1.278933333333333309e+02
1.265866666666666731e+02 1.283666666666666742e+02 1.278933333333333309e+02
1.265866666666666731e+02 1.283666666666666742e+02 1.278933333333333309e+02
1.265866666666666731e+02 1.283666666666666742e+02 1.278933333333333309e+02
1.265866666666666731e+02 1.283666666666666742e+02 1.278933333333333309e+02
1.265866666666666731e+02 1.283666666666666742e+02 1.278933333333333309e+02
1.265866666666666731e+02 1.283666666666666742e+02 1.278933333333333309e+02
1.265866666666666731e+02 1.283666666666666742e+02 1.278933333333333309e+02
1.265866666666666731e+02 1.283666666666666742e+02 1.278933333333333309e+02
1.265866666666666731e+02 1.283666666666666742e+02 1.278933333333333309e+02
1.265866666666666731e+02 1.283666666666666742e+02 1.278933333333333309e+02
1.265866666666666731e+02 1.283666666666666742e+02 1.278933333333333309e+02
1.265866666666666731e+02 1.283666666666666742e+02 1.278933333333333309e+02
1.265866666666666731e+02 1.283666666666666742e+02 1.278933333333333309e+02
1.265866666666666731e+02 1.283666666666666742e+02 1.278933333333333309e+02
1.265866666666666731e+02 1.283666666666666742e+02 1.278933333333333309e+02
1.265866666666666731e+02 1.283666666666666742e+02 1.278933333333333309e+02
1.265866666666666731e+02 1.283666666666666742e+02 1.278933333333333309e+02
1.265866666666666731e+02 1.283666666666666742e+02 1.278933333333333309e+02
1.265866666666666731e+02 1.283666666666666742e+02 1.278933333333333309e+02
1.265866666666666731e+02 1.283666666666666742e+02 1.278933333333333309e+02
1.265866666666666731e+02 1.283666666666666742e+02 1.278933333333333309e+02
1.265866666666666731e+02 1.283666666666666742e+02 1.278933333333333309e+02
1.265866666666666731e+02 1.283666666666666742e+02 1.278933333333333309e+02
1.265866666666666731e+02 1.283666666666666742e+02 1.278933333333333309e+02
1.265866666666666731e+02 1.283666666666666742e+02 1.278933333333333309e+02
1.265866666666666731e+02 1.283666666666666742e+02 1.278933333333333309e+02
1.265866666666666731e+02 1.283666666666666742e+02 1.278933333333333309e+02
1.265866666666666731e+02 1.283666666666666742e+02 1.278933333333333309e+02
1.265866666666666731e+02 1.283666666666666742e+02 1.278933333333333309e+02
1.265866666666666731e+02 1.283666666666666742e+02 1.278933333333333309e+02
1.265866666666666731e+02 1.283666666666666742e+02 1.278933333333333309e+02
1.265866666666666731e+02 1.283666666666666742e+02 1.278933333333333309e+02
1.265866666666666731e+02 1.283666666666666742e+02 1.278933333333333309e+02
1.265866666666666731e+02 1.283666666666666742e+02 1.278933333333333309e+02
1.265866666666666731e+02 1.283666666666666742e+02 1.278933333333333309e+02
1.265866666666666731e+02 1.283666666666666742e+02 1.278933333333333309e+02
1.265866666666666731e+02 1.283666666666666742e+02 1.278933333333333309e+02
1.265866666666666731e+02 1.283666666666666742e+02 1.278933333333333309e+02
1.265866666666666731e+02 1.283666666666666742e+02 1.278933333333333309e+02
1.265866666666666731e+02 1.283666666666666742e+02 1.278933333333333309e+02
1.265866666666666731e+02 1.283666666666666742e+02 1.278933333333333309e+02
1.265866666666666731e+02 1.283666666666666742e+02 1.278933333333333309e+02
1.265866666666666731e+02 1.283666666666666742e+02 1.278933333333333309e+02
1.265866666666666731e+02 1.283666666666666742e+02 1.278933333333333309e+02
1.265866666666666731e+02 1.283666666666666742e+02 1.278933333333333309e+02
1.265866666666666731e+02 1.283666666666666742e+02 1.278933333333333309e+02
1.265866666666666731e+02 1.283666666666666742e+02 1.278933333333333309e+02
1.265866666666666731e+02 1.283666666666666742e+02 1.278933333333333309e+02
1.265866666666666731e+02 1.283666666666666742e+02 1.278933333333333309e+02
1.265866666666666731e+02 1.283666666666666742e+02 1.278933333333333309e+02
1.265866666666666731e+02 1.283666666666666742e+02 1.278933333333333309e+02
1.265866666666666731e+02 1.283666666666666742e+02 1.278933333333333309e+02
1.265866666666666731e+02 1.283666666666666742e+02 1.278933333333333309e+02
1.265866666666666731e+02 1.283666666666666742e+02 1.278933333333333309e+02
1.265866666666666731e+02 1.283666666666666742e+02 1.278933333333333309e+02
1.265866666666666731e+02 1.283666666666666742e+02 1.278933333333333309e+02
1.265866666666666731e+02 1.283666666666666742e+02 1.278933333333333309e+02
1.265866666666666731e+02 1.283666666666666742e+02 1.278933333333333309e+02
1.265866666666666731e+02 1.283666666666666742e+02 1.278933333333333309e+02
1.265866666666666731e+02 1.283666666666666742e+02 1.278933333333333309e+02
1.265866666666666731e+02 1.283666666666666742e+02 1.278933333333333309e+02
1.265866666666666731e+02 1.283666666666666742e+02 1.278933333333333309e+02
1.265866666666666731e+02 1.283666666666666742e+02 1.278933333333333309e+02
1.265866666666666731e+02 1.283666666666666742e+02 1.278933333333333309e+02
1.265866666666666731e+02 1.283666666666666742e+02 1.278933333333333309e+02
1.265866666666666731e+02 1.283666666666666742e+02 1.278933333333333309e+02
1.265866666666666731e+02 1.283666666666666742e+02 1.278933333333333309e+02
1.265866666666666731e+02 1.283666666666666742e+02 1.278933333333333309e+02
1.265866666666666731e+02 1.283666666666666742e+02 1.278933333333333309e+02
1.265866666666666731e+02 1.283666666666666742e+02 1.278933333333333309e+02
1.265866666666666731e+02 1.283666666666666742e+02 1.278933333333333309e+02
1.265866666666666731e+02 1.283666666666666742e+02 1.278933333333333309e+02
1.265866666666666731e+02 1.283666666666666742e+02 1.278933333333333309e+02
1.265866666666666731e+02 1.283666666666666742e+02 1.278933333333333309e+02
1.265866666666666731e+02 1.283666666666666742e+02 1.278933333333333309e+02
1.265866666666666731e+02 1.283666666666666742e+02 1.278933333333333309e+02
1.265866666666666731e+02 1.283666666666666742e+02 1.278933333333333309e+02
1.265866666666666731e+02 1.283666666666666742e+02 1.278933333333333309e+02
1.265866666666666731e+02 1.283666666666666742e+02 1.278933333333333309e+02
1.265866666666666731e+02 1.283666666666666742e+02 1.278933333333333309e+02
1.265866666666666731e+02 1.283666666666666742e+02 1.278933333333333309e+02
1.265866666666666731e+02 1.283666666666666742e+02 1.278933333333333309e+02
1.265866666666666731e+02 1.283666666666666742e+02 1.278933333333333309e+02
1.265866666666666731e+02 1.283666666666666742e+02 1.278933333333333309e+02
1.265866666666666731e+02 1.283666666666666742e+02 1.278933333333333309e+02
1.265866666666666731e+02 1.283666666666666742e+02 1.278933333333333309e+02
1.265866666666666731e+02 1.283666666666666742e+02 1.278933333333333309e+02
1.265866666666666731e+02 1.283666666666666742e+02 1.278933333333333309e+02
1.265866666666666731e+02 1.283666666666666742e+02 1.278933333333333309e+02
1.265866666666666731e+02 1.283666666666666742e+02 1.278933333333333309e+02
1.265866666666666731e+02 1.283666666666666742e+02 1.278933333333333309e+02
1.265866666666666731e+02 1.283666666666666742e+02 1.278933333333333309e+02
1.265866666666666731e+02 1.283666666666666742e+02 1.278933333333333309e+02
1.265866666666666731e+02 1.283666666666666742e+02 1.278933333333333309e+02
1.265866666666666731e+02 1.283666666666666742e+02 1.278933333333333309e+02
1.265866666666666731e+02 1.283666666666666742e+02 1.278933333333333309e+02
1.265866666666666731e+02 1.283666666666666742e+02 1.278933333333333309e+02
1.265866666666666731e+02 1.283666666666666742e+02 1.278933333333333309e+02
1.265866666666666731e+02 1.283666666666666742e+02 1.278933333333333309e+02
1.265866666666666731e+02 1.283666666666666742e+02 1.278933333333333309e+02
1.265866666666666731e+02 1.283666666666666742e+02 1.278933333333333309e+02
1.265866666666666731e+02 1.283666666666666742e+02 1.278933333333333309e+02
1.265866666666666731e+02 1.283666666666666742e+02 1.278933333333333309e+02
1.265866666666666731e+02 1.283666666666666742e+02 1.278933333333333309e+02
1.265866666666666731e+02 1.283666666666666742e+02 1.278933333333333309e+02
1.265866666666666731e+02 1.283666666666666742e+02 1.278933333333333309e+02
1.265866666666666731e+02 1.283666666666666742e+02 1.278933333333333309e+02
1.265866666666666731e+02 1.283666666666666742e+02 1.278933333333333309e+02
1.265866666666666731e+02 1.283666666666666742e+02 1.278933333333333309e+02
1.265866666666666731e+02 1.283666666666666742e+02 1.278933333333333309e+02
1.265866666666666731e+02 1.283666666666666742e+02 1.278933333333333309e+02
1.265866666666666731e+02 1.283666666666666742e+02 1.278933333333333309e+02
1.265866666666666731e+02 1.283666666666666742e+02 1.278933333333333309e+02
1.265866666666666731e+02 1.283666666666666742e+02 1.278933333333333309e+02
1.265866666666666731e+02 1.283666666666666742e+02 1.278933333333333309e+02
1.265866666666666731e+02 1.283666666666666742e+02 1.278933333333333309e+02
1.265866666666666731e+02 1.283666666666666742e+02 1.278933333333333309e+02
1.265866666666666731e+02 1.283666666666666742e+02 1.278933333333333309e+02
1.265866666666666731e+02 1.283666666666666742e+02 1.278933333333333309e+02
1.265866666666666731e+02 1.283666666666666742e+02 1.278933333333333309e+02
1.265866666666666731e+02 1.283666666666666742e+02 1.278933333333333309e+02
1.265866666666666731e+02 1.283666666666666742e+02 1.278933333333333309e+02
1.265866666666666731e+02 1.283666666666666742e+02 1.278933333333333309e+02
1.265866666666666731e+02 1.283666666666666742e+02 1.278933333333333309e+02
1.265866666666666731e+02 1.283666666666666742e+02 1.278933333333333309e+02
1.265866666666666731e+02 1.283666666666666742e+02 1.278933333333333309e+02
1.265866666666666731e+02 1.283666666666666742e+02 1.278933333333333309e+02
1.265866666666666731e+02 1.283666666666666742e+02 1.278933333333333309e+02
1.265866666666666731e+02 1.283666666666666742e+02 1.278933333333333309e+02
1.265866666666666731e+02 1.283666666666666742e+02 1.278933333333333309e+02
1.265866666666666731e+02 1.283666666666666742e+02 1.278933333333333309e+02
1.265866666666666731e+02 1.283666666666666742e+02 1.278933333333333309e+02
1.265866666666666731e+02 1.283666666666666742e+02 1.278933333333333309e+02
1.265866666666666731e+02 1.283666666666666742e+02 1.278933333333333309e+02
1.265866666666666731e+02 1.283666666666666742e+02 1.278933333333333309e+02
1.265866666666666731e+02 1.283666666666666742e+02 1.278933333333333309e+02
1.265866666666666731e+02 1.283666666666666742e+02 1.278933333333333309e+02
1.265866666666666731e+02 1.283666666666666742e+02 1.278933333333333309e+02
1.265866666666666731e+02 1.283666666666666742e+02 1.278933333333333309e+02
1.265866666666666731e+02 1.283666666666666742e+02 1.278933333333333309e+02
1.265866666666666731e+02 1.283666666666666742e+02 1.278933333333333309e+02
1.265866666666666731e+02 1.283666666666666742e+02 1.278933333333333309e+02
1.265866666666666731e+02 1.283666666666666742e+02 1.278933333333333309e+02
1.265866666666666731e+02 1.283666666666666742e+02 1.278933333333333309e+02
1.265866666666666731e+02 1.283666666666666742e+02 1.278933333333333309e+02
1.265866666666666731e+02 1.283666666666666742e+02 1.278933333333333309e+02
1.265866666666666731e+02 1.283666666666666742e+02 1.278933333333333309e+02
1.265866666666666731e+02 1.283666666666666742e+02 1.278933333333333309e+02
1.265866666666666731e+02 1.283666666666666742e+02 1.278933333333333309e+02
1.265866666666666731e+02 1.283666666666666742e+02 1.278933333333333309e+02
1.265866666666666731e+02 1.283666666666666742e+02 1.278933333333333309e+02
1.265866666666666731e+02 1.283666666666666742e+02 1.278933333333333309e+02
1.265866666666666731e+02 1.283666666666666742e+02 1.278933333333333309e+02
1.265866666666666731e+02 1.283666666666666742e+02 1.278933333333333309e+02
1.265866666666666731e+02 1.283666666666666742e+02 1.278933333333333309e+02
1.265866666666666731e+02 1.283666666666666742e+02 1.278933333333333309e+02
1.265866666666666731e+02 1.283666666666666742e+02 1.278933333333333309e+02
1.265866666666666731e+02 1.283666666666666742e+02 1.278933333333333309e+02
1.265866666666666731e+02 1.283666666666666742e+02 1.278933333333333309e+02
1.265866666666666731e+02 1.283666666666666742e+02 1.278933333333333309e+02
1.265866666666666731e+02 1.283666666666666742e+02 1.278933333333333309e+02
1.265866666666666731e+02 1.283666666666666742e+02 1.278933333333333309e+02
1.265866666666666731e+02 1.283666666666666742e+02 1.278933333333333309e+02
1.265866666666666731e+02 1.283666666666666742e+02 1.278933333333333309e+02
1.265866666666666731e+02 1.283666666666666742e+02 1.278933333333333309e+02
1.265866666666666731e+02 1.283666666666666742e+02 1.278933333333333309e+02
1.265866666666666731e+02 1.283666666666666742e+02 1.278933333333333309e+02
1.265866666666666731e+02 1.283666666666666742e+02 1.278933333333333309e+02
1.265866666666666731e+02 1.283666666666666742e+02 1.278933333333333309e+02
1.265866666666666731e+02 1.283666666666666742e+02 1.278933333333333309e+02
1.265866666666666731e+02 1.283666666666666742e+02 1.278933333333333309e+02
