1.264105960264900688e+02 1.286423841059602751e+02 1.284900662251655490e+02
1.258618421052631646e+02 1.285789473684210407e+02 1.283618421052631504e+02
1.255666666666666629e+02 1.287533333333333303e+02 1.280733333333333235e+02
1.250596026490066208e+02 1.284768211920529666e+02 1.282715231788079393e+02
1.248657718120805384e+02 1.283691275167785193e+02 1.284899328859060290e+02
1.242733333333333263e+02 1.281333333333333258e+02 1.282066666666666777e+02
1.245933333333333337e+02 1.283400000000000034e+02 1.285066666666666606e+02
1.242384105960264833e+02 1.282052980132450273e+02 1.286490066225165663e+02
1.237857142857142918e+02 1.282012987012986969e+02 1.292467532467532578e+02
1.232119205298013185e+02 1.280794701986754944e+02 1.293245033112582689e+02
1.228079470198675551e+02 1.279536423841059616e+02 1.293708609271523073e+02
1.220666666666666629e+02 1.282666666666666799e+02 1.293666666666666742e+02
1.220454545454545467e+02 1.287272727272727195e+02 1.291038961038960906e+02
1.220198675496688736e+02 1.288410596026490111e+02 1.289536423841059616e+02
1.217748344370860991e+02 1.290993377483443680e+02 1.285894039735099454e+02
1.214934210526315752e+02 1.296710526315789593e+02 1.281578947368421098e+02
1.207600000000000051e+02 1.295800000000000125e+02 1.279333333333333371e+02
1.202631578947368354e+02 1.294802631578947398e+02 1.280592105263157805e+02
1.194379084967320210e+02 1.291830065359477260e+02 1.278627450980392126e+02
1.189072847682119232e+02 1.294370860927152194e+02 1.280662251655629120e+02
1.181266666666666652e+02 1.298000000000000114e+02 1.286399999999999864e+02
1.188199999999999932e+02 1.302066666666666777e+02 1.283799999999999955e+02
1.188104575163398664e+02 1.308169934640522740e+02 1.280915032679738488e+02
1.187565789473684248e+02 1.311184210526315894e+02 1.276118421052631646e+02
1.187516339869280984e+02 1.309934640522875782e+02 1.275098039215686327e+02
1.183046357615894095e+02 1.310463576158940384e+02 1.272715231788079535e+02
1.189006622516556320e+02 1.309801324503311264e+02 1.268741721854304672e+02
1.185866666666666731e+02 1.315066666666666606e+02 1.267133333333333383e+02
1.180066666666666606e+02 1.313600000000000136e+02 1.263066666666666720e+02
1.179934210526315752e+02 1.310723684210526301e+02 1.263026315789473699e+02
1.177368421052631646e+02 1.313421052631578902e+02 1.259473684210526301e+02
1.174012738853503208e+02 1.316433121019108228e+02 1.255668789808917154e+02
1.171315789473684248e+02 1.317171052631578902e+02 1.247631578947368354e+02
1.165231788079470192e+02 1.322317880794701921e+02 1.251258278145695328e+02
1.160067567567567579e+02 1.322229729729729684e+02 1.249459459459459509e+02
1.154503311258278160e+02 1.320596026490066208e+02 1.244834437086092720e+02
1.151258278145695328e+02 1.319867549668874176e+02 1.246423841059602609e+02
1.150064935064935128e+02 1.322467532467532578e+02 1.248701298701298725e+02
1.151447368421052602e+02 1.320197368421052602e+02 1.252894736842105203e+02
1.144797297297297263e+02 1.316689189189189051e+02 1.250608108108108070e+02
1.141866666666666674e+02 1.314399999999999977e+02 1.247133333333333383e+02
1.142800000000000011e+02 1.314666666666666686e+02 1.248799999999999955e+02
1.143860759493670827e+02 1.308037974683544178e+02 1.246392405063291164e+02
1.145562913907284752e+02 1.302251655629139009e+02 1.247880794701986815e+02
1.145436241610738222e+02 1.293422818791946440e+02 1.246308724832214807e+02
1.142715231788079535e+02 1.290331125827814560e+02 1.249602649006622528e+02
1.137600000000000051e+02 1.287199999999999989e+02 1.242866666666666617e+02
1.132649006622516623e+02 1.283576158940397249e+02 1.242715231788079535e+02
1.129144736842105203e+02 1.285526315789473699e+02 1.240789473684210549e+02
1.130000000000000000e+02 1.282162162162162247e+02 1.242364864864864842e+02
1.129013157894736850e+02 1.282763157894736707e+02 1.240855263157894797e+02
1.126118421052631646e+02 1.275394736842105203e+02 1.238552631578947398e+02
1.130805369127516826e+02 1.276711409395973220e+02 1.232214765100671201e+02
1.133790849673202672e+02 1.278300653594771177e+02 1.229738562091503269e+02
1.132751677852348990e+02 1.275570469798657740e+02 1.224697986577181155e+02
1.131447368421052602e+02 1.273684210526315752e+02 1.221710526315789451e+02
1.127266666666666737e+02 1.276066666666666691e+02 1.219333333333333371e+02
1.131554054054054035e+02 1.272094594594594525e+02 1.219121621621621614e+02
1.135066666666666606e+02 1.269066666666666663e+02 1.213266666666666680e+02
1.134666666666666686e+02 1.272266666666666737e+02 1.205066666666666606e+02
1.133557046979865817e+02 1.271140939597315480e+02 1.203892617449664471e+02
1.136866666666666674e+02 1.263799999999999955e+02 1.206533333333333360e+02
1.138926174496644279e+02 1.261812080536912788e+02 1.203087248322147644e+02
1.143221476510067163e+02 1.257651006711409423e+02 1.202214765100671201e+02
1.145570469798657740e+02 1.255771812080536876e+02 1.197919463087248317e+02
1.150657894736842053e+02 1.250657894736842053e+02 1.200986842105263150e+02
1.151854304635761537e+02 1.253443708609271567e+02 1.196490066225165521e+02
1.155833333333333286e+02 1.250576923076923066e+02 1.192500000000000000e+02
1.161733333333333320e+02 1.249533333333333331e+02 1.191333333333333400e+02
1.169671052631578902e+02 1.251973684210526301e+02 1.186578947368421098e+02
1.175592105263157947e+02 1.249013157894736850e+02 1.185460526315789451e+02
1.177814569536423903e+02 1.248741721854304672e+02 1.186887417218542993e+02
1.184370860927152336e+02 1.240529801324503296e+02 1.189602649006622528e+02
1.185364238410596016e+02 1.241456953642384065e+02 1.182715231788079535e+02
1.184362416107382501e+02 1.247114093959731491e+02 1.177785234899328799e+02
1.183758389261744952e+02 1.250604026845637549e+02 1.175100671140939568e+02
1.181599999999999966e+02 1.248133333333333326e+02 1.170933333333333337e+02
1.185133333333333354e+02 1.245999999999999943e+02 1.165933333333333337e+02
1.186357615894039697e+02 1.246357615894039697e+02 1.166490066225165521e+02
1.186942675159235705e+02 1.247515923566878939e+02 1.163439490445859832e+02
1.186776315789473699e+02 1.246842105263157947e+02 1.162894736842105203e+02
1.188543046357615935e+02 1.246490066225165521e+02 1.165165562913907280e+02
1.189664429530201346e+02 1.251006711409395962e+02 1.163825503355704711e+02
1.191266666666666652e+02 1.254533333333333331e+02 1.161933333333333280e+02
1.194701986754966896e+02 1.264105960264900688e+02 1.158807947019867584e+02
1.196599999999999966e+02 1.271400000000000006e+02 1.152066666666666634e+02
1.205894039735099312e+02 1.270529801324503296e+02 1.148013245033112639e+02
1.212466666666666697e+02 1.271666666666666714e+02 1.147733333333333263e+02
1.213087248322147644e+02 1.272080536912751683e+02 1.150939597315436203e+02
1.215133333333333354e+02 1.269333333333333371e+02 1.151066666666666691e+02
1.218940397350993408e+02 1.268145695364238463e+02 1.144304635761589424e+02
1.222582781456953711e+02 1.262582781456953711e+02 1.143576158940397391e+02
1.228378378378378386e+02 1.259121621621621614e+02 1.138445945945945965e+02
1.229342105263157947e+02 1.255723684210526301e+02 1.138223684210526301e+02
1.229934210526315894e+02 1.251578947368421098e+02 1.135000000000000000e+02
1.231052631578947398e+02 1.246250000000000000e+02 1.133552631578947398e+02
1.232026143790849630e+02 1.243660130718954235e+02 1.135359477124183059e+02
1.235033112582781456e+02 1.236821192052980081e+02 1.139602649006622528e+02
1.232702702702702737e+02 1.230810810810810807e+02 1.139256756756756772e+02
1.232297297297297263e+02 1.225878378378378386e+02 1.136418918918918877e+02
1.231920529801324449e+02 1.227284768211920465e+02 1.135960264900662224e+02
1.230604026845637549e+02 1.221073825503355721e+02 1.136510067114093943e+02
1.222266666666666737e+02 1.220333333333333314e+02 1.134866666666666646e+02
1.220397350993377472e+02 1.213907284768211952e+02 1.134105960264900688e+02
1.215167785234899327e+02 1.209194630872483174e+02 1.130671140939597308e+02
1.209933333333333394e+02 1.212266666666666737e+02 1.128466666666666640e+02
1.215973154362416153e+02 1.214697986577181155e+02 1.127114093959731491e+02
1.216405228758169983e+02 1.216078431372549034e+02 1.131307189542483655e+02
1.214709677419354819e+02 1.217096774193548328e+02 1.134064516129032256e+02
1.213112582781457007e+02 1.222317880794701921e+02 1.136754966887417169e+02
1.215866666666666731e+02 1.223266666666666680e+02 1.142399999999999949e+02
1.213066666666666720e+02 1.226933333333333280e+02 1.148933333333333309e+02
1.201633986928104605e+02 1.227581699346405202e+02 1.152875816993464042e+02
1.195270270270270316e+02 1.228243243243243228e+02 1.156418918918918877e+02
1.191354838709677466e+02 1.224903225806451559e+02 1.158580645161290334e+02
1.186979865771812115e+02 1.224429530201342260e+02 1.161744966442953029e+02
1.186291390728476784e+02 1.220860927152317856e+02 1.163774834437086128e+02
1.181776315789473699e+02 1.221578947368421098e+02 1.169934210526315752e+02
1.177800000000000011e+02 1.226800000000000068e+02 1.171266666666666652e+02
1.171589403973509889e+02 1.228543046357615935e+02 1.165629139072847664e+02
1.171133333333333297e+02 1.233266666666666680e+02 1.166266666666666652e+02
1.169736842105263150e+02 1.241052631578947398e+02 1.169078947368421098e+02
1.166533333333333360e+02 1.234800000000000040e+02 1.167199999999999989e+02
1.166824324324324351e+02 1.236283783783783718e+02 1.171621621621621614e+02
1.164342105263157947e+02 1.243618421052631646e+02 1.172302631578947398e+02
1.159934640522875782e+02 1.239607843137254832e+02 1.174575163398692865e+02
1.153552631578947398e+02 1.239802631578947398e+02 1.173684210526315752e+02
1.145789473684210549e+02 1.241250000000000000e+02 1.174473684210526301e+02
1.144533333333333331e+02 1.244333333333333371e+02 1.172600000000000051e+02
1.141200000000000045e+02 1.245000000000000000e+02 1.173133333333333326e+02
1.135973154362416153e+02 1.239395973154362451e+02 1.176644295302013461e+02
1.133355704697986539e+02 1.236644295302013461e+02 1.176174496644295289e+02
1.130469798657718172e+02 1.242416107382550337e+02 1.178120805369127453e+02
1.129403973509933792e+02 1.241523178807946977e+02 1.174900662251655632e+02
1.128278145695364287e+02 1.237615894039735167e+02 1.177284768211920465e+02
1.130402684563758413e+02 1.236442953020134183e+02 1.178657718120805384e+02
1.128675496688741759e+02 1.234569536423841072e+02 1.175827814569536400e+02
1.128947368421052602e+02 1.232500000000000000e+02 1.173157894736842053e+02
1.128926174496644279e+02 1.235436241610738222e+02 1.177583892617449663e+02
1.129591836734693828e+02 1.242108843537414913e+02 1.175238095238095184e+02
1.122733333333333263e+02 1.241866666666666674e+02 1.174599999999999937e+02
1.118933333333333309e+02 1.250933333333333337e+02 1.175133333333333354e+02
1.113509933774834479e+02 1.260529801324503296e+02 1.177218543046357553e+02
1.110533333333333275e+02 1.267333333333333343e+02 1.183599999999999994e+02
1.106778523489932837e+02 1.272214765100671201e+02 1.184630872483221538e+02
1.103398692810457504e+02 1.274509803921568647e+02 1.191241830065359437e+02
1.099666666666666686e+02 1.279333333333333371e+02 1.190666666666666629e+02
1.100533333333333275e+02 1.280399999999999920e+02 1.188799999999999955e+02
1.099865771812080482e+02 1.280604026845637691e+02 1.188791946308724903e+02
1.100933333333333337e+02 1.283066666666666720e+02 1.186866666666666674e+02
1.098410596026490111e+02 1.278741721854304672e+02 1.186225165562913872e+02
1.097086092715231729e+02 1.276622516556291345e+02 1.183245033112582831e+02
1.096933333333333280e+02 1.276066666666666691e+02 1.187866666666666617e+02
1.095999999999999943e+02 1.274399999999999977e+02 1.182066666666666634e+02
1.095761589403973488e+02 1.272119205298013185e+02 1.179403973509933792e+02
1.096622516556291345e+02 1.275165562913907280e+02 1.178741721854304672e+02
1.092333333333333343e+02 1.267999999999999972e+02 1.181133333333333297e+02
1.083199999999999932e+02 1.265400000000000063e+02 1.173266666666666680e+02
1.076490066225165521e+02 1.261324503311258241e+02 1.163774834437086128e+02
1.072214765100671201e+02 1.253355704697986539e+02 1.157785234899328799e+02
1.073355263157894797e+02 1.249671052631578902e+02 1.147828947368421098e+02
1.074563758389261778e+02 1.246912751677852356e+02 1.153355704697986539e+02
1.077000000000000028e+02 1.246400000000000006e+02 1.156800000000000068e+02
1.075400000000000063e+02 1.242600000000000051e+02 1.154800000000000040e+02
1.081233766233766289e+02 1.241168831168831161e+02 1.150454545454545467e+02
1.076973684210526301e+02 1.236513157894736850e+02 1.153223684210526301e+02
1.076092715231788048e+02 1.234039735099337776e+02 1.157218543046357553e+02
1.073825503355704711e+02 1.232818791946308750e+02 1.157449664429530145e+02
1.072222222222222285e+02 1.225620915032679790e+02 1.157777777777777715e+02
1.074117647058823479e+02 1.224313725490196134e+02 1.153921568627450966e+02
1.071266666666666652e+02 1.220799999999999983e+02 1.147333333333333343e+02
1.073933333333333309e+02 1.219133333333333269e+02 1.148199999999999932e+02
1.075302013422818845e+02 1.215234899328859086e+02 1.147114093959731491e+02
1.077702702702702737e+02 1.210945945945945965e+02 1.145472972972972912e+02
1.076866666666666674e+02 1.204333333333333371e+02 1.145199999999999960e+02
1.070324675324675354e+02 1.198376623376623371e+02 1.141038961038961048e+02
1.069072847682119232e+02 1.190860927152317856e+02 1.138278145695364287e+02
1.073311688311688243e+02 1.184805194805194759e+02 1.136168831168831161e+02
1.072960526315789451e+02 1.186644736842105203e+02 1.130789473684210549e+02
1.072733333333333263e+02 1.188599999999999994e+02 1.131666666666666714e+02
1.072582781456953711e+02 1.190264900662251648e+02 1.127350993377483377e+02
1.071610738255033510e+02 1.191879194630872547e+02 1.124228187919463124e+02
1.073489932885906057e+02 1.186845637583892596e+02 1.120671140939597308e+02
1.071523178807946977e+02 1.179470198675496704e+02 1.117284768211920465e+02
1.070657894736842053e+02 1.173618421052631646e+02 1.120000000000000000e+02
1.063333333333333286e+02 1.170333333333333314e+02 1.117466666666666697e+02
1.066903225806451587e+02 1.167935483870967772e+02 1.122838709677419331e+02
1.071419354838709666e+02 1.170387096774193481e+02 1.121032258064516185e+02
1.074105960264900688e+02 1.173112582781457007e+02 1.115165562913907280e+02
1.078589743589743648e+02 1.166666666666666714e+02 1.112948717948717956e+02
1.075133333333333354e+02 1.165266666666666708e+02 1.111266666666666652e+02
1.082751677852348990e+02 1.161275167785234856e+02 1.116979865771812115e+02
1.082199999999999989e+02 1.155199999999999960e+02 1.119333333333333371e+02
1.084599999999999937e+02 1.149466666666666725e+02 1.119599999999999937e+02
1.092980132450331183e+02 1.146423841059602609e+02 1.118278145695364287e+02
1.092763157894736850e+02 1.145197368421052602e+02 1.117631578947368354e+02
1.097181208053691250e+02 1.147718120805369182e+02 1.115436241610738222e+02
1.100392156862745168e+02 1.148300653594771177e+02 1.120261437908496731e+02
1.103959731543624230e+02 1.150805369127516826e+02 1.120067114093959759e+02
1.106710526315789451e+02 1.147697368421052602e+02 1.122697368421052602e+02
1.110326797385620949e+02 1.140065359477124218e+02 1.123594771241830017e+02
1.110328947368421098e+02 1.134144736842105203e+02 1.119276315789473699e+02
1.112516556291390799e+02 1.134900662251655632e+02 1.121324503311258241e+02
1.115838926174496635e+02 1.126644295302013461e+02 1.118657718120805384e+02
1.118562091503267908e+02 1.120980392156862706e+02 1.116797385620915009e+02
1.122617449664429472e+02 1.115234899328859086e+02 1.121946308724832164e+02
1.123533333333333388e+02 1.112866666666666617e+02 1.126266666666666652e+02
1.122649006622516623e+02 1.109139072847682144e+02 1.131655629139072801e+02
1.120469798657718172e+02 1.105436241610738222e+02 1.137986577181208077e+02
1.125592105263157947e+02 1.103684210526315752e+02 1.142565789473684248e+02
1.121907894736842053e+02 1.104407894736842053e+02 1.144736842105263150e+02
1.124333333333333371e+02 1.102333333333333343e+02 1.152600000000000051e+02
1.121818181818181870e+02 1.102012987012986969e+02 1.158896103896103966e+02
1.119166666666666714e+02 1.095641025641025692e+02 1.156153846153846132e+02
1.116038961038961048e+02 1.094545454545454533e+02 1.158181818181818130e+02
1.123046357615894095e+02 1.092052980132450273e+02 1.157880794701986815e+02
1.118815789473684248e+02 1.096710526315789451e+02 1.161447368421052602e+02
1.117635135135135158e+02 1.094391891891891930e+02 1.168648648648648702e+02
1.120328947368421098e+02 1.098750000000000000e+02 1.170855263157894797e+02
1.117350993377483377e+02 1.101324503311258241e+02 1.178807947019867584e+02
1.118639455782312950e+02 1.099251700680272137e+02 1.178367346938775455e+02
1.119200000000000017e+02 1.104733333333333292e+02 1.177333333333333343e+02
1.115723684210526301e+02 1.098289473684210549e+02 1.186184210526315752e+02
1.111986754966887361e+02 1.098476821192053023e+02 1.190860927152317856e+02
1.108750000000000000e+02 1.099144736842105203e+02 1.198223684210526301e+02
1.107666666666666657e+02 1.100600000000000023e+02 1.209000000000000057e+02
1.107600000000000051e+02 1.102866666666666617e+02 1.215000000000000000e+02
1.109533333333333331e+02 1.101200000000000045e+02 1.218599999999999994e+02
1.110264900662251648e+02 1.099006622516556320e+02 1.219867549668874176e+02
1.109533333333333331e+02 1.102533333333333303e+02 1.226066666666666691e+02
1.111788079470198625e+02 1.106821192052980081e+02 1.230596026490066208e+02
1.110657894736842053e+02 1.108552631578947398e+02 1.233552631578947398e+02
1.109868421052631646e+02 1.117894736842105203e+02 1.235526315789473699e+02
1.111776315789473699e+02 1.117302631578947398e+02 1.240921052631578902e+02
1.112875816993464042e+02 1.120392156862745168e+02 1.236470588235294059e+02
1.111733333333333320e+02 1.122199999999999989e+02 1.239333333333333371e+02
1.114635761589403984e+02 1.129205298013245056e+02 1.237152317880794641e+02
1.114258064516128997e+02 1.128838709677419416e+02 1.240000000000000000e+02
1.112333333333333343e+02 1.129533333333333331e+02 1.235733333333333377e+02
1.112466666666666697e+02 1.131800000000000068e+02 1.241933333333333280e+02
1.116710526315789451e+02 1.137565789473684248e+02 1.245657894736842053e+02
1.125562913907284752e+02 1.144172185430463600e+02 1.247748344370860991e+02
1.123071895424836555e+02 1.147058823529411740e+02 1.252352941176470580e+02
1.124238410596026512e+02 1.154701986754966896e+02 1.255695364238410576e+02
1.124039735099337776e+02 1.154172185430463600e+02 1.256092715231788048e+02
1.123333333333333286e+02 1.156800000000000068e+02 1.261066666666666691e+02
1.127189542483660176e+02 1.159803921568627487e+02 1.260849673202614412e+02
1.126510067114093943e+02 1.161342281879194616e+02 1.258791946308724903e+02
1.128400000000000034e+02 1.162866666666666617e+02 1.256466666666666612e+02
1.129411764705882320e+02 1.165947712418300597e+02 1.255294117647058840e+02
1.133947368421052602e+02 1.163552631578947398e+02 1.254078947368421098e+02
1.131381578947368354e+02 1.168289473684210549e+02 1.254407894736842053e+02
1.124217687074829968e+02 1.174353741496598644e+02 1.254965986394557831e+02
1.124437086092715248e+02 1.181258278145695328e+02 1.256357615894039697e+02
1.120799999999999983e+02 1.189466666666666725e+02 1.261266666666666652e+02
1.117039473684210549e+02 1.191052631578947398e+02 1.263289473684210549e+02
1.105733333333333377e+02 1.193199999999999932e+02 1.260133333333333354e+02
1.105359477124183059e+02 1.196535947712418277e+02 1.255882352941176521e+02
1.108026315789473699e+02 1.195592105263157947e+02 1.256644736842105203e+02
1.104200000000000017e+02 1.202000000000000028e+02 1.254666666666666686e+02
1.106250000000000000e+02 1.206447368421052602e+02 1.250263157894736850e+02
1.101315789473684248e+02 1.206184210526315752e+02 1.252828947368421098e+02
1.099078947368421098e+02 1.205855263157894797e+02 1.257500000000000000e+02
1.104630872483221538e+02 1.213892617449664471e+02 1.259328859060402692e+02
1.101621621621621614e+02 1.219256756756756772e+02 1.256959459459459367e+02
1.101959459459459509e+02 1.221486486486486456e+02 1.258445945945945965e+02
1.103973509933774864e+02 1.224635761589403984e+02 1.259205298013245056e+02
1.098255033557046971e+02 1.225503355704697981e+02 1.258389261744966490e+02
1.099025974025974079e+02 1.230129870129870113e+02 1.257207792207792210e+02
1.095562913907284752e+02 1.233443708609271567e+02 1.257350993377483377e+02
1.101578947368421098e+02 1.237828947368421098e+02 1.250328947368421098e+02
1.102251655629139009e+02 1.237947019867549727e+02 1.248807947019867584e+02
1.094238410596026512e+02 1.244370860927152336e+02 1.244370860927152336e+02
1.089324324324324351e+02 1.241216216216216282e+02 1.236756756756756772e+02
1.085519480519480453e+02 1.241753246753246742e+02 1.236493506493506516e+02
1.085000000000000000e+02 1.234733333333333292e+02 1.231266666666666652e+02
1.080600000000000023e+02 1.235199999999999960e+02 1.226333333333333400e+02
1.077837837837837895e+02 1.237432432432432421e+02 1.226554054054054035e+02
1.073199999999999932e+02 1.237666666666666657e+02 1.221333333333333400e+02
1.072745098039215748e+02 1.228562091503267908e+02 1.220980392156862706e+02
1.073178807947019919e+02 1.230264900662251648e+02 1.219668874172185440e+02
1.070526315789473699e+02 1.224934210526315752e+02 1.219934210526315752e+02
1.069333333333333371e+02 1.221599999999999966e+02 1.218333333333333286e+02
1.066928104575163445e+02 1.218039215686274446e+02 1.213660130718954235e+02
1.069139072847682144e+02 1.216026490066225136e+02 1.214437086092715248e+02
1.061644736842105203e+02 1.210855263157894797e+02 1.217631578947368354e+02
1.062533333333333303e+02 1.206533333333333360e+02 1.219866666666666646e+02
1.061200000000000045e+02 1.200933333333333337e+02 1.223866666666666703e+02
1.061812080536912788e+02 1.197516778523489904e+02 1.228993288590604038e+02
1.067399999999999949e+02 1.198199999999999932e+02 1.229666666666666686e+02
1.071283783783783718e+02 1.198243243243243228e+02 1.233783783783783718e+02
1.076710526315789451e+02 1.192697368421052602e+02 1.232105263157894797e+02
1.079161290322580697e+02 1.189483870967741979e+02 1.231612903225806406e+02
1.084013157894736850e+02 1.188223684210526301e+02 1.235789473684210549e+02
1.085882352941176521e+02 1.191895424836601336e+02 1.233986928104575185e+02
1.081324503311258241e+02 1.185298013245033104e+02 1.230927152317880768e+02
1.079803921568627487e+02 1.181764705882352899e+02 1.227320261437908471e+02
1.078741721854304672e+02 1.174701986754966896e+02 1.229735099337748352e+02
1.081933333333333280e+02 1.172066666666666634e+02 1.230999999999999943e+02
1.080196078431372513e+02 1.170784313725490193e+02 1.234117647058823479e+02
1.076622516556291345e+02 1.173112582781457007e+02 1.233509933774834479e+02
1.079736842105263150e+02 1.167434210526315752e+02 1.236513157894736850e+02
1.075704697986577116e+02 1.157651006711409423e+02 1.241006711409395962e+02
1.072600000000000051e+02 1.151266666666666652e+02 1.236733333333333320e+02
1.071800000000000068e+02 1.149000000000000057e+02 1.240733333333333377e+02
1.071266666666666652e+02 1.150799999999999983e+02 1.239133333333333269e+02
1.070666666666666629e+02 1.146933333333333280e+02 1.240600000000000023e+02
1.069868421052631646e+02 1.145986842105263150e+02 1.235657894736842053e+02
1.070331125827814560e+02 1.142317880794701921e+02 1.234768211920529808e+02
1.069000000000000057e+02 1.138400000000000034e+02 1.239200000000000017e+02
1.064429530201342260e+02 1.129731543624161105e+02 1.237046979865771874e+02
1.067284768211920465e+02 1.126357615894039697e+02 1.233509933774834479e+02
1.072384105960264833e+02 1.122450331125827745e+02 1.240860927152317856e+02
1.073288590604026780e+02 1.123892617449664471e+02 1.245100671140939568e+02
1.073841059602649040e+02 1.126821192052980081e+02 1.248344370860927199e+02
1.071677852348993270e+02 1.128456375838926107e+02 1.252550335570469855e+02
1.071266666666666652e+02 1.129333333333333371e+02 1.251466666666666612e+02
1.070600000000000023e+02 1.141666666666666714e+02 1.252000000000000028e+02
1.076216216216216282e+02 1.142972972972972912e+02 1.260608108108108070e+02
1.076818181818181870e+02 1.146233766233766289e+02 1.267532467532467564e+02
1.076599999999999966e+02 1.151800000000000068e+02 1.264533333333333331e+02
1.068410596026490111e+02 1.153841059602649040e+02 1.265761589403973488e+02
1.069483870967741979e+02 1.157419354838709609e+02 1.263161290322580612e+02
1.072317880794701921e+02 1.160860927152317856e+02 1.261456953642384065e+02
1.075197368421052602e+02 1.163618421052631646e+02 1.260789473684210549e+02
1.074052287581699403e+02 1.166470588235294059e+02 1.260261437908496731e+02
1.077533333333333303e+02 1.168533333333333388e+02 1.260600000000000023e+02
1.081946308724832164e+02 1.167449664429530145e+02 1.264429530201342260e+02
1.090666666666666629e+02 1.170866666666666731e+02 1.267533333333333303e+02
1.090266666666666708e+02 1.176333333333333400e+02 1.270933333333333337e+02
1.097785234899328799e+02 1.177852348993288558e+02 1.272147651006711442e+02
1.102467532467532436e+02 1.178571428571428612e+02 1.277012987012986969e+02
1.103112582781457007e+02 1.178543046357615935e+02 1.284238410596026370e+02
1.100198675496688736e+02 1.179602649006622528e+02 1.283178807947019777e+02
1.104078947368421098e+02 1.174934210526315752e+02 1.280197368421052602e+02
1.104000000000000057e+02 1.167000000000000028e+02 1.275000000000000000e+02
1.107666666666666657e+02 1.162266666666666737e+02 1.278533333333333388e+02
1.111266666666666652e+02 1.153466666666666640e+02 1.277800000000000011e+02
1.111283783783783718e+02 1.148040540540540491e+02 1.283648648648648702e+02
1.107947019867549727e+02 1.138543046357615935e+02 1.280132450331125824e+02
1.115496688741721840e+02 1.135894039735099312e+02 1.285099337748344510e+02
1.119337748344370880e+02 1.132251655629139009e+02 1.287814569536423903e+02
1.118133333333333326e+02 1.136666666666666714e+02 1.293666666666666742e+02
1.122600000000000051e+02 1.136333333333333400e+02 1.293466666666666640e+02
1.123288590604026780e+02 1.135570469798657740e+02 1.294563758389261636e+02
1.121523178807946977e+02 1.134238410596026512e+02 1.293642384105960161e+02
1.121599999999999966e+02 1.133799999999999955e+02 1.296333333333333258e+02
1.120784313725490193e+02 1.132222222222222285e+02 1.295032679738561967e+02
1.124736842105263150e+02 1.129671052631578902e+02 1.296842105263157805e+02
1.125266666666666708e+02 1.126400000000000006e+02 1.298266666666666538e+02
1.127733333333333263e+02 1.122066666666666634e+02 1.294466666666666583e+02
1.127027027027027088e+02 1.110270270270270316e+02 1.291418918918919019e+02
1.126040268456375770e+02 1.108322147651006730e+02 1.294563758389261636e+02
1.123466666666666640e+02 1.100866666666666589e+02 1.293733333333333348e+02
1.123112582781457007e+02 1.093443708609271567e+02 1.294105960264900546e+02
1.118013245033112639e+02 1.094834437086092720e+02 1.300794701986754944e+02
1.112147651006711442e+02 1.094765100671140914e+02 1.306845637583892596e+02
1.109666666666666686e+02 1.091200000000000045e+02 1.310666666666666629e+02
1.107266666666666737e+02 1.093599999999999994e+02 1.319266666666666765e+02
1.108133333333333326e+02 1.097199999999999989e+02 1.325066666666666606e+02
1.111324503311258241e+02 1.100397350993377472e+02 1.327417218543046431e+02
1.116578947368421098e+02 1.103026315789473699e+02 1.330657894736842195e+02
1.116225165562913872e+02 1.107218543046357553e+02 1.334370860927152194e+02
1.117792207792207790e+02 1.104220779220779178e+02 1.334870129870129745e+02
1.117987012987013031e+02 1.110584415584415581e+02 1.339350649350649292e+02
1.120066666666666606e+02 1.113066666666666720e+02 1.337599999999999909e+02
1.121523178807946977e+02 1.115364238410596016e+02 1.344437086092715106e+02
1.121523178807946977e+02 1.112913907284768271e+02 1.349470198675496704e+02
1.122317880794701921e+02 1.110000000000000000e+02 1.352649006622516481e+02
1.119802631578947398e+02 1.101381578947368354e+02 1.354736842105263293e+02
1.124533333333333331e+02 1.097000000000000028e+02 1.356800000000000068e+02
1.125933333333333337e+02 1.091866666666666674e+02 1.357599999999999909e+02
1.123486842105263150e+02 1.083289473684210549e+02 1.361776315789473699e+02
1.126967741935483929e+02 1.081225806451612925e+02 1.360903225806451644e+02
1.126447368421052602e+02 1.081118421052631646e+02 1.362763157894736707e+02
1.131986754966887361e+02 1.084701986754966896e+02 1.369668874172185440e+02
1.135629139072847664e+02 1.086423841059602609e+02 1.373708609271523073e+02
1.135933333333333337e+02 1.083599999999999994e+02 1.377266666666666595e+02
1.141973684210526301e+02 1.082631578947368354e+02 1.375328947368421098e+02
1.154172185430463600e+02 1.079867549668874176e+02 1.378410596026490111e+02
1.160723684210526301e+02 1.081447368421052602e+02 1.379276315789473699e+02
1.158376623376623371e+02 1.077272727272727337e+02 1.380649350649350708e+02
1.159934210526315752e+02 1.080855263157894797e+02 1.388092105263157805e+02
1.166013071895424815e+02 1.076797385620915009e+02 1.385163398692810404e+02
1.164569536423841072e+02 1.073178807947019919e+02 1.389271523178807968e+02
1.171192052980132416e+02 1.077350993377483377e+02 1.388940397350993408e+02
1.171363636363636402e+02 1.077662337662337677e+02 1.395389610389610482e+02
1.175838926174496635e+02 1.076979865771812115e+02 1.394228187919462982e+02
1.179602649006622528e+02 1.075364238410596016e+02 1.395695364238410718e+02
1.184866666666666646e+02 1.076466666666666612e+02 1.393799999999999955e+02
1.186040268456375770e+02 1.080134228187919518e+02 1.393355704697986539e+02
1.192251655629139009e+02 1.083311258278145743e+02 1.391258278145695328e+02
1.199200000000000017e+02 1.079666666666666686e+02 1.393600000000000136e+02
1.200986842105263150e+02 1.080921052631578902e+02 1.394605263157894797e+02
1.198266666666666680e+02 1.083333333333333286e+02 1.391733333333333462e+02
1.200810810810810807e+02 1.085945945945945965e+02 1.387094594594594525e+02
1.205298013245033104e+02 1.088874172185430496e+02 1.390794701986754944e+02
1.209395973154362451e+02 1.093758389261744952e+02 1.389261744966443075e+02
1.211666666666666714e+02 1.099466666666666725e+02 1.389733333333333292e+02
1.213947368421052602e+02 1.104407894736842053e+02 1.388289473684210407e+02
1.214066666666666663e+02 1.108733333333333348e+02 1.388799999999999955e+02
1.210849673202614412e+02 1.107581699346405202e+02 1.388823529411764639e+02
1.210860927152317856e+02 1.105960264900662224e+02 1.388145695364238463e+02
1.205878378378378386e+02 1.106351351351351298e+02 1.387837837837837753e+02
1.206842105263157947e+02 1.115986842105263150e+02 1.385460526315789593e+02
1.206666666666666714e+02 1.123933333333333309e+02 1.384333333333333371e+02
1.207218543046357553e+02 1.126821192052980081e+02 1.391920529801324449e+02
1.206973684210526301e+02 1.127171052631578902e+02 1.394605263157894797e+02
1.201418918918918877e+02 1.130608108108108070e+02 1.396081081081080981e+02
1.200326797385620949e+02 1.128758169934640563e+02 1.397320261437908471e+02
1.201140939597315480e+02 1.128456375838926107e+02 1.399395973154362309e+02
1.201066666666666691e+02 1.126800000000000068e+02 1.401066666666666549e+02
1.195000000000000000e+02 1.129466666666666725e+02 1.402466666666666697e+02
1.191006711409395962e+02 1.134496644295302019e+02 1.404496644295302019e+02
1.190666666666666629e+02 1.136666666666666714e+02 1.408400000000000034e+02
1.189738562091503269e+02 1.139477124183006538e+02 1.412941176470588118e+02
1.187770270270270316e+02 1.139527027027027088e+02 1.416554054054054177e+02
1.185921052631578902e+02 1.139605263157894797e+02 1.422368421052631504e+02
1.183896103896103966e+02 1.137727272727272663e+02 1.425259740259740227e+02
1.180472972972972912e+02 1.140945945945945965e+02 1.429189189189189051e+02
1.177417218543046289e+02 1.143509933774834479e+02 1.430794701986754944e+02
1.177733333333333263e+02 1.147533333333333303e+02 1.433600000000000136e+02
1.177635135135135158e+02 1.148243243243243228e+02 1.431216216216216139e+02
1.174129032258064456e+02 1.150000000000000000e+02 1.431096774193548526e+02
1.166400000000000006e+02 1.147999999999999972e+02 1.429066666666666663e+02
1.164066666666666663e+02 1.144466666666666725e+02 1.432933333333333223e+02
1.163866666666666703e+02 1.147733333333333263e+02 1.431466666666666754e+02
1.165526315789473699e+02 1.149013157894736850e+02 1.428092105263157805e+02
1.162251655629139009e+02 1.153443708609271567e+02 1.427682119205298079e+02
1.164900662251655632e+02 1.160927152317880768e+02 1.428278145695364287e+02
1.163066666666666720e+02 1.167800000000000011e+02 1.425000000000000000e+02
1.162013422818791923e+02 1.168389261744966490e+02 1.428053691275167694e+02
1.160662251655629120e+02 1.173377483443708655e+02 1.425099337748344510e+02
1.156405228758169983e+02 1.180000000000000000e+02 1.424967320261438033e+02
1.154503311258278160e+02 1.182384105960264833e+02 1.427615894039735167e+02
1.154200000000000017e+02 1.184599999999999937e+02 1.430266666666666708e+02
1.148235294117647101e+02 1.185294117647058840e+02 1.432026143790849630e+02
1.147919463087248317e+02 1.184496644295302019e+02 1.430201342281879135e+02
1.147152317880794641e+02 1.187218543046357553e+02 1.431920529801324449e+02
1.139395973154362451e+02 1.185570469798657740e+02 1.427986577181208077e+02
1.137284768211920465e+02 1.187549668874172255e+02 1.427152317880794783e+02
1.136622516556291345e+02 1.187086092715231729e+02 1.426092715231788191e+02
1.127880794701986815e+02 1.186821192052980081e+02 1.423841059602648897e+02
1.128421052631578902e+02 1.184144736842105203e+02 1.423355263157894797e+02
1.129006622516556320e+02 1.187814569536423903e+02 1.421721854304635713e+02
1.131266666666666652e+02 1.190933333333333337e+02 1.415733333333333235e+02
1.132450331125827745e+02 1.194238410596026512e+02 1.409867549668874176e+02
1.128333333333333286e+02 1.194800000000000040e+02 1.402533333333333303e+02
1.124399999999999977e+02 1.196066666666666691e+02 1.399066666666666663e+02
1.124802631578947398e+02 1.194868421052631646e+02 1.393092105263157805e+02
1.124539473684210549e+02 1.197565789473684248e+02 1.392236842105263293e+02
1.124133333333333269e+02 1.202066666666666634e+02 1.393333333333333428e+02
1.122802547770700698e+02 1.204012738853503208e+02 1.394649681528662484e+02
1.125503355704697981e+02 1.205436241610738222e+02 1.394161073825503365e+02
1.123896103896103966e+02 1.203896103896103966e+02 1.388246753246753258e+02
1.123716216216216282e+02 1.202702702702702737e+02 1.383445945945945823e+02
1.127516339869280984e+02 1.198431372549019613e+02 1.381437908496731950e+02
1.127565789473684248e+02 1.192434210526315752e+02 1.377236842105263293e+02
1.126513157894736850e+02 1.191447368421052602e+02 1.373684210526315894e+02
1.118766233766233711e+02 1.192857142857142918e+02 1.372272727272727195e+02
1.114362416107382501e+02 1.195637583892617499e+02 1.369261744966443075e+02
1.104189189189189193e+02 1.192770270270270316e+02 1.364594594594594525e+02
1.104836601307189596e+02 1.189019607843137294e+02 1.361699346405228823e+02
1.102013422818791923e+02 1.187181208053691250e+02 1.354966442953020191e+02
1.097466666666666697e+02 1.184533333333333331e+02 1.352199999999999989e+02
1.093636363636363598e+02 1.185974025974025921e+02 1.347987012987013031e+02
1.089675324675324646e+02 1.185194805194805241e+02 1.344740259740259773e+02
1.087382550335570528e+02 1.185906040268456394e+02 1.342885906040268367e+02
1.087763157894736850e+02 1.186381578947368354e+02 1.341776315789473699e+02
1.091184210526315752e+02 1.183750000000000000e+02 1.348026315789473699e+02
1.088157894736842053e+02 1.188157894736842053e+02 1.348157894736842195e+02
1.087019867549668817e+02 1.188543046357615935e+02 1.348543046357615935e+02
1.084466666666666725e+02 1.194200000000000017e+02 1.350933333333333337e+02
1.082781456953642447e+02 1.191456953642384065e+02 1.349735099337748352e+02
1.081390728476821153e+02 1.194834437086092720e+02 1.348543046357615935e+02
1.079731543624161105e+02 1.194496644295302019e+02 1.345906040268456252e+02
1.072185430463576097e+02 1.201059602649006592e+02 1.338874172185430496e+02
1.064697986577181155e+02 1.204899328859060432e+02 1.338791946308724903e+02
1.064933333333333394e+02 1.201533333333333360e+02 1.342599999999999909e+02
1.056644295302013461e+02 1.199463087248322211e+02 1.341208053691275097e+02
1.052913907284768271e+02 1.202185430463576097e+02 1.339072847682119232e+02
1.052352941176470580e+02 1.205686274509803866e+02 1.337320261437908471e+02
1.049530201342281828e+02 1.205033557046979809e+02 1.331543624161073751e+02
1.044666666666666686e+02 1.204266666666666623e+02 1.330866666666666731e+02
1.043289473684210549e+02 1.197500000000000000e+02 1.331907894736842195e+02
1.041920529801324449e+02 1.194900662251655632e+02 1.332119205298013185e+02
1.041733333333333320e+02 1.188666666666666600e+02 1.332733333333333405e+02
1.039266666666666623e+02 1.187533333333333303e+02 1.327466666666666697e+02
1.040000000000000000e+02 1.181140939597315480e+02 1.327785234899328941e+02
1.037600000000000051e+02 1.180466666666666669e+02 1.322333333333333201e+02
1.033245033112582831e+02 1.176158940397350960e+02 1.325496688741721982e+02
1.035165562913907280e+02 1.172119205298013185e+02 1.323576158940397249e+02
1.036266666666666652e+02 1.166466666666666612e+02 1.320999999999999943e+02
1.035394736842105203e+02 1.165328947368421098e+02 1.318750000000000000e+02
1.034238410596026512e+02 1.164635761589403984e+02 1.315033112582781598e+02
1.029666666666666686e+02 1.161200000000000045e+02 1.306999999999999886e+02
1.027254901960784252e+02 1.157124183006535958e+02 1.304836601307189596e+02
1.027133333333333383e+02 1.156666666666666714e+02 1.303733333333333348e+02
1.028104575163398664e+02 1.153986928104575185e+02 1.305294117647058840e+02
1.027549668874172255e+02 1.149867549668874176e+02 1.304503311258278018e+02
