1.280733333333333235e+02 1.274266666666666623e+02 1.283333333333333428e+02
1.279466666666666725e+02 1.276333333333333400e+02 1.281599999999999966e+02
1.280333333333333314e+02 1.274666666666666686e+02 1.280000000000000000e+02
1.282119205298013185e+02 1.274172185430463600e+02 1.281324503311258241e+02
1.282582781456953569e+02 1.274635761589403984e+02 1.284370860927152194e+02
1.283221476510067021e+02 1.274093959731543606e+02 1.284093959731543748e+02
1.283733333333333348e+02 1.272266666666666737e+02 1.282400000000000091e+02
1.284333333333333371e+02 1.272533333333333303e+02 1.282866666666666617e+02
1.284333333333333371e+02 1.272533333333333303e+02 1.282866666666666617e+02
1.284133333333333269e+02 1.272399999999999949e+02 1.282666666666666799e+02
1.284199999999999875e+02 1.272333333333333343e+02 1.282533333333333303e+02
1.284399999999999977e+02 1.272600000000000051e+02 1.282866666666666617e+02
1.284399999999999977e+02 1.272600000000000051e+02 1.282866666666666617e+02
1.284399999999999977e+02 1.272600000000000051e+02 1.282866666666666617e+02
1.284399999999999977e+02 1.272600000000000051e+02 1.282866666666666617e+02
1.284399999999999977e+02 1.272600000000000051e+02 1.282866666666666617e+02
1.284399999999999977e+02 1.272600000000000051e+02 1.282866666666666617e+02
1.284399999999999977e+02 1.272600000000000051e+02 1.282866666666666617e+02
1.284399999999999977e+02 1.272600000000000051e+02 1.282866666666666617e+02
1.284399999999999977e+02 1.272600000000000051e+02 1.282866666666666617e+02
1.284399999999999977e+02 1.272600000000000051e+02 1.282866666666666617e+02
1.284399999999999977e+02 1.272600000000000051e+02 1.282866666666666617e+02
1.284399999999999977e+02 1.272600000000000051e+02 1.282866666666666617e+02
1.284399999999999977e+02 1.272600000000000051e+02 1.282866666666666617e+02
1.284399999999999977e+02 1.272600000000000051e+02 1.282866666666666617e+02
1.284399999999999977e+02 1.272600000000000051e+02 1.282866666666666617e+02
1.284399999999999977e+02 1.272600000000000051e+02 1.282866666666666617e+02
1.284399999999999977e+02 1.272600000000000051e+02 1.282866666666666617e+02
1.284399999999999977e+02 1.272600000000000051e+02 1.282866666666666617e+02
1.284399999999999977e+02 1.272600000000000051e+02 1.282866666666666617e+02
1.284399999999999977e+02 1.272600000000000051e+02 1.282866666666666617e+02
1.284399999999999977e+02 1.272600000000000051e+02 1.282866666666666617e+02
1.284399999999999977e+02 1.272600000000000051e+02 1.282866666666666617e+02
1.284399999999999977e+02 1.272600000000000051e+02 1.282866666666666617e+02
1.284399999999999977e+02 1.272600000000000051e+02 1.282866666666666617e+02
1.284399999999999977e+02 1.272600000000000051e+02 1.282866666666666617e+02
1.284399999999999977e+02 1.272600000000000051e+02 1.282866666666666617e+02
1.284399999999999977e+02 1.272600000000000051e+02 1.282866666666666617e+02
1.284399999999999977e+02 1.272600000000000051e+02 1.282866666666666617e+02
1.284399999999999977e+02 1.272600000000000051e+02 1.282866666666666617e+02
1.284399999999999977e+02 1.272600000000000051e+02 1.282866666666666617e+02
1.284399999999999977e+02 1.272600000000000051e+02 1.282866666666666617e+02
1.284399999999999977e+02 1.272600000000000051e+02 1.282866666666666617e+02
1.284399999999999977e+02 1.272600000000000051e+02 1.282866666666666617e+02
1.284399999999999977e+02 1.272600000000000051e+02 1.282866666666666617e+02
1.284399999999999977e+02 1.272600000000000051e+02 1.282866666666666617e+02
1.284399999999999977e+02 1.272600000000000051e+02 1.282866666666666617e+02
1.284399999999999977e+02 1.272600000000000051e+02 1.282866666666666617e+02
1.284399999999999977e+02 1.272600000000000051e+02 1.282866666666666617e+02
1.284399999999999977e+02 1.272600000000000051e+02 1.282866666666666617e+02
1.284399999999999977e+02 1.272600000000000051e+02 1.282866666666666617e+02
1.284399999999999977e+02 1.272600000000000051e+02 1.282866666666666617e+02
1.284399999999999977e+02 1.272600000000000051e+02 1.282866666666666617e+02
1.284399999999999977e+02 1.272600000000000051e+02 1.282866666666666617e+02
1.284399999999999977e+02 1.272600000000000051e+02 1.282866666666666617e+02
1.284399999999999977e+02 1.272600000000000051e+02 1.282866666666666617e+02
1.284399999999999977e+02 1.272600000000000051e+02 1.282866666666666617e+02
1.284399999999999977e+02 1.272600000000000051e+02 1.282866666666666617e+02
1.284399999999999977e+02 1.272600000000000051e+02 1.282866666666666617e+02
1.284399999999999977e+02 1.272600000000000051e+02 1.282866666666666617e+02
1.284399999999999977e+02 1.272600000000000051e+02 1.282866666666666617e+02
1.284399999999999977e+02 1.272600000000000051e+02 1.282866666666666617e+02
1.284399999999999977e+02 1.272600000000000051e+02 1.282866666666666617e+02
1.284399999999999977e+02 1.272600000000000051e+02 1.282866666666666617e+02
1.284399999999999977e+02 1.272600000000000051e+02 1.282866666666666617e+02
1.284399999999999977e+02 1.272600000000000051e+02 1.282866666666666617e+02
1.284399999999999977e+02 1.272600000000000051e+02 1.282866666666666617e+02
1.284399999999999977e+02 1.272600000000000051e+02 1.282866666666666617e+02
1.284399999999999977e+02 1.272600000000000051e+02 1.282866666666666617e+02
1.284399999999999977e+02 1.272600000000000051e+02 1.282866666666666617e+02
1.284399999999999977e+02 1.272600000000000051e+02 1.282866666666666617e+02
1.284399999999999977e+02 1.272600000000000051e+02 1.282866666666666617e+02
1.284399999999999977e+02 1.272600000000000051e+02 1.282866666666666617e+02
1.284399999999999977e+02 1.272600000000000051e+02 1.282866666666666617e+02
1.284399999999999977e+02 1.272600000000000051e+02 1.282866666666666617e+02
1.284399999999999977e+02 1.272600000000000051e+02 1.282866666666666617e+02
1.284399999999999977e+02 1.272600000000000051e+02 1.282866666666666617e+02
1.284399999999999977e+02 1.272600000000000051e+02 1.282866666666666617e+02
1.284399999999999977e+02 1.272600000000000051e+02 1.282866666666666617e+02
1.284399999999999977e+02 1.272600000000000051e+02 1.282866666666666617e+02
1.284399999999999977e+02 1.272600000000000051e+02 1.282866666666666617e+02
1.284399999999999977e+02 1.272600000000000051e+02 1.282866666666666617e+02
1.284399999999999977e+02 1.272600000000000051e+02 1.282866666666666617e+02
1.284399999999999977e+02 1.272600000000000051e+02 1.282866666666666617e+02
1.284399999999999977e+02 1.272600000000000051e+02 1.282866666666666617e+02
1.284399999999999977e+02 1.272600000000000051e+02 1.282866666666666617e+02
1.284399999999999977e+02 1.272600000000000051e+02 1.282866666666666617e+02
1.284399999999999977e+02 1.272600000000000051e+02 1.282866666666666617e+02
1.284399999999999977e+02 1.272600000000000051e+02 1.282866666666666617e+02
1.284399999999999977e+02 1.272600000000000051e+02 1.282866666666666617e+02
1.284399999999999977e+02 1.272600000000000051e+02 1.282866666666666617e+02
1.284399999999999977e+02 1.272600000000000051e+02 1.282866666666666617e+02
1.284399999999999977e+02 1.272600000000000051e+02 1.282866666666666617e+02
1.284399999999999977e+02 1.272600000000000051e+02 1.282866666666666617e+02
1.284399999999999977e+02 1.272600000000000051e+02 1.282866666666666617e+02
1.284399999999999977e+02 1.272600000000000051e+02 1.282866666666666617e+02
1.284399999999999977e+02 1.272600000000000051e+02 1.282866666666666617e+02
1.284399999999999977e+02 1.272600000000000051e+02 1.282866666666666617e+02
1.284399999999999977e+02 1.272600000000000051e+02 1.282866666666666617e+02
1.284399999999999977e+02 1.272600000000000051e+02 1.282866666666666617e+02
1.284399999999999977e+02 1.272600000000000051e+02 1.282866666666666617e+02
1.284399999999999977e+02 1.272600000000000051e+02 1.282866666666666617e+02
1.284399999999999977e+02 1.272600000000000051e+02 1.282866666666666617e+02
1.284399999999999977e+02 1.272600000000000051e+02 1.282866666666666617e+02
1.284399999999999977e+02 1.272600000000000051e+02 1.282866666666666617e+02
1.284399999999999977e+02 1.272600000000000051e+02 1.282866666666666617e+02
1.284399999999999977e+02 1.272600000000000051e+02 1.282866666666666617e+02
1.284399999999999977e+02 1.272600000000000051e+02 1.282866666666666617e+02
1.284399999999999977e+02 1.272600000000000051e+02 1.282866666666666617e+02
1.284399999999999977e+02 1.272600000000000051e+02 1.282866666666666617e+02
1.284399999999999977e+02 1.272600000000000051e+02 1.282866666666666617e+02
1.284399999999999977e+02 1.272600000000000051e+02 1.282866666666666617e+02
1.284399999999999977e+02 1.272600000000000051e+02 1.282866666666666617e+02
1.284399999999999977e+02 1.272600000000000051e+02 1.282866666666666617e+02
1.284399999999999977e+02 1.272600000000000051e+02 1.282866666666666617e+02
1.284399999999999977e+02 1.272600000000000051e+02 1.282866666666666617e+02
1.284399999999999977e+02 1.272600000000000051e+02 1.282866666666666617e+02
1.284399999999999977e+02 1.272600000000000051e+02 1.282866666666666617e+02
1.284399999999999977e+02 1.272600000000000051e+02 1.282866666666666617e+02
1.284399999999999977e+02 1.272600000000000051e+02 1.282866666666666617e+02
1.284399999999999977e+02 1.272600000000000051e+02 1.282866666666666617e+02
1.284399999999999977e+02 1.272600000000000051e+02 1.282866666666666617e+02
1.284399999999999977e+02 1.272600000000000051e+02 1.282866666666666617e+02
1.284399999999999977e+02 1.272600000000000051e+02 1.282866666666666617e+02
1.284399999999999977e+02 1.272600000000000051e+02 1.282866666666666617e+02
1.284399999999999977e+02 1.272600000000000051e+02 1.282866666666666617e+02
1.284399999999999977e+02 1.272600000000000051e+02 1.282866666666666617e+02
1.284399999999999977e+02 1.272600000000000051e+02 1.282866666666666617e+02
1.284399999999999977e+02 1.272600000000000051e+02 1.282866666666666617e+02
1.284399999999999977e+02 1.272600000000000051e+02 1.282866666666666617e+02
1.284399999999999977e+02 1.272600000000000051e+02 1.282866666666666617e+02
1.284399999999999977e+02 1.272600000000000051e+02 1.282866666666666617e+02
1.284399999999999977e+02 1.272600000000000051e+02 1.282866666666666617e+02
1.284399999999999977e+02 1.272600000000000051e+02 1.282866666666666617e+02
1.284399999999999977e+02 1.272600000000000051e+02 1.282866666666666617e+02
1.284399999999999977e+02 1.272600000000000051e+02 1.282866666666666617e+02
1.284399999999999977e+02 1.272600000000000051e+02 1.282866666666666617e+02
1.284399999999999977e+02 1.272600000000000051e+02 1.282866666666666617e+02
1.284399999999999977e+02 1.272600000000000051e+02 1.282866666666666617e+02
1.284399999999999977e+02 1.272600000000000051e+02 1.282866666666666617e+02
1.284399999999999977e+02 1.272600000000000051e+02 1.282866666666666617e+02
1.284399999999999977e+02 1.272600000000000051e+02 1.282866666666666617e+02
1.284399999999999977e+02 1.272600000000000051e+02 1.282866666666666617e+02
1.284399999999999977e+02 1.272600000000000051e+02 1.282866666666666617e+02
1.284399999999999977e+02 1.272600000000000051e+02 1.282866666666666617e+02
1.284399999999999977e+02 1.272600000000000051e+02 1.282866666666666617e+02
1.284399999999999977e+02 1.272600000000000051e+02 1.282866666666666617e+02
1.284399999999999977e+02 1.272600000000000051e+02 1.282866666666666617e+02
1.284399999999999977e+02 1.272600000000000051e+02 1.282866666666666617e+02
1.284399999999999977e+02 1.272600000000000051e+02 1.282866666666666617e+02
1.284399999999999977e+02 1.272600000000000051e+02 1.282866666666666617e+02
1.284399999999999977e+02 1.272600000000000051e+02 1.282866666666666617e+02
1.284399999999999977e+02 1.272600000000000051e+02 1.282866666666666617e+02
1.284399999999999977e+02 1.272600000000000051e+02 1.282866666666666617e+02
1.284399999999999977e+02 1.272600000000000051e+02 1.282866666666666617e+02
1.284399999999999977e+02 1.272600000000000051e+02 1.282866666666666617e+02
1.284399999999999977e+02 1.272600000000000051e+02 1.282866666666666617e+02
1.284399999999999977e+02 1.272600000000000051e+02 1.282866666666666617e+02
1.284399999999999977e+02 1.272600000000000051e+02 1.282866666666666617e+02
1.284399999999999977e+02 1.272600000000000051e+02 1.282866666666666617e+02
1.284399999999999977e+02 1.272600000000000051e+02 1.282866666666666617e+02
1.284399999999999977e+02 1.272600000000000051e+02 1.282866666666666617e+02
1.284399999999999977e+02 1.272600000000000051e+02 1.282866666666666617e+02
1.284399999999999977e+02 1.272600000000000051e+02 1.282866666666666617e+02
1.284399999999999977e+02 1.272600000000000051e+02 1.282866666666666617e+02
1.284399999999999977e+02 1.272600000000000051e+02 1.282866666666666617e+02
1.284399999999999977e+02 1.272600000000000051e+02 1.282866666666666617e+02
1.284399999999999977e+02 1.272600000000000051e+02 1.282866666666666617e+02
1.284399999999999977e+02 1.272600000000000051e+02 1.282866666666666617e+02
1.284399999999999977e+02 1.272600000000000051e+02 1.282866666666666617e+02
1.284399999999999977e+02 1.272600000000000051e+02 1.282866666666666617e+02
1.284399999999999977e+02 1.272600000000000051e+02 1.282866666666666617e+02
1.284399999999999977e+02 1.272600000000000051e+02 1.282866666666666617e+02
1.284399999999999977e+02 1.272600000000000051e+02 1.282866666666666617e+02
1.284399999999999977e+02 1.272600000000000051e+02 1.282866666666666617e+02
1.284399999999999977e+02 1.272600000000000051e+02 1.282866666666666617e+02
1.284399999999999977e+02 1.272600000000000051e+02 1.282866666666666617e+02
1.284399999999999977e+02 1.272600000000000051e+02 1.282866666666666617e+02
1.284399999999999977e+02 1.272600000000000051e+02 1.282866666666666617e+02
1.284399999999999977e+02 1.272600000000000051e+02 1.282866666666666617e+02
1.284399999999999977e+02 1.272600000000000051e+02 1.282866666666666617e+02
1.284399999999999977e+02 1.272600000000000051e+02 1.282866666666666617e+02
1.284399999999999977e+02 1.272600000000000051e+02 1.282866666666666617e+02
1.284399999999999977e+02 1.272600000000000051e+02 1.282866666666666617e+02
1.284399999999999977e+02 1.272600000000000051e+02 1.282866666666666617e+02
1.284399999999999977e+02 1.272600000000000051e+02 1.282866666666666617e+02
1.284399999999999977e+02 1.272600000000000051e+02 1.282866666666666617e+02
1.284399999999999977e+02 1.272600000000000051e+02 1.282866666666666617e+02
1.284399999999999977e+02 1.272600000000000051e+02 1.282866666666666617e+02
1.284399999999999977e+02 1.272600000000000051e+02 1.282866666666666617e+02
1.284399999999999977e+02 1.272600000000000051e+02 1.282866666666666617e+02
1.284399999999999977e+02 1.272600000000000051e+02 1.282866666666666617e+02
1.284399999999999977e+02 1.272600000000000051e+02 1.282866666666666617e+02
1.284399999999999977e+02 1.272600000000000051e+02 1.282866666666666617e+02
1.284399999999999977e+02 1.272600000000000051e+02 1.282866666666666617e+02
1.284399999999999977e+02 1.272600000000000051e+02 1.282866666666666617e+02
1.284399999999999977e+02 1.272600000000000051e+02 1.282866666666666617e+02
1.284399999999999977e+02 1.272600000000000051e+02 1.282866666666666617e+02
1.284399999999999977e+02 1.272600000000000051e+02 1.282866666666666617e+02
1.284399999999999977e+02 1.272600000000000051e+02 1.282866666666666617e+02
1.284399999999999977e+02 1.272600000000000051e+02 1.282866666666666617e+02
1.284399999999999977e+02 1.272600000000000051e+02 1.282866666666666617e+02
1.284399999999999977e+02 1.272600000000000051e+02 1.282866666666666617e+02
1.284399999999999977e+02 1.272600000000000051e+02 1.282866666666666617e+02
1.284399999999999977e+02 1.272600000000000051e+02 1.282866666666666617e+02
1.284399999999999977e+02 1.272600000000000051e+02 1.282866666666666617e+02
1.284399999999999977e+02 1.272600000000000051e+02 1.282866666666666617e+02
1.284399999999999977e+02 1.272600000000000051e+02 1.282866666666666617e+02
1.284399999999999977e+02 1.272600000000000051e+02 1.282866666666666617e+02
1.284399999999999977e+02 1.272600000000000051e+02 1.282866666666666617e+02
1.284399999999999977e+02 1.272600000000000051e+02 1.282866666666666617e+02
1.284399999999999977e+02 1.272600000000000051e+02 1.282866666666666617e+02
1.284399999999999977e+02 1.272600000000000051e+02 1.282866666666666617e+02
1.284399999999999977e+02 1.272600000000000051e+02 1.282866666666666617e+02
1.284399999999999977e+02 1.272600000000000051e+02 1.282866666666666617e+02
1.284399999999999977e+02 1.272600000000000051e+02 1.282866666666666617e+02
1.284399999999999977e+02 1.272600000000000051e+02 1.282866666666666617e+02
1.284399999999999977e+02 1.272600000000000051e+02 1.282866666666666617e+02
1.284399999999999977e+02 1.272600000000000051e+02 1.282866666666666617e+02
1.284399999999999977e+02 1.272600000000000051e+02 1.282866666666666617e+02
1.284399999999999977e+02 1.272600000000000051e+02 1.282866666666666617e+02
1.284399999999999977e+02 1.272600000000000051e+02 1.282866666666666617e+02
1.284399999999999977e+02 1.272600000000000051e+02 1.282866666666666617e+02
1.284399999999999977e+02 1.272600000000000051e+02 1.282866666666666617e+02
1.284399999999999977e+02 1.272600000000000051e+02 1.282866666666666617e+02
1.284399999999999977e+02 1.272600000000000051e+02 1.282866666666666617e+02
1.284399999999999977e+02 1.272600000000000051e+02 1.282866666666666617e+02
1.284399999999999977e+02 1.272600000000000051e+02 1.282866666666666617e+02
1.284399999999999977e+02 1.272600000000000051e+02 1.282866666666666617e+02
1.284399999999999977e+02 1.272600000000000051e+02 1.282866666666666617e+02
1.284399999999999977e+02 1.272600000000000051e+02 1.282866666666666617e+02
1.284399999999999977e+02 1.272600000000000051e+02 1.282866666666666617e+02
1.284399999999999977e+02 1.272600000000000051e+02 1.282866666666666617e+02
1.284399999999999977e+02 1.272600000000000051e+02 1.282866666666666617e+02
1.284399999999999977e+02 1.272600000000000051e+02 1.282866666666666617e+02
1.284399999999999977e+02 1.272600000000000051e+02 1.282866666666666617e+02
1.284399999999999977e+02 1.272600000000000051e+02 1.282866666666666617e+02
1.284399999999999977e+02 1.272600000000000051e+02 1.282866666666666617e+02
1.284399999999999977e+02 1.272600000000000051e+02 1.282866666666666617e+02
1.284399999999999977e+02 1.272600000000000051e+02 1.282866666666666617e+02
1.284399999999999977e+02 1.272600000000000051e+02 1.282866666666666617e+02
1.284399999999999977e+02 1.272600000000000051e+02 1.282866666666666617e+02
1.284399999999999977e+02 1.272600000000000051e+02 1.282866666666666617e+02
1.284399999999999977e+02 1.272600000000000051e+02 1.282866666666666617e+02
1.284399999999999977e+02 1.272600000000000051e+02 1.282866666666666617e+02
1.284399999999999977e+02 1.272600000000000051e+02 1.282866666666666617e+02
1.284399999999999977e+02 1.272600000000000051e+02 1.282866666666666617e+02
1.284399999999999977e+02 1.272600000000000051e+02 1.282866666666666617e+02
1.284399999999999977e+02 1.272600000000000051e+02 1.282866666666666617e+02
1.284399999999999977e+02 1.272600000000000051e+02 1.282866666666666617e+02
1.284399999999999977e+02 1.272600000000000051e+02 1.282866666666666617e+02
1.284399999999999977e+02 1.272600000000000051e+02 1.282866666666666617e+02
1.284399999999999977e+02 1.272600000000000051e+02 1.282866666666666617e+02
1.284399999999999977e+02 1.272600000000000051e+02 1.282866666666666617e+02
1.284399999999999977e+02 1.272600000000000051e+02 1.282866666666666617e+02
1.284399999999999977e+02 1.272600000000000051e+02 1.282866666666666617e+02
1.284399999999999977e+02 1.272600000000000051e+02 1.282866666666666617e+02
1.284399999999999977e+02 1.272600000000000051e+02 1.282866666666666617e+02
1.284399999999999977e+02 1.272600000000000051e+02 1.282866666666666617e+02
1.284399999999999977e+02 1.272600000000000051e+02 1.282866666666666617e+02
1.284399999999999977e+02 1.272600000000000051e+02 1.282866666666666617e+02
1.284399999999999977e+02 1.272600000000000051e+02 1.282866666666666617e+02
1.284399999999999977e+02 1.272600000000000051e+02 1.282866666666666617e+02
1.284399999999999977e+02 1.272600000000000051e+02 1.282866666666666617e+02
1.284399999999999977e+02 1.272600000000000051e+02 1.282866666666666617e+02
1.284399999999999977e+02 1.272600000000000051e+02 1.282866666666666617e+02
1.284399999999999977e+02 1.272600000000000051e+02 1.282866666666666617e+02
1.284399999999999977e+02 1.272600000000000051e+02 1.282866666666666617e+02
1.284399999999999977e+02 1.272600000000000051e+02 1.282866666666666617e+02
1.284399999999999977e+02 1.272600000000000051e+02 1.282866666666666617e+02
1.284399999999999977e+02 1.272600000000000051e+02 1.282866666666666617e+02
1.284399999999999977e+02 1.272600000000000051e+02 1.282866666666666617e+02
1.284399999999999977e+02 1.272600000000000051e+02 1.282866666666666617e+02
1.284399999999999977e+02 1.272600000000000051e+02 1.282866666666666617e+02
1.284399999999999977e+02 1.272600000000000051e+02 1.282866666666666617e+02
1.284399999999999977e+02 1.272600000000000051e+02 1.282866666666666617e+02
1.284399999999999977e+02 1.272600000000000051e+02 1.282866666666666617e+02
1.284399999999999977e+02 1.272600000000000051e+02 1.282866666666666617e+02
1.284399999999999977e+02 1.272600000000000051e+02 1.282866666666666617e+02
1.284399999999999977e+02 1.272600000000000051e+02 1.282866666666666617e+02
1.284399999999999977e+02 1.272600000000000051e+02 1.282866666666666617e+02
1.284399999999999977e+02 1.272600000000000051e+02 1.282866666666666617e+02
1.284399999999999977e+02 1.272600000000000051e+02 1.282866666666666617e+02
1.284399999999999977e+02 1.272600000000000051e+02 1.282866666666666617e+02
1.284399999999999977e+02 1.272600000000000051e+02 1.282866666666666617e+02
1.284399999999999977e+02 1.272600000000000051e+02 1.282866666666666617e+02
1.284399999999999977e+02 1.272600000000000051e+02 1.282866666666666617e+02
1.284399999999999977e+02 1.272600000000000051e+02 1.282866666666666617e+02
1.284399999999999977e+02 1.272600000000000051e+02 1.282866666666666617e+02
1.284399999999999977e+02 1.272600000000000051e+02 1.282866666666666617e+02
1.284399999999999977e+02 1.272600000000000051e+02 1.282866666666666617e+02
1.284399999999999977e+02 1.272600000000000051e+02 1.282866666666666617e+02
1.284399999999999977e+02 1.272600000000000051e+02 1.282866666666666617e+02
1.284399999999999977e+02 1.272600000000000051e+02 1.282866666666666617e+02
1.284399999999999977e+02 1.272600000000000051e+02 1.282866666666666617e+02
1.284399999999999977e+02 1.272600000000000051e+02 1.282866666666666617e+02
1.284399999999999977e+02 1.272600000000000051e+02 1.282866666666666617e+02
1.284399999999999977e+02 1.272600000000000051e+02 1.282866666666666617e+02
1.284399999999999977e+02 1.272600000000000051e+02 1.282866666666666617e+02
1.284399999999999977e+02 1.272600000000000051e+02 1.282866666666666617e+02
1.284399999999999977e+02 1.272600000000000051e+02 1.282866666666666617e+02
1.284399999999999977e+02 1.272600000000000051e+02 1.282866666666666617e+02
1.284399999999999977e+02 1.272600000000000051e+02 1.282866666666666617e+02
1.284399999999999977e+02 1.272600000000000051e+02 1.282866666666666617e+02
1.284399999999999977e+02 1.272600000000000051e+02 1.282866666666666617e+02
1.284399999999999977e+02 1.272600000000000051e+02 1.282866666666666617e+02
1.284399999999999977e+02 1.272600000000000051e+02 1.282866666666666617e+02
1.284399999999999977e+02 1.272600000000000051e+02 1.282866666666666617e+02
1.284399999999999977e+02 1.272600000000000051e+02 1.282866666666666617e+02
1.284399999999999977e+02 1.272600000000000051e+02 1.282866666666666617e+02
1.284399999999999977e+02 1.272600000000000051e+02 1.282866666666666617e+02
1.284399999999999977e+02 1.272600000000000051e+02 1.282866666666666617e+02
1.284399999999999977e+02 1.272600000000000051e+02 1.282866666666666617e+02
1.284399999999999977e+02 1.272600000000000051e+02 1.282866666666666617e+02
1.284399999999999977e+02 1.272600000000000051e+02 1.282866666666666617e+02
1.284399999999999977e+02 1.272600000000000051e+02 1.282866666666666617e+02
1.284399999999999977e+02 1.272600000000000051e+02 1.282866666666666617e+02
1.284399999999999977e+02 1.272600000000000051e+02 1.282866666666666617e+02
1.284399999999999977e+02 1.272600000000000051e+02 1.282866666666666617e+02
1.284399999999999977e+02 1.272600000000000051e+02 1.282866666666666617e+02
1.284399999999999977e+02 1.272600000000000051e+02 1.282866666666666617e+02
1.284399999999999977e+02 1.272600000000000051e+02 1.282866666666666617e+02
1.284399999999999977e+02 1.272600000000000051e+02 1.282866666666666617e+02
1.284399999999999977e+02 1.272600000000000051e+02 1.282866666666666617e+02
1.284399999999999977e+02 1.272600000000000051e+02 1.282866666666666617e+02
1.284399999999999977e+02 1.272600000000000051e+02 1.282866666666666617e+02
1.284399999999999977e+02 1.272600000000000051e+02 1.282866666666666617e+02
1.284399999999999977e+02 1.272600000000000051e+02 1.282866666666666617e+02
1.284399999999999977e+02 1.272600000000000051e+02 1.282866666666666617e+02
1.284399999999999977e+02 1.272600000000000051e+02 1.282866666666666617e+02
1.284399999999999977e+02 1.272600000000000051e+02 1.282866666666666617e+02
1.284399999999999977e+02 1.272600000000000051e+02 1.282866666666666617e+02
1.284399999999999977e+02 1.272600000000000051e+02 1.282866666666666617e+02
1.284399999999999977e+02 1.272600000000000051e+02 1.282866666666666617e+02
1.284399999999999977e+02 1.272600000000000051e+02 1.282866666666666617e+02
1.284399999999999977e+02 1.272600000000000051e+02 1.282866666666666617e+02
1.284399999999999977e+02 1.272600000000000051e+02 1.282866666666666617e+02
1.284399999999999977e+02 1.272600000000000051e+02 1.282866666666666617e+02
1.284399999999999977e+02 1.272600000000000051e+02 1.282866666666666617e+02
1.284399999999999977e+02 1.272600000000000051e+02 1.282866666666666617e+02
1.284399999999999977e+02 1.272600000000000051e+02 1.282866666666666617e+02
1.284399999999999977e+02 1.272600000000000051e+02 1.282866666666666617e+02
1.284399999999999977e+02 1.272600000000000051e+02 1.282866666666666617e+02
1.284399999999999977e+02 1.272600000000000051e+02 1.282866666666666617e+02
1.284399999999999977e+02 1.272600000000000051e+02 1.282866666666666617e+02
1.284399999999999977e+02 1.272600000000000051e+02 1.282866666666666617e+02
1.284399999999999977e+02 1.272600000000000051e+02 1.282866666666666617e+02
1.284399999999999977e+02 1.272600000000000051e+02 1.282866666666666617e+02
1.284399999999999977e+02 1.272600000000000051e+02 1.282866666666666617e+02
1.284399999999999977e+02 1.272600000000000051e+02 1.282866666666666617e+02
1.284399999999999977e+02 1.272600000000000051e+02 1.282866666666666617e+02
1.284399999999999977e+02 1.272600000000000051e+02 1.282866666666666617e+02
1.284399999999999977e+02 1.272600000000000051e+02 1.282866666666666617e+02
1.284399999999999977e+02 1.272600000000000051e+02 1.282866666666666617e+02
1.284399999999999977e+02 1.272600000000000051e+02 1.282866666666666617e+02
1.284399999999999977e+02 1.272600000000000051e+02 1.282866666666666617e+02
1.284399999999999977e+02 1.272600000000000051e+02 1.282866666666666617e+02
1.284399999999999977e+02 1.272600000000000051e+02 1.282866666666666617e+02
1.284399999999999977e+02 1.272600000000000051e+02 1.282866666666666617e+02
1.284399999999999977e+02 1.272600000000000051e+02 1.282866666666666617e+02
1.284399999999999977e+02 1.272600000000000051e+02 1.282866666666666617e+02
1.284399999999999977e+02 1.272600000000000051e+02 1.282866666666666617e+02
1.284399999999999977e+02 1.272600000000000051e+02 1.282866666666666617e+02
1.284399999999999977e+02 1.272600000000000051e+02 1.282866666666666617e+02
1.284399999999999977e+02 1.272600000000000051e+02 1.282866666666666617e+02
1.284399999999999977e+02 1.272600000000000051e+02 1.282866666666666617e+02
1.284399999999999977e+02 1.272600000000000051e+02 1.282866666666666617e+02
1.284399999999999977e+02 1.272600000000000051e+02 1.282866666666666617e+02
1.284399999999999977e+02 1.272600000000000051e+02 1.282866666666666617e+02
1.284399999999999977e+02 1.272600000000000051e+02 1.282866666666666617e+02
1.284399999999999977e+02 1.272600000000000051e+02 1.282866666666666617e+02
1.284399999999999977e+02 1.272600000000000051e+02 1.282866666666666617e+02
1.284399999999999977e+02 1.272600000000000051e+02 1.282866666666666617e+02
1.284399999999999977e+02 1.272600000000000051e+02 1.282866666666666617e+02
1.284399999999999977e+02 1.272600000000000051e+02 1.282866666666666617e+02
1.284399999999999977e+02 1.272600000000000051e+02 1.282866666666666617e+02
1.284399999999999977e+02 1.272600000000000051e+02 1.282866666666666617e+02
1.284399999999999977e+02 1.272600000000000051e+02 1.282866666666666617e+02
1.284399999999999977e+02 1.272600000000000051e+02 1.282866666666666617e+02
1.284399999999999977e+02 1.272600000000000051e+02 1.282866666666666617e+02
1.284399999999999977e+02 1.272600000000000051e+02 1.282866666666666617e+02
1.284399999999999977e+02 1.272600000000000051e+02 1.282866666666666617e+02
1.284399999999999977e+02 1.272600000000000051e+02 1.282866666666666617e+02
1.284399999999999977e+02 1.272600000000000051e+02 1.282866666666666617e+02
1.284399999999999977e+02 1.272600000000000051e+02 1.282866666666666617e+02
1.284399999999999977e+02 1.272600000000000051e+02 1.282866666666666617e+02
1.284399999999999977e+02 1.272600000000000051e+02 1.282866666666666617e+02
1.284399999999999977e+02 1.272600000000000051e+02 1.282866666666666617e+02
1.284399999999999977e+02 1.272600000000000051e+02 1.282866666666666617e+02
1.284399999999999977e+02 1.272600000000000051e+02 1.282866666666666617e+02
1.284399999999999977e+02 1.272600000000000051e+02 1.282866666666666617e+02
1.284399999999999977e+02 1.272600000000000051e+02 1.282866666666666617e+02
1.284399999999999977e+02 1.272600000000000051e+02 1.282866666666666617e+02
1.284399999999999977e+02 1.272600000000000051e+02 1.282866666666666617e+02
1.284399999999999977e+02 1.272600000000000051e+02 1.282866666666666617e+02
1.284399999999999977e+02 1.272600000000000051e+02 1.282866666666666617e+02
1.284399999999999977e+02 1.272600000000000051e+02 1.282866666666666617e+02
1.284399999999999977e+02 1.272600000000000051e+02 1.282866666666666617e+02
1.284399999999999977e+02 1.272600000000000051e+02 1.282866666666666617e+02
1.284399999999999977e+02 1.272600000000000051e+02 1.282866666666666617e+02
1.284399999999999977e+02 1.272600000000000051e+02 1.282866666666666617e+02
1.284399999999999977e+02 1.272600000000000051e+02 1.282866666666666617e+02
1.284399999999999977e+02 1.272600000000000051e+02 1.282866666666666617e+02
1.284399999999999977e+02 1.272600000000000051e+02 1.282866666666666617e+02
1.284399999999999977e+02 1.272600000000000051e+02 1.282866666666666617e+02
1.284399999999999977e+02 1.272600000000000051e+02 1.282866666666666617e+02
1.284399999999999977e+02 1.272600000000000051e+02 1.282866666666666617e+02
1.284399999999999977e+02 1.272600000000000051e+02 1.282866666666666617e+02
1.284399999999999977e+02 1.272600000000000051e+02 1.282866666666666617e+02
1.284399999999999977e+02 1.272600000000000051e+02 1.282866666666666617e+02
1.284399999999999977e+02 1.272600000000000051e+02 1.282866666666666617e+02
1.284399999999999977e+02 1.272600000000000051e+02 1.282866666666666617e+02
1.284399999999999977e+02 1.272600000000000051e+02 1.282866666666666617e+02
1.284399999999999977e+02 1.272600000000000051e+02 1.282866666666666617e+02
1.284399999999999977e+02 1.272600000000000051e+02 1.282866666666666617e+02
1.284399999999999977e+02 1.272600000000000051e+02 1.282866666666666617e+02
1.284399999999999977e+02 1.272600000000000051e+02 1.282866666666666617e+02
1.284399999999999977e+02 1.272600000000000051e+02 1.282866666666666617e+02
1.284399999999999977e+02 1.272600000000000051e+02 1.282866666666666617e+02
1.284399999999999977e+02 1.272600000000000051e+02 1.282866666666666617e+02
1.284399999999999977e+02 1.272600000000000051e+02 1.282866666666666617e+02
1.284399999999999977e+02 1.272600000000000051e+02 1.282866666666666617e+02
1.284399999999999977e+02 1.272600000000000051e+02 1.282866666666666617e+02
1.284399999999999977e+02 1.272600000000000051e+02 1.282866666666666617e+02
1.284399999999999977e+02 1.272600000000000051e+02 1.282866666666666617e+02
1.284399999999999977e+02 1.272600000000000051e+02 1.282866666666666617e+02
1.284399999999999977e+02 1.272600000000000051e+02 1.282866666666666617e+02
1.284399999999999977e+02 1.272600000000000051e+02 1.282866666666666617e+02
1.284399999999999977e+02 1.272600000000000051e+02 1.282866666666666617e+02
1.284399999999999977e+02 1.272600000000000051e+02 1.282866666666666617e+02
1.284399999999999977e+02 1.272600000000000051e+02 1.282866666666666617e+02
1.284399999999999977e+02 1.272600000000000051e+02 1.282866666666666617e+02
1.284399999999999977e+02 1.272600000000000051e+02 1.282866666666666617e+02
1.284399999999999977e+02 1.272600000000000051e+02 1.282866666666666617e+02
1.284399999999999977e+02 1.272600000000000051e+02 1.282866666666666617e+02
1.284399999999999977e+02 1.272600000000000051e+02 1.282866666666666617e+02
1.284399999999999977e+02 1.272600000000000051e+02 1.282866666666666617e+02
1.284399999999999977e+02 1.272600000000000051e+02 1.282866666666666617e+02
1.284399999999999977e+02 1.272600000000000051e+02 1.282866666666666617e+02
1.284399999999999977e+02 1.272600000000000051e+02 1.282866666666666617e+02
1.284399999999999977e+02 1.272600000000000051e+02 1.282866666666666617e+02
1.284399999999999977e+02 1.272600000000000051e+02 1.282866666666666617e+02
1.284399999999999977e+02 1.272600000000000051e+02 1.282866666666666617e+02
1.284399999999999977e+02 1.272600000000000051e+02 1.282866666666666617e+02
1.284399999999999977e+02 1.272600000000000051e+02 1.282866666666666617e+02
1.284399999999999977e+02 1.272600000000000051e+02 1.282866666666666617e+02
1.284399999999999977e+02 1.272600000000000051e+02 1.282866666666666617e+02
1.284399999999999977e+02 1.272600000000000051e+02 1.282866666666666617e+02
1.284399999999999977e+02 1.272600000000000051e+02 1.282866666666666617e+02
1.284399999999999977e+02 1.272600000000000051e+02 1.282866666666666617e+02
1.284399999999999977e+02 1.272600000000000051e+02 1.282866666666666617e+02
1.284399999999999977e+02 1.272600000000000051e+02 1.282866666666666617e+02
1.284399999999999977e+02 1.272600000000000051e+02 1.282866666666666617e+02
1.284399999999999977e+02 1.272600000000000051e+02 1.282866666666666617e+02
1.284399999999999977e+02 1.272600000000000051e+02 1.282866666666666617e+02
1.284399999999999977e+02 1.272600000000000051e+02 1.282866666666666617e+02
1.284399999999999977e+02 1.272600000000000051e+02 1.282866666666666617e+02
1.284399999999999977e+02 1.272600000000000051e+02 1.282866666666666617e+02
1.284399999999999977e+02 1.272600000000000051e+02 1.282866666666666617e+02
1.284399999999999977e+02 1.272600000000000051e+02 1.282866666666666617e+02
1.284399999999999977e+02 1.272600000000000051e+02 1.282866666666666617e+02
1.284399999999999977e+02 1.272600000000000051e+02 1.282866666666666617e+02
1.284399999999999977e+02 1.272600000000000051e+02 1.282866666666666617e+02
1.284399999999999977e+02 1.272600000000000051e+02 1.282866666666666617e+02
1.284399999999999977e+02 1.272600000000000051e+02 1.282866666666666617e+02
1.284399999999999977e+02 1.272600000000000051e+02 1.282866666666666617e+02
1.284399999999999977e+02 1.272600000000000051e+02 1.282866666666666617e+02
1.284399999999999977e+02 1.272600000000000051e+02 1.282866666666666617e+02
1.284399999999999977e+02 1.272600000000000051e+02 1.282866666666666617e+02
1.284399999999999977e+02 1.272600000000000051e+02 1.282866666666666617e+02
1.284399999999999977e+02 1.272600000000000051e+02 1.282866666666666617e+02
1.284399999999999977e+02 1.272600000000000051e+02 1.282866666666666617e+02
1.284399999999999977e+02 1.272600000000000051e+02 1.282866666666666617e+02
1.284399999999999977e+02 1.272600000000000051e+02 1.282866666666666617e+02
1.284399999999999977e+02 1.272600000000000051e+02 1.282866666666666617e+02
1.284399999999999977e+02 1.272600000000000051e+02 1.282866666666666617e+02
1.284399999999999977e+02 1.272600000000000051e+02 1.282866666666666617e+02
1.284399999999999977e+02 1.272600000000000051e+02 1.282866666666666617e+02
1.284399999999999977e+02 1.272600000000000051e+02 1.282866666666666617e+02
1.284399999999999977e+02 1.272600000000000051e+02 1.282866666666666617e+02
1.284399999999999977e+02 1.272600000000000051e+02 1.282866666666666617e+02
1.284399999999999977e+02 1.272600000000000051e+02 1.282866666666666617e+02
1.284399999999999977e+02 1.272600000000000051e+02 1.282866666666666617e+02
1.284399999999999977e+02 1.272600000000000051e+02 1.282866666666666617e+02
1.284399999999999977e+02 1.272600000000000051e+02 1.282866666666666617e+02
1.284399999999999977e+02 1.272600000000000051e+02 1.282866666666666617e+02
1.284399999999999977e+02 1.272600000000000051e+02 1.282866666666666617e+02
1.284399999999999977e+02 1.272600000000000051e+02 1.282866666666666617e+02
1.284399999999999977e+02 1.272600000000000051e+02 1.282866666666666617e+02
1.284399999999999977e+02 1.272600000000000051e+02 1.282866666666666617e+02
1.284399999999999977e+02 1.272600000000000051e+02 1.282866666666666617e+02
1.284399999999999977e+02 1.272600000000000051e+02 1.282866666666666617e+02
1.284399999999999977e+02 1.272600000000000051e+02 1.282866666666666617e+02
1.284399999999999977e+02 1.272600000000000051e+02 1.282866666666666617e+02
1.284399999999999977e+02 1.272600000000000051e+02 1.282866666666666617e+02
1.284399999999999977e+02 1.272600000000000051e+02 1.282866666666666617e+02
1.284399999999999977e+02 1.272600000000000051e+02 1.282866666666666617e+02
1.284399999999999977e+02 1.272600000000000051e+02 1.282866666666666617e+02
1.284399999999999977e+02 1.272600000000000051e+02 1.282866666666666617e+02
1.284399999999999977e+02 1.272600000000000051e+02 1.282866666666666617e+02
