1.270810810810810807e+02 1.278513513513513544e+02 1.276081081081081123e+02
1.266357615894039697e+02 1.282450331125827745e+02 1.282384105960264833e+02
1.259933774834437088e+02 1.280993377483443680e+02 1.284834437086092578e+02
1.259932885906040241e+02 1.282348993288590577e+02 1.283624161073825576e+02
1.261082802547770711e+02 1.283375796178343933e+02 1.282866242038216456e+02
1.262727272727272663e+02 1.279805194805194759e+02 1.277662337662337677e+02
1.264771241830065378e+02 1.281503267973856168e+02 1.282483660130718874e+02
1.264026845637583847e+02 1.283221476510067021e+02 1.285973154362416153e+02
1.261184210526315752e+02 1.282171052631578902e+02 1.284868421052631504e+02
1.258599999999999994e+02 1.280200000000000102e+02 1.284866666666666788e+02
1.262302631578947398e+02 1.284539473684210407e+02 1.281842105263157805e+02
1.260400000000000063e+02 1.281800000000000068e+02 1.285800000000000125e+02
1.258823529411764639e+02 1.281045751633986924e+02 1.286405228758169983e+02
1.259668874172185440e+02 1.281390728476821153e+02 1.284172185430463458e+02
1.261741935483870947e+02 1.275032258064516100e+02 1.280709677419354762e+02
1.259803921568627487e+02 1.275032679738562109e+02 1.283071895424836555e+02
1.258750000000000000e+02 1.274473684210526301e+02 1.285460526315789593e+02
1.257399999999999949e+02 1.270000000000000000e+02 1.292066666666666777e+02
1.252333333333333343e+02 1.272199999999999989e+02 1.290000000000000000e+02
1.251554054054054035e+02 1.276891891891891930e+02 1.290135135135135158e+02
1.250738255033557067e+02 1.274496644295302019e+02 1.293624161073825576e+02
1.249210526315789451e+02 1.276052631578947398e+02 1.300197368421052602e+02
1.246250000000000000e+02 1.278947368421052602e+02 1.296052631578947398e+02
1.237266666666666737e+02 1.282133333333333383e+02 1.293333333333333428e+02
1.235359477124183059e+02 1.282222222222222285e+02 1.293464052287581580e+02
1.237874999999999943e+02 1.282874999999999943e+02 1.298625000000000114e+02
1.236733333333333320e+02 1.289600000000000080e+02 1.298866666666666561e+02
1.240600000000000023e+02 1.285466666666666526e+02 1.300133333333333212e+02
1.241533333333333360e+02 1.283666666666666742e+02 1.300266666666666708e+02
1.242649006622516623e+02 1.283245033112582689e+02 1.299205298013245056e+02
1.240604026845637549e+02 1.279530201342281828e+02 1.298456375838926249e+02
1.241208053691275097e+02 1.280671140939597308e+02 1.297114093959731633e+02
1.239671052631578902e+02 1.279671052631578902e+02 1.300921052631578902e+02
1.240522875816993462e+02 1.275228758169934622e+02 1.304640522875816941e+02
1.246928104575163445e+02 1.273856209150326748e+02 1.305620915032679648e+02
1.246405228758169983e+02 1.276993464052287521e+02 1.305882352941176521e+02
1.247894736842105203e+02 1.279736842105263150e+02 1.308552631578947398e+02
1.245266666666666708e+02 1.280133333333333212e+02 1.316133333333333439e+02
1.247399999999999949e+02 1.282933333333333223e+02 1.315066666666666606e+02
1.249319727891156475e+02 1.279183673469387799e+02 1.312721088435374099e+02
1.251854304635761537e+02 1.277218543046357553e+02 1.311125827814569504e+02
1.250400000000000063e+02 1.274800000000000040e+02 1.307133333333333383e+02
1.248199999999999932e+02 1.277333333333333343e+02 1.304199999999999875e+02
1.246928104575163445e+02 1.279019607843137294e+02 1.303986928104575043e+02
1.253443708609271567e+02 1.279403973509933792e+02 1.303443708609271425e+02
1.250986842105263150e+02 1.278421052631578902e+02 1.302960526315789593e+02
1.252317880794701921e+02 1.273311258278145743e+02 1.302715231788079393e+02
1.253092105263157947e+02 1.269342105263157947e+02 1.306578947368421098e+02
1.253907284768211952e+02 1.271456953642384065e+02 1.310463576158940384e+02
1.258145695364238463e+02 1.273576158940397391e+02 1.315231788079470334e+02
1.260469798657718172e+02 1.273221476510067163e+02 1.315503355704697981e+02
1.255066666666666606e+02 1.273466666666666640e+02 1.318266666666666538e+02
1.254836601307189596e+02 1.273137254901960773e+02 1.314901960784313815e+02
1.256357615894039697e+02 1.270662251655629120e+02 1.314172185430463458e+02
1.256490066225165521e+02 1.269403973509933792e+02 1.310728476821192032e+02
1.261655629139072801e+02 1.264569536423841072e+02 1.310066225165562912e+02
1.255723684210526301e+02 1.263355263157894797e+02 1.311052631578947398e+02
1.254322580645161338e+02 1.262709677419354790e+02 1.304451612903225737e+02
1.258851351351351298e+02 1.260067567567567579e+02 1.306418918918919019e+02
1.259671052631578902e+02 1.260000000000000000e+02 1.302039473684210407e+02
1.264473684210526301e+02 1.260460526315789451e+02 1.300065789473684106e+02
1.267870967741935431e+02 1.264387096774193537e+02 1.298516129032257993e+02
1.273856209150326748e+02 1.265816993464052302e+02 1.300196078431372655e+02
1.270921052631578902e+02 1.267368421052631646e+02 1.298289473684210407e+02
1.271830065359477118e+02 1.270196078431372513e+02 1.300718954248366117e+02
1.272199999999999989e+02 1.265133333333333354e+02 1.302933333333333223e+02
1.271456953642384065e+02 1.268609271523178847e+02 1.301788079470198625e+02
1.272171052631578902e+02 1.268355263157894797e+02 1.303289473684210407e+02
1.270921052631578902e+02 1.271184210526315752e+02 1.308289473684210407e+02
1.273841059602649040e+02 1.269933774834437088e+02 1.307748344370860991e+02
1.280463576158940384e+02 1.271192052980132416e+02 1.307218543046357695e+02
1.281655629139072801e+02 1.272649006622516623e+02 1.310529801324503296e+02
1.284407894736842195e+02 1.276381578947368354e+02 1.305789473684210407e+02
1.286599999999999966e+02 1.275400000000000063e+02 1.307133333333333383e+02
1.286428571428571388e+02 1.273701298701298725e+02 1.305194805194805099e+02
1.284421768707483125e+02 1.273945578231292473e+02 1.306122448979591866e+02
1.283288590604026922e+02 1.273758389261744952e+02 1.316711409395973078e+02
1.280666666666666629e+02 1.275400000000000063e+02 1.315666666666666629e+02
1.276866666666666674e+02 1.281733333333333462e+02 1.312266666666666595e+02
1.282251655629139009e+02 1.282052980132450273e+02 1.312781456953642305e+02
1.276333333333333400e+02 1.286733333333333462e+02 1.313199999999999932e+02
1.274736842105263150e+02 1.285789473684210407e+02 1.311578947368421098e+02
1.272199999999999989e+02 1.286800000000000068e+02 1.316533333333333360e+02
1.268961038961038952e+02 1.289870129870129745e+02 1.322337662337662323e+02
1.267986577181208077e+02 1.291342281879194616e+02 1.320000000000000000e+02
1.262171052631578902e+02 1.289210526315789593e+02 1.319144736842105203e+02
1.261854304635761537e+02 1.291721854304635713e+02 1.314834437086092578e+02
1.261372549019607874e+02 1.288496732026143832e+02 1.314183006535947698e+02
1.267933333333333366e+02 1.287466666666666697e+02 1.312466666666666697e+02
1.269276315789473699e+02 1.286776315789473699e+02 1.310986842105263293e+02
1.269342105263157947e+02 1.286184210526315894e+02 1.309078947368421098e+02
1.270322580645161281e+02 1.285741935483870861e+02 1.311935483870967687e+02
1.270460526315789451e+02 1.286710526315789593e+02 1.318289473684210407e+02
1.270134228187919518e+02 1.290469798657718172e+02 1.317986577181208077e+02
1.269473684210526301e+02 1.293421052631578902e+02 1.317302631578947398e+02
1.272368421052631646e+02 1.293092105263157805e+02 1.324276315789473699e+02
1.274295302013422884e+02 1.290134228187919518e+02 1.325973154362416153e+02
1.274362416107382501e+02 1.287919463087248459e+02 1.319395973154362309e+02
1.275302013422818845e+02 1.284161073825503365e+02 1.319060402684563655e+02
1.277770270270270316e+02 1.282702702702702595e+02 1.318310810810810949e+02
1.275294117647058840e+02 1.281111111111111143e+02 1.316470588235294201e+02
1.270921052631578902e+02 1.278815789473684248e+02 1.320789473684210407e+02
1.268609271523178847e+02 1.280993377483443680e+02 1.320993377483443680e+02
1.270526315789473699e+02 1.279736842105263150e+02 1.324342105263157805e+02
1.273266666666666680e+02 1.280733333333333235e+02 1.326200000000000045e+02
1.273133333333333326e+02 1.276800000000000068e+02 1.332933333333333223e+02
1.273666666666666600e+02 1.280533333333333417e+02 1.326933333333333280e+02
1.269869281045751563e+02 1.283137254901960773e+02 1.327973856209150370e+02
1.271866666666666674e+02 1.285266666666666708e+02 1.328199999999999932e+02
1.268053691275167836e+02 1.282751677852349133e+02 1.327114093959731633e+02
1.265333333333333314e+02 1.281466666666666754e+02 1.324466666666666583e+02
1.270592105263157947e+02 1.279539473684210549e+02 1.327171052631578902e+02
1.265677419354838662e+02 1.275677419354838662e+02 1.323548387096774093e+02
1.267919463087248317e+02 1.270134228187919518e+02 1.322348993288590577e+02
1.260199999999999960e+02 1.272266666666666737e+02 1.325600000000000023e+02
1.263576158940397391e+02 1.269668874172185440e+02 1.326821192052980223e+02
1.262733333333333263e+02 1.270933333333333337e+02 1.326333333333333258e+02
1.262466666666666697e+02 1.270600000000000023e+02 1.329466666666666583e+02
1.261474358974358978e+02 1.263717948717948758e+02 1.330192307692307736e+02
1.259139072847682144e+02 1.259470198675496704e+02 1.326357615894039839e+02
1.265496688741721840e+02 1.259801324503311264e+02 1.323046357615893953e+02
1.264466666666666725e+02 1.261266666666666652e+02 1.322266666666666595e+02
1.269078947368421098e+02 1.262960526315789451e+02 1.320592105263157805e+02
1.270671140939597308e+02 1.265436241610738222e+02 1.319060402684563655e+02
1.273809523809523796e+02 1.264965986394557831e+02 1.316802721088435248e+02
1.267236842105263150e+02 1.264671052631578902e+02 1.318289473684210407e+02
1.265695364238410576e+02 1.263642384105960303e+02 1.314503311258278018e+02
1.267152317880794641e+02 1.265364238410596016e+02 1.310198675496688736e+02
1.264834437086092720e+02 1.263443708609271567e+02 1.314768211920529666e+02
1.264666666666666686e+02 1.265999999999999943e+02 1.315266666666666708e+02
1.265799999999999983e+02 1.264800000000000040e+02 1.321399999999999864e+02
1.262866666666666617e+02 1.263599999999999994e+02 1.316866666666666674e+02
1.261513157894736850e+02 1.260131578947368354e+02 1.313223684210526301e+02
1.264189189189189193e+02 1.260810810810810807e+02 1.316081081081080981e+02
1.265259740259740227e+02 1.259935064935064872e+02 1.313766233766233711e+02
1.269006622516556320e+02 1.250066225165562912e+02 1.311125827814569504e+02
1.268993288590604038e+02 1.249664429530201346e+02 1.315167785234899327e+02
1.268333333333333286e+02 1.246533333333333360e+02 1.311599999999999966e+02
1.264640522875816941e+02 1.244640522875816941e+02 1.307843137254901933e+02
1.261533333333333360e+02 1.239666666666666686e+02 1.305000000000000000e+02
1.265298013245033104e+02 1.241986754966887361e+02 1.303642384105960161e+02
1.262105263157894797e+02 1.238947368421052602e+02 1.305131578947368496e+02
1.260596026490066208e+02 1.238145695364238463e+02 1.302450331125827745e+02
1.266447368421052602e+02 1.238026315789473699e+02 1.300789473684210407e+02
1.267105263157894797e+02 1.238750000000000000e+02 1.303421052631578902e+02
1.267800000000000011e+02 1.236933333333333280e+02 1.303133333333333326e+02
1.272091503267973849e+02 1.241503267973856168e+02 1.303333333333333428e+02
1.267748344370860991e+02 1.241721854304635713e+02 1.303245033112582689e+02
1.272857142857142918e+02 1.237727272727272663e+02 1.300584415584415581e+02
1.272666666666666657e+02 1.236866666666666674e+02 1.300466666666666526e+02
1.271184210526315752e+02 1.243684210526315752e+02 1.304210526315789593e+02
1.272960526315789451e+02 1.238815789473684248e+02 1.303092105263157805e+02
1.274933333333333394e+02 1.238133333333333326e+02 1.299133333333333269e+02
1.273112582781457007e+02 1.231655629139072801e+02 1.298278145695364287e+02
1.275199999999999960e+02 1.234599999999999937e+02 1.305133333333333212e+02
1.273398692810457504e+02 1.235163398692810404e+02 1.308496732026143832e+02
1.277682119205298079e+02 1.235960264900662224e+02 1.314172185430463458e+02
1.274701986754966896e+02 1.239735099337748352e+02 1.322847682119205217e+02
1.274217687074829968e+02 1.241768707482993221e+02 1.324761904761904816e+02
1.276862745098039227e+02 1.238627450980392126e+02 1.323071895424836555e+02
1.273223684210526301e+02 1.244276315789473699e+02 1.323223684210526301e+02
1.270662251655629120e+02 1.244569536423841072e+02 1.320066225165562912e+02
1.272533333333333303e+02 1.248199999999999932e+02 1.321999999999999886e+02
1.269271523178807968e+02 1.247748344370860991e+02 1.317218543046357695e+02
1.269054054054054035e+02 1.248175675675675649e+02 1.321216216216216139e+02
1.266339869281045765e+02 1.250653594771241899e+02 1.318300653594771177e+02
1.264569536423841072e+02 1.253642384105960303e+02 1.320596026490066208e+02
1.264733333333333292e+02 1.261599999999999966e+02 1.318466666666666640e+02
1.264868421052631646e+02 1.264078947368421098e+02 1.315592105263157805e+02
1.264210526315789451e+02 1.262434210526315752e+02 1.306644736842105203e+02
1.264266666666666623e+02 1.259399999999999977e+02 1.304933333333333394e+02
1.264078947368421098e+02 1.258618421052631646e+02 1.305526315789473699e+02
1.259399999999999977e+02 1.261599999999999966e+02 1.300266666666666708e+02
1.262800000000000011e+02 1.259666666666666686e+02 1.296933333333333280e+02
1.260974025974025921e+02 1.259090909090909065e+02 1.292077922077922096e+02
1.261960784313725554e+02 1.254509803921568647e+02 1.294117647058823479e+02
1.267748344370860991e+02 1.257549668874172255e+02 1.294966887417218402e+02
1.264805194805194759e+02 1.258831168831168839e+02 1.292012987012986969e+02
1.265231788079470192e+02 1.260463576158940384e+02 1.295761589403973630e+02
1.263660130718954235e+02 1.260718954248365975e+02 1.293594771241830017e+02
1.261578947368421098e+02 1.264276315789473699e+02 1.292171052631578902e+02
1.259933774834437088e+02 1.264966887417218544e+02 1.292516556291390657e+02
1.261800000000000068e+02 1.267933333333333366e+02 1.292933333333333223e+02
1.262199999999999989e+02 1.267733333333333263e+02 1.291333333333333258e+02
1.259407894736842053e+02 1.266250000000000000e+02 1.288421052631578902e+02
1.262066666666666634e+02 1.263599999999999994e+02 1.290200000000000102e+02
1.256291390728476927e+02 1.264105960264900688e+02 1.288675496688741759e+02
1.255098039215686327e+02 1.259869281045751563e+02 1.287058823529411882e+02
1.257712418300653638e+02 1.259673202614379051e+02 1.283464052287581580e+02
1.259867549668874176e+02 1.260066225165562912e+02 1.280728476821192032e+02
1.261933333333333280e+02 1.258866666666666703e+02 1.280933333333333337e+02
1.269006622516556320e+02 1.257682119205298079e+02 1.281920529801324449e+02
1.269536423841059616e+02 1.259006622516556320e+02 1.281920529801324449e+02
1.263087248322147644e+02 1.260268456375838895e+02 1.281610738255033652e+02
1.263841059602649040e+02 1.261655629139072801e+02 1.281324503311258241e+02
1.261866666666666674e+02 1.262600000000000051e+02 1.280733333333333235e+02
1.258866666666666703e+02 1.263799999999999955e+02 1.280999999999999943e+02
1.253666666666666600e+02 1.268199999999999932e+02 1.279666666666666686e+02
1.250196078431372513e+02 1.266601307189542496e+02 1.284183006535947698e+02
1.246193548387096826e+02 1.263548387096774235e+02 1.281483870967742007e+02
1.244966887417218544e+02 1.263311258278145743e+02 1.275960264900662224e+02
1.242451612903225850e+02 1.268451612903225794e+02 1.273419354838709694e+02
1.240891719745222872e+02 1.270509554140127335e+02 1.275541401273885356e+02
1.239610389610389660e+02 1.268311688311688243e+02 1.275389610389610340e+02
1.238866666666666703e+02 1.270333333333333314e+02 1.274666666666666686e+02
1.241466666666666612e+02 1.267733333333333263e+02 1.276266666666666652e+02
1.241125827814569504e+02 1.269337748344370880e+02 1.272913907284768271e+02
1.241342281879194616e+02 1.268859060402684520e+02 1.269194630872483174e+02
1.244399999999999977e+02 1.271866666666666674e+02 1.269000000000000057e+02
1.245921052631578902e+02 1.275394736842105203e+02 1.268421052631578902e+02
1.247533333333333303e+02 1.278400000000000034e+02 1.270866666666666731e+02
1.241073825503355721e+02 1.271140939597315480e+02 1.271543624161073893e+02
1.243666666666666600e+02 1.271533333333333360e+02 1.273933333333333309e+02
1.243333333333333286e+02 1.272745098039215748e+02 1.273137254901960773e+02
1.242516556291390799e+02 1.268410596026490111e+02 1.270529801324503296e+02
1.242317880794701921e+02 1.272119205298013185e+02 1.269933774834437088e+02
1.239801324503311264e+02 1.273377483443708655e+02 1.271788079470198625e+02
1.234800000000000040e+02 1.272666666666666657e+02 1.276533333333333360e+02
1.236466666666666612e+02 1.272999999999999972e+02 1.276133333333333297e+02
1.235695364238410576e+02 1.272980132450331183e+02 1.275827814569536400e+02
1.233733333333333348e+02 1.273133333333333326e+02 1.275000000000000000e+02
1.231290322580645125e+02 1.269612903225806519e+02 1.277935483870967772e+02
1.230328947368421098e+02 1.272236842105263150e+02 1.274868421052631646e+02
1.233933333333333309e+02 1.273400000000000034e+02 1.273266666666666680e+02
1.232368421052631646e+02 1.274671052631578902e+02 1.271118421052631646e+02
1.230333333333333314e+02 1.273866666666666703e+02 1.270666666666666629e+02
1.230202702702702737e+02 1.272027027027027088e+02 1.276621621621621614e+02
1.228355263157894797e+02 1.270921052631578902e+02 1.279539473684210549e+02
1.227999999999999972e+02 1.270733333333333377e+02 1.283066666666666720e+02
1.229797297297297263e+02 1.271824324324324351e+02 1.280945945945945823e+02
1.231523178807946977e+02 1.276688741721854257e+02 1.281589403973509889e+02
1.232368421052631646e+02 1.275592105263157947e+02 1.279144736842105203e+02
1.231744966442953029e+02 1.280000000000000000e+02 1.277382550335570528e+02
1.231730769230769198e+02 1.280576923076923208e+02 1.279358974358974308e+02
1.233973509933774864e+02 1.278079470198675551e+02 1.284370860927152194e+02
1.233398692810457504e+02 1.274509803921568647e+02 1.283921568627451109e+02
1.234771241830065378e+02 1.273790849673202672e+02 1.281895424836601194e+02
1.234671052631578902e+02 1.274276315789473699e+02 1.281513157894736707e+02
1.235286624203821617e+02 1.271974522292993584e+02 1.276114649681528732e+02
1.234429530201342260e+02 1.267114093959731491e+02 1.283154362416107404e+02
1.233599999999999994e+02 1.264666666666666686e+02 1.278133333333333326e+02
1.233799999999999955e+02 1.265999999999999943e+02 1.276533333333333360e+02
1.235838926174496635e+02 1.261543624161073893e+02 1.280469798657718172e+02
1.237677419354838690e+02 1.264451612903225737e+02 1.283096774193548413e+02
1.239736842105263150e+02 1.266973684210526301e+02 1.282894736842105203e+02
1.243400000000000034e+02 1.267999999999999972e+02 1.277999999999999972e+02
1.239797297297297263e+02 1.262770270270270316e+02 1.277567567567567579e+02
1.239415584415584419e+02 1.259480519480519547e+02 1.279740259740259773e+02
1.238333333333333286e+02 1.253599999999999994e+02 1.279933333333333394e+02
1.231125827814569504e+02 1.252781456953642447e+02 1.279139072847682144e+02
1.230392156862745168e+02 1.249084967320261370e+02 1.279477124183006538e+02
1.228657718120805384e+02 1.253557046979865817e+02 1.278590604026845625e+02
1.225266666666666708e+02 1.247133333333333383e+02 1.279333333333333371e+02
1.224105960264900688e+02 1.244172185430463600e+02 1.282119205298013185e+02
1.222368421052631646e+02 1.247500000000000000e+02 1.285263157894736707e+02
1.222781456953642447e+02 1.242715231788079535e+02 1.284039735099337634e+02
1.224967320261437891e+02 1.240718954248365975e+02 1.289607843137254974e+02
1.229032258064516157e+02 1.239806451612903260e+02 1.289677419354838719e+02
1.233841059602649040e+02 1.238410596026490111e+02 1.286291390728476927e+02
1.237532467532467564e+02 1.236233766233766289e+02 1.286558441558441643e+02
1.240933333333333337e+02 1.226466666666666612e+02 1.289199999999999875e+02
1.240132450331125824e+02 1.227549668874172255e+02 1.285827814569536542e+02
1.242066666666666634e+02 1.229599999999999937e+02 1.288066666666666720e+02
1.235483870967741922e+02 1.228064516129032313e+02 1.288709677419354875e+02
1.238133333333333326e+02 1.227266666666666737e+02 1.286200000000000045e+02
1.230705128205128176e+02 1.230769230769230802e+02 1.284423076923076792e+02
1.232828947368421098e+02 1.230526315789473699e+02 1.279144736842105203e+02
1.227785234899328799e+02 1.230671140939597308e+02 1.278791946308724903e+02
1.226577181208053702e+02 1.232483221476510096e+02 1.278456375838926107e+02
1.227615894039735167e+02 1.230662251655629120e+02 1.278940397350993408e+02
1.227450980392156907e+02 1.228039215686274446e+02 1.286666666666666572e+02
1.231700680272108883e+02 1.232857142857142918e+02 1.288231292517006921e+02
1.238750000000000000e+02 1.232894736842105203e+02 1.283355263157894797e+02
1.240266666666666708e+02 1.229000000000000057e+02 1.281399999999999864e+02
1.239006622516556320e+02 1.232317880794701921e+02 1.280331125827814560e+02
1.239533333333333331e+02 1.233133333333333326e+02 1.280800000000000125e+02
1.243642384105960303e+02 1.234039735099337776e+02 1.277019867549668817e+02
1.240000000000000000e+02 1.238533333333333388e+02 1.278333333333333286e+02
1.240980392156862706e+02 1.236535947712418277e+02 1.283856209150326890e+02
1.248400000000000034e+02 1.237600000000000051e+02 1.286133333333333439e+02
1.250999999999999943e+02 1.234000000000000057e+02 1.286266666666666652e+02
1.259006622516556320e+02 1.236026490066225136e+02 1.289006622516556320e+02
1.258523489932885866e+02 1.235436241610738222e+02 1.291140939597315480e+02
1.258322147651006730e+02 1.232416107382550337e+02 1.291140939597315480e+02
1.258733333333333348e+02 1.237399999999999949e+02 1.291200000000000045e+02
1.258026315789473699e+02 1.238289473684210549e+02 1.288092105263157805e+02
1.257792207792207790e+02 1.238571428571428612e+02 1.286883116883116998e+02
1.257894736842105203e+02 1.240197368421052602e+02 1.288092105263157805e+02
1.257828947368421098e+02 1.240789473684210549e+02 1.291052631578947398e+02
1.255306122448979522e+02 1.240476190476190510e+02 1.295646258503401498e+02
1.258223684210526301e+02 1.239078947368421098e+02 1.297960526315789593e+02
1.258903225806451616e+02 1.242258064516128968e+02 1.301548387096774206e+02
1.256250000000000000e+02 1.239078947368421098e+02 1.301710526315789593e+02
1.257284768211920465e+02 1.242384105960264833e+02 1.298344370860927199e+02
1.255906040268456394e+02 1.239932885906040241e+02 1.297449664429530287e+02
1.254533333333333331e+02 1.240133333333333354e+02 1.292066666666666777e+02
1.251824324324324351e+02 1.238513513513513544e+02 1.284459459459459367e+02
1.246133333333333297e+02 1.239599999999999937e+02 1.284133333333333269e+02
1.244161073825503365e+02 1.243624161073825434e+02 1.281543624161073751e+02
1.244333333333333371e+02 1.242666666666666657e+02 1.280000000000000000e+02
1.241052631578947398e+02 1.240986842105263150e+02 1.278486842105263150e+02
1.242317880794701921e+02 1.244768211920529808e+02 1.280596026490066208e+02
1.240326797385620949e+02 1.248300653594771177e+02 1.280261437908496873e+02
1.232185430463576097e+02 1.249668874172185440e+02 1.277549668874172255e+02
1.231333333333333400e+02 1.249266666666666623e+02 1.274933333333333394e+02
1.226754966887417169e+02 1.249470198675496704e+02 1.274105960264900688e+02
1.225733333333333377e+02 1.245266666666666708e+02 1.273133333333333326e+02
1.223355704697986539e+02 1.245503355704697981e+02 1.270604026845637549e+02
1.221208053691275097e+02 1.243087248322147644e+02 1.268322147651006730e+02
1.220199999999999960e+02 1.241133333333333297e+02 1.272866666666666617e+02
1.223774834437086128e+02 1.238145695364238463e+02 1.278874172185430496e+02
1.224172185430463600e+02 1.239205298013245056e+02 1.278874172185430496e+02
1.222727272727272663e+02 1.236688311688311757e+02 1.276038961038961048e+02
1.219171974522293027e+02 1.237770700636942678e+02 1.273503184713375731e+02
1.221710526315789451e+02 1.239736842105263150e+02 1.273618421052631646e+02
1.216423841059602609e+02 1.242317880794701921e+02 1.275629139072847664e+02
1.216666666666666714e+02 1.248066666666666720e+02 1.274733333333333292e+02
1.220927152317880768e+02 1.247483443708609201e+02 1.273112582781457007e+02
1.218255033557046971e+02 1.243624161073825434e+02 1.272281879194630818e+02
1.221960784313725554e+02 1.241111111111111143e+02 1.271045751633986924e+02
1.227152317880794641e+02 1.243046357615894095e+02 1.272450331125827745e+02
1.232434210526315752e+02 1.243618421052631646e+02 1.278815789473684248e+02
1.227615894039735167e+02 1.242715231788079535e+02 1.284569536423840930e+02
1.230939597315436203e+02 1.242684563758389231e+02 1.282818791946308750e+02
1.233506493506493484e+02 1.242662337662337677e+02 1.286558441558441643e+02
1.229800000000000040e+02 1.240533333333333275e+02 1.288466666666666640e+02
1.232013422818791923e+02 1.240134228187919518e+02 1.284228187919462982e+02
1.231666666666666714e+02 1.242466666666666697e+02 1.282866666666666617e+02
1.234932432432432421e+02 1.241756756756756772e+02 1.280675675675675791e+02
1.234304635761589424e+02 1.241589403973509889e+02 1.282052980132450273e+02
1.234539473684210549e+02 1.243223684210526301e+02 1.282039473684210407e+02
1.235761589403973488e+02 1.249006622516556320e+02 1.282847682119205217e+02
1.236710526315789451e+02 1.249144736842105203e+02 1.282368421052631504e+02
1.235999999999999943e+02 1.249800000000000040e+02 1.277999999999999972e+02
1.235496688741721840e+02 1.249403973509933792e+02 1.276754966887417169e+02
1.232105263157894797e+02 1.254342105263157947e+02 1.274407894736842053e+02
1.231400000000000006e+02 1.249000000000000057e+02 1.276266666666666652e+02
1.231842105263157947e+02 1.246710526315789451e+02 1.278421052631578902e+02
1.232402597402597451e+02 1.244220779220779178e+02 1.278896103896103966e+02
1.234733333333333292e+02 1.242999999999999972e+02 1.276733333333333320e+02
1.234705882352941160e+02 1.243725490196078454e+02 1.276732026143790790e+02
1.229932885906040241e+02 1.243355704697986539e+02 1.277248322147651010e+02
1.230134228187919518e+02 1.242013422818791923e+02 1.274563758389261778e+02
1.227891156462585087e+02 1.242448979591836746e+02 1.273741496598639458e+02
1.229933333333333394e+02 1.236333333333333400e+02 1.271933333333333280e+02
1.230000000000000000e+02 1.236973684210526301e+02 1.266315789473684248e+02
1.231907894736842053e+02 1.234342105263157947e+02 1.264736842105263150e+02
1.231140939597315480e+02 1.234026845637583847e+02 1.266778523489932837e+02
1.237631578947368354e+02 1.237500000000000000e+02 1.264736842105263150e+02
1.237086092715231729e+02 1.238013245033112639e+02 1.261523178807946977e+02
1.238471337579617852e+02 1.232356687898089120e+02 1.263121019108280194e+02
1.233866666666666703e+02 1.235600000000000023e+02 1.265933333333333337e+02
1.232437500000000057e+02 1.234687500000000000e+02 1.268562500000000028e+02
1.230129870129870113e+02 1.233636363636363598e+02 1.262467532467532436e+02
1.229870129870129887e+02 1.232207792207792210e+02 1.258311688311688243e+02
1.225986842105263150e+02 1.233947368421052602e+02 1.258750000000000000e+02
1.228993288590604038e+02 1.232416107382550337e+02 1.258187919463087212e+02
1.229612903225806519e+02 1.227096774193548328e+02 1.258129032258064512e+02
1.232000000000000028e+02 1.225600000000000023e+02 1.259466666666666725e+02
1.230266666666666708e+02 1.229866666666666646e+02 1.254733333333333292e+02
1.232094594594594525e+02 1.229256756756756772e+02 1.255270270270270316e+02
1.233660130718954235e+02 1.231830065359477118e+02 1.255098039215686327e+02
1.229673202614379051e+02 1.232352941176470580e+02 1.259346405228758101e+02
1.233333333333333286e+02 1.228666666666666600e+02 1.257333333333333343e+02
1.236644736842105203e+02 1.223092105263157947e+02 1.261842105263157947e+02
1.237567567567567579e+02 1.223581081081081123e+02 1.261351351351351298e+02
1.240794701986754944e+02 1.219403973509933792e+02 1.258609271523178847e+02
1.241599999999999966e+02 1.219866666666666646e+02 1.258533333333333388e+02
1.244220779220779178e+02 1.220000000000000000e+02 1.259480519480519547e+02
1.248169934640522882e+02 1.216666666666666714e+02 1.262418300653594798e+02
1.247516778523489904e+02 1.222684563758389231e+02 1.262684563758389231e+02
1.248933333333333309e+02 1.222600000000000051e+02 1.258733333333333348e+02
1.246688741721854257e+02 1.223576158940397391e+02 1.258211920529801375e+02
1.239867549668874176e+02 1.228079470198675551e+02 1.256026490066225136e+02
1.233648648648648702e+02 1.230945945945945965e+02 1.253040540540540491e+02
1.235799999999999983e+02 1.230866666666666731e+02 1.256866666666666674e+02
1.231103896103896034e+02 1.233571428571428612e+02 1.254415584415584419e+02
1.233112582781457007e+02 1.237284768211920465e+02 1.259668874172185440e+02
1.230469798657718172e+02 1.237046979865771874e+02 1.257583892617449663e+02
1.231447368421052602e+02 1.234342105263157947e+02 1.257236842105263150e+02
1.234645161290322619e+02 1.234258064516128997e+02 1.253548387096774235e+02
1.239602649006622528e+02 1.232119205298013185e+02 1.251258278145695328e+02
1.236754966887417169e+02 1.231456953642384065e+02 1.256158940397350960e+02
1.238675496688741759e+02 1.235165562913907280e+02 1.256423841059602609e+02
1.235695364238410576e+02 1.239271523178807968e+02 1.257152317880794641e+02
1.235637583892617499e+02 1.240805369127516826e+02 1.257785234899328799e+02
1.238120805369127453e+02 1.242281879194630818e+02 1.256577181208053702e+02
1.238157894736842053e+02 1.239539473684210549e+02 1.259605263157894797e+02
1.237615894039735167e+02 1.237947019867549727e+02 1.262582781456953711e+02
1.235266666666666708e+02 1.241599999999999966e+02 1.258799999999999955e+02
1.239743589743589780e+02 1.245256410256410220e+02 1.256858974358974308e+02
1.241503267973856168e+02 1.246666666666666714e+02 1.253921568627450966e+02
1.235827814569536400e+02 1.250463576158940384e+02 1.247880794701986815e+02
1.238599999999999994e+02 1.249133333333333269e+02 1.250400000000000063e+02
1.239054054054054035e+02 1.252229729729729684e+02 1.249729729729729684e+02
1.240536912751677789e+02 1.252013422818791923e+02 1.248791946308724903e+02
1.235490196078431353e+02 1.254901960784313673e+02 1.250065359477124218e+02
1.236577181208053702e+02 1.257516778523489904e+02 1.247181208053691250e+02
1.235065789473684248e+02 1.257368421052631646e+02 1.244671052631578902e+02
1.232600000000000051e+02 1.256733333333333320e+02 1.247266666666666737e+02
1.234370860927152336e+02 1.260463576158940384e+02 1.248609271523178847e+02
1.237466666666666697e+02 1.263266666666666680e+02 1.250866666666666731e+02
1.230728476821192032e+02 1.260264900662251648e+02 1.249867549668874176e+02
1.228926174496644279e+02 1.261543624161073893e+02 1.251677852348993270e+02
1.228552631578947398e+02 1.263815789473684248e+02 1.252631578947368354e+02
1.224026845637583847e+02 1.264966442953020191e+02 1.248791946308724903e+02
1.225066666666666606e+02 1.264066666666666663e+02 1.252000000000000028e+02
1.224866666666666646e+02 1.267266666666666737e+02 1.250066666666666606e+02
1.222960526315789451e+02 1.269407894736842053e+02 1.250460526315789451e+02
1.227142857142857082e+02 1.260408163265306172e+02 1.248639455782312950e+02
1.225490196078431353e+02 1.257777777777777715e+02 1.248300653594771177e+02
1.226447368421052602e+02 1.263684210526315752e+02 1.242171052631578902e+02
1.224144736842105203e+02 1.264407894736842053e+02 1.245000000000000000e+02
1.225533333333333275e+02 1.266733333333333320e+02 1.249066666666666663e+02
1.225032679738562109e+02 1.264771241830065378e+02 1.254901960784313673e+02
1.228675496688741759e+02 1.264437086092715248e+02 1.254834437086092720e+02
1.227814569536423903e+02 1.265298013245033104e+02 1.260264900662251648e+02
1.232467532467532436e+02 1.268636363636363598e+02 1.257792207792207790e+02
1.238053691275167836e+02 1.270335570469798654e+02 1.259530201342281828e+02
1.239266666666666623e+02 1.266133333333333297e+02 1.262800000000000011e+02
1.237843137254901933e+02 1.265620915032679790e+02 1.265294117647058840e+02
1.237947019867549727e+02 1.267218543046357553e+02 1.267682119205298079e+02
1.239668874172185440e+02 1.267284768211920465e+02 1.266158940397350960e+02
1.238807947019867584e+02 1.271788079470198625e+02 1.262715231788079535e+02
1.238355263157894797e+02 1.273815789473684248e+02 1.261381578947368354e+02
1.241073825503355721e+02 1.279932885906040241e+02 1.263825503355704711e+02
1.236513157894736850e+02 1.275328947368421098e+02 1.270460526315789451e+02
1.237266666666666737e+02 1.276066666666666691e+02 1.277999999999999972e+02
1.235723684210526301e+02 1.277828947368421098e+02 1.277763157894736850e+02
1.239662162162162105e+02 1.279662162162162105e+02 1.275945945945945965e+02
1.233725490196078454e+02 1.282222222222222285e+02 1.271764705882352899e+02
1.232483660130719016e+02 1.280980392156862706e+02 1.269084967320261370e+02
1.235906040268456394e+02 1.280738255033556925e+02 1.265906040268456394e+02
1.235629139072847664e+02 1.281655629139072801e+02 1.267218543046357553e+02
1.234379084967320210e+02 1.282287581699346504e+02 1.270522875816993462e+02
1.236200000000000045e+02 1.281066666666666549e+02 1.275400000000000063e+02
1.237399999999999949e+02 1.281933333333333280e+02 1.274599999999999937e+02
1.235294117647058840e+02 1.278692810457516345e+02 1.276666666666666714e+02
1.231655629139072801e+02 1.277152317880794641e+02 1.281125827814569504e+02
1.237516778523489904e+02 1.276174496644295289e+02 1.283825503355704711e+02
1.240400000000000063e+02 1.272999999999999972e+02 1.279000000000000057e+02
1.241503267973856168e+02 1.272875816993464042e+02 1.277777777777777715e+02
1.235165562913907280e+02 1.276490066225165521e+02 1.280397350993377472e+02
1.240340136054421833e+02 1.279591836734693828e+02 1.278299319727891117e+02
1.236599999999999966e+02 1.281733333333333462e+02 1.270666666666666629e+02
1.239342105263157947e+02 1.273026315789473699e+02 1.266776315789473699e+02
1.242418300653594798e+02 1.278823529411764639e+02 1.266274509803921546e+02
1.239072847682119232e+02 1.276092715231788048e+02 1.268145695364238463e+02
1.237919463087248317e+02 1.279731543624161105e+02 1.270536912751677789e+02
1.238506493506493484e+02 1.282337662337662323e+02 1.267792207792207790e+02
1.235629139072847664e+02 1.281655629139072801e+02 1.267152317880794641e+02
1.231870967741935488e+02 1.281935483870967687e+02 1.262064516129032228e+02
1.233933333333333309e+02 1.280866666666666731e+02 1.260733333333333377e+02
1.227368421052631646e+02 1.279407894736842053e+02 1.255526315789473699e+02
1.230400000000000063e+02 1.281333333333333258e+02 1.252866666666666617e+02
1.232185430463576097e+02 1.280132450331125824e+02 1.252847682119205359e+02
1.228675496688741759e+02 1.276158940397350960e+02 1.253245033112582831e+02
1.227908496732026151e+02 1.275816993464052302e+02 1.254313725490196134e+02
1.233006535947712479e+02 1.273464052287581723e+02 1.255424836601307135e+02
1.230196078431372513e+02 1.270653594771241899e+02 1.256601307189542496e+02
1.233815789473684248e+02 1.269144736842105203e+02 1.252631578947368354e+02
1.236666666666666714e+02 1.270192307692307736e+02 1.254166666666666714e+02
1.236535947712418277e+02 1.273267973856209210e+02 1.252745098039215748e+02
1.239333333333333371e+02 1.271933333333333280e+02 1.255199999999999960e+02
1.238223684210526301e+02 1.269934210526315752e+02 1.254539473684210549e+02
1.235933333333333337e+02 1.274066666666666663e+02 1.252933333333333366e+02
1.239866666666666646e+02 1.271200000000000045e+02 1.257533333333333303e+02
1.237600000000000051e+02 1.269733333333333292e+02 1.262866666666666617e+02
1.234900662251655632e+02 1.271390728476821153e+02 1.264569536423841072e+02
1.237600000000000051e+02 1.279800000000000040e+02 1.266866666666666674e+02
1.239078947368421098e+02 1.278947368421052602e+02 1.266907894736842053e+02
1.234093959731543606e+02 1.277516778523489904e+02 1.263355704697986539e+02
1.229798657718120865e+02 1.278657718120805384e+02 1.258993288590604038e+02
1.230733333333333377e+02 1.276266666666666652e+02 1.259133333333333269e+02
1.230540540540540491e+02 1.275810810810810807e+02 1.258716216216216282e+02
1.231013513513513544e+02 1.276081081081081123e+02 1.266283783783783718e+02
1.229597315436241587e+02 1.278053691275167836e+02 1.263154362416107404e+02
1.228223684210526301e+02 1.275986842105263150e+02 1.265723684210526301e+02
1.227333333333333343e+02 1.273400000000000034e+02 1.261066666666666691e+02
1.226200000000000045e+02 1.273199999999999932e+02 1.263133333333333326e+02
1.226842105263157947e+02 1.276184210526315752e+02 1.259868421052631646e+02
1.227350993377483377e+02 1.274503311258278160e+02 1.262649006622516623e+02
1.232368421052631646e+02 1.276447368421052602e+02 1.262171052631578902e+02
1.236800000000000068e+02 1.274266666666666623e+02 1.262466666666666697e+02
1.240993377483443680e+02 1.271920529801324449e+02 1.257682119205298079e+02
1.239205298013245056e+02 1.276688741721854257e+02 1.263245033112582831e+02
1.238933333333333309e+02 1.274000000000000057e+02 1.263866666666666703e+02
1.238235294117647101e+02 1.276862745098039227e+02 1.261503267973856168e+02
1.241710526315789451e+02 1.278355263157894797e+02 1.260263157894736850e+02
1.247000000000000028e+02 1.274200000000000017e+02 1.263066666666666720e+02
1.249276315789473699e+02 1.271710526315789451e+02 1.265263157894736850e+02
1.251342281879194616e+02 1.275570469798657740e+02 1.261073825503355721e+02
1.252550335570469855e+02 1.273892617449664471e+02 1.258926174496644279e+02
1.250933333333333337e+02 1.277666666666666657e+02 1.254933333333333394e+02
1.253133333333333326e+02 1.272266666666666737e+02 1.254133333333333269e+02
1.251192052980132416e+02 1.266887417218542993e+02 1.256026490066225136e+02
1.249666666666666686e+02 1.266533333333333360e+02 1.253733333333333348e+02
1.247019867549668817e+02 1.264172185430463600e+02 1.255894039735099312e+02
1.248741721854304672e+02 1.261589403973509889e+02 1.256357615894039697e+02
1.249205298013245056e+02 1.267019867549668817e+02 1.257284768211920465e+02
