1.277800000000000011e+02 1.280399999999999920e+02 1.283199999999999932e+02
1.277333333333333343e+02 1.280466666666666526e+02 1.284466666666666583e+02
1.276400000000000006e+02 1.281333333333333258e+02 1.284333333333333371e+02
1.277218543046357553e+02 1.282052980132450273e+02 1.284900662251655490e+02
1.276821192052980081e+02 1.282384105960264833e+02 1.284834437086092578e+02
1.278199999999999932e+02 1.281466666666666754e+02 1.284199999999999875e+02
1.278533333333333388e+02 1.281666666666666572e+02 1.284533333333333474e+02
1.277999999999999972e+02 1.281200000000000045e+02 1.284000000000000057e+02
1.277466666666666697e+02 1.280933333333333337e+02 1.283933333333333451e+02
1.275133333333333354e+02 1.280600000000000023e+02 1.284533333333333474e+02
1.274133333333333269e+02 1.281333333333333258e+02 1.283600000000000136e+02
1.275430463576158928e+02 1.281523178807946977e+02 1.283112582781456865e+02
1.275133333333333354e+02 1.283133333333333326e+02 1.283933333333333451e+02
1.274466666666666725e+02 1.281666666666666572e+02 1.284733333333333292e+02
1.274466666666666725e+02 1.282133333333333383e+02 1.285133333333333212e+02
1.274933333333333394e+02 1.282333333333333201e+02 1.285800000000000125e+02
1.275999999999999943e+02 1.281266666666666652e+02 1.286266666666666652e+02
1.276533333333333360e+02 1.279333333333333371e+02 1.285533333333333417e+02
1.275637583892617499e+02 1.281543624161073751e+02 1.285302013422818845e+02
1.275066666666666606e+02 1.279266666666666623e+02 1.285266666666666708e+02
1.275133333333333354e+02 1.280000000000000000e+02 1.284933333333333394e+02
1.275666666666666629e+02 1.279666666666666686e+02 1.286399999999999864e+02
1.275999999999999943e+02 1.279599999999999937e+02 1.286533333333333360e+02
1.276291390728476784e+02 1.280596026490066208e+02 1.286688741721854399e+02
1.276490066225165521e+02 1.279668874172185440e+02 1.286688741721854399e+02
1.275496688741721840e+02 1.278211920529801375e+02 1.285231788079470334e+02
1.275000000000000000e+02 1.280533333333333417e+02 1.284333333333333371e+02
1.274733333333333292e+02 1.280933333333333337e+02 1.283866666666666561e+02
1.275600000000000023e+02 1.281800000000000068e+02 1.283600000000000136e+02
1.275637583892617499e+02 1.281476510067114134e+02 1.283691275167785193e+02
1.275799999999999983e+02 1.281200000000000045e+02 1.282599999999999909e+02
1.274800000000000040e+02 1.282866666666666617e+02 1.283600000000000136e+02
1.274701986754966896e+02 1.283907284768211809e+02 1.283443708609271425e+02
1.275466666666666669e+02 1.284000000000000057e+02 1.283799999999999955e+02
1.276800000000000068e+02 1.283733333333333348e+02 1.284133333333333269e+02
1.275266666666666708e+02 1.283066666666666720e+02 1.283333333333333428e+02
1.276158940397350960e+02 1.281589403973509889e+02 1.282913907284768129e+02
1.277533333333333303e+02 1.282933333333333223e+02 1.282199999999999989e+02
1.277199999999999989e+02 1.283266666666666538e+02 1.282733333333333405e+02
1.277866666666666617e+02 1.282666666666666799e+02 1.281200000000000045e+02
1.276200000000000045e+02 1.282199999999999989e+02 1.282533333333333303e+02
1.275364238410596016e+02 1.281390728476821153e+02 1.282781456953642305e+02
1.276133333333333297e+02 1.281800000000000068e+02 1.283133333333333326e+02
1.274933333333333394e+02 1.281933333333333280e+02 1.283000000000000114e+02
1.274834437086092720e+02 1.282715231788079393e+02 1.282317880794701921e+02
1.273799999999999955e+02 1.282066666666666777e+02 1.283066666666666720e+02
1.274533333333333331e+02 1.281866666666666674e+02 1.282866666666666617e+02
1.275466666666666669e+02 1.280600000000000023e+02 1.282533333333333303e+02
1.276066666666666691e+02 1.280000000000000000e+02 1.282733333333333405e+02
1.276423841059602609e+02 1.281523178807946977e+02 1.283576158940397249e+02
1.276133333333333297e+02 1.280466666666666526e+02 1.283266666666666538e+02
1.276866666666666674e+02 1.281133333333333439e+02 1.283266666666666538e+02
1.276533333333333360e+02 1.282199999999999989e+02 1.281933333333333280e+02
1.276666666666666714e+02 1.281066666666666549e+02 1.282266666666666595e+02
1.276887417218542993e+02 1.282582781456953569e+02 1.281655629139072801e+02
1.277133333333333383e+02 1.282466666666666697e+02 1.280533333333333417e+02
1.277600000000000051e+02 1.282400000000000091e+02 1.283400000000000034e+02
1.276533333333333360e+02 1.283466666666666640e+02 1.283000000000000114e+02
1.275600000000000023e+02 1.283400000000000034e+02 1.282599999999999909e+02
1.277199999999999989e+02 1.282933333333333223e+02 1.282400000000000091e+02
1.276912751677852356e+02 1.282684563758389231e+02 1.282214765100671059e+02
1.275466666666666669e+02 1.281866666666666674e+02 1.282866666666666617e+02
1.275600000000000023e+02 1.282800000000000011e+02 1.283066666666666720e+02
1.275933333333333337e+02 1.283066666666666720e+02 1.282133333333333383e+02
1.275266666666666708e+02 1.283600000000000136e+02 1.280933333333333337e+02
1.274533333333333331e+02 1.283199999999999932e+02 1.280600000000000023e+02
1.274900662251655632e+02 1.283245033112582689e+02 1.281655629139072801e+02
1.275666666666666629e+02 1.283933333333333451e+02 1.281866666666666674e+02
1.275733333333333377e+02 1.282266666666666595e+02 1.281999999999999886e+02
1.275894039735099312e+02 1.281523178807946977e+02 1.282384105960264833e+02
1.275466666666666669e+02 1.281533333333333360e+02 1.282599999999999909e+02
1.274539473684210549e+02 1.282697368421052602e+02 1.282105263157894797e+02
1.275400000000000063e+02 1.282199999999999989e+02 1.280999999999999943e+02
1.276133333333333297e+02 1.283600000000000136e+02 1.281599999999999966e+02
1.276200000000000045e+02 1.282599999999999909e+02 1.282133333333333383e+02
1.278013245033112639e+02 1.282980132450331041e+02 1.283046357615893953e+02
1.277266666666666737e+02 1.283733333333333348e+02 1.283600000000000136e+02
1.278266666666666680e+02 1.283400000000000034e+02 1.283199999999999932e+02
1.277800000000000011e+02 1.283533333333333246e+02 1.283600000000000136e+02
1.278199999999999932e+02 1.283533333333333246e+02 1.283799999999999955e+02
1.278466666666666640e+02 1.283266666666666538e+02 1.284533333333333474e+02
1.278533333333333388e+02 1.282533333333333303e+02 1.285200000000000102e+02
1.276933333333333280e+02 1.282866666666666617e+02 1.284600000000000080e+02
1.277199999999999989e+02 1.282866666666666617e+02 1.284799999999999898e+02
1.277133333333333383e+02 1.283266666666666538e+02 1.283533333333333246e+02
1.277000000000000028e+02 1.283133333333333326e+02 1.284333333333333371e+02
1.278133333333333326e+02 1.282800000000000011e+02 1.284066666666666663e+02
1.278255033557046971e+02 1.282013422818791923e+02 1.283288590604026922e+02
1.278466666666666640e+02 1.282466666666666697e+02 1.284533333333333474e+02
1.277086092715231729e+02 1.282781456953642305e+02 1.284635761589403842e+02
1.277933333333333366e+02 1.282933333333333223e+02 1.284733333333333292e+02
1.278599999999999994e+02 1.282599999999999909e+02 1.284799999999999898e+02
1.279133333333333269e+02 1.283066666666666720e+02 1.283933333333333451e+02
1.279866666666666646e+02 1.282533333333333303e+02 1.283600000000000136e+02
1.279599999999999937e+02 1.281666666666666572e+02 1.283733333333333348e+02
1.279798657718120722e+02 1.282281879194630960e+02 1.283624161073825576e+02
1.279932885906040099e+02 1.282147651006711158e+02 1.283691275167785193e+02
1.280805369127516826e+02 1.281543624161073751e+02 1.284228187919463267e+02
1.280000000000000000e+02 1.281824324324324493e+02 1.284256756756756772e+02
1.280134228187919518e+02 1.282147651006711158e+02 1.284295302013422884e+02
1.280134228187919518e+02 1.281812080536912788e+02 1.285637583892617499e+02
1.280536912751677789e+02 1.281677852348993270e+02 1.285906040268456536e+02
1.279932885906040099e+02 1.281409395973154517e+02 1.284697986577181155e+02
1.279121621621621614e+02 1.281148648648648702e+02 1.285135135135135158e+02
1.279933333333333394e+02 1.280733333333333235e+02 1.284933333333333394e+02
1.280872483221476443e+02 1.280067114093959617e+02 1.285100671140939426e+02
1.280805369127516826e+02 1.280335570469798654e+02 1.284496644295302019e+02
1.281148648648648702e+02 1.280472972972973196e+02 1.285270270270270316e+02
1.280810810810810949e+02 1.279864864864864842e+02 1.285608108108108070e+02
1.280878378378378386e+02 1.279594594594594668e+02 1.286081081081081265e+02
1.280402684563758555e+02 1.280067114093959617e+02 1.285033557046979809e+02
1.280738255033556925e+02 1.280201342281879135e+02 1.285100671140939426e+02
1.280671140939597308e+02 1.280335570469798654e+02 1.284899328859060290e+02
1.280671140939597308e+02 1.279865771812080482e+02 1.285033557046979809e+02
1.280738255033556925e+02 1.280067114093959617e+02 1.285302013422818561e+02
1.280738255033556925e+02 1.280067114093959617e+02 1.285302013422818561e+02
1.280268456375839037e+02 1.279932885906040241e+02 1.285503355704697981e+02
1.280743243243243228e+02 1.280405405405405475e+02 1.284527027027027088e+02
1.280743243243243228e+02 1.280405405405405475e+02 1.284527027027027088e+02
1.280878378378378386e+02 1.280472972972973196e+02 1.284729729729729684e+02
1.280604026845637691e+02 1.280604026845637406e+02 1.284026845637583847e+02
1.280268456375839037e+02 1.280402684563758271e+02 1.284362416107382785e+02
1.280268456375839037e+02 1.280469798657718172e+02 1.283892617449664328e+02
1.280268456375839037e+02 1.280000000000000000e+02 1.283892617449664328e+02
1.280671140939597308e+02 1.280402684563758271e+02 1.283489932885906057e+02
1.280671140939597308e+02 1.280402684563758271e+02 1.283489932885906057e+02
1.280402684563758555e+02 1.280134228187919518e+02 1.283557046979865675e+02
1.280469798657718172e+02 1.279865771812080482e+02 1.283624161073825576e+02
1.280469798657718172e+02 1.279865771812080482e+02 1.283624161073825576e+02
1.280469798657718172e+02 1.279865771812080482e+02 1.283624161073825576e+02
1.280469798657718172e+02 1.279865771812080482e+02 1.283624161073825576e+02
1.280469798657718172e+02 1.279865771812080482e+02 1.283624161073825576e+02
1.280402684563758555e+02 1.280000000000000000e+02 1.283422818791946440e+02
1.280402684563758555e+02 1.280000000000000000e+02 1.283422818791946440e+02
1.279999999999999858e+02 1.279731543624161105e+02 1.283288590604026922e+02
1.279798657718120722e+02 1.279932885906040241e+02 1.283087248322147786e+02
1.280201342281879420e+02 1.279932885906040241e+02 1.283154362416107404e+02
1.280201342281879420e+02 1.279932885906040241e+02 1.283154362416107404e+02
1.280201342281879420e+02 1.279932885906040241e+02 1.283154362416107404e+02
1.280201342281879420e+02 1.279932885906040241e+02 1.283154362416107404e+02
1.280201342281879420e+02 1.280201342281879135e+02 1.283221476510067305e+02
1.280268456375839037e+02 1.280201342281879135e+02 1.283154362416107404e+02
1.280268456375839037e+02 1.280201342281879135e+02 1.283154362416107404e+02
1.280268456375839037e+02 1.280201342281879135e+02 1.283154362416107404e+02
1.280268456375839037e+02 1.280201342281879135e+02 1.283154362416107404e+02
1.280268456375839037e+02 1.280201342281879135e+02 1.283154362416107404e+02
1.280268456375839037e+02 1.280201342281879135e+02 1.283154362416107404e+02
1.280268456375839037e+02 1.280201342281879135e+02 1.283154362416107404e+02
1.280268456375839037e+02 1.280201342281879135e+02 1.283154362416107404e+02
1.280268456375839037e+02 1.280201342281879135e+02 1.283154362416107404e+02
1.280268456375839037e+02 1.280201342281879135e+02 1.283154362416107404e+02
1.280268456375839037e+02 1.280201342281879135e+02 1.283154362416107404e+02
1.280268456375839037e+02 1.280201342281879135e+02 1.283154362416107404e+02
1.280268456375839037e+02 1.280201342281879135e+02 1.283154362416107404e+02
1.280268456375839037e+02 1.280201342281879135e+02 1.283154362416107404e+02
1.280268456375839037e+02 1.280201342281879135e+02 1.283154362416107404e+02
1.280268456375839037e+02 1.280201342281879135e+02 1.283154362416107404e+02
1.280268456375839037e+02 1.280201342281879135e+02 1.283154362416107404e+02
1.280268456375839037e+02 1.280201342281879135e+02 1.283154362416107404e+02
1.280268456375839037e+02 1.280201342281879135e+02 1.283154362416107404e+02
1.280268456375839037e+02 1.280201342281879135e+02 1.283154362416107404e+02
1.280268456375839037e+02 1.280201342281879135e+02 1.283154362416107404e+02
1.280268456375839037e+02 1.280201342281879135e+02 1.283154362416107404e+02
1.280268456375839037e+02 1.280201342281879135e+02 1.283154362416107404e+02
1.280268456375839037e+02 1.280201342281879135e+02 1.283154362416107404e+02
1.280268456375839037e+02 1.280201342281879135e+02 1.283154362416107404e+02
1.280268456375839037e+02 1.280201342281879135e+02 1.283154362416107404e+02
1.280268456375839037e+02 1.280201342281879135e+02 1.283154362416107404e+02
1.280268456375839037e+02 1.280201342281879135e+02 1.283154362416107404e+02
1.280268456375839037e+02 1.280201342281879135e+02 1.283154362416107404e+02
1.280268456375839037e+02 1.280201342281879135e+02 1.283154362416107404e+02
1.280268456375839037e+02 1.280201342281879135e+02 1.283154362416107404e+02
1.280268456375839037e+02 1.280201342281879135e+02 1.283154362416107404e+02
1.280268456375839037e+02 1.280201342281879135e+02 1.283154362416107404e+02
1.280268456375839037e+02 1.280201342281879135e+02 1.283154362416107404e+02
1.280268456375839037e+02 1.280201342281879135e+02 1.283154362416107404e+02
1.280268456375839037e+02 1.280201342281879135e+02 1.283154362416107404e+02
1.280268456375839037e+02 1.280201342281879135e+02 1.283154362416107404e+02
1.280268456375839037e+02 1.280201342281879135e+02 1.283154362416107404e+02
1.280268456375839037e+02 1.280201342281879135e+02 1.283154362416107404e+02
1.280268456375839037e+02 1.280201342281879135e+02 1.283154362416107404e+02
1.280268456375839037e+02 1.280201342281879135e+02 1.283154362416107404e+02
1.280268456375839037e+02 1.280201342281879135e+02 1.283154362416107404e+02
1.280268456375839037e+02 1.280201342281879135e+02 1.283154362416107404e+02
1.280268456375839037e+02 1.280201342281879135e+02 1.283154362416107404e+02
1.280268456375839037e+02 1.280201342281879135e+02 1.283154362416107404e+02
1.280268456375839037e+02 1.280201342281879135e+02 1.283154362416107404e+02
1.280268456375839037e+02 1.280201342281879135e+02 1.283154362416107404e+02
1.280268456375839037e+02 1.280201342281879135e+02 1.283154362416107404e+02
1.280268456375839037e+02 1.280201342281879135e+02 1.283154362416107404e+02
1.280268456375839037e+02 1.280201342281879135e+02 1.283154362416107404e+02
1.280268456375839037e+02 1.280201342281879135e+02 1.283154362416107404e+02
1.280268456375839037e+02 1.280201342281879135e+02 1.283154362416107404e+02
1.280268456375839037e+02 1.280201342281879135e+02 1.283154362416107404e+02
1.280268456375839037e+02 1.280201342281879135e+02 1.283154362416107404e+02
1.280268456375839037e+02 1.280201342281879135e+02 1.283154362416107404e+02
1.280268456375839037e+02 1.280201342281879135e+02 1.283154362416107404e+02
1.280268456375839037e+02 1.280201342281879135e+02 1.283154362416107404e+02
1.280268456375839037e+02 1.280201342281879135e+02 1.283154362416107404e+02
1.280268456375839037e+02 1.280201342281879135e+02 1.283154362416107404e+02
1.280268456375839037e+02 1.280201342281879135e+02 1.283154362416107404e+02
1.280268456375839037e+02 1.280201342281879135e+02 1.283154362416107404e+02
1.280268456375839037e+02 1.280201342281879135e+02 1.283154362416107404e+02
1.280268456375839037e+02 1.280201342281879135e+02 1.283154362416107404e+02
1.280268456375839037e+02 1.280201342281879135e+02 1.283154362416107404e+02
1.280268456375839037e+02 1.280201342281879135e+02 1.283154362416107404e+02
1.280268456375839037e+02 1.280201342281879135e+02 1.283154362416107404e+02
1.280268456375839037e+02 1.280201342281879135e+02 1.283154362416107404e+02
1.280268456375839037e+02 1.280201342281879135e+02 1.283154362416107404e+02
1.280268456375839037e+02 1.280201342281879135e+02 1.283154362416107404e+02
1.280268456375839037e+02 1.280201342281879135e+02 1.283154362416107404e+02
1.280268456375839037e+02 1.280201342281879135e+02 1.283154362416107404e+02
1.280268456375839037e+02 1.280201342281879135e+02 1.283154362416107404e+02
1.280268456375839037e+02 1.280201342281879135e+02 1.283154362416107404e+02
1.280268456375839037e+02 1.280201342281879135e+02 1.283154362416107404e+02
1.280268456375839037e+02 1.280201342281879135e+02 1.283154362416107404e+02
1.280268456375839037e+02 1.280201342281879135e+02 1.283154362416107404e+02
1.280268456375839037e+02 1.280201342281879135e+02 1.283154362416107404e+02
1.280268456375839037e+02 1.280201342281879135e+02 1.283154362416107404e+02
1.280268456375839037e+02 1.280201342281879135e+02 1.283154362416107404e+02
1.280268456375839037e+02 1.280201342281879135e+02 1.283154362416107404e+02
1.280268456375839037e+02 1.280201342281879135e+02 1.283154362416107404e+02
1.280268456375839037e+02 1.280201342281879135e+02 1.283154362416107404e+02
1.280268456375839037e+02 1.280201342281879135e+02 1.283154362416107404e+02
1.280268456375839037e+02 1.280201342281879135e+02 1.283154362416107404e+02
1.280268456375839037e+02 1.280201342281879135e+02 1.283154362416107404e+02
1.280268456375839037e+02 1.280201342281879135e+02 1.283154362416107404e+02
1.280268456375839037e+02 1.280201342281879135e+02 1.283154362416107404e+02
1.280268456375839037e+02 1.280201342281879135e+02 1.283154362416107404e+02
1.280268456375839037e+02 1.280201342281879135e+02 1.283154362416107404e+02
1.280268456375839037e+02 1.280201342281879135e+02 1.283154362416107404e+02
1.280268456375839037e+02 1.280201342281879135e+02 1.283154362416107404e+02
1.280268456375839037e+02 1.280201342281879135e+02 1.283154362416107404e+02
1.280268456375839037e+02 1.280201342281879135e+02 1.283154362416107404e+02
1.280268456375839037e+02 1.280201342281879135e+02 1.283154362416107404e+02
1.280268456375839037e+02 1.280201342281879135e+02 1.283154362416107404e+02
1.280268456375839037e+02 1.280201342281879135e+02 1.283154362416107404e+02
1.280268456375839037e+02 1.280201342281879135e+02 1.283154362416107404e+02
1.280268456375839037e+02 1.280201342281879135e+02 1.283154362416107404e+02
1.280268456375839037e+02 1.280201342281879135e+02 1.283154362416107404e+02
1.280268456375839037e+02 1.280201342281879135e+02 1.283154362416107404e+02
1.280268456375839037e+02 1.280201342281879135e+02 1.283154362416107404e+02
1.280268456375839037e+02 1.280201342281879135e+02 1.283154362416107404e+02
1.280268456375839037e+02 1.280201342281879135e+02 1.283154362416107404e+02
1.280268456375839037e+02 1.280201342281879135e+02 1.283154362416107404e+02
1.280268456375839037e+02 1.280201342281879135e+02 1.283154362416107404e+02
1.280268456375839037e+02 1.280201342281879135e+02 1.283154362416107404e+02
1.280268456375839037e+02 1.280201342281879135e+02 1.283154362416107404e+02
1.280268456375839037e+02 1.280201342281879135e+02 1.283154362416107404e+02
1.280268456375839037e+02 1.280201342281879135e+02 1.283154362416107404e+02
1.280268456375839037e+02 1.280201342281879135e+02 1.283154362416107404e+02
1.280268456375839037e+02 1.280201342281879135e+02 1.283154362416107404e+02
1.280268456375839037e+02 1.280201342281879135e+02 1.283154362416107404e+02
1.280268456375839037e+02 1.280201342281879135e+02 1.283154362416107404e+02
1.280268456375839037e+02 1.280201342281879135e+02 1.283154362416107404e+02
1.280268456375839037e+02 1.280201342281879135e+02 1.283154362416107404e+02
1.280268456375839037e+02 1.280201342281879135e+02 1.283154362416107404e+02
1.280268456375839037e+02 1.280201342281879135e+02 1.283154362416107404e+02
1.280268456375839037e+02 1.280201342281879135e+02 1.283154362416107404e+02
1.280268456375839037e+02 1.280201342281879135e+02 1.283154362416107404e+02
1.280268456375839037e+02 1.280201342281879135e+02 1.283154362416107404e+02
1.280268456375839037e+02 1.280201342281879135e+02 1.283154362416107404e+02
1.280268456375839037e+02 1.280201342281879135e+02 1.283154362416107404e+02
1.280268456375839037e+02 1.280201342281879135e+02 1.283154362416107404e+02
1.280268456375839037e+02 1.280201342281879135e+02 1.283154362416107404e+02
1.280268456375839037e+02 1.280201342281879135e+02 1.283154362416107404e+02
1.280268456375839037e+02 1.280201342281879135e+02 1.283154362416107404e+02
1.280268456375839037e+02 1.280201342281879135e+02 1.283154362416107404e+02
1.280268456375839037e+02 1.280201342281879135e+02 1.283154362416107404e+02
1.280268456375839037e+02 1.280201342281879135e+02 1.283154362416107404e+02
1.280268456375839037e+02 1.280201342281879135e+02 1.283154362416107404e+02
1.280268456375839037e+02 1.280201342281879135e+02 1.283154362416107404e+02
1.280268456375839037e+02 1.280201342281879135e+02 1.283154362416107404e+02
1.280268456375839037e+02 1.280201342281879135e+02 1.283154362416107404e+02
1.280268456375839037e+02 1.280201342281879135e+02 1.283154362416107404e+02
1.280268456375839037e+02 1.280201342281879135e+02 1.283154362416107404e+02
1.280268456375839037e+02 1.280201342281879135e+02 1.283154362416107404e+02
1.280268456375839037e+02 1.280201342281879135e+02 1.283154362416107404e+02
1.280268456375839037e+02 1.280201342281879135e+02 1.283154362416107404e+02
1.280268456375839037e+02 1.280201342281879135e+02 1.283154362416107404e+02
1.280268456375839037e+02 1.280201342281879135e+02 1.283154362416107404e+02
1.280268456375839037e+02 1.280201342281879135e+02 1.283154362416107404e+02
1.280268456375839037e+02 1.280201342281879135e+02 1.283154362416107404e+02
1.280268456375839037e+02 1.280201342281879135e+02 1.283154362416107404e+02
1.280268456375839037e+02 1.280201342281879135e+02 1.283154362416107404e+02
1.280268456375839037e+02 1.280201342281879135e+02 1.283154362416107404e+02
1.280268456375839037e+02 1.280201342281879135e+02 1.283154362416107404e+02
1.280268456375839037e+02 1.280201342281879135e+02 1.283154362416107404e+02
1.280268456375839037e+02 1.280201342281879135e+02 1.283154362416107404e+02
1.280268456375839037e+02 1.280201342281879135e+02 1.283154362416107404e+02
1.280268456375839037e+02 1.280201342281879135e+02 1.283154362416107404e+02
1.280268456375839037e+02 1.280201342281879135e+02 1.283154362416107404e+02
1.280268456375839037e+02 1.280201342281879135e+02 1.283154362416107404e+02
1.280268456375839037e+02 1.280201342281879135e+02 1.283154362416107404e+02
1.280268456375839037e+02 1.280201342281879135e+02 1.283154362416107404e+02
1.280268456375839037e+02 1.280201342281879135e+02 1.283154362416107404e+02
1.280268456375839037e+02 1.280201342281879135e+02 1.283154362416107404e+02
1.280268456375839037e+02 1.280201342281879135e+02 1.283154362416107404e+02
1.280268456375839037e+02 1.280201342281879135e+02 1.283154362416107404e+02
1.280268456375839037e+02 1.280201342281879135e+02 1.283154362416107404e+02
1.280268456375839037e+02 1.280201342281879135e+02 1.283154362416107404e+02
1.280268456375839037e+02 1.280201342281879135e+02 1.283154362416107404e+02
1.280268456375839037e+02 1.280201342281879135e+02 1.283154362416107404e+02
1.280268456375839037e+02 1.280201342281879135e+02 1.283154362416107404e+02
1.280268456375839037e+02 1.280201342281879135e+02 1.283154362416107404e+02
1.280268456375839037e+02 1.280201342281879135e+02 1.283154362416107404e+02
1.280268456375839037e+02 1.280201342281879135e+02 1.283154362416107404e+02
1.280268456375839037e+02 1.280201342281879135e+02 1.283154362416107404e+02
1.280268456375839037e+02 1.280201342281879135e+02 1.283154362416107404e+02
1.280268456375839037e+02 1.280201342281879135e+02 1.283154362416107404e+02
1.280268456375839037e+02 1.280201342281879135e+02 1.283154362416107404e+02
1.280268456375839037e+02 1.280201342281879135e+02 1.283154362416107404e+02
1.280268456375839037e+02 1.280201342281879135e+02 1.283154362416107404e+02
1.280268456375839037e+02 1.280201342281879135e+02 1.283154362416107404e+02
1.280268456375839037e+02 1.280201342281879135e+02 1.283154362416107404e+02
1.280268456375839037e+02 1.280201342281879135e+02 1.283154362416107404e+02
1.280268456375839037e+02 1.280201342281879135e+02 1.283154362416107404e+02
1.280268456375839037e+02 1.280201342281879135e+02 1.283154362416107404e+02
1.280268456375839037e+02 1.280201342281879135e+02 1.283154362416107404e+02
1.280268456375839037e+02 1.280201342281879135e+02 1.283154362416107404e+02
1.280268456375839037e+02 1.280201342281879135e+02 1.283154362416107404e+02
1.280268456375839037e+02 1.280201342281879135e+02 1.283154362416107404e+02
1.280268456375839037e+02 1.280201342281879135e+02 1.283154362416107404e+02
1.280268456375839037e+02 1.280201342281879135e+02 1.283154362416107404e+02
1.280268456375839037e+02 1.280201342281879135e+02 1.283154362416107404e+02
1.280268456375839037e+02 1.280201342281879135e+02 1.283154362416107404e+02
1.280268456375839037e+02 1.280201342281879135e+02 1.283154362416107404e+02
1.280268456375839037e+02 1.280201342281879135e+02 1.283154362416107404e+02
1.280268456375839037e+02 1.280201342281879135e+02 1.283154362416107404e+02
1.280268456375839037e+02 1.280201342281879135e+02 1.283154362416107404e+02
1.280268456375839037e+02 1.280201342281879135e+02 1.283154362416107404e+02
1.280268456375839037e+02 1.280201342281879135e+02 1.283154362416107404e+02
1.280268456375839037e+02 1.280201342281879135e+02 1.283154362416107404e+02
1.280268456375839037e+02 1.280201342281879135e+02 1.283154362416107404e+02
1.280268456375839037e+02 1.280201342281879135e+02 1.283154362416107404e+02
1.280268456375839037e+02 1.280201342281879135e+02 1.283154362416107404e+02
1.280268456375839037e+02 1.280201342281879135e+02 1.283154362416107404e+02
1.280268456375839037e+02 1.280201342281879135e+02 1.283154362416107404e+02
1.280268456375839037e+02 1.280201342281879135e+02 1.283154362416107404e+02
1.280268456375839037e+02 1.280201342281879135e+02 1.283154362416107404e+02
1.280268456375839037e+02 1.280201342281879135e+02 1.283154362416107404e+02
1.280268456375839037e+02 1.280201342281879135e+02 1.283154362416107404e+02
1.280268456375839037e+02 1.280201342281879135e+02 1.283154362416107404e+02
1.280268456375839037e+02 1.280201342281879135e+02 1.283154362416107404e+02
1.280268456375839037e+02 1.280201342281879135e+02 1.283154362416107404e+02
1.280268456375839037e+02 1.280201342281879135e+02 1.283154362416107404e+02
1.280268456375839037e+02 1.280201342281879135e+02 1.283154362416107404e+02
1.280268456375839037e+02 1.280201342281879135e+02 1.283154362416107404e+02
1.280268456375839037e+02 1.280201342281879135e+02 1.283154362416107404e+02
1.280268456375839037e+02 1.280201342281879135e+02 1.283154362416107404e+02
1.280268456375839037e+02 1.280201342281879135e+02 1.283154362416107404e+02
1.280268456375839037e+02 1.280201342281879135e+02 1.283154362416107404e+02
1.280268456375839037e+02 1.280201342281879135e+02 1.283154362416107404e+02
1.280268456375839037e+02 1.280201342281879135e+02 1.283154362416107404e+02
1.280268456375839037e+02 1.280201342281879135e+02 1.283154362416107404e+02
1.280268456375839037e+02 1.280201342281879135e+02 1.283154362416107404e+02
1.280268456375839037e+02 1.280201342281879135e+02 1.283154362416107404e+02
1.280268456375839037e+02 1.280201342281879135e+02 1.283154362416107404e+02
1.280268456375839037e+02 1.280201342281879135e+02 1.283154362416107404e+02
1.280268456375839037e+02 1.280201342281879135e+02 1.283154362416107404e+02
1.280268456375839037e+02 1.280201342281879135e+02 1.283154362416107404e+02
1.280268456375839037e+02 1.280201342281879135e+02 1.283154362416107404e+02
1.280268456375839037e+02 1.280201342281879135e+02 1.283154362416107404e+02
1.280268456375839037e+02 1.280201342281879135e+02 1.283154362416107404e+02
1.280268456375839037e+02 1.280201342281879135e+02 1.283154362416107404e+02
1.280268456375839037e+02 1.280201342281879135e+02 1.283154362416107404e+02
1.280268456375839037e+02 1.280201342281879135e+02 1.283154362416107404e+02
1.280268456375839037e+02 1.280201342281879135e+02 1.283154362416107404e+02
1.280268456375839037e+02 1.280201342281879135e+02 1.283154362416107404e+02
1.280268456375839037e+02 1.280201342281879135e+02 1.283154362416107404e+02
1.280268456375839037e+02 1.280201342281879135e+02 1.283154362416107404e+02
1.280268456375839037e+02 1.280201342281879135e+02 1.283154362416107404e+02
1.280268456375839037e+02 1.280201342281879135e+02 1.283154362416107404e+02
1.280268456375839037e+02 1.280201342281879135e+02 1.283154362416107404e+02
1.280268456375839037e+02 1.280201342281879135e+02 1.283154362416107404e+02
1.280268456375839037e+02 1.280201342281879135e+02 1.283154362416107404e+02
1.280268456375839037e+02 1.280201342281879135e+02 1.283154362416107404e+02
1.280268456375839037e+02 1.280201342281879135e+02 1.283154362416107404e+02
1.280268456375839037e+02 1.280201342281879135e+02 1.283154362416107404e+02
1.280268456375839037e+02 1.280201342281879135e+02 1.283154362416107404e+02
1.280268456375839037e+02 1.280201342281879135e+02 1.283154362416107404e+02
1.280268456375839037e+02 1.280201342281879135e+02 1.283154362416107404e+02
1.280268456375839037e+02 1.280201342281879135e+02 1.283154362416107404e+02
1.280268456375839037e+02 1.280201342281879135e+02 1.283154362416107404e+02
1.280268456375839037e+02 1.280201342281879135e+02 1.283154362416107404e+02
1.280268456375839037e+02 1.280201342281879135e+02 1.283154362416107404e+02
1.280268456375839037e+02 1.280201342281879135e+02 1.283154362416107404e+02
1.280268456375839037e+02 1.280201342281879135e+02 1.283154362416107404e+02
1.280268456375839037e+02 1.280201342281879135e+02 1.283154362416107404e+02
1.280268456375839037e+02 1.280201342281879135e+02 1.283154362416107404e+02
1.280268456375839037e+02 1.280201342281879135e+02 1.283154362416107404e+02
1.280268456375839037e+02 1.280201342281879135e+02 1.283154362416107404e+02
1.280268456375839037e+02 1.280201342281879135e+02 1.283154362416107404e+02
1.280268456375839037e+02 1.280201342281879135e+02 1.283154362416107404e+02
1.280268456375839037e+02 1.280201342281879135e+02 1.283154362416107404e+02
1.280268456375839037e+02 1.280201342281879135e+02 1.283154362416107404e+02
1.280268456375839037e+02 1.280201342281879135e+02 1.283154362416107404e+02
1.280268456375839037e+02 1.280201342281879135e+02 1.283154362416107404e+02
1.280268456375839037e+02 1.280201342281879135e+02 1.283154362416107404e+02
1.280268456375839037e+02 1.280201342281879135e+02 1.283154362416107404e+02
1.280268456375839037e+02 1.280201342281879135e+02 1.283154362416107404e+02
1.280268456375839037e+02 1.280201342281879135e+02 1.283154362416107404e+02
1.280268456375839037e+02 1.280201342281879135e+02 1.283154362416107404e+02
1.280268456375839037e+02 1.280201342281879135e+02 1.283154362416107404e+02
1.280268456375839037e+02 1.280201342281879135e+02 1.283154362416107404e+02
1.280268456375839037e+02 1.280201342281879135e+02 1.283154362416107404e+02
1.280268456375839037e+02 1.280201342281879135e+02 1.283154362416107404e+02
1.280268456375839037e+02 1.280201342281879135e+02 1.283154362416107404e+02
1.280268456375839037e+02 1.280201342281879135e+02 1.283154362416107404e+02
1.280268456375839037e+02 1.280201342281879135e+02 1.283154362416107404e+02
1.280268456375839037e+02 1.280201342281879135e+02 1.283154362416107404e+02
1.280268456375839037e+02 1.280201342281879135e+02 1.283154362416107404e+02
1.280268456375839037e+02 1.280201342281879135e+02 1.283154362416107404e+02
1.280268456375839037e+02 1.280201342281879135e+02 1.283154362416107404e+02
1.280268456375839037e+02 1.280201342281879135e+02 1.283154362416107404e+02
1.280268456375839037e+02 1.280201342281879135e+02 1.283154362416107404e+02
1.280268456375839037e+02 1.280201342281879135e+02 1.283154362416107404e+02
1.280268456375839037e+02 1.280201342281879135e+02 1.283154362416107404e+02
1.280268456375839037e+02 1.280201342281879135e+02 1.283154362416107404e+02
1.280268456375839037e+02 1.280201342281879135e+02 1.283154362416107404e+02
1.280268456375839037e+02 1.280201342281879135e+02 1.283154362416107404e+02
1.280268456375839037e+02 1.280201342281879135e+02 1.283154362416107404e+02
1.280268456375839037e+02 1.280201342281879135e+02 1.283154362416107404e+02
1.280268456375839037e+02 1.280201342281879135e+02 1.283154362416107404e+02
1.280268456375839037e+02 1.280201342281879135e+02 1.283154362416107404e+02
1.280268456375839037e+02 1.280201342281879135e+02 1.283154362416107404e+02
1.280268456375839037e+02 1.280201342281879135e+02 1.283154362416107404e+02
1.280268456375839037e+02 1.280201342281879135e+02 1.283154362416107404e+02
1.280268456375839037e+02 1.280201342281879135e+02 1.283154362416107404e+02
1.280268456375839037e+02 1.280201342281879135e+02 1.283154362416107404e+02
1.280268456375839037e+02 1.280201342281879135e+02 1.283154362416107404e+02
1.280268456375839037e+02 1.280201342281879135e+02 1.283154362416107404e+02
1.280268456375839037e+02 1.280201342281879135e+02 1.283154362416107404e+02
1.280268456375839037e+02 1.280201342281879135e+02 1.283154362416107404e+02
1.280268456375839037e+02 1.280201342281879135e+02 1.283154362416107404e+02
1.280268456375839037e+02 1.280201342281879135e+02 1.283154362416107404e+02
1.280268456375839037e+02 1.280201342281879135e+02 1.283154362416107404e+02
1.280268456375839037e+02 1.280201342281879135e+02 1.283154362416107404e+02
1.280268456375839037e+02 1.280201342281879135e+02 1.283154362416107404e+02
1.280268456375839037e+02 1.280201342281879135e+02 1.283154362416107404e+02
1.280268456375839037e+02 1.280201342281879135e+02 1.283154362416107404e+02
1.280268456375839037e+02 1.280201342281879135e+02 1.283154362416107404e+02
1.280268456375839037e+02 1.280201342281879135e+02 1.283154362416107404e+02
1.280268456375839037e+02 1.280201342281879135e+02 1.283154362416107404e+02
1.280268456375839037e+02 1.280201342281879135e+02 1.283154362416107404e+02
1.280268456375839037e+02 1.280201342281879135e+02 1.283154362416107404e+02
1.280268456375839037e+02 1.280201342281879135e+02 1.283154362416107404e+02
1.280268456375839037e+02 1.280201342281879135e+02 1.283154362416107404e+02
1.280268456375839037e+02 1.280201342281879135e+02 1.283154362416107404e+02
1.280268456375839037e+02 1.280201342281879135e+02 1.283154362416107404e+02
1.280268456375839037e+02 1.280201342281879135e+02 1.283154362416107404e+02
1.280268456375839037e+02 1.280201342281879135e+02 1.283154362416107404e+02
1.280268456375839037e+02 1.280201342281879135e+02 1.283154362416107404e+02
1.280268456375839037e+02 1.280201342281879135e+02 1.283154362416107404e+02
1.280268456375839037e+02 1.280201342281879135e+02 1.283154362416107404e+02
1.280268456375839037e+02 1.280201342281879135e+02 1.283154362416107404e+02
1.280268456375839037e+02 1.280201342281879135e+02 1.283154362416107404e+02
1.280268456375839037e+02 1.280201342281879135e+02 1.283154362416107404e+02
1.280268456375839037e+02 1.280201342281879135e+02 1.283154362416107404e+02
1.280268456375839037e+02 1.280201342281879135e+02 1.283154362416107404e+02
1.280268456375839037e+02 1.280201342281879135e+02 1.283154362416107404e+02
1.280268456375839037e+02 1.280201342281879135e+02 1.283154362416107404e+02
1.280268456375839037e+02 1.280201342281879135e+02 1.283154362416107404e+02
1.280268456375839037e+02 1.280201342281879135e+02 1.283154362416107404e+02
1.280268456375839037e+02 1.280201342281879135e+02 1.283154362416107404e+02
1.280268456375839037e+02 1.280201342281879135e+02 1.283154362416107404e+02
1.280268456375839037e+02 1.280201342281879135e+02 1.283154362416107404e+02
1.280268456375839037e+02 1.280201342281879135e+02 1.283154362416107404e+02
1.280268456375839037e+02 1.280201342281879135e+02 1.283154362416107404e+02
1.280268456375839037e+02 1.280201342281879135e+02 1.283154362416107404e+02
1.280268456375839037e+02 1.280201342281879135e+02 1.283154362416107404e+02
1.280268456375839037e+02 1.280201342281879135e+02 1.283154362416107404e+02
1.280268456375839037e+02 1.280201342281879135e+02 1.283154362416107404e+02
1.280268456375839037e+02 1.280201342281879135e+02 1.283154362416107404e+02
1.280268456375839037e+02 1.280201342281879135e+02 1.283154362416107404e+02
1.280268456375839037e+02 1.280201342281879135e+02 1.283154362416107404e+02
1.280268456375839037e+02 1.280201342281879135e+02 1.283154362416107404e+02
1.280268456375839037e+02 1.280201342281879135e+02 1.283154362416107404e+02
1.280268456375839037e+02 1.280201342281879135e+02 1.283154362416107404e+02
1.280268456375839037e+02 1.280201342281879135e+02 1.283154362416107404e+02
1.280268456375839037e+02 1.280201342281879135e+02 1.283154362416107404e+02
1.280268456375839037e+02 1.280201342281879135e+02 1.283154362416107404e+02
1.280268456375839037e+02 1.280201342281879135e+02 1.283154362416107404e+02
1.280268456375839037e+02 1.280201342281879135e+02 1.283154362416107404e+02
1.280268456375839037e+02 1.280201342281879135e+02 1.283154362416107404e+02
1.280268456375839037e+02 1.280201342281879135e+02 1.283154362416107404e+02
1.280268456375839037e+02 1.280201342281879135e+02 1.283154362416107404e+02
1.280268456375839037e+02 1.280201342281879135e+02 1.283154362416107404e+02
1.280268456375839037e+02 1.280201342281879135e+02 1.283154362416107404e+02
1.280268456375839037e+02 1.280201342281879135e+02 1.283154362416107404e+02
1.280268456375839037e+02 1.280201342281879135e+02 1.283154362416107404e+02
1.280268456375839037e+02 1.280201342281879135e+02 1.283154362416107404e+02
1.280268456375839037e+02 1.280201342281879135e+02 1.283154362416107404e+02
1.280268456375839037e+02 1.280201342281879135e+02 1.283154362416107404e+02
1.280268456375839037e+02 1.280201342281879135e+02 1.283154362416107404e+02
1.280268456375839037e+02 1.280201342281879135e+02 1.283154362416107404e+02
1.280268456375839037e+02 1.280201342281879135e+02 1.283154362416107404e+02
1.280268456375839037e+02 1.280201342281879135e+02 1.283154362416107404e+02
1.280268456375839037e+02 1.280201342281879135e+02 1.283154362416107404e+02
1.280268456375839037e+02 1.280201342281879135e+02 1.283154362416107404e+02
