1.284765100671141056e+02 1.273087248322147644e+02 1.279395973154362451e+02
1.285800000000000125e+02 1.277800000000000011e+02 1.277399999999999949e+02
1.286558441558441643e+02 1.277272727272727337e+02 1.280909090909090935e+02
1.284765100671141056e+02 1.275838926174496635e+02 1.277046979865771874e+02
1.286026490066225278e+02 1.277086092715231729e+02 1.280000000000000000e+02
1.285960264900662366e+02 1.279205298013245056e+02 1.278410596026490111e+02
1.284199999999999875e+02 1.283799999999999955e+02 1.276533333333333360e+02
1.282582781456953569e+02 1.279801324503311264e+02 1.277615894039735167e+02
1.288104575163398806e+02 1.275816993464052302e+02 1.274052287581699403e+02
1.288523489932885866e+02 1.269932885906040241e+02 1.276778523489932837e+02
1.284934210526315894e+02 1.268618421052631646e+02 1.277697368421052602e+02
1.286158940397351103e+02 1.264701986754966896e+02 1.275496688741721840e+02
1.289679487179487296e+02 1.266474358974358978e+02 1.278397435897435912e+02
1.293973509933774722e+02 1.266821192052980081e+02 1.276291390728476784e+02
1.292432432432432563e+02 1.265000000000000000e+02 1.275743243243243228e+02
1.290134228187919518e+02 1.267516778523489904e+02 1.275973154362416153e+02
1.294026845637583847e+02 1.272147651006711300e+02 1.275167785234899327e+02
1.295100671140939710e+02 1.278993288590604038e+02 1.271677852348993270e+02
1.290133333333333212e+02 1.280133333333333212e+02 1.270133333333333354e+02
1.290608108108108070e+02 1.282432432432432563e+02 1.266959459459459509e+02
1.293245033112582689e+02 1.280397350993377472e+02 1.272251655629139009e+02
1.294662162162162247e+02 1.282297297297297405e+02 1.270878378378378386e+02
1.295894039735099454e+02 1.281324503311258241e+02 1.269470198675496704e+02
1.297666666666666799e+02 1.286800000000000068e+02 1.269133333333333269e+02
1.295098039215686185e+02 1.288692810457516202e+02 1.267908496732026151e+02
1.289934210526315894e+02 1.288618421052631504e+02 1.269144736842105203e+02
1.295894039735099454e+02 1.287152317880794783e+02 1.270860927152317856e+02
1.291854304635761537e+02 1.286225165562914015e+02 1.271125827814569504e+02
1.293618421052631504e+02 1.291644736842105203e+02 1.272828947368421098e+02
1.293986928104575043e+02 1.290915032679738488e+02 1.273921568627450966e+02
1.291324503311258241e+02 1.295761589403973630e+02 1.275099337748344368e+02
1.288675496688741759e+02 1.295298013245033246e+02 1.275894039735099312e+02
1.286298701298701417e+02 1.299155844155844193e+02 1.276038961038961048e+02
1.287066666666666777e+02 1.301999999999999886e+02 1.277000000000000028e+02
1.290794701986754944e+02 1.302781456953642305e+02 1.274569536423841072e+02
1.292800000000000011e+02 1.304533333333333474e+02 1.278799999999999955e+02
1.287583892617449806e+02 1.307449664429530287e+02 1.283020134228187885e+02
1.291081081081080981e+02 1.310337837837837753e+02 1.282364864864864842e+02
1.293892617449664328e+02 1.314295302013422884e+02 1.283221476510067021e+02
1.294473684210526301e+02 1.316447368421052602e+02 1.290065789473684106e+02
1.293799999999999955e+02 1.312866666666666617e+02 1.287599999999999909e+02
1.288571428571428612e+02 1.312077922077922096e+02 1.284415584415584419e+02
1.287152317880794783e+02 1.318013245033112639e+02 1.286754966887417311e+02
1.284834437086092578e+02 1.316225165562914015e+02 1.287086092715231871e+02
1.281721854304635713e+02 1.315496688741721982e+02 1.281589403973509889e+02
1.281059602649006592e+02 1.317682119205298079e+02 1.282052980132450273e+02
1.283137254901960773e+02 1.318496732026143832e+02 1.281307189542483798e+02
1.281858974358974308e+02 1.316666666666666572e+02 1.280320512820512704e+02
1.282236842105263293e+02 1.316842105263157805e+02 1.280789473684210407e+02
1.283870967741935374e+02 1.319806451612903118e+02 1.276967741935483929e+02
1.282199999999999989e+02 1.320999999999999943e+02 1.275866666666666731e+02
1.279933333333333394e+02 1.319866666666666788e+02 1.273266666666666680e+02
1.280860927152317856e+02 1.321721854304635713e+02 1.273245033112582831e+02
1.283464052287581580e+02 1.318104575163398806e+02 1.271437908496732092e+02
1.284899328859060290e+02 1.317248322147650867e+02 1.268053691275167836e+02
1.286842105263157805e+02 1.319868421052631504e+02 1.270000000000000000e+02
1.290000000000000000e+02 1.326405228758169983e+02 1.266274509803921546e+02
1.286887417218543135e+02 1.330860927152317856e+02 1.264370860927152336e+02
1.283866666666666561e+02 1.329266666666666765e+02 1.263733333333333348e+02
1.285827814569536542e+02 1.324105960264900546e+02 1.264834437086092720e+02
1.285466666666666526e+02 1.319866666666666788e+02 1.261933333333333280e+02
1.286078431372548891e+02 1.325947712418300739e+02 1.262875816993464042e+02
1.280604026845637691e+02 1.330000000000000000e+02 1.259932885906040241e+02
1.284557823129251801e+02 1.330884353741496682e+02 1.259251700680272137e+02
1.283618421052631504e+02 1.330131578947368496e+02 1.259342105263157947e+02
1.280536912751677789e+02 1.331812080536912788e+02 1.259395973154362451e+02
1.283092105263157805e+02 1.331776315789473699e+02 1.258618421052631646e+02
1.278513513513513544e+02 1.333445945945945823e+02 1.257770270270270316e+02
1.276993464052287521e+02 1.335686274509803866e+02 1.255751633986928084e+02
1.272631578947368496e+02 1.339210526315789593e+02 1.253684210526315752e+02
1.269733333333333292e+02 1.338933333333333451e+02 1.249733333333333292e+02
1.270392156862745168e+02 1.334967320261438033e+02 1.247647058823529420e+02
1.270000000000000000e+02 1.332516556291390657e+02 1.250529801324503296e+02
1.271633986928104605e+02 1.329281045751633883e+02 1.251830065359477118e+02
1.271241830065359437e+02 1.332679738562091529e+02 1.252352941176470580e+02
1.272894736842105203e+02 1.334078947368421098e+02 1.254473684210526301e+02
1.267019867549668817e+02 1.331788079470198625e+02 1.254503311258278160e+02
1.270263157894736850e+02 1.332763157894736707e+02 1.250592105263157947e+02
1.267248322147651010e+02 1.333825503355704711e+02 1.251812080536912788e+02
1.263648648648648702e+02 1.334391891891891930e+02 1.253040540540540491e+02
1.262516556291390799e+02 1.330794701986754944e+02 1.253112582781457007e+02
1.257284768211920465e+02 1.333046357615893953e+02 1.260132450331125824e+02
1.256733333333333320e+02 1.332733333333333405e+02 1.250466666666666669e+02
1.254342105263157947e+02 1.333157894736842195e+02 1.251644736842105203e+02
1.248289473684210549e+02 1.326118421052631504e+02 1.256973684210526301e+02
1.248692810457516345e+02 1.325424836601307277e+02 1.256013071895424815e+02
1.250533333333333275e+02 1.323866666666666561e+02 1.260466666666666669e+02
1.252582781456953711e+02 1.330264900662251648e+02 1.260728476821192032e+02
1.252272727272727337e+02 1.332467532467532578e+02 1.252467532467532436e+02
1.255695364238410576e+02 1.331523178807946977e+02 1.254635761589403984e+02
1.258791946308724903e+02 1.330201342281879135e+02 1.251812080536912788e+02
1.258993288590604038e+02 1.329530201342281828e+02 1.251476510067114134e+02
1.259407894736842053e+02 1.327697368421052602e+02 1.251184210526315752e+02
1.260268456375838895e+02 1.328255033557047113e+02 1.254630872483221538e+02
1.267843137254901933e+02 1.328039215686274588e+02 1.253529411764705941e+02
1.267032258064516128e+02 1.334967741935483900e+02 1.251161290322580584e+02
1.265266666666666708e+02 1.336666666666666572e+02 1.253066666666666720e+02
1.265945945945945965e+02 1.342297297297297405e+02 1.256824324324324351e+02
1.257333333333333343e+02 1.340133333333333212e+02 1.261599999999999966e+02
1.257919463087248317e+02 1.339194630872483174e+02 1.262483221476510096e+02
1.259066666666666663e+02 1.339466666666666583e+02 1.258400000000000034e+02
1.260608108108108070e+02 1.340067567567567437e+02 1.254932432432432421e+02
1.266887417218542993e+02 1.338278145695364287e+02 1.252516556291390799e+02
1.265430463576158928e+02 1.343245033112582689e+02 1.254039735099337776e+02
1.262384105960264833e+02 1.342781456953642305e+02 1.258940397350993408e+02
1.261946308724832164e+02 1.340000000000000000e+02 1.251275167785234856e+02
1.263006535947712479e+02 1.337973856209150370e+02 1.248104575163398664e+02
1.262080536912751683e+02 1.337718120805369040e+02 1.246979865771812115e+02
1.267315436241610769e+02 1.340604026845637691e+02 1.248926174496644279e+02
1.268311688311688243e+02 1.346233766233766289e+02 1.245714285714285694e+02
1.272418300653594798e+02 1.344183006535947698e+02 1.243202614379084991e+02
1.277615894039735167e+02 1.340463576158940384e+02 1.242185430463576097e+02
1.279261744966442933e+02 1.338926174496644421e+02 1.242013422818791923e+02
1.280733333333333235e+02 1.337533333333333303e+02 1.244866666666666646e+02
1.281533333333333360e+02 1.337933333333333223e+02 1.243199999999999932e+02
1.284733333333333292e+02 1.337866666666666617e+02 1.241533333333333360e+02
1.290657894736842195e+02 1.342302631578947398e+02 1.239078947368421098e+02
1.288993288590604038e+02 1.344697986577181155e+02 1.238926174496644279e+02
1.286040268456375770e+02 1.341342281879194616e+02 1.236845637583892596e+02
1.286118421052631504e+02 1.344407894736842195e+02 1.237500000000000000e+02
1.286644736842105203e+02 1.341315789473684106e+02 1.238355263157894797e+02
1.282679738562091529e+02 1.342091503267973849e+02 1.241699346405228823e+02
1.283112582781456865e+02 1.345894039735099454e+02 1.241258278145695328e+02
1.282333333333333201e+02 1.345066666666666606e+02 1.241733333333333320e+02
1.285695364238410718e+02 1.344304635761589282e+02 1.240728476821192032e+02
1.289473684210526301e+02 1.345000000000000000e+02 1.236381578947368354e+02
1.286092715231788191e+02 1.349205298013245056e+02 1.238079470198675551e+02
1.286351351351351298e+02 1.351959459459459367e+02 1.240945945945945965e+02
1.285723684210526301e+02 1.351381578947368496e+02 1.240986842105263150e+02
1.282302631578947398e+02 1.348750000000000000e+02 1.243421052631578902e+02
1.285359477124183059e+02 1.354248366013071916e+02 1.243267973856209210e+02
1.289072847682119232e+02 1.354304635761589282e+02 1.239735099337748352e+02
1.289864864864864842e+02 1.354729729729729684e+02 1.240000000000000000e+02
1.291644736842105203e+02 1.351184210526315894e+02 1.243815789473684248e+02
1.292364864864864842e+02 1.353918918918919019e+02 1.249189189189189193e+02
1.296184210526315894e+02 1.352565789473684106e+02 1.248947368421052602e+02
1.294600000000000080e+02 1.348866666666666561e+02 1.251200000000000045e+02
1.290980392156862706e+02 1.347843137254901933e+02 1.249084967320261370e+02
1.294768211920529666e+02 1.346225165562914015e+02 1.252185430463576097e+02
1.298533333333333246e+02 1.349733333333333292e+02 1.250266666666666708e+02
1.300065789473684106e+02 1.357171052631578902e+02 1.246907894736842053e+02
1.298400000000000034e+02 1.356133333333333439e+02 1.245466666666666669e+02
1.303199999999999932e+02 1.359266666666666765e+02 1.246666666666666714e+02
1.307368421052631504e+02 1.360592105263157805e+02 1.244736842105263150e+02
1.309072847682119232e+02 1.356291390728476927e+02 1.242781456953642447e+02
1.309933774834437088e+02 1.354238410596026370e+02 1.242781456953642447e+02
1.307933333333333223e+02 1.356599999999999966e+02 1.237466666666666697e+02
1.304933333333333394e+02 1.353266666666666538e+02 1.238199999999999932e+02
1.306423841059602751e+02 1.354304635761589282e+02 1.234900662251655632e+02
1.306326530612244881e+02 1.352380952380952408e+02 1.236394557823129219e+02
1.304473684210526301e+02 1.349473684210526301e+02 1.236250000000000000e+02
1.298859060402684520e+02 1.349865771812080482e+02 1.238523489932885866e+02
1.299205298013245056e+02 1.348543046357615935e+02 1.239668874172185440e+02
1.301266666666666652e+02 1.350399999999999920e+02 1.240199999999999960e+02
1.304266666666666765e+02 1.350000000000000000e+02 1.239399999999999977e+02
1.304899328859060290e+02 1.349194630872483174e+02 1.242416107382550337e+02
1.305771812080537018e+02 1.349395973154362309e+02 1.242214765100671201e+02
1.309539473684210407e+02 1.352171052631578902e+02 1.243157894736842053e+02
1.308513513513513544e+02 1.346013513513513544e+02 1.241081081081081123e+02
1.308543046357615935e+02 1.345298013245033246e+02 1.241721854304635713e+02
1.309411764705882320e+02 1.343006535947712337e+02 1.235228758169934622e+02
1.313289473684210407e+02 1.343026315789473699e+02 1.237500000000000000e+02
1.319102564102564088e+02 1.342051282051282044e+02 1.231602564102564088e+02
1.321644736842105203e+02 1.340131578947368496e+02 1.232960526315789451e+02
1.320608108108108070e+02 1.342229729729729684e+02 1.232229729729729684e+02
1.322810457516339966e+02 1.345294117647058840e+02 1.230980392156862706e+02
1.322818791946308750e+02 1.343288590604026922e+02 1.227449664429530145e+02
1.326845637583892596e+02 1.345100671140939710e+02 1.223020134228187885e+02
1.327337662337662323e+02 1.347597402597402549e+02 1.222142857142857082e+02
1.325751633986928084e+02 1.347908496732026151e+02 1.222810457516339824e+02
1.326399999999999864e+02 1.346133333333333439e+02 1.219133333333333269e+02
1.328859060402684520e+02 1.347852348993288558e+02 1.222885906040268509e+02
1.331447368421052602e+02 1.344210526315789593e+02 1.222828947368421098e+02
1.335200000000000102e+02 1.343266666666666538e+02 1.219533333333333331e+02
1.333199999999999932e+02 1.341666666666666572e+02 1.219733333333333292e+02
1.330519480519480453e+02 1.343506493506493484e+02 1.220389610389610340e+02
1.337449664429530287e+02 1.347718120805369040e+02 1.218456375838926107e+02
1.339671052631578902e+02 1.346447368421052602e+02 1.213618421052631646e+02
1.337400000000000091e+02 1.341200000000000045e+02 1.212666666666666657e+02
1.338543046357615935e+02 1.339735099337748352e+02 1.205894039735099312e+02
1.333020134228187885e+02 1.336979865771812115e+02 1.204563758389261778e+02
1.339403973509933792e+02 1.344370860927152194e+02 1.207019867549668817e+02
1.342549019607843093e+02 1.343137254901960773e+02 1.208366013071895395e+02
1.342894736842105203e+02 1.338684210526315894e+02 1.208684210526315752e+02
1.340993377483443680e+02 1.338278145695364287e+02 1.205695364238410576e+02
1.340872483221476443e+02 1.337114093959731633e+02 1.203355704697986539e+02
1.335751633986928084e+02 1.334771241830065378e+02 1.199934640522875782e+02
1.332384105960264833e+02 1.338145695364238463e+02 1.202582781456953711e+02
1.333178807947019777e+02 1.340264900662251648e+02 1.208543046357615935e+02
1.337019867549668959e+02 1.339337748344370880e+02 1.212781456953642447e+02
1.340326797385620807e+02 1.342810457516339966e+02 1.208039215686274446e+02
1.337631578947368496e+02 1.344407894736842195e+02 1.205000000000000000e+02
1.341059602649006592e+02 1.344172185430463458e+02 1.213112582781457007e+02
1.336013071895424957e+02 1.345294117647058840e+02 1.210457516339869244e+02
1.336510067114093943e+02 1.345167785234899327e+02 1.208724832214765144e+02
1.337333333333333201e+02 1.347866666666666617e+02 1.208933333333333309e+02
1.340728476821192032e+02 1.348278145695364287e+02 1.212516556291390799e+02
1.345894039735099454e+02 1.347086092715231871e+02 1.212384105960264833e+02
1.354802631578947398e+02 1.350460526315789593e+02 1.210723684210526301e+02
1.357218543046357695e+02 1.351854304635761537e+02 1.209006622516556320e+02
1.356666666666666572e+02 1.353464052287581580e+02 1.210196078431372513e+02
1.354172185430463458e+02 1.354370860927152194e+02 1.209205298013245056e+02
1.352333333333333201e+02 1.356399999999999864e+02 1.211333333333333400e+02
1.354193548387096655e+02 1.350387096774193481e+02 1.214903225806451559e+02
1.356066666666666549e+02 1.350600000000000023e+02 1.214533333333333331e+02
1.355135135135135158e+02 1.356891891891891930e+02 1.216959459459459509e+02
1.355695364238410718e+02 1.348145695364238463e+02 1.211986754966887361e+02
1.354802631578947398e+02 1.347631578947368496e+02 1.220394736842105203e+02
1.355234899328858944e+02 1.348187919463087212e+02 1.220335570469798654e+02
1.356026490066225278e+02 1.348874172185430496e+02 1.217748344370860991e+02
1.357417218543046431e+02 1.349271523178807968e+02 1.220860927152317856e+02
1.353825503355704711e+02 1.347248322147650867e+02 1.216510067114093943e+02
1.352266666666666595e+02 1.346466666666666754e+02 1.215199999999999960e+02
1.351824324324324209e+02 1.341689189189189051e+02 1.215608108108108070e+02
1.352847682119205217e+02 1.341788079470198625e+02 1.217947019867549727e+02
1.354585987261146443e+02 1.339617834394904321e+02 1.217579617834394838e+02
1.352236842105263293e+02 1.339078947368421098e+02 1.222171052631578902e+02
1.349194630872483174e+02 1.341812080536912788e+02 1.224832214765100673e+02
1.349798657718120865e+02 1.344362416107382501e+02 1.226308724832214807e+02
1.351200000000000045e+02 1.344466666666666583e+02 1.225933333333333337e+02
1.352792207792207932e+02 1.347987012987013031e+02 1.225909090909090935e+02
1.351920529801324449e+02 1.350264900662251648e+02 1.225960264900662224e+02
1.356845637583892596e+02 1.348456375838926249e+02 1.229865771812080482e+02
1.364000000000000057e+02 1.343600000000000136e+02 1.225999999999999943e+02
1.363199999999999932e+02 1.344266666666666765e+02 1.224466666666666725e+02
1.361599999999999966e+02 1.343266666666666538e+02 1.232733333333333263e+02
1.361241830065359579e+02 1.340522875816993462e+02 1.225947712418300597e+02
1.368456375838926249e+02 1.341409395973154233e+02 1.224093959731543606e+02
1.364407894736842195e+02 1.340460526315789593e+02 1.221052631578947398e+02
1.365430463576159070e+02 1.337549668874172255e+02 1.221125827814569504e+02
1.364533333333333474e+02 1.338533333333333246e+02 1.220799999999999983e+02
1.370789473684210407e+02 1.336907894736842195e+02 1.221184210526315752e+02
1.370397350993377472e+02 1.332781456953642305e+02 1.218609271523178847e+02
1.374105960264900546e+02 1.334569536423840930e+02 1.219668874172185440e+02
1.374238410596026370e+02 1.331589403973509889e+02 1.220397350993377472e+02
1.376533333333333360e+02 1.333199999999999932e+02 1.219466666666666725e+02
1.378145695364238463e+02 1.332052980132450273e+02 1.217019867549668817e+02
1.378187919463087212e+02 1.331476510067114134e+02 1.221543624161073893e+02
1.375789473684210407e+02 1.327763157894736707e+02 1.218815789473684248e+02
1.381200000000000045e+02 1.323866666666666561e+02 1.219266666666666623e+02
1.377417218543046431e+02 1.324238410596026370e+02 1.219072847682119232e+02
1.378618421052631504e+02 1.318092105263157805e+02 1.219342105263157947e+02
1.376013513513513544e+02 1.317635135135135158e+02 1.222567567567567579e+02
1.378513513513513544e+02 1.320270270270270316e+02 1.224864864864864842e+02
1.374933333333333394e+02 1.315399999999999920e+02 1.223799999999999955e+02
1.376274509803921546e+02 1.314509803921568505e+02 1.219346405228758101e+02
1.377516778523489904e+02 1.316308724832214807e+02 1.220805369127516826e+02
1.379395973154362309e+02 1.317046979865771732e+02 1.219328859060402692e+02
1.379602649006622528e+02 1.321324503311258241e+02 1.215629139072847664e+02
1.378791946308724903e+02 1.316442953020134325e+02 1.213221476510067163e+02
1.374217687074829826e+02 1.314489795918367463e+02 1.211700680272108883e+02
1.373376623376623513e+02 1.313181818181818130e+02 1.212662337662337677e+02
1.374807692307692264e+02 1.311282051282051384e+02 1.210833333333333286e+02
1.373973509933774722e+02 1.309205298013245056e+02 1.209403973509933792e+02
1.377066666666666777e+02 1.307733333333333405e+02 1.212733333333333263e+02
1.375099337748344510e+02 1.311854304635761537e+02 1.212582781456953711e+02
1.374387096774193537e+02 1.310645161290322562e+02 1.216838709677419388e+02
1.372953020134228268e+02 1.313758389261745094e+02 1.216174496644295289e+02
1.373311258278145601e+02 1.316158940397351103e+02 1.215298013245033104e+02
1.370789473684210407e+02 1.314671052631578902e+02 1.215657894736842053e+02
1.375165562913907422e+02 1.314834437086092578e+02 1.218741721854304672e+02
1.376490066225165663e+02 1.315430463576159070e+02 1.216026490066225136e+02
1.373825503355704711e+02 1.311812080536912788e+02 1.213758389261744952e+02
1.369006622516556320e+02 1.313642384105960161e+02 1.211920529801324449e+02
1.362533333333333303e+02 1.312466666666666697e+02 1.213400000000000034e+02
1.367272727272727195e+02 1.312077922077922096e+02 1.210779220779220822e+02
1.366821192052980223e+02 1.314966887417218402e+02 1.213443708609271567e+02
1.361933333333333280e+02 1.318333333333333428e+02 1.215199999999999960e+02
1.361496598639455726e+02 1.316802721088435248e+02 1.217823129251700749e+02
1.356933333333333280e+02 1.317866666666666617e+02 1.216866666666666674e+02
1.355033112582781598e+02 1.319139072847682144e+02 1.223377483443708655e+02
1.357248322147650867e+02 1.323892617449664328e+02 1.220067114093959759e+02
1.355933333333333337e+02 1.322800000000000011e+02 1.217666666666666657e+02
1.357516339869281126e+02 1.328235294117646959e+02 1.223529411764705941e+02
1.359602649006622528e+02 1.329271523178807968e+02 1.227880794701986815e+02
1.357434210526315894e+02 1.325065789473684106e+02 1.229144736842105203e+02
1.357852348993288558e+02 1.324429530201342402e+02 1.223355704697986539e+02
1.364026845637583847e+02 1.324161073825503365e+02 1.220671140939597308e+02
1.364771241830065378e+02 1.326535947712418420e+02 1.215098039215686327e+02
1.364304635761589282e+02 1.326225165562914015e+02 1.212847682119205359e+02
1.361192052980132416e+02 1.326092715231788191e+02 1.212251655629139009e+02
1.361111111111111143e+02 1.326013071895424957e+02 1.208954248366013076e+02
1.360466666666666526e+02 1.322733333333333405e+02 1.208933333333333309e+02
1.366466666666666754e+02 1.326666666666666572e+02 1.205400000000000063e+02
1.372317880794701921e+02 1.330198675496688736e+02 1.204966887417218544e+02
1.374370860927152194e+02 1.335099337748344510e+02 1.199867549668874176e+02
1.375098039215686185e+02 1.332418300653594656e+02 1.194509803921568647e+02
1.370723684210526301e+02 1.329539473684210407e+02 1.194210526315789451e+02
1.368874172185430496e+02 1.331390728476821153e+02 1.194039735099337776e+02
1.371428571428571388e+02 1.332467532467532578e+02 1.195714285714285694e+02
1.371558441558441643e+02 1.333701298701298583e+02 1.192142857142857082e+02
1.373199999999999932e+02 1.332400000000000091e+02 1.193199999999999932e+02
1.367837837837837753e+02 1.325270270270270316e+02 1.191824324324324351e+02
1.365333333333333314e+02 1.323533333333333246e+02 1.192933333333333366e+02
1.368799999999999955e+02 1.321866666666666674e+02 1.189933333333333394e+02
1.367315436241610769e+02 1.324563758389261636e+02 1.188590604026845625e+02
1.366644295302013461e+02 1.329530201342281828e+02 1.186308724832214807e+02
1.368675496688741759e+02 1.326556291390728575e+02 1.191986754966887361e+02
1.362614379084967311e+02 1.325163398692810404e+02 1.193725490196078454e+02
1.360000000000000000e+02 1.328807947019867584e+02 1.194768211920529808e+02
1.363333333333333428e+02 1.332466666666666697e+02 1.194399999999999977e+02
1.359013157894736707e+02 1.336513157894736707e+02 1.195065789473684248e+02
1.368571428571428612e+02 1.335850340136054513e+02 1.196938775510204067e+02
1.370588235294117680e+02 1.337973856209150370e+02 1.191045751633986924e+02
1.370927152317880768e+02 1.335364238410596158e+02 1.191721854304635713e+02
1.373333333333333428e+02 1.338133333333333326e+02 1.193733333333333348e+02
1.373666666666666742e+02 1.337800000000000011e+02 1.197533333333333303e+02
1.374172185430463458e+02 1.333509933774834337e+02 1.197880794701986815e+02
1.373758389261745094e+02 1.334026845637583847e+02 1.197181208053691250e+02
1.371456953642384065e+02 1.331721854304635713e+02 1.192980132450331183e+02
1.373421052631578902e+02 1.338815789473684106e+02 1.190131578947368354e+02
1.374799999999999898e+02 1.336200000000000045e+02 1.191933333333333280e+02
1.380266666666666708e+02 1.334866666666666788e+02 1.196866666666666674e+02
1.378466666666666640e+02 1.339666666666666686e+02 1.192933333333333366e+02
1.378133333333333326e+02 1.338333333333333428e+02 1.192600000000000051e+02
1.374473684210526301e+02 1.337500000000000000e+02 1.194671052631578902e+02
1.378145695364238463e+02 1.337880794701986815e+02 1.197682119205298079e+02
1.380600000000000023e+02 1.340333333333333314e+02 1.194733333333333292e+02
1.378791946308724903e+02 1.340335570469798654e+02 1.196241610738255048e+02
1.380326797385620807e+02 1.343660130718954235e+02 1.194771241830065378e+02
1.375909090909090935e+02 1.345259740259740227e+02 1.199025974025974079e+02
1.374066666666666663e+02 1.348133333333333326e+02 1.199200000000000017e+02
1.371324503311258241e+02 1.352913907284768129e+02 1.200463576158940384e+02
1.372066666666666777e+02 1.351866666666666674e+02 1.202600000000000051e+02
1.368133333333333326e+02 1.352199999999999989e+02 1.203400000000000034e+02
1.366710526315789593e+02 1.349144736842105203e+02 1.200000000000000000e+02
1.365600000000000023e+02 1.344666666666666686e+02 1.202999999999999972e+02
1.362599999999999909e+02 1.345333333333333314e+02 1.202800000000000011e+02
1.359735099337748352e+02 1.342384105960264833e+02 1.202847682119205359e+02
1.358243243243243228e+02 1.339594594594594525e+02 1.206824324324324351e+02
1.355228758169934622e+02 1.339869281045751563e+02 1.207516339869280984e+02
1.350066666666666606e+02 1.336133333333333439e+02 1.207000000000000028e+02
1.349807692307692264e+02 1.339102564102564088e+02 1.202500000000000000e+02
1.351744966442952887e+02 1.340067114093959617e+02 1.204496644295302019e+02
1.352368421052631504e+02 1.334934210526315894e+02 1.200921052631578902e+02
1.348741721854304672e+02 1.334039735099337634e+02 1.202052980132450273e+02
1.348145695364238463e+02 1.330860927152317856e+02 1.202847682119205359e+02
1.348486842105263293e+02 1.329539473684210407e+02 1.206052631578947398e+02
1.346490066225165663e+02 1.327880794701986815e+02 1.208609271523178847e+02
1.349733333333333292e+02 1.331599999999999966e+02 1.206599999999999966e+02
1.350653594771241899e+02 1.328496732026143832e+02 1.205294117647058840e+02
1.346953642384106047e+02 1.328211920529801375e+02 1.205099337748344368e+02
1.345800000000000125e+02 1.322599999999999909e+02 1.208400000000000034e+02
1.346883116883116998e+02 1.324480519480519547e+02 1.213181818181818130e+02
1.342317880794701921e+02 1.322649006622516481e+02 1.212847682119205359e+02
1.346200000000000045e+02 1.326066666666666549e+02 1.211599999999999966e+02
1.347567567567567437e+02 1.332094594594594525e+02 1.216824324324324351e+02
1.346666666666666572e+02 1.333725490196078454e+02 1.212418300653594798e+02
1.351788079470198625e+02 1.333642384105960161e+02 1.212516556291390799e+02
1.351447368421052602e+02 1.334802631578947398e+02 1.211842105263157947e+02
1.344013157894736707e+02 1.331973684210526301e+02 1.210263157894736850e+02
1.342781456953642305e+02 1.334966887417218402e+02 1.212980132450331183e+02
1.339738562091503127e+02 1.331960784313725412e+02 1.214575163398692865e+02
1.337763157894736707e+02 1.329736842105263293e+02 1.212500000000000000e+02
1.335526315789473699e+02 1.329539473684210407e+02 1.210921052631578902e+02
1.335600000000000023e+02 1.331599999999999966e+02 1.209200000000000017e+02
1.332251655629139009e+02 1.330927152317880768e+02 1.203112582781457007e+02
1.335032679738561967e+02 1.324967320261438033e+02 1.206405228758169983e+02
1.337133333333333383e+02 1.324933333333333394e+02 1.207533333333333303e+02
1.338600000000000136e+02 1.323866666666666561e+02 1.207733333333333263e+02
1.337058823529411882e+02 1.321176470588235361e+02 1.207189542483660176e+02
1.339150326797385731e+02 1.322026143790849630e+02 1.206535947712418277e+02
1.336554054054054177e+02 1.323716216216216139e+02 1.205000000000000000e+02
1.337919463087248459e+02 1.328791946308724903e+02 1.210469798657718172e+02
1.342418300653594656e+02 1.328823529411764639e+02 1.214575163398692865e+02
1.342679738562091529e+02 1.328758169934640421e+02 1.214117647058823479e+02
1.338476821192053023e+02 1.329337748344370880e+02 1.212649006622516623e+02
1.341558441558441643e+02 1.330064935064935128e+02 1.213051948051948017e+02
1.341333333333333258e+02 1.323199999999999932e+02 1.213333333333333286e+02
1.338859060402684520e+02 1.322953020134228268e+02 1.215234899328859086e+02
1.337051282051282044e+02 1.320064102564102484e+02 1.218653846153846132e+02
1.333087248322147786e+02 1.319395973154362309e+02 1.218389261744966490e+02
1.332818791946308750e+02 1.315704697986577116e+02 1.216644295302013461e+02
1.336462585034013557e+02 1.316938775510204209e+02 1.217414965986394577e+02
1.339072847682119232e+02 1.315562913907284894e+02 1.221059602649006592e+02
1.339337748344370880e+02 1.315695364238410718e+02 1.222582781456953711e+02
1.345364238410596158e+02 1.319602649006622528e+02 1.227152317880794641e+02
1.345933333333333337e+02 1.323866666666666561e+02 1.228733333333333348e+02
1.350328947368421098e+02 1.323618421052631504e+02 1.224868421052631646e+02
1.348807947019867584e+02 1.322317880794701921e+02 1.222317880794701921e+02
1.352516556291390657e+02 1.327218543046357695e+02 1.217417218543046289e+02
1.347266666666666595e+02 1.326866666666666674e+02 1.213066666666666720e+02
1.345228758169934622e+02 1.327058823529411882e+02 1.213006535947712479e+02
1.342781456953642305e+02 1.319271523178807968e+02 1.214503311258278160e+02
1.343225806451612812e+02 1.317161290322580669e+02 1.214709677419354819e+02
1.344701986754966754e+02 1.317350993377483519e+02 1.215827814569536400e+02
1.343046357615893953e+02 1.319933774834437088e+02 1.209072847682119232e+02
1.341118421052631504e+02 1.319539473684210407e+02 1.212828947368421098e+02
1.337421383647798621e+02 1.321257861635220081e+02 1.216603773584905639e+02
1.336845637583892596e+02 1.317785234899328941e+02 1.218859060402684520e+02
1.342171052631578902e+02 1.314802631578947398e+02 1.218618421052631646e+02
1.344799999999999898e+02 1.312599999999999909e+02 1.220733333333333377e+02
1.341920529801324449e+02 1.307549668874172255e+02 1.220529801324503296e+02
1.340666666666666629e+02 1.305800000000000125e+02 1.216666666666666714e+02
1.345202702702702595e+02 1.303445945945945823e+02 1.218648648648648702e+02
1.342585034013605423e+02 1.297823129251700607e+02 1.218367346938775455e+02
1.343892617449664328e+02 1.296107382550335672e+02 1.220536912751677789e+02
1.341699346405228823e+02 1.292679738562091529e+02 1.216862745098039227e+02
1.339480519480519547e+02 1.291038961038960906e+02 1.212857142857142918e+02
1.340794701986754944e+02 1.294834437086092578e+02 1.215695364238410576e+02
1.340263157894736707e+02 1.291447368421052602e+02 1.215526315789473699e+02
1.340134228187919518e+02 1.290805369127516826e+02 1.213758389261744952e+02
1.339006622516556320e+02 1.289403973509933792e+02 1.214172185430463600e+02
1.343866666666666561e+02 1.288333333333333428e+02 1.218333333333333286e+02
1.347450980392156907e+02 1.285032679738561967e+02 1.220392156862745168e+02
1.345695364238410718e+02 1.285827814569536542e+02 1.223046357615894095e+02
1.345333333333333314e+02 1.278933333333333309e+02 1.229466666666666725e+02
1.345933333333333337e+02 1.276066666666666691e+02 1.226466666666666612e+02
1.345133333333333212e+02 1.272333333333333343e+02 1.218066666666666720e+02
1.348235294117646959e+02 1.272287581699346362e+02 1.215555555555555571e+02
1.352617449664429614e+02 1.272751677852348990e+02 1.213422818791946298e+02
1.351390728476821153e+02 1.269668874172185440e+02 1.214503311258278160e+02
1.350671140939597308e+02 1.270738255033557067e+02 1.215436241610738222e+02
1.348741721854304672e+02 1.272450331125827745e+02 1.211258278145695328e+02
1.348278145695364287e+02 1.272119205298013185e+02 1.209072847682119232e+02
1.346466666666666754e+02 1.268199999999999932e+02 1.207066666666666634e+02
1.352582781456953569e+02 1.268675496688741759e+02 1.208410596026490111e+02
1.349459459459459367e+02 1.263581081081081123e+02 1.208986486486486456e+02
1.353733333333333348e+02 1.260999999999999943e+02 1.207733333333333263e+02
1.358741721854304672e+02 1.261721854304635713e+02 1.206556291390728433e+02
1.357152317880794783e+02 1.261721854304635713e+02 1.210331125827814560e+02
1.356133333333333439e+02 1.263266666666666680e+02 1.210999999999999943e+02
1.355592105263157805e+02 1.265986842105263150e+02 1.210460526315789451e+02
1.356490066225165663e+02 1.268874172185430496e+02 1.207284768211920465e+02
1.357500000000000000e+02 1.267500000000000000e+02 1.210657894736842053e+02
1.360921052631578902e+02 1.271710526315789451e+02 1.209210526315789451e+02
1.359868421052631504e+02 1.275131578947368354e+02 1.207828947368421098e+02
1.357599999999999909e+02 1.274933333333333394e+02 1.205866666666666731e+02
1.359545454545454675e+02 1.277272727272727337e+02 1.204740259740259773e+02
1.356578947368421098e+02 1.277828947368421098e+02 1.206118421052631646e+02
1.357199999999999989e+02 1.276733333333333320e+02 1.204066666666666663e+02
1.363311688311688386e+02 1.273246753246753258e+02 1.205974025974025921e+02
1.362733333333333405e+02 1.278866666666666703e+02 1.207933333333333366e+02
1.368618421052631504e+02 1.281644736842105203e+02 1.207302631578947398e+02
1.367315436241610769e+02 1.277449664429530145e+02 1.207315436241610769e+02
1.363466666666666640e+02 1.273333333333333286e+02 1.203733333333333348e+02
1.364966887417218402e+02 1.275364238410596016e+02 1.199470198675496704e+02
1.370198675496688736e+02 1.275099337748344368e+02 1.199867549668874176e+02
1.365231788079470334e+02 1.280463576158940384e+02 1.199337748344370880e+02
1.363907284768211809e+02 1.282582781456953569e+02 1.196622516556291345e+02
1.362185430463576097e+02 1.282715231788079393e+02 1.191986754966887361e+02
1.366733333333333462e+02 1.282866666666666617e+02 1.185999999999999943e+02
1.364834437086092578e+02 1.279139072847682144e+02 1.189470198675496704e+02
1.372922077922077904e+02 1.276363636363636402e+02 1.182792207792207790e+02
1.374697986577181155e+02 1.275973154362416153e+02 1.184630872483221538e+02
1.378255033557047113e+02 1.275771812080536876e+02 1.183422818791946298e+02
1.375882352941176521e+02 1.278235294117647101e+02 1.180653594771241899e+02
1.374563758389261636e+02 1.277651006711409423e+02 1.185100671140939568e+02
1.377697368421052602e+02 1.285000000000000000e+02 1.185394736842105203e+02
1.381986754966887361e+02 1.282847682119205217e+02 1.183311258278145743e+02
1.382466666666666697e+02 1.282199999999999989e+02 1.184399999999999977e+02
1.385960264900662366e+02 1.280198675496688736e+02 1.180794701986754944e+02
1.386754966887417311e+02 1.277417218543046289e+02 1.180993377483443680e+02
1.387599999999999909e+02 1.278133333333333326e+02 1.181333333333333400e+02
1.383157894736842195e+02 1.278618421052631646e+02 1.183750000000000000e+02
1.386470588235294201e+02 1.275947712418300597e+02 1.179869281045751563e+02
1.388000000000000114e+02 1.276666666666666714e+02 1.180733333333333377e+02
1.388733333333333348e+02 1.275333333333333314e+02 1.180600000000000023e+02
1.391699346405228823e+02 1.274640522875816941e+02 1.181372549019607874e+02
1.393483870967741893e+02 1.270774193548387103e+02 1.184516129032258078e+02
1.393333333333333428e+02 1.271466666666666612e+02 1.183533333333333388e+02
1.394765100671141056e+02 1.271073825503355721e+02 1.185033557046979809e+02
1.389615384615384528e+02 1.271923076923076934e+02 1.186089743589743648e+02
1.389139072847682144e+02 1.270794701986754944e+02 1.184834437086092720e+02
1.386038961038960906e+02 1.269025974025974079e+02 1.184675324675324646e+02
1.382052980132450273e+02 1.269006622516556320e+02 1.186556291390728433e+02
1.382500000000000000e+02 1.270878378378378386e+02 1.188986486486486456e+02
1.382352941176470722e+02 1.267189542483660176e+02 1.187908496732026151e+02
1.380533333333333417e+02 1.266066666666666691e+02 1.187533333333333303e+02
1.379736842105263293e+02 1.268684210526315752e+02 1.183223684210526301e+02
1.377947019867549727e+02 1.270596026490066208e+02 1.182251655629139009e+02
1.374640522875816941e+02 1.270000000000000000e+02 1.184771241830065378e+02
1.376381578947368496e+02 1.264013157894736850e+02 1.181513157894736850e+02
1.380600000000000023e+02 1.262399999999999949e+02 1.185866666666666731e+02
1.383856209150326890e+02 1.263986928104575185e+02 1.189215686274509807e+02
1.387236842105263293e+02 1.268026315789473699e+02 1.190131578947368354e+02
1.390133333333333212e+02 1.271266666666666652e+02 1.191866666666666674e+02
1.386622516556291487e+02 1.273907284768211952e+02 1.200198675496688736e+02
1.396447368421052602e+02 1.273947368421052602e+02 1.197368421052631646e+02
1.399121621621621614e+02 1.272837837837837895e+02 1.195472972972972912e+02
1.407417218543046431e+02 1.270860927152317856e+02 1.196357615894039697e+02
1.405337837837837753e+02 1.268513513513513544e+02 1.197567567567567579e+02
1.406622516556291487e+02 1.269933774834437088e+02 1.197549668874172255e+02
1.405436241610738364e+02 1.268120805369127453e+02 1.193624161073825434e+02
1.407096774193548470e+02 1.262645161290322591e+02 1.190580645161290363e+02
1.408666666666666742e+02 1.264800000000000040e+02 1.187333333333333343e+02
1.405298013245033246e+02 1.264569536423841072e+02 1.187417218543046289e+02
1.408255033557047113e+02 1.272013422818791923e+02 1.181409395973154375e+02
1.408223684210526301e+02 1.270921052631578902e+02 1.181513157894736850e+02
1.409743589743589780e+02 1.265512820512820582e+02 1.181474358974358978e+02
1.407748344370860991e+02 1.264569536423841072e+02 1.180198675496688736e+02
1.406291390728476927e+02 1.264635761589403984e+02 1.180331125827814560e+02
1.405364238410596158e+02 1.271125827814569504e+02 1.177947019867549727e+02
1.404900662251655490e+02 1.272450331125827745e+02 1.178344370860927199e+02
1.403071895424836555e+02 1.273137254901960773e+02 1.182745098039215748e+02
1.399729729729729684e+02 1.272702702702702737e+02 1.186554054054054035e+02
1.397763157894736707e+02 1.274210526315789451e+02 1.188618421052631646e+02
1.394437086092715106e+02 1.274701986754966896e+02 1.189006622516556320e+02
1.388013245033112639e+02 1.276026490066225136e+02 1.191192052980132416e+02
1.389668874172185440e+02 1.274437086092715248e+02 1.190463576158940384e+02
