1.274569536423841072e+02 1.285099337748344510e+02 1.277417218543046289e+02
1.272933333333333366e+02 1.285466666666666526e+02 1.279333333333333371e+02
1.272847682119205359e+02 1.289470198675496704e+02 1.278476821192053023e+02
1.272733333333333263e+02 1.292333333333333201e+02 1.277000000000000028e+02
1.274172185430463600e+02 1.292317880794701921e+02 1.274370860927152336e+02
1.274429530201342260e+02 1.292483221476510096e+02 1.274899328859060432e+02
1.273618421052631646e+02 1.290986842105263293e+02 1.275526315789473699e+02
1.271533333333333360e+02 1.289799999999999898e+02 1.273133333333333326e+02
1.271066666666666691e+02 1.289866666666666788e+02 1.274466666666666725e+02
1.267785234899328799e+02 1.290805369127516826e+02 1.273691275167785193e+02
1.266040268456375770e+02 1.292147651006711442e+02 1.270536912751677789e+02
1.267960526315789451e+02 1.289868421052631504e+02 1.271118421052631646e+02
1.269391891891891930e+02 1.289054054054054177e+02 1.271554054054054035e+02
1.271466666666666612e+02 1.289399999999999977e+02 1.268933333333333309e+02
1.269602649006622528e+02 1.288344370860927199e+02 1.267682119205298079e+02
1.266577181208053702e+02 1.287651006711409423e+02 1.272080536912751683e+02
1.267947019867549727e+02 1.285430463576159070e+02 1.271589403973509889e+02
1.271589403973509889e+02 1.284437086092715106e+02 1.271523178807946977e+02
1.268410596026490111e+02 1.284834437086092578e+02 1.271523178807946977e+02
1.269133333333333269e+02 1.286466666666666754e+02 1.269333333333333371e+02
1.268278145695364287e+02 1.287152317880794783e+02 1.274701986754966896e+02
1.267385620915032689e+02 1.287450980392156907e+02 1.273986928104575185e+02
1.269000000000000057e+02 1.285600000000000023e+02 1.272600000000000051e+02
1.268799999999999955e+02 1.284000000000000057e+02 1.273933333333333309e+02
1.269666666666666686e+02 1.282800000000000011e+02 1.271400000000000006e+02
1.268199999999999932e+02 1.282466666666666697e+02 1.270266666666666708e+02
1.268657718120805384e+02 1.282147651006711442e+02 1.268993288590604038e+02
1.267866666666666617e+02 1.280399999999999920e+02 1.267933333333333366e+02
1.269395973154362451e+02 1.282348993288590577e+02 1.265436241610738222e+02
1.270799999999999983e+02 1.280133333333333212e+02 1.268400000000000034e+02
1.265733333333333377e+02 1.280266666666666708e+02 1.270799999999999983e+02
1.267466666666666697e+02 1.279066666666666663e+02 1.271333333333333400e+02
1.268859060402684520e+02 1.280738255033556925e+02 1.272751677852348990e+02
1.268543046357615935e+02 1.279205298013245056e+02 1.272980132450331183e+02
1.267651006711409423e+02 1.279127516778523557e+02 1.270738255033557067e+02
1.269333333333333371e+02 1.276733333333333320e+02 1.274200000000000017e+02
1.269200000000000017e+02 1.274066666666666663e+02 1.274333333333333371e+02
1.270331125827814560e+02 1.274569536423841072e+02 1.275761589403973488e+02
1.268609271523178847e+02 1.273774834437086128e+02 1.276688741721854257e+02
1.271476510067114134e+02 1.272013422818791923e+02 1.279597315436241587e+02
1.268799999999999955e+02 1.271066666666666691e+02 1.277066666666666634e+02
1.269271523178807968e+02 1.272715231788079535e+02 1.277880794701986815e+02
1.270872483221476443e+02 1.272885906040268509e+02 1.272953020134228126e+02
1.273066666666666720e+02 1.271333333333333400e+02 1.274533333333333331e+02
1.274800000000000040e+02 1.270933333333333337e+02 1.277600000000000051e+02
1.275369127516778462e+02 1.268993288590604038e+02 1.273624161073825434e+02
1.274172185430463600e+02 1.265629139072847664e+02 1.274569536423841072e+02
1.272953020134228126e+02 1.266979865771812115e+02 1.273154362416107404e+02
1.272567567567567579e+02 1.265945945945945965e+02 1.270067567567567579e+02
1.272147651006711442e+02 1.267583892617449663e+02 1.270872483221476443e+02
1.274066666666666663e+02 1.267266666666666737e+02 1.269133333333333269e+02
1.274834437086092720e+02 1.266092715231788048e+02 1.269933774834437088e+02
1.274671052631578902e+02 1.267500000000000000e+02 1.272302631578947398e+02
1.276133333333333297e+02 1.267733333333333263e+02 1.274133333333333269e+02
1.275000000000000000e+02 1.265933333333333337e+02 1.275466666666666669e+02
1.275165562913907280e+02 1.264834437086092720e+02 1.273708609271523216e+02
1.274635761589403984e+02 1.261854304635761537e+02 1.271192052980132416e+02
1.272582781456953711e+02 1.260794701986754944e+02 1.272185430463576097e+02
1.272080536912751683e+02 1.262013422818791923e+02 1.274563758389261778e+02
1.272266666666666737e+02 1.261066666666666691e+02 1.271599999999999966e+02
1.271192052980132416e+02 1.259867549668874176e+02 1.271589403973509889e+02
1.268133333333333326e+02 1.260133333333333354e+02 1.275066666666666606e+02
1.267999999999999972e+02 1.258133333333333326e+02 1.273733333333333348e+02
1.267999999999999972e+02 1.258066666666666720e+02 1.274399999999999977e+02
1.269800000000000040e+02 1.257399999999999949e+02 1.272533333333333303e+02
1.268926174496644279e+02 1.256778523489932837e+02 1.275234899328859086e+02
1.270199999999999960e+02 1.256466666666666612e+02 1.277866666666666617e+02
1.271800000000000068e+02 1.254666666666666686e+02 1.279266666666666623e+02
1.270993377483443680e+02 1.255430463576158928e+02 1.281059602649006592e+02
1.273618421052631646e+02 1.253486842105263150e+02 1.279605263157894797e+02
1.274697986577181155e+02 1.252416107382550337e+02 1.281140939597315480e+02
1.275165562913907280e+02 1.253774834437086128e+02 1.281523178807946977e+02
1.273311258278145743e+02 1.255695364238410576e+02 1.280596026490066208e+02
1.274105960264900688e+02 1.254966887417218544e+02 1.280132450331125824e+02
1.272333333333333343e+02 1.253199999999999932e+02 1.280533333333333417e+02
1.270522875816993462e+02 1.251241830065359437e+02 1.279150326797385588e+02
1.269194630872483174e+02 1.251073825503355721e+02 1.279798657718120865e+02
1.269536423841059616e+02 1.250860927152317856e+02 1.279602649006622528e+02
1.267567567567567579e+02 1.249527027027027088e+02 1.280405405405405475e+02
1.267999999999999972e+02 1.250133333333333354e+02 1.277933333333333366e+02
1.267999999999999972e+02 1.252199999999999989e+02 1.278266666666666680e+02
1.269261744966442933e+02 1.250201342281879135e+02 1.281275167785234999e+02
1.269666666666666686e+02 1.252266666666666737e+02 1.281066666666666549e+02
1.269466666666666725e+02 1.252000000000000028e+02 1.282733333333333405e+02
1.273733333333333348e+02 1.253333333333333286e+02 1.285466666666666526e+02
1.273245033112582831e+02 1.255033112582781456e+02 1.285695364238410718e+02
1.277086092715231729e+02 1.252715231788079535e+02 1.284370860927152194e+02
1.275866666666666731e+02 1.251333333333333400e+02 1.283600000000000136e+02
1.279533333333333331e+02 1.248599999999999994e+02 1.283866666666666561e+02
1.277549668874172255e+02 1.250198675496688736e+02 1.286225165562914015e+02
1.277133333333333383e+02 1.251666666666666714e+02 1.283866666666666561e+02
1.278874172185430496e+02 1.252052980132450273e+02 1.285562913907284894e+02
1.281192052980132416e+02 1.249867549668874176e+02 1.283907284768211809e+02
1.277417218543046289e+02 1.253708609271523216e+02 1.283046357615893953e+02
1.278066666666666720e+02 1.250133333333333354e+02 1.281999999999999886e+02
1.279266666666666623e+02 1.252133333333333383e+02 1.281466666666666754e+02
1.277133333333333383e+02 1.251400000000000006e+02 1.282266666666666595e+02
1.277500000000000000e+02 1.251081081081081123e+02 1.283040540540540633e+02
1.278993288590604038e+02 1.251946308724832164e+02 1.284630872483221538e+02
1.281946308724832306e+02 1.251677852348993270e+02 1.286912751677852214e+02
1.279281045751634025e+02 1.248692810457516345e+02 1.283986928104575043e+02
1.278266666666666680e+02 1.251466666666666612e+02 1.285000000000000000e+02
1.276200000000000045e+02 1.250133333333333354e+02 1.284000000000000057e+02
1.277999999999999972e+02 1.247266666666666737e+02 1.283133333333333326e+02
1.277933333333333366e+02 1.247600000000000051e+02 1.282066666666666777e+02
1.277999999999999972e+02 1.248333333333333286e+02 1.283666666666666742e+02
1.279463087248322211e+02 1.249463087248322211e+02 1.285302013422818845e+02
1.277133333333333383e+02 1.245400000000000063e+02 1.280733333333333235e+02
1.278079470198675551e+02 1.244304635761589424e+02 1.282052980132450273e+02
1.277181208053691250e+02 1.246644295302013461e+02 1.281812080536912788e+02
1.277171052631578902e+02 1.248486842105263150e+02 1.280197368421052602e+02
1.276158940397350960e+02 1.246754966887417169e+02 1.279006622516556320e+02
1.276405228758169983e+02 1.247516339869280984e+02 1.278562091503267908e+02
1.276200000000000045e+02 1.247000000000000028e+02 1.278933333333333309e+02
1.275369127516778462e+02 1.248389261744966490e+02 1.277986577181208077e+02
1.276133333333333297e+02 1.247266666666666737e+02 1.277066666666666634e+02
1.276776315789473699e+02 1.247697368421052602e+02 1.276973684210526301e+02
1.277066666666666634e+02 1.247600000000000051e+02 1.275333333333333314e+02
1.276333333333333400e+02 1.247066666666666634e+02 1.278733333333333348e+02
1.275197368421052602e+02 1.243618421052631646e+02 1.276381578947368354e+02
1.273933333333333309e+02 1.243866666666666703e+02 1.276066666666666691e+02
1.272281879194630818e+02 1.244832214765100673e+02 1.273624161073825434e+02
1.272894736842105203e+02 1.245000000000000000e+02 1.274473684210526301e+02
1.270264900662251648e+02 1.246092715231788048e+02 1.273311258278145743e+02
1.265066666666666606e+02 1.242800000000000011e+02 1.270600000000000023e+02
1.264666666666666544e+02 1.240733333333333377e+02 1.270733333333333377e+02
1.263378378378378386e+02 1.239256756756756772e+02 1.269797297297297263e+02
1.264121621621621614e+02 1.239729729729729826e+02 1.272162162162162105e+02
1.261066666666666691e+02 1.244533333333333331e+02 1.273733333333333348e+02
1.263841059602649040e+02 1.245430463576158928e+02 1.275960264900662224e+02
1.262800000000000011e+02 1.244133333333333269e+02 1.275666666666666629e+02
1.266315789473684248e+02 1.240263157894736850e+02 1.272434210526315752e+02
1.265637583892617499e+02 1.237986577181208077e+02 1.273825503355704711e+02
1.264399999999999977e+02 1.241266666666666652e+02 1.272133333333333383e+02
1.262751677852348990e+02 1.238993288590604038e+02 1.271006711409395962e+02
1.261973684210526301e+02 1.239210526315789451e+02 1.270723684210526301e+02
1.258874172185430496e+02 1.242119205298013185e+02 1.272847682119205359e+02
1.260728476821192032e+02 1.239536423841059616e+02 1.273774834437086128e+02
1.261133333333333297e+02 1.239733333333333292e+02 1.273400000000000034e+02
1.257039473684210549e+02 1.240986842105263150e+02 1.273421052631578902e+02
1.256733333333333320e+02 1.243933333333333309e+02 1.272533333333333303e+02
1.257199999999999989e+02 1.247600000000000051e+02 1.275266666666666708e+02
1.256644295302013461e+02 1.247651006711409423e+02 1.276510067114093943e+02
1.254105960264900688e+02 1.246821192052980081e+02 1.280066225165562912e+02
1.255960264900662224e+02 1.241523178807946977e+02 1.281125827814569504e+02
1.256133333333333297e+02 1.240666666666666629e+02 1.278066666666666720e+02
1.255933333333333337e+02 1.242066666666666634e+02 1.277466666666666697e+02
1.253758389261744952e+02 1.242013422818791923e+02 1.278053691275167836e+02
1.253576158940397391e+02 1.241523178807946977e+02 1.275562913907284752e+02
1.256225165562913872e+02 1.241324503311258241e+02 1.275695364238410576e+02
1.256578947368421098e+02 1.241513157894736850e+02 1.275921052631578902e+02
1.258026315789473699e+02 1.240065789473684248e+02 1.274802631578947398e+02
1.256333333333333400e+02 1.238400000000000034e+02 1.275466666666666669e+02
1.255866666666666731e+02 1.237199999999999989e+02 1.277666666666666657e+02
1.257399999999999949e+02 1.235799999999999983e+02 1.279333333333333371e+02
1.259139072847682144e+02 1.233509933774834479e+02 1.281059602649006592e+02
1.258599999999999994e+02 1.231466666666666612e+02 1.275933333333333337e+02
1.258266666666666680e+02 1.231533333333333360e+02 1.277533333333333303e+02
1.259798657718120865e+02 1.231140939597315480e+02 1.277785234899328799e+02
1.258799999999999955e+02 1.232000000000000028e+02 1.281333333333333258e+02
1.258079470198675551e+02 1.230529801324503296e+02 1.279139072847682144e+02
1.260132450331125824e+02 1.230529801324503296e+02 1.279536423841059616e+02
1.260066225165562912e+02 1.230794701986754944e+02 1.279271523178807968e+02
1.260662251655629120e+02 1.229735099337748352e+02 1.277019867549668817e+02
1.259866666666666646e+02 1.227999999999999972e+02 1.277399999999999949e+02
1.259868421052631646e+02 1.227434210526315752e+02 1.275065789473684248e+02
1.259399999999999977e+02 1.227600000000000051e+02 1.277466666666666697e+02
1.263040540540540633e+02 1.229662162162162247e+02 1.278648648648648702e+02
1.268322147651006730e+02 1.230134228187919518e+02 1.277315436241610769e+02
1.267933333333333366e+02 1.230666666666666629e+02 1.274933333333333394e+02
1.269328859060402692e+02 1.233355704697986539e+02 1.273422818791946298e+02
1.271677852348993270e+02 1.232483221476509954e+02 1.272214765100671201e+02
1.269261744966442933e+02 1.234429530201342402e+02 1.270671140939597308e+02
1.271666666666666572e+02 1.232000000000000028e+02 1.269200000000000017e+02
1.273154362416107404e+02 1.233020134228187885e+02 1.266912751677852356e+02
1.273175675675675791e+02 1.231351351351351298e+02 1.265878378378378386e+02
1.272162162162162105e+02 1.229459459459459509e+02 1.266351351351351298e+02
1.273288590604026780e+02 1.231342281879194758e+02 1.265570469798657740e+02
1.272649006622516623e+02 1.230331125827814560e+02 1.267417218543046431e+02
1.272297297297297263e+02 1.231959459459459367e+02 1.264662162162162247e+02
1.270134228187919518e+02 1.234295302013422742e+02 1.265369127516778605e+02
1.272297297297297263e+02 1.232500000000000000e+02 1.267094594594594525e+02
1.270884353741496682e+02 1.233333333333333286e+02 1.264897959183673493e+02
1.271258278145695328e+02 1.236622516556291345e+02 1.262052980132450415e+02
1.271192052980132416e+02 1.236026490066225136e+02 1.265496688741721840e+02
1.270466666666666669e+02 1.237533333333333303e+02 1.266533333333333360e+02
1.270604026845637691e+02 1.234899328859060290e+02 1.265570469798657740e+02
1.271275167785234999e+02 1.232684563758389231e+02 1.264697986577181297e+02
1.271946308724832306e+02 1.231610738255033510e+02 1.264362416107382501e+02
1.270945945945945965e+02 1.233648648648648702e+02 1.268108108108108212e+02
1.270733333333333235e+02 1.234266666666666623e+02 1.269066666666666663e+02
1.270466666666666669e+02 1.235666666666666629e+02 1.266733333333333462e+02
1.271006711409395962e+02 1.233087248322147644e+02 1.263959731543624088e+02
1.271812080536912788e+02 1.229395973154362309e+02 1.264228187919463124e+02
1.273310810810810807e+02 1.231554054054054035e+02 1.264391891891891930e+02
1.270933333333333337e+02 1.230799999999999983e+02 1.266066666666666549e+02
1.270400000000000063e+02 1.231133333333333297e+02 1.263933333333333309e+02
1.270810810810810807e+02 1.231216216216216139e+02 1.266554054054054035e+02
1.269000000000000057e+02 1.231200000000000045e+02 1.265799999999999983e+02
1.269599999999999937e+02 1.230799999999999983e+02 1.265066666666666606e+02
1.269729729729729684e+02 1.230270270270270316e+02 1.266621621621621614e+02
1.267516778523489904e+02 1.231140939597315480e+02 1.263624161073825434e+02
1.268289473684210549e+02 1.232763157894736850e+02 1.264144736842105203e+02
1.271200000000000045e+02 1.230533333333333275e+02 1.265000000000000000e+02
1.270855263157894797e+02 1.229868421052631646e+02 1.264605263157894797e+02
1.269470198675496704e+02 1.228476821192053023e+02 1.263973509933774864e+02
1.269337748344370880e+02 1.228807947019867584e+02 1.262649006622516623e+02
1.273489932885906057e+02 1.228657718120805384e+02 1.263825503355704711e+02
1.275600000000000023e+02 1.227933333333333366e+02 1.260799999999999983e+02
1.276887417218542993e+02 1.227814569536423903e+02 1.261390728476821153e+02
1.277399999999999949e+02 1.226866666666666674e+02 1.260266666666666708e+02
1.279194630872483174e+02 1.226912751677852356e+02 1.259261744966442933e+02
1.283112582781456865e+02 1.226953642384105905e+02 1.259668874172185440e+02
1.283708609271523073e+02 1.228145695364238463e+02 1.261721854304635713e+02
1.286052631578947398e+02 1.230394736842105203e+02 1.261381578947368354e+02
1.286274509803921546e+02 1.228954248366013076e+02 1.261960784313725554e+02
1.288333333333333428e+02 1.227266666666666737e+02 1.262266666666666737e+02
1.285960264900662366e+02 1.224172185430463600e+02 1.259933774834437088e+02
1.287533333333333303e+02 1.227399999999999949e+02 1.255733333333333377e+02
1.287733333333333405e+02 1.225333333333333314e+02 1.256066666666666691e+02
1.287533333333333303e+02 1.227800000000000011e+02 1.254666666666666686e+02
1.286711409395973078e+02 1.225973154362416153e+02 1.254228187919463124e+02
1.284868421052631504e+02 1.224868421052631646e+02 1.254407894736842053e+02
1.287814569536423903e+02 1.225629139072847664e+02 1.255231788079470192e+02
1.285430463576159070e+02 1.225894039735099312e+02 1.254503311258278160e+02
1.288410596026490111e+02 1.225761589403973488e+02 1.260000000000000000e+02
1.286308724832214807e+02 1.224429530201342260e+02 1.257248322147651010e+02
1.288523489932885866e+02 1.227382550335570528e+02 1.255570469798657740e+02
1.289189189189189051e+02 1.223918918918918877e+02 1.256081081081081123e+02
1.286959459459459367e+02 1.221148648648648702e+02 1.252972972972972912e+02
1.287248322147650867e+02 1.222147651006711442e+02 1.254362416107382501e+02
1.286912751677852214e+02 1.219530201342281828e+02 1.251275167785234856e+02
1.284933333333333394e+02 1.220199999999999960e+02 1.249933333333333394e+02
1.284900662251655490e+02 1.219801324503311264e+02 1.251986754966887361e+02
1.283178807947019777e+02 1.220000000000000000e+02 1.249602649006622528e+02
1.282617449664429614e+02 1.221140939597315480e+02 1.249865771812080482e+02
1.284503311258278018e+02 1.220596026490066208e+02 1.250662251655629120e+02
1.282251655629139009e+02 1.218410596026490111e+02 1.250596026490066208e+02
1.285197368421052602e+02 1.217763157894736850e+02 1.252894736842105203e+02
1.282781456953642305e+02 1.217350993377483377e+02 1.252516556291390799e+02
1.281447368421052602e+02 1.217105263157894797e+02 1.252828947368421098e+02
1.281999999999999886e+02 1.215733333333333377e+02 1.255466666666666669e+02
1.283000000000000114e+02 1.217533333333333303e+02 1.254000000000000057e+02
1.284630872483221538e+02 1.217785234899328799e+02 1.255906040268456394e+02
1.283509933774834337e+02 1.218609271523178847e+02 1.255827814569536400e+02
1.282666666666666799e+02 1.218533333333333388e+02 1.256733333333333320e+02
1.284026845637583847e+02 1.216241610738255048e+02 1.257114093959731491e+02
1.284600000000000080e+02 1.215066666666666606e+02 1.256533333333333360e+02
1.287682119205298079e+02 1.217483443708609201e+02 1.259271523178807968e+02
1.288600000000000136e+02 1.220666666666666629e+02 1.260266666666666708e+02
1.287933333333333223e+02 1.219466666666666725e+02 1.260400000000000063e+02
1.287516778523489904e+02 1.217785234899328799e+02 1.260536912751677789e+02
1.287549668874172255e+02 1.214370860927152336e+02 1.262847682119205359e+02
1.285800000000000125e+02 1.214000000000000057e+02 1.261066666666666691e+02
1.287933333333333223e+02 1.214000000000000057e+02 1.264133333333333269e+02
1.284733333333333292e+02 1.211800000000000068e+02 1.263866666666666703e+02
1.285933333333333337e+02 1.213599999999999994e+02 1.267066666666666634e+02
1.286800000000000068e+02 1.216333333333333400e+02 1.270999999999999943e+02
1.290331125827814560e+02 1.216754966887417169e+02 1.269403973509933792e+02
1.291589403973509889e+02 1.215099337748344368e+02 1.267086092715231729e+02
1.293666666666666742e+02 1.218533333333333388e+02 1.266599999999999966e+02
1.293199999999999932e+02 1.216866666666666674e+02 1.267199999999999989e+02
1.296622516556291487e+02 1.218807947019867584e+02 1.266092715231788048e+02
1.296912751677852214e+02 1.219127516778523557e+02 1.266375838926174566e+02
1.294304635761589282e+02 1.214569536423841072e+02 1.266423841059602609e+02
1.293133333333333326e+02 1.212533333333333303e+02 1.268133333333333326e+02
1.292763157894736707e+02 1.212039473684210549e+02 1.267828947368421098e+02
1.289671052631578902e+02 1.210657894736842053e+02 1.267368421052631646e+02
1.289799999999999898e+02 1.214266666666666623e+02 1.265733333333333377e+02
1.288933333333333451e+02 1.215133333333333354e+02 1.267133333333333383e+02
1.286979865771812115e+02 1.214026845637583847e+02 1.268456375838926107e+02
1.286800000000000068e+02 1.212000000000000028e+02 1.268466666666666640e+02
1.289072847682119232e+02 1.211324503311258241e+02 1.266225165562913872e+02
1.288466666666666640e+02 1.210933333333333337e+02 1.267266666666666737e+02
1.289078947368421098e+02 1.210328947368421098e+02 1.264407894736842053e+02
1.288466666666666640e+02 1.209266666666666623e+02 1.266200000000000045e+02
1.288066666666666720e+02 1.212333333333333343e+02 1.267800000000000011e+02
1.285298013245033246e+02 1.211655629139072801e+02 1.271788079470198625e+02
1.285133333333333212e+02 1.213066666666666720e+02 1.275799999999999983e+02
1.287866666666666617e+02 1.215066666666666606e+02 1.278599999999999994e+02
1.286778523489932979e+02 1.214429530201342260e+02 1.277516778523489904e+02
1.286733333333333462e+02 1.213133333333333326e+02 1.279666666666666686e+02
1.283774834437085985e+02 1.214238410596026512e+02 1.278675496688741759e+02
1.284834437086092578e+02 1.213708609271523216e+02 1.276092715231788048e+02
1.288053691275167694e+02 1.212953020134228126e+02 1.274630872483221538e+02
1.288000000000000114e+02 1.213066666666666720e+02 1.269800000000000040e+02
1.288874172185430496e+02 1.213973509933774864e+02 1.269337748344370880e+02
1.286733333333333462e+02 1.216733333333333320e+02 1.270333333333333314e+02
1.286912751677852214e+02 1.216040268456375770e+02 1.270536912751677789e+02
1.286533333333333360e+02 1.216533333333333360e+02 1.272266666666666737e+02
1.286266666666666652e+02 1.216599999999999966e+02 1.274533333333333331e+02
1.286754966887417311e+02 1.217218543046357553e+02 1.274503311258278160e+02
1.286466666666666754e+02 1.217933333333333366e+02 1.278733333333333348e+02
1.289139072847682144e+02 1.214039735099337776e+02 1.278013245033112639e+02
1.289199999999999875e+02 1.213400000000000034e+02 1.279733333333333292e+02
1.288866666666666561e+02 1.212000000000000028e+02 1.280066666666666606e+02
1.289199999999999875e+02 1.212333333333333343e+02 1.279266666666666623e+02
1.289342105263157805e+02 1.212302631578947398e+02 1.281184210526315894e+02
1.286599999999999966e+02 1.215066666666666606e+02 1.284600000000000080e+02
1.285800000000000125e+02 1.216333333333333400e+02 1.285399999999999920e+02
1.287533333333333303e+02 1.218066666666666720e+02 1.285200000000000102e+02
1.288211920529801375e+02 1.217814569536423903e+02 1.283046357615893953e+02
1.285666666666666629e+02 1.217199999999999989e+02 1.284866666666666788e+02
1.285133333333333212e+02 1.215799999999999983e+02 1.284933333333333394e+02
1.282251655629139009e+02 1.217019867549668817e+02 1.284966887417218402e+02
1.284671052631578902e+02 1.214144736842105203e+02 1.281710526315789593e+02
1.286800000000000068e+02 1.215600000000000023e+02 1.279466666666666725e+02
1.287417218543046431e+02 1.213178807947019919e+02 1.278410596026490111e+02
1.285894039735099454e+02 1.213907284768211952e+02 1.279867549668874176e+02
1.283400000000000034e+02 1.214733333333333292e+02 1.281666666666666572e+02
1.282599999999999909e+02 1.214066666666666663e+02 1.282666666666666799e+02
1.283112582781456865e+02 1.215827814569536400e+02 1.281059602649006592e+02
1.282251655629139009e+02 1.215033112582781456e+02 1.281059602649006592e+02
1.284066666666666663e+02 1.215600000000000023e+02 1.279466666666666725e+02
1.283841059602648897e+02 1.216622516556291345e+02 1.279668874172185440e+02
1.282450331125827745e+02 1.216622516556291345e+02 1.279072847682119232e+02
1.282599999999999909e+02 1.218466666666666640e+02 1.279599999999999937e+02
1.285430463576159070e+02 1.216357615894039697e+02 1.280198675496688736e+02
1.283933333333333451e+02 1.215866666666666731e+02 1.280600000000000023e+02
1.284733333333333292e+02 1.215799999999999983e+02 1.280800000000000125e+02
1.283133333333333326e+02 1.214866666666666646e+02 1.280733333333333235e+02
1.280855263157894797e+02 1.215263157894736850e+02 1.280328947368421098e+02
1.279932885906040241e+02 1.216174496644295289e+02 1.279261744966442933e+02
1.284666666666666686e+02 1.217266666666666737e+02 1.279466666666666725e+02
1.286778523489932979e+02 1.218859060402684520e+02 1.283624161073825576e+02
1.289866666666666788e+02 1.221800000000000068e+02 1.283533333333333246e+02
1.288533333333333246e+02 1.221933333333333280e+02 1.280600000000000023e+02
1.287615894039735167e+02 1.220993377483443680e+02 1.280794701986754944e+02
1.284000000000000057e+02 1.220600000000000023e+02 1.277066666666666634e+02
1.282666666666666799e+02 1.221400000000000006e+02 1.279266666666666623e+02
1.282684563758389231e+02 1.220939597315436203e+02 1.276912751677852356e+02
1.282133333333333383e+02 1.222133333333333383e+02 1.276533333333333360e+02
1.283071895424836555e+02 1.221437908496732092e+02 1.280457516339869244e+02
1.285466666666666526e+02 1.216533333333333360e+02 1.279466666666666725e+02
1.285866666666666731e+02 1.216866666666666674e+02 1.278666666666666600e+02
1.284503311258278018e+02 1.218807947019867584e+02 1.280066225165562912e+02
1.284238410596026370e+02 1.219006622516556320e+02 1.280463576158940384e+02
1.285298013245033246e+02 1.221920529801324449e+02 1.281523178807946977e+02
1.285838926174496635e+02 1.219530201342281828e+02 1.278456375838926107e+02
1.284066666666666663e+02 1.220600000000000023e+02 1.278400000000000034e+02
1.285234899328858944e+02 1.221342281879194616e+02 1.278187919463087212e+02
1.284238410596026370e+02 1.221390728476821153e+02 1.277615894039735167e+02
1.286533333333333360e+02 1.224066666666666663e+02 1.275600000000000023e+02
1.288322147651006730e+02 1.224362416107382501e+02 1.276845637583892596e+02
1.290132450331125824e+02 1.224304635761589424e+02 1.276357615894039697e+02
1.293907284768211809e+02 1.225761589403973488e+02 1.274370860927152336e+02
1.292333333333333201e+02 1.225933333333333337e+02 1.277466666666666697e+02
1.294333333333333371e+02 1.228333333333333286e+02 1.278466666666666640e+02
1.293112582781456865e+02 1.228609271523178847e+02 1.277483443708609201e+02
1.292119205298013185e+02 1.229536423841059616e+02 1.277549668874172255e+02
1.291466666666666754e+02 1.229200000000000017e+02 1.276866666666666674e+02
1.289333333333333371e+02 1.229466666666666725e+02 1.276733333333333320e+02
1.287333333333333201e+02 1.230866666666666731e+02 1.277000000000000028e+02
1.289533333333333474e+02 1.228266666666666680e+02 1.277733333333333263e+02
1.289407894736842195e+02 1.227368421052631646e+02 1.275592105263157947e+02
1.289799999999999898e+02 1.231200000000000045e+02 1.275266666666666708e+02
1.291768707482993364e+02 1.231292517006802711e+02 1.274829931972789012e+02
1.293221476510067305e+02 1.232416107382550337e+02 1.277181208053691392e+02
1.291959459459459367e+02 1.232297297297297405e+02 1.277162162162162105e+02
1.291543624161073751e+02 1.233825503355704711e+02 1.277651006711409423e+02
1.292837837837838038e+02 1.236756756756756772e+02 1.275472972972972912e+02
1.294217687074830110e+02 1.235306122448979522e+02 1.275646258503401356e+02
1.295167785234899327e+02 1.235033557046979809e+02 1.277583892617449663e+02
1.293355704697986539e+02 1.238590604026845625e+02 1.280738255033557209e+02
1.296711409395973078e+02 1.236510067114093943e+02 1.281677852348993270e+02
1.296599999999999966e+02 1.238199999999999932e+02 1.279800000000000040e+02
1.294333333333333371e+02 1.234599999999999937e+02 1.279266666666666623e+02
1.292763157894736707e+02 1.234342105263157947e+02 1.279407894736842053e+02
1.292066666666666777e+02 1.236333333333333400e+02 1.276666666666666714e+02
1.293245033112582689e+02 1.234304635761589424e+02 1.274172185430463600e+02
1.292733333333333405e+02 1.233666666666666600e+02 1.276933333333333280e+02
1.292400000000000091e+02 1.236133333333333297e+02 1.277000000000000028e+02
1.292251655629139009e+02 1.234966887417218544e+02 1.279867549668874176e+02
1.290460526315789593e+02 1.235000000000000000e+02 1.280000000000000000e+02
1.290999999999999943e+02 1.234466666666666725e+02 1.280600000000000023e+02
1.294834437086092578e+02 1.234105960264900688e+02 1.280066225165562912e+02
1.293333333333333428e+02 1.234933333333333394e+02 1.278866666666666703e+02
1.294066666666666663e+02 1.232533333333333303e+02 1.281933333333333280e+02
1.294503311258278018e+02 1.233112582781457007e+02 1.279602649006622528e+02
1.298724832214765001e+02 1.231543624161073893e+02 1.280805369127516826e+02
1.301599999999999966e+02 1.229200000000000017e+02 1.282933333333333223e+02
1.304228187919462982e+02 1.230872483221476443e+02 1.280738255033556925e+02
1.305771812080537018e+02 1.230939597315436203e+02 1.282080536912751541e+02
1.301733333333333462e+02 1.229866666666666646e+02 1.279599999999999937e+02
1.302434210526315894e+02 1.231118421052631646e+02 1.278223684210526301e+02
1.297651006711409423e+02 1.235234899328859086e+02 1.277449664429530145e+02
1.295133333333333212e+02 1.234399999999999977e+02 1.278199999999999932e+02
1.297189542483660034e+02 1.234640522875816941e+02 1.278366013071895395e+02
1.300000000000000000e+02 1.234605263157894797e+02 1.277828947368421098e+02
1.300266666666666708e+02 1.234466666666666725e+02 1.280266666666666708e+02
1.302266666666666595e+02 1.233799999999999955e+02 1.283199999999999932e+02
1.301073825503355579e+02 1.236308724832214807e+02 1.281409395973154233e+02
1.302199999999999989e+02 1.235400000000000063e+02 1.281800000000000068e+02
1.303266666666666538e+02 1.235266666666666708e+02 1.285466666666666526e+02
1.303400000000000034e+02 1.234399999999999977e+02 1.289600000000000080e+02
1.300596026490066208e+02 1.235099337748344368e+02 1.290331125827814560e+02
1.304533333333333474e+02 1.236466666666666612e+02 1.288199999999999932e+02
1.304093959731543748e+02 1.234295302013422884e+02 1.284697986577181155e+02
1.305533333333333417e+02 1.235600000000000023e+02 1.283066666666666720e+02
1.304078947368421098e+02 1.233815789473684248e+02 1.283750000000000000e+02
1.306688741721854399e+02 1.233907284768211952e+02 1.281324503311258241e+02
1.307866666666666617e+02 1.233799999999999955e+02 1.282599999999999909e+02
1.311986754966887361e+02 1.233774834437086128e+02 1.282781456953642305e+02
1.311599999999999966e+02 1.234399999999999977e+02 1.282666666666666799e+02
1.312317880794701921e+02 1.232516556291390799e+02 1.284370860927152194e+02
1.313046357615893953e+02 1.233774834437086128e+02 1.283112582781456865e+02
1.314133333333333269e+02 1.233199999999999932e+02 1.283666666666666742e+02
1.312885906040268367e+02 1.235570469798657740e+02 1.280402684563758271e+02
1.314039735099337634e+02 1.233509933774834479e+02 1.282384105960264833e+02
1.317449664429530287e+02 1.233557046979865817e+02 1.283020134228187885e+02
1.318145695364238463e+02 1.230132450331125824e+02 1.285562913907284894e+02
1.316866666666666674e+02 1.230266666666666708e+02 1.285866666666666731e+02
1.317933333333333223e+02 1.232199999999999989e+02 1.284466666666666583e+02
1.316688741721854399e+02 1.232119205298013185e+02 1.284701986754966754e+02
1.317133333333333383e+02 1.232999999999999972e+02 1.283600000000000136e+02
1.315197368421052602e+02 1.233355263157894797e+02 1.283552631578947398e+02
1.313959731543624230e+02 1.232953020134228126e+02 1.283154362416107404e+02
1.315066666666666606e+02 1.233333333333333286e+02 1.282533333333333303e+02
1.314399999999999977e+02 1.232800000000000011e+02 1.281933333333333280e+02
1.317880794701986815e+02 1.230066225165562912e+02 1.281390728476821153e+02
1.315973154362416153e+02 1.232013422818791923e+02 1.279664429530201346e+02
1.313799999999999955e+02 1.231133333333333297e+02 1.279933333333333394e+02
1.315666666666666629e+02 1.227533333333333303e+02 1.279666666666666686e+02
1.316912751677852214e+02 1.227114093959731491e+02 1.278322147651006730e+02
1.317748344370860991e+02 1.225629139072847664e+02 1.276357615894039697e+02
1.315065789473684106e+02 1.228026315789473699e+02 1.275657894736842053e+02
1.316026490066225278e+02 1.228940397350993408e+02 1.278079470198675551e+02
1.316133333333333439e+02 1.225199999999999960e+02 1.277333333333333343e+02
1.316266666666666652e+02 1.225666666666666629e+02 1.279133333333333269e+02
1.319205298013245056e+02 1.225562913907284752e+02 1.280596026490066208e+02
1.320198675496688736e+02 1.228211920529801375e+02 1.276622516556291345e+02
1.317417218543046431e+02 1.227284768211920465e+02 1.278410596026490111e+02
1.317748344370860991e+02 1.224569536423841072e+02 1.275231788079470192e+02
1.318466666666666640e+02 1.226533333333333360e+02 1.277999999999999972e+02
1.321879194630872405e+02 1.224899328859060432e+02 1.276040268456375770e+02
1.322400000000000091e+02 1.223333333333333286e+02 1.277666666666666657e+02
1.323178807947019777e+02 1.225562913907284752e+02 1.279006622516556320e+02
1.324350649350649292e+02 1.224805194805194759e+02 1.275649350649350708e+02
1.326466666666666754e+02 1.223133333333333326e+02 1.274733333333333292e+02
1.326887417218543135e+02 1.224105960264900688e+02 1.273377483443708655e+02
1.324701986754966754e+02 1.223907284768211952e+02 1.270331125827814560e+02
1.325629139072847806e+02 1.222450331125827745e+02 1.268609271523178847e+02
1.327483443708609343e+02 1.221390728476821153e+02 1.269867549668874176e+02
1.327733333333333405e+02 1.220533333333333275e+02 1.269533333333333331e+02
1.326778523489932979e+02 1.221610738255033510e+02 1.270268456375838895e+02
1.329328859060402692e+02 1.220469798657718172e+02 1.269395973154362451e+02
1.327666666666666799e+02 1.222133333333333383e+02 1.267000000000000028e+02
1.328799999999999955e+02 1.218199999999999932e+02 1.267066666666666634e+02
1.324967320261438033e+02 1.216209150326797328e+02 1.265620915032679790e+02
1.323758389261745094e+02 1.214295302013422884e+02 1.268859060402684520e+02
1.321986754966887361e+02 1.214834437086092720e+02 1.269602649006622528e+02
1.320999999999999943e+02 1.215133333333333354e+02 1.272066666666666634e+02
1.320133333333333212e+02 1.215933333333333337e+02 1.271800000000000068e+02
1.318859060402684520e+02 1.216644295302013461e+02 1.270335570469798654e+02
1.319407894736842195e+02 1.214210526315789451e+02 1.268223684210526301e+02
1.318266666666666538e+02 1.213533333333333388e+02 1.265866666666666731e+02
1.318866666666666561e+02 1.216133333333333297e+02 1.265000000000000000e+02
1.319735099337748352e+02 1.214701986754966896e+02 1.262450331125827745e+02
1.318000000000000114e+02 1.216466666666666612e+02 1.263866666666666703e+02
1.318199999999999932e+02 1.216066666666666691e+02 1.262666666666666657e+02
1.317666666666666799e+02 1.215866666666666731e+02 1.261533333333333360e+02
1.316866666666666674e+02 1.220666666666666629e+02 1.260866666666666731e+02
1.315894039735099454e+02 1.221854304635761537e+02 1.260927152317880768e+02
1.314701986754966754e+02 1.223973509933774864e+02 1.258874172185430496e+02
1.314399999999999977e+02 1.224933333333333394e+02 1.260199999999999960e+02
1.314900662251655490e+02 1.221986754966887361e+02 1.261059602649006592e+02
1.318807947019867584e+02 1.220264900662251648e+02 1.258609271523178847e+02
1.321466666666666754e+02 1.221066666666666691e+02 1.255999999999999943e+02
1.323066666666666720e+02 1.220666666666666629e+02 1.256266666666666652e+02
1.323000000000000114e+02 1.220933333333333337e+02 1.257733333333333263e+02
1.323355704697986539e+02 1.220134228187919518e+02 1.259395973154362451e+02
1.324066666666666663e+02 1.219800000000000040e+02 1.256333333333333400e+02
1.324399999999999977e+02 1.218066666666666720e+02 1.257466666666666697e+02
1.323557046979865675e+02 1.219664429530201346e+02 1.253825503355704711e+02
1.323600000000000136e+02 1.219800000000000040e+02 1.253666666666666600e+02
1.323489932885906057e+02 1.222416107382550337e+02 1.256711409395973220e+02
1.320529801324503296e+02 1.225562913907284752e+02 1.257284768211920465e+02
1.321599999999999966e+02 1.223799999999999955e+02 1.258866666666666703e+02
1.320268456375839037e+02 1.224362416107382501e+02 1.256577181208053702e+02
1.320927152317880768e+02 1.224768211920529808e+02 1.258807947019867584e+02
1.320000000000000000e+02 1.222684563758389231e+02 1.258053691275167836e+02
1.319333333333333371e+02 1.220400000000000063e+02 1.260799999999999983e+02
1.320533333333333417e+02 1.219333333333333371e+02 1.256066666666666691e+02
1.320533333333333417e+02 1.217866666666666617e+02 1.255733333333333377e+02
1.323051948051948159e+02 1.217467532467532436e+02 1.256818181818181870e+02
1.323133333333333326e+02 1.219333333333333371e+02 1.257600000000000051e+02
1.323133333333333326e+02 1.218866666666666703e+02 1.256066666666666691e+02
1.321200000000000045e+02 1.217733333333333263e+02 1.255733333333333377e+02
1.323921568627451109e+02 1.216535947712418277e+02 1.255555555555555571e+02
1.320066225165562912e+02 1.216622516556291345e+02 1.255033112582781456e+02
1.322684563758389231e+02 1.217718120805369182e+02 1.256845637583892596e+02
1.319866666666666788e+02 1.217600000000000051e+02 1.257199999999999989e+02
1.321333333333333258e+02 1.215666666666666629e+02 1.259666666666666686e+02
1.322582781456953569e+02 1.213576158940397391e+02 1.259933774834437088e+02
1.322199999999999989e+02 1.212199999999999989e+02 1.261066666666666691e+02
1.320466666666666526e+02 1.215999999999999943e+02 1.259666666666666686e+02
1.320397350993377472e+02 1.212980132450331183e+02 1.255562913907284752e+02
1.319127516778523557e+02 1.212281879194630818e+02 1.255637583892617499e+02
1.317682119205298079e+02 1.213112582781457007e+02 1.255761589403973488e+02
1.316578947368421098e+02 1.214210526315789451e+02 1.256447368421052602e+02
