1.276533333333333360e+02 1.286933333333333280e+02 1.277533333333333303e+02
1.276400000000000006e+02 1.287599999999999909e+02 1.278333333333333286e+02
1.276092715231788048e+02 1.287615894039735167e+02 1.279470198675496704e+02
1.275496688741721840e+02 1.288013245033112639e+02 1.278874172185430496e+02
1.275133333333333354e+02 1.287666666666666799e+02 1.278266666666666680e+02
1.275933333333333337e+02 1.287599999999999909e+02 1.278466666666666640e+02
1.276666666666666714e+02 1.286933333333333280e+02 1.278133333333333326e+02
1.277199999999999989e+02 1.286599999999999966e+02 1.277933333333333366e+02
1.276666666666666714e+02 1.287133333333333383e+02 1.277733333333333263e+02
1.276754966887417169e+02 1.287284768211920607e+02 1.277350993377483377e+02
1.276666666666666714e+02 1.287199999999999989e+02 1.277466666666666697e+02
1.276666666666666714e+02 1.287199999999999989e+02 1.277466666666666697e+02
1.276666666666666714e+02 1.287199999999999989e+02 1.277466666666666697e+02
1.276666666666666714e+02 1.287199999999999989e+02 1.277466666666666697e+02
1.276666666666666714e+02 1.287199999999999989e+02 1.277466666666666697e+02
1.276666666666666714e+02 1.287199999999999989e+02 1.277466666666666697e+02
1.276666666666666714e+02 1.287199999999999989e+02 1.277466666666666697e+02
1.276666666666666714e+02 1.287199999999999989e+02 1.277466666666666697e+02
1.276666666666666714e+02 1.287199999999999989e+02 1.277466666666666697e+02
1.276666666666666714e+02 1.287199999999999989e+02 1.277466666666666697e+02
1.276666666666666714e+02 1.287199999999999989e+02 1.277466666666666697e+02
1.276666666666666714e+02 1.287199999999999989e+02 1.277466666666666697e+02
1.276666666666666714e+02 1.287199999999999989e+02 1.277466666666666697e+02
1.276666666666666714e+02 1.287199999999999989e+02 1.277466666666666697e+02
1.276666666666666714e+02 1.287199999999999989e+02 1.277466666666666697e+02
1.276666666666666714e+02 1.287199999999999989e+02 1.277466666666666697e+02
1.276666666666666714e+02 1.287199999999999989e+02 1.277466666666666697e+02
1.276666666666666714e+02 1.287199999999999989e+02 1.277466666666666697e+02
1.276666666666666714e+02 1.287199999999999989e+02 1.277466666666666697e+02
1.276666666666666714e+02 1.287199999999999989e+02 1.277466666666666697e+02
1.276666666666666714e+02 1.287199999999999989e+02 1.277466666666666697e+02
1.276666666666666714e+02 1.287199999999999989e+02 1.277466666666666697e+02
1.276666666666666714e+02 1.287199999999999989e+02 1.277466666666666697e+02
1.276666666666666714e+02 1.287199999999999989e+02 1.277466666666666697e+02
1.276666666666666714e+02 1.287199999999999989e+02 1.277466666666666697e+02
1.276666666666666714e+02 1.287199999999999989e+02 1.277466666666666697e+02
1.276666666666666714e+02 1.287199999999999989e+02 1.277466666666666697e+02
1.276666666666666714e+02 1.287199999999999989e+02 1.277466666666666697e+02
1.276666666666666714e+02 1.287199999999999989e+02 1.277466666666666697e+02
1.276666666666666714e+02 1.287199999999999989e+02 1.277466666666666697e+02
1.276666666666666714e+02 1.287199999999999989e+02 1.277466666666666697e+02
1.276666666666666714e+02 1.287199999999999989e+02 1.277466666666666697e+02
1.276666666666666714e+02 1.287199999999999989e+02 1.277466666666666697e+02
1.276666666666666714e+02 1.287199999999999989e+02 1.277466666666666697e+02
1.276666666666666714e+02 1.287199999999999989e+02 1.277466666666666697e+02
1.276666666666666714e+02 1.287199999999999989e+02 1.277466666666666697e+02
1.276666666666666714e+02 1.287199999999999989e+02 1.277466666666666697e+02
1.276666666666666714e+02 1.287199999999999989e+02 1.277466666666666697e+02
1.276666666666666714e+02 1.287199999999999989e+02 1.277466666666666697e+02
1.276666666666666714e+02 1.287199999999999989e+02 1.277466666666666697e+02
1.276666666666666714e+02 1.287199999999999989e+02 1.277466666666666697e+02
1.276666666666666714e+02 1.287199999999999989e+02 1.277466666666666697e+02
1.276666666666666714e+02 1.287199999999999989e+02 1.277466666666666697e+02
1.276666666666666714e+02 1.287199999999999989e+02 1.277466666666666697e+02
1.276666666666666714e+02 1.287199999999999989e+02 1.277466666666666697e+02
1.276666666666666714e+02 1.287199999999999989e+02 1.277466666666666697e+02
1.276666666666666714e+02 1.287199999999999989e+02 1.277466666666666697e+02
1.276666666666666714e+02 1.287199999999999989e+02 1.277466666666666697e+02
1.276666666666666714e+02 1.287199999999999989e+02 1.277466666666666697e+02
1.276666666666666714e+02 1.287199999999999989e+02 1.277466666666666697e+02
1.276666666666666714e+02 1.287199999999999989e+02 1.277466666666666697e+02
1.276666666666666714e+02 1.287199999999999989e+02 1.277466666666666697e+02
1.276666666666666714e+02 1.287199999999999989e+02 1.277466666666666697e+02
1.276666666666666714e+02 1.287199999999999989e+02 1.277466666666666697e+02
1.276666666666666714e+02 1.287199999999999989e+02 1.277466666666666697e+02
1.276666666666666714e+02 1.287199999999999989e+02 1.277466666666666697e+02
1.276666666666666714e+02 1.287199999999999989e+02 1.277466666666666697e+02
1.276666666666666714e+02 1.287199999999999989e+02 1.277466666666666697e+02
1.276666666666666714e+02 1.287199999999999989e+02 1.277466666666666697e+02
1.276666666666666714e+02 1.287199999999999989e+02 1.277466666666666697e+02
1.276666666666666714e+02 1.287199999999999989e+02 1.277466666666666697e+02
1.276666666666666714e+02 1.287199999999999989e+02 1.277466666666666697e+02
1.276666666666666714e+02 1.287199999999999989e+02 1.277466666666666697e+02
1.276666666666666714e+02 1.287199999999999989e+02 1.277466666666666697e+02
1.276666666666666714e+02 1.287199999999999989e+02 1.277466666666666697e+02
1.276666666666666714e+02 1.287199999999999989e+02 1.277466666666666697e+02
1.276666666666666714e+02 1.287199999999999989e+02 1.277466666666666697e+02
1.276666666666666714e+02 1.287199999999999989e+02 1.277466666666666697e+02
1.276666666666666714e+02 1.287199999999999989e+02 1.277466666666666697e+02
1.276666666666666714e+02 1.287199999999999989e+02 1.277466666666666697e+02
1.276666666666666714e+02 1.287199999999999989e+02 1.277466666666666697e+02
1.276666666666666714e+02 1.287199999999999989e+02 1.277466666666666697e+02
1.276666666666666714e+02 1.287199999999999989e+02 1.277466666666666697e+02
1.276666666666666714e+02 1.287199999999999989e+02 1.277466666666666697e+02
1.276666666666666714e+02 1.287199999999999989e+02 1.277466666666666697e+02
1.276666666666666714e+02 1.287199999999999989e+02 1.277466666666666697e+02
1.276666666666666714e+02 1.287199999999999989e+02 1.277466666666666697e+02
1.276666666666666714e+02 1.287199999999999989e+02 1.277466666666666697e+02
1.276666666666666714e+02 1.287199999999999989e+02 1.277466666666666697e+02
1.276666666666666714e+02 1.287199999999999989e+02 1.277466666666666697e+02
1.276666666666666714e+02 1.287199999999999989e+02 1.277466666666666697e+02
1.276666666666666714e+02 1.287199999999999989e+02 1.277466666666666697e+02
1.276666666666666714e+02 1.287199999999999989e+02 1.277466666666666697e+02
1.276666666666666714e+02 1.287199999999999989e+02 1.277466666666666697e+02
1.276666666666666714e+02 1.287199999999999989e+02 1.277466666666666697e+02
1.276666666666666714e+02 1.287199999999999989e+02 1.277466666666666697e+02
1.276666666666666714e+02 1.287199999999999989e+02 1.277466666666666697e+02
1.276666666666666714e+02 1.287199999999999989e+02 1.277466666666666697e+02
1.276666666666666714e+02 1.287199999999999989e+02 1.277466666666666697e+02
1.276666666666666714e+02 1.287199999999999989e+02 1.277466666666666697e+02
1.276666666666666714e+02 1.287199999999999989e+02 1.277466666666666697e+02
1.276666666666666714e+02 1.287199999999999989e+02 1.277466666666666697e+02
1.276666666666666714e+02 1.287199999999999989e+02 1.277466666666666697e+02
1.276666666666666714e+02 1.287199999999999989e+02 1.277466666666666697e+02
1.276666666666666714e+02 1.287199999999999989e+02 1.277466666666666697e+02
1.276666666666666714e+02 1.287199999999999989e+02 1.277466666666666697e+02
1.276666666666666714e+02 1.287199999999999989e+02 1.277466666666666697e+02
1.276666666666666714e+02 1.287199999999999989e+02 1.277466666666666697e+02
1.276666666666666714e+02 1.287199999999999989e+02 1.277466666666666697e+02
1.276666666666666714e+02 1.287199999999999989e+02 1.277466666666666697e+02
1.276666666666666714e+02 1.287199999999999989e+02 1.277466666666666697e+02
1.276666666666666714e+02 1.287199999999999989e+02 1.277466666666666697e+02
1.276666666666666714e+02 1.287199999999999989e+02 1.277466666666666697e+02
1.276666666666666714e+02 1.287199999999999989e+02 1.277466666666666697e+02
1.276666666666666714e+02 1.287199999999999989e+02 1.277466666666666697e+02
1.276666666666666714e+02 1.287199999999999989e+02 1.277466666666666697e+02
1.276666666666666714e+02 1.287199999999999989e+02 1.277466666666666697e+02
1.276666666666666714e+02 1.287199999999999989e+02 1.277466666666666697e+02
1.276666666666666714e+02 1.287199999999999989e+02 1.277466666666666697e+02
1.276666666666666714e+02 1.287199999999999989e+02 1.277466666666666697e+02
1.276666666666666714e+02 1.287199999999999989e+02 1.277466666666666697e+02
1.276666666666666714e+02 1.287199999999999989e+02 1.277466666666666697e+02
1.276666666666666714e+02 1.287199999999999989e+02 1.277466666666666697e+02
1.276666666666666714e+02 1.287199999999999989e+02 1.277466666666666697e+02
1.276666666666666714e+02 1.287199999999999989e+02 1.277466666666666697e+02
1.276666666666666714e+02 1.287199999999999989e+02 1.277466666666666697e+02
1.276666666666666714e+02 1.287199999999999989e+02 1.277466666666666697e+02
1.276666666666666714e+02 1.287199999999999989e+02 1.277466666666666697e+02
1.276666666666666714e+02 1.287199999999999989e+02 1.277466666666666697e+02
1.276666666666666714e+02 1.287199999999999989e+02 1.277466666666666697e+02
1.276666666666666714e+02 1.287199999999999989e+02 1.277466666666666697e+02
1.276666666666666714e+02 1.287199999999999989e+02 1.277466666666666697e+02
1.276666666666666714e+02 1.287199999999999989e+02 1.277466666666666697e+02
1.276666666666666714e+02 1.287199999999999989e+02 1.277466666666666697e+02
1.276666666666666714e+02 1.287199999999999989e+02 1.277466666666666697e+02
1.276666666666666714e+02 1.287199999999999989e+02 1.277466666666666697e+02
1.276666666666666714e+02 1.287199999999999989e+02 1.277466666666666697e+02
1.276666666666666714e+02 1.287199999999999989e+02 1.277466666666666697e+02
1.276666666666666714e+02 1.287199999999999989e+02 1.277466666666666697e+02
1.276666666666666714e+02 1.287199999999999989e+02 1.277466666666666697e+02
1.276666666666666714e+02 1.287199999999999989e+02 1.277466666666666697e+02
1.276666666666666714e+02 1.287199999999999989e+02 1.277466666666666697e+02
1.276666666666666714e+02 1.287199999999999989e+02 1.277466666666666697e+02
1.276666666666666714e+02 1.287199999999999989e+02 1.277466666666666697e+02
1.276666666666666714e+02 1.287199999999999989e+02 1.277466666666666697e+02
1.276666666666666714e+02 1.287199999999999989e+02 1.277466666666666697e+02
1.276666666666666714e+02 1.287199999999999989e+02 1.277466666666666697e+02
1.276666666666666714e+02 1.287199999999999989e+02 1.277466666666666697e+02
1.276666666666666714e+02 1.287199999999999989e+02 1.277466666666666697e+02
1.276666666666666714e+02 1.287199999999999989e+02 1.277466666666666697e+02
1.276666666666666714e+02 1.287199999999999989e+02 1.277466666666666697e+02
1.276666666666666714e+02 1.287199999999999989e+02 1.277466666666666697e+02
1.276666666666666714e+02 1.287199999999999989e+02 1.277466666666666697e+02
1.276666666666666714e+02 1.287199999999999989e+02 1.277466666666666697e+02
1.276666666666666714e+02 1.287199999999999989e+02 1.277466666666666697e+02
1.276666666666666714e+02 1.287199999999999989e+02 1.277466666666666697e+02
1.276666666666666714e+02 1.287199999999999989e+02 1.277466666666666697e+02
1.276666666666666714e+02 1.287199999999999989e+02 1.277466666666666697e+02
1.276666666666666714e+02 1.287199999999999989e+02 1.277466666666666697e+02
1.276666666666666714e+02 1.287199999999999989e+02 1.277466666666666697e+02
1.276666666666666714e+02 1.287199999999999989e+02 1.277466666666666697e+02
1.276666666666666714e+02 1.287199999999999989e+02 1.277466666666666697e+02
1.276666666666666714e+02 1.287199999999999989e+02 1.277466666666666697e+02
1.276666666666666714e+02 1.287199999999999989e+02 1.277466666666666697e+02
1.276666666666666714e+02 1.287199999999999989e+02 1.277466666666666697e+02
1.276666666666666714e+02 1.287199999999999989e+02 1.277466666666666697e+02
1.276666666666666714e+02 1.287199999999999989e+02 1.277466666666666697e+02
1.276666666666666714e+02 1.287199999999999989e+02 1.277466666666666697e+02
1.276666666666666714e+02 1.287199999999999989e+02 1.277466666666666697e+02
1.276666666666666714e+02 1.287199999999999989e+02 1.277466666666666697e+02
1.276666666666666714e+02 1.287199999999999989e+02 1.277466666666666697e+02
1.276666666666666714e+02 1.287199999999999989e+02 1.277466666666666697e+02
1.276666666666666714e+02 1.287199999999999989e+02 1.277466666666666697e+02
1.276666666666666714e+02 1.287199999999999989e+02 1.277466666666666697e+02
1.276666666666666714e+02 1.287199999999999989e+02 1.277466666666666697e+02
1.276666666666666714e+02 1.287199999999999989e+02 1.277466666666666697e+02
1.276666666666666714e+02 1.287199999999999989e+02 1.277466666666666697e+02
1.276666666666666714e+02 1.287199999999999989e+02 1.277466666666666697e+02
1.276666666666666714e+02 1.287199999999999989e+02 1.277466666666666697e+02
1.276666666666666714e+02 1.287199999999999989e+02 1.277466666666666697e+02
1.276666666666666714e+02 1.287199999999999989e+02 1.277466666666666697e+02
1.276666666666666714e+02 1.287199999999999989e+02 1.277466666666666697e+02
1.276666666666666714e+02 1.287199999999999989e+02 1.277466666666666697e+02
1.276666666666666714e+02 1.287199999999999989e+02 1.277466666666666697e+02
1.276666666666666714e+02 1.287199999999999989e+02 1.277466666666666697e+02
1.276666666666666714e+02 1.287199999999999989e+02 1.277466666666666697e+02
1.276666666666666714e+02 1.287199999999999989e+02 1.277466666666666697e+02
1.276666666666666714e+02 1.287199999999999989e+02 1.277466666666666697e+02
1.276666666666666714e+02 1.287199999999999989e+02 1.277466666666666697e+02
1.276666666666666714e+02 1.287199999999999989e+02 1.277466666666666697e+02
1.276666666666666714e+02 1.287199999999999989e+02 1.277466666666666697e+02
1.276666666666666714e+02 1.287199999999999989e+02 1.277466666666666697e+02
1.276666666666666714e+02 1.287199999999999989e+02 1.277466666666666697e+02
1.276666666666666714e+02 1.287199999999999989e+02 1.277466666666666697e+02
1.276666666666666714e+02 1.287199999999999989e+02 1.277466666666666697e+02
1.276666666666666714e+02 1.287199999999999989e+02 1.277466666666666697e+02
1.276666666666666714e+02 1.287199999999999989e+02 1.277466666666666697e+02
1.276666666666666714e+02 1.287199999999999989e+02 1.277466666666666697e+02
1.276666666666666714e+02 1.287199999999999989e+02 1.277466666666666697e+02
1.276666666666666714e+02 1.287199999999999989e+02 1.277466666666666697e+02
1.276666666666666714e+02 1.287199999999999989e+02 1.277466666666666697e+02
1.276666666666666714e+02 1.287199999999999989e+02 1.277466666666666697e+02
1.276666666666666714e+02 1.287199999999999989e+02 1.277466666666666697e+02
1.276666666666666714e+02 1.287199999999999989e+02 1.277466666666666697e+02
1.276666666666666714e+02 1.287199999999999989e+02 1.277466666666666697e+02
1.276666666666666714e+02 1.287199999999999989e+02 1.277466666666666697e+02
1.276666666666666714e+02 1.287199999999999989e+02 1.277466666666666697e+02
1.276666666666666714e+02 1.287199999999999989e+02 1.277466666666666697e+02
1.276666666666666714e+02 1.287199999999999989e+02 1.277466666666666697e+02
1.276666666666666714e+02 1.287199999999999989e+02 1.277466666666666697e+02
1.276666666666666714e+02 1.287199999999999989e+02 1.277466666666666697e+02
1.276666666666666714e+02 1.287199999999999989e+02 1.277466666666666697e+02
1.276666666666666714e+02 1.287199999999999989e+02 1.277466666666666697e+02
1.276666666666666714e+02 1.287199999999999989e+02 1.277466666666666697e+02
1.276666666666666714e+02 1.287199999999999989e+02 1.277466666666666697e+02
1.276666666666666714e+02 1.287199999999999989e+02 1.277466666666666697e+02
1.276666666666666714e+02 1.287199999999999989e+02 1.277466666666666697e+02
1.276666666666666714e+02 1.287199999999999989e+02 1.277466666666666697e+02
1.276666666666666714e+02 1.287199999999999989e+02 1.277466666666666697e+02
1.276666666666666714e+02 1.287199999999999989e+02 1.277466666666666697e+02
1.276666666666666714e+02 1.287199999999999989e+02 1.277466666666666697e+02
1.276666666666666714e+02 1.287199999999999989e+02 1.277466666666666697e+02
1.276666666666666714e+02 1.287199999999999989e+02 1.277466666666666697e+02
1.276666666666666714e+02 1.287199999999999989e+02 1.277466666666666697e+02
1.276666666666666714e+02 1.287199999999999989e+02 1.277466666666666697e+02
1.276666666666666714e+02 1.287199999999999989e+02 1.277466666666666697e+02
1.276666666666666714e+02 1.287199999999999989e+02 1.277466666666666697e+02
1.276666666666666714e+02 1.287199999999999989e+02 1.277466666666666697e+02
1.276666666666666714e+02 1.287199999999999989e+02 1.277466666666666697e+02
1.276666666666666714e+02 1.287199999999999989e+02 1.277466666666666697e+02
1.276666666666666714e+02 1.287199999999999989e+02 1.277466666666666697e+02
1.276666666666666714e+02 1.287199999999999989e+02 1.277466666666666697e+02
1.276666666666666714e+02 1.287199999999999989e+02 1.277466666666666697e+02
1.276666666666666714e+02 1.287199999999999989e+02 1.277466666666666697e+02
1.276666666666666714e+02 1.287199999999999989e+02 1.277466666666666697e+02
1.276666666666666714e+02 1.287199999999999989e+02 1.277466666666666697e+02
1.276666666666666714e+02 1.287199999999999989e+02 1.277466666666666697e+02
1.276666666666666714e+02 1.287199999999999989e+02 1.277466666666666697e+02
1.276666666666666714e+02 1.287199999999999989e+02 1.277466666666666697e+02
1.276666666666666714e+02 1.287199999999999989e+02 1.277466666666666697e+02
1.276666666666666714e+02 1.287199999999999989e+02 1.277466666666666697e+02
1.276666666666666714e+02 1.287199999999999989e+02 1.277466666666666697e+02
1.276666666666666714e+02 1.287199999999999989e+02 1.277466666666666697e+02
1.276666666666666714e+02 1.287199999999999989e+02 1.277466666666666697e+02
1.276666666666666714e+02 1.287199999999999989e+02 1.277466666666666697e+02
1.276666666666666714e+02 1.287199999999999989e+02 1.277466666666666697e+02
1.276666666666666714e+02 1.287199999999999989e+02 1.277466666666666697e+02
1.276666666666666714e+02 1.287199999999999989e+02 1.277466666666666697e+02
1.276666666666666714e+02 1.287199999999999989e+02 1.277466666666666697e+02
1.276666666666666714e+02 1.287199999999999989e+02 1.277466666666666697e+02
1.276666666666666714e+02 1.287199999999999989e+02 1.277466666666666697e+02
1.276666666666666714e+02 1.287199999999999989e+02 1.277466666666666697e+02
1.276666666666666714e+02 1.287199999999999989e+02 1.277466666666666697e+02
1.276666666666666714e+02 1.287199999999999989e+02 1.277466666666666697e+02
1.276666666666666714e+02 1.287199999999999989e+02 1.277466666666666697e+02
1.276666666666666714e+02 1.287199999999999989e+02 1.277466666666666697e+02
1.276666666666666714e+02 1.287199999999999989e+02 1.277466666666666697e+02
1.276666666666666714e+02 1.287199999999999989e+02 1.277466666666666697e+02
1.276666666666666714e+02 1.287199999999999989e+02 1.277466666666666697e+02
1.276666666666666714e+02 1.287199999999999989e+02 1.277466666666666697e+02
1.276666666666666714e+02 1.287199999999999989e+02 1.277466666666666697e+02
1.276666666666666714e+02 1.287199999999999989e+02 1.277466666666666697e+02
1.276666666666666714e+02 1.287199999999999989e+02 1.277466666666666697e+02
1.276666666666666714e+02 1.287199999999999989e+02 1.277466666666666697e+02
1.276666666666666714e+02 1.287199999999999989e+02 1.277466666666666697e+02
1.276666666666666714e+02 1.287199999999999989e+02 1.277466666666666697e+02
1.276666666666666714e+02 1.287199999999999989e+02 1.277466666666666697e+02
1.276666666666666714e+02 1.287199999999999989e+02 1.277466666666666697e+02
1.276666666666666714e+02 1.287199999999999989e+02 1.277466666666666697e+02
1.276666666666666714e+02 1.287199999999999989e+02 1.277466666666666697e+02
1.276666666666666714e+02 1.287199999999999989e+02 1.277466666666666697e+02
1.276666666666666714e+02 1.287199999999999989e+02 1.277466666666666697e+02
1.276666666666666714e+02 1.287199999999999989e+02 1.277466666666666697e+02
1.276666666666666714e+02 1.287199999999999989e+02 1.277466666666666697e+02
1.276666666666666714e+02 1.287199999999999989e+02 1.277466666666666697e+02
1.276666666666666714e+02 1.287199999999999989e+02 1.277466666666666697e+02
1.276666666666666714e+02 1.287199999999999989e+02 1.277466666666666697e+02
1.276666666666666714e+02 1.287199999999999989e+02 1.277466666666666697e+02
1.276666666666666714e+02 1.287199999999999989e+02 1.277466666666666697e+02
1.276666666666666714e+02 1.287199999999999989e+02 1.277466666666666697e+02
1.276666666666666714e+02 1.287199999999999989e+02 1.277466666666666697e+02
1.276666666666666714e+02 1.287199999999999989e+02 1.277466666666666697e+02
1.276666666666666714e+02 1.287199999999999989e+02 1.277466666666666697e+02
1.276666666666666714e+02 1.287199999999999989e+02 1.277466666666666697e+02
1.276666666666666714e+02 1.287199999999999989e+02 1.277466666666666697e+02
1.276666666666666714e+02 1.287199999999999989e+02 1.277466666666666697e+02
1.276666666666666714e+02 1.287199999999999989e+02 1.277466666666666697e+02
1.276666666666666714e+02 1.287199999999999989e+02 1.277466666666666697e+02
1.276666666666666714e+02 1.287199999999999989e+02 1.277466666666666697e+02
1.276666666666666714e+02 1.287199999999999989e+02 1.277466666666666697e+02
1.276666666666666714e+02 1.287199999999999989e+02 1.277466666666666697e+02
1.276666666666666714e+02 1.287199999999999989e+02 1.277466666666666697e+02
1.276666666666666714e+02 1.287199999999999989e+02 1.277466666666666697e+02
1.276666666666666714e+02 1.287199999999999989e+02 1.277466666666666697e+02
1.276666666666666714e+02 1.287199999999999989e+02 1.277466666666666697e+02
1.276666666666666714e+02 1.287199999999999989e+02 1.277466666666666697e+02
1.276666666666666714e+02 1.287199999999999989e+02 1.277466666666666697e+02
1.276666666666666714e+02 1.287199999999999989e+02 1.277466666666666697e+02
1.276666666666666714e+02 1.287199999999999989e+02 1.277466666666666697e+02
1.276666666666666714e+02 1.287199999999999989e+02 1.277466666666666697e+02
1.276666666666666714e+02 1.287199999999999989e+02 1.277466666666666697e+02
1.276666666666666714e+02 1.287199999999999989e+02 1.277466666666666697e+02
1.276666666666666714e+02 1.287199999999999989e+02 1.277466666666666697e+02
1.276666666666666714e+02 1.287199999999999989e+02 1.277466666666666697e+02
1.276666666666666714e+02 1.287199999999999989e+02 1.277466666666666697e+02
1.276666666666666714e+02 1.287199999999999989e+02 1.277466666666666697e+02
1.276666666666666714e+02 1.287199999999999989e+02 1.277466666666666697e+02
1.276666666666666714e+02 1.287199999999999989e+02 1.277466666666666697e+02
1.276666666666666714e+02 1.287199999999999989e+02 1.277466666666666697e+02
1.276666666666666714e+02 1.287199999999999989e+02 1.277466666666666697e+02
1.276666666666666714e+02 1.287199999999999989e+02 1.277466666666666697e+02
1.276666666666666714e+02 1.287199999999999989e+02 1.277466666666666697e+02
1.276666666666666714e+02 1.287199999999999989e+02 1.277466666666666697e+02
1.276666666666666714e+02 1.287199999999999989e+02 1.277466666666666697e+02
1.276666666666666714e+02 1.287199999999999989e+02 1.277466666666666697e+02
1.276666666666666714e+02 1.287199999999999989e+02 1.277466666666666697e+02
1.276666666666666714e+02 1.287199999999999989e+02 1.277466666666666697e+02
1.276666666666666714e+02 1.287199999999999989e+02 1.277466666666666697e+02
1.276666666666666714e+02 1.287199999999999989e+02 1.277466666666666697e+02
1.276666666666666714e+02 1.287199999999999989e+02 1.277466666666666697e+02
1.276666666666666714e+02 1.287199999999999989e+02 1.277466666666666697e+02
1.276666666666666714e+02 1.287199999999999989e+02 1.277466666666666697e+02
1.276666666666666714e+02 1.287199999999999989e+02 1.277466666666666697e+02
1.276666666666666714e+02 1.287199999999999989e+02 1.277466666666666697e+02
1.276666666666666714e+02 1.287199999999999989e+02 1.277466666666666697e+02
1.276666666666666714e+02 1.287199999999999989e+02 1.277466666666666697e+02
1.276666666666666714e+02 1.287199999999999989e+02 1.277466666666666697e+02
1.276666666666666714e+02 1.287199999999999989e+02 1.277466666666666697e+02
1.276666666666666714e+02 1.287199999999999989e+02 1.277466666666666697e+02
1.276666666666666714e+02 1.287199999999999989e+02 1.277466666666666697e+02
1.276666666666666714e+02 1.287199999999999989e+02 1.277466666666666697e+02
1.276666666666666714e+02 1.287199999999999989e+02 1.277466666666666697e+02
1.276666666666666714e+02 1.287199999999999989e+02 1.277466666666666697e+02
1.276666666666666714e+02 1.287199999999999989e+02 1.277466666666666697e+02
1.276666666666666714e+02 1.287199999999999989e+02 1.277466666666666697e+02
1.276666666666666714e+02 1.287199999999999989e+02 1.277466666666666697e+02
1.276666666666666714e+02 1.287199999999999989e+02 1.277466666666666697e+02
1.276666666666666714e+02 1.287199999999999989e+02 1.277466666666666697e+02
1.276666666666666714e+02 1.287199999999999989e+02 1.277466666666666697e+02
1.276666666666666714e+02 1.287199999999999989e+02 1.277466666666666697e+02
1.276666666666666714e+02 1.287199999999999989e+02 1.277466666666666697e+02
1.276666666666666714e+02 1.287199999999999989e+02 1.277466666666666697e+02
1.276666666666666714e+02 1.287199999999999989e+02 1.277466666666666697e+02
1.276666666666666714e+02 1.287199999999999989e+02 1.277466666666666697e+02
1.276666666666666714e+02 1.287199999999999989e+02 1.277466666666666697e+02
1.276666666666666714e+02 1.287199999999999989e+02 1.277466666666666697e+02
1.276666666666666714e+02 1.287199999999999989e+02 1.277466666666666697e+02
1.276666666666666714e+02 1.287199999999999989e+02 1.277466666666666697e+02
1.276666666666666714e+02 1.287199999999999989e+02 1.277466666666666697e+02
1.276666666666666714e+02 1.287199999999999989e+02 1.277466666666666697e+02
1.276666666666666714e+02 1.287199999999999989e+02 1.277466666666666697e+02
1.276666666666666714e+02 1.287199999999999989e+02 1.277466666666666697e+02
1.276666666666666714e+02 1.287199999999999989e+02 1.277466666666666697e+02
1.276666666666666714e+02 1.287199999999999989e+02 1.277466666666666697e+02
1.276666666666666714e+02 1.287199999999999989e+02 1.277466666666666697e+02
1.276666666666666714e+02 1.287199999999999989e+02 1.277466666666666697e+02
1.276666666666666714e+02 1.287199999999999989e+02 1.277466666666666697e+02
1.276666666666666714e+02 1.287199999999999989e+02 1.277466666666666697e+02
1.276666666666666714e+02 1.287199999999999989e+02 1.277466666666666697e+02
1.276666666666666714e+02 1.287199999999999989e+02 1.277466666666666697e+02
1.276666666666666714e+02 1.287199999999999989e+02 1.277466666666666697e+02
1.276666666666666714e+02 1.287199999999999989e+02 1.277466666666666697e+02
1.276666666666666714e+02 1.287199999999999989e+02 1.277466666666666697e+02
1.276666666666666714e+02 1.287199999999999989e+02 1.277466666666666697e+02
1.276666666666666714e+02 1.287199999999999989e+02 1.277466666666666697e+02
1.276666666666666714e+02 1.287199999999999989e+02 1.277466666666666697e+02
1.276666666666666714e+02 1.287199999999999989e+02 1.277466666666666697e+02
1.276666666666666714e+02 1.287199999999999989e+02 1.277466666666666697e+02
1.276666666666666714e+02 1.287199999999999989e+02 1.277466666666666697e+02
1.276666666666666714e+02 1.287199999999999989e+02 1.277466666666666697e+02
1.276666666666666714e+02 1.287199999999999989e+02 1.277466666666666697e+02
1.276666666666666714e+02 1.287199999999999989e+02 1.277466666666666697e+02
1.276666666666666714e+02 1.287199999999999989e+02 1.277466666666666697e+02
1.276666666666666714e+02 1.287199999999999989e+02 1.277466666666666697e+02
1.276666666666666714e+02 1.287199999999999989e+02 1.277466666666666697e+02
1.276666666666666714e+02 1.287199999999999989e+02 1.277466666666666697e+02
1.276666666666666714e+02 1.287199999999999989e+02 1.277466666666666697e+02
1.276666666666666714e+02 1.287199999999999989e+02 1.277466666666666697e+02
1.276666666666666714e+02 1.287199999999999989e+02 1.277466666666666697e+02
1.276666666666666714e+02 1.287199999999999989e+02 1.277466666666666697e+02
1.276666666666666714e+02 1.287199999999999989e+02 1.277466666666666697e+02
1.276666666666666714e+02 1.287199999999999989e+02 1.277466666666666697e+02
1.276666666666666714e+02 1.287199999999999989e+02 1.277466666666666697e+02
1.276666666666666714e+02 1.287199999999999989e+02 1.277466666666666697e+02
1.276666666666666714e+02 1.287199999999999989e+02 1.277466666666666697e+02
1.276666666666666714e+02 1.287199999999999989e+02 1.277466666666666697e+02
1.276666666666666714e+02 1.287199999999999989e+02 1.277466666666666697e+02
1.276666666666666714e+02 1.287199999999999989e+02 1.277466666666666697e+02
1.276666666666666714e+02 1.287199999999999989e+02 1.277466666666666697e+02
1.276666666666666714e+02 1.287199999999999989e+02 1.277466666666666697e+02
1.276666666666666714e+02 1.287199999999999989e+02 1.277466666666666697e+02
1.276666666666666714e+02 1.287199999999999989e+02 1.277466666666666697e+02
1.276666666666666714e+02 1.287199999999999989e+02 1.277466666666666697e+02
1.276666666666666714e+02 1.287199999999999989e+02 1.277466666666666697e+02
1.276666666666666714e+02 1.287199999999999989e+02 1.277466666666666697e+02
1.276666666666666714e+02 1.287199999999999989e+02 1.277466666666666697e+02
1.276666666666666714e+02 1.287199999999999989e+02 1.277466666666666697e+02
1.276666666666666714e+02 1.287199999999999989e+02 1.277466666666666697e+02
1.276666666666666714e+02 1.287199999999999989e+02 1.277466666666666697e+02
1.276666666666666714e+02 1.287199999999999989e+02 1.277466666666666697e+02
1.276666666666666714e+02 1.287199999999999989e+02 1.277466666666666697e+02
1.276666666666666714e+02 1.287199999999999989e+02 1.277466666666666697e+02
1.276666666666666714e+02 1.287199999999999989e+02 1.277466666666666697e+02
1.276666666666666714e+02 1.287199999999999989e+02 1.277466666666666697e+02
1.276666666666666714e+02 1.287199999999999989e+02 1.277466666666666697e+02
1.276666666666666714e+02 1.287199999999999989e+02 1.277466666666666697e+02
1.276666666666666714e+02 1.287199999999999989e+02 1.277466666666666697e+02
1.276666666666666714e+02 1.287199999999999989e+02 1.277466666666666697e+02
1.276666666666666714e+02 1.287199999999999989e+02 1.277466666666666697e+02
1.276666666666666714e+02 1.287199999999999989e+02 1.277466666666666697e+02
1.276666666666666714e+02 1.287199999999999989e+02 1.277466666666666697e+02
1.276666666666666714e+02 1.287199999999999989e+02 1.277466666666666697e+02
1.276666666666666714e+02 1.287199999999999989e+02 1.277466666666666697e+02
1.276666666666666714e+02 1.287199999999999989e+02 1.277466666666666697e+02
1.276666666666666714e+02 1.287199999999999989e+02 1.277466666666666697e+02
1.276666666666666714e+02 1.287199999999999989e+02 1.277466666666666697e+02
1.276666666666666714e+02 1.287199999999999989e+02 1.277466666666666697e+02
1.276666666666666714e+02 1.287199999999999989e+02 1.277466666666666697e+02
1.276666666666666714e+02 1.287199999999999989e+02 1.277466666666666697e+02
1.276666666666666714e+02 1.287199999999999989e+02 1.277466666666666697e+02
1.276666666666666714e+02 1.287199999999999989e+02 1.277466666666666697e+02
1.276666666666666714e+02 1.287199999999999989e+02 1.277466666666666697e+02
1.276666666666666714e+02 1.287199999999999989e+02 1.277466666666666697e+02
1.276666666666666714e+02 1.287199999999999989e+02 1.277466666666666697e+02
1.276666666666666714e+02 1.287199999999999989e+02 1.277466666666666697e+02
1.276666666666666714e+02 1.287199999999999989e+02 1.277466666666666697e+02
1.276666666666666714e+02 1.287199999999999989e+02 1.277466666666666697e+02
1.276666666666666714e+02 1.287199999999999989e+02 1.277466666666666697e+02
1.276666666666666714e+02 1.287199999999999989e+02 1.277466666666666697e+02
1.276666666666666714e+02 1.287199999999999989e+02 1.277466666666666697e+02
1.276666666666666714e+02 1.287199999999999989e+02 1.277466666666666697e+02
1.276666666666666714e+02 1.287199999999999989e+02 1.277466666666666697e+02
1.276666666666666714e+02 1.287199999999999989e+02 1.277466666666666697e+02
1.276666666666666714e+02 1.287199999999999989e+02 1.277466666666666697e+02
1.276666666666666714e+02 1.287199999999999989e+02 1.277466666666666697e+02
1.276666666666666714e+02 1.287199999999999989e+02 1.277466666666666697e+02
1.276666666666666714e+02 1.287199999999999989e+02 1.277466666666666697e+02
1.276666666666666714e+02 1.287199999999999989e+02 1.277466666666666697e+02
1.276666666666666714e+02 1.287199999999999989e+02 1.277466666666666697e+02
1.276666666666666714e+02 1.287199999999999989e+02 1.277466666666666697e+02
1.276666666666666714e+02 1.287199999999999989e+02 1.277466666666666697e+02
1.276666666666666714e+02 1.287199999999999989e+02 1.277466666666666697e+02
1.276666666666666714e+02 1.287199999999999989e+02 1.277466666666666697e+02
1.276666666666666714e+02 1.287199999999999989e+02 1.277466666666666697e+02
1.276666666666666714e+02 1.287199999999999989e+02 1.277466666666666697e+02
1.276666666666666714e+02 1.287199999999999989e+02 1.277466666666666697e+02
1.276666666666666714e+02 1.287199999999999989e+02 1.277466666666666697e+02
1.276666666666666714e+02 1.287199999999999989e+02 1.277466666666666697e+02
1.276666666666666714e+02 1.287199999999999989e+02 1.277466666666666697e+02
1.276666666666666714e+02 1.287199999999999989e+02 1.277466666666666697e+02
1.276666666666666714e+02 1.287199999999999989e+02 1.277466666666666697e+02
1.276666666666666714e+02 1.287199999999999989e+02 1.277466666666666697e+02
1.276666666666666714e+02 1.287199999999999989e+02 1.277466666666666697e+02
1.276666666666666714e+02 1.287199999999999989e+02 1.277466666666666697e+02
1.276666666666666714e+02 1.287199999999999989e+02 1.277466666666666697e+02
1.276666666666666714e+02 1.287199999999999989e+02 1.277466666666666697e+02
1.276666666666666714e+02 1.287199999999999989e+02 1.277466666666666697e+02
1.276666666666666714e+02 1.287199999999999989e+02 1.277466666666666697e+02
1.276666666666666714e+02 1.287199999999999989e+02 1.277466666666666697e+02
1.276666666666666714e+02 1.287199999999999989e+02 1.277466666666666697e+02
1.276666666666666714e+02 1.287199999999999989e+02 1.277466666666666697e+02
1.276666666666666714e+02 1.287199999999999989e+02 1.277466666666666697e+02
1.276666666666666714e+02 1.287199999999999989e+02 1.277466666666666697e+02
1.276666666666666714e+02 1.287199999999999989e+02 1.277466666666666697e+02
1.276666666666666714e+02 1.287199999999999989e+02 1.277466666666666697e+02
1.276666666666666714e+02 1.287199999999999989e+02 1.277466666666666697e+02
1.276666666666666714e+02 1.287199999999999989e+02 1.277466666666666697e+02
1.276666666666666714e+02 1.287199999999999989e+02 1.277466666666666697e+02
1.276666666666666714e+02 1.287199999999999989e+02 1.277466666666666697e+02
1.276666666666666714e+02 1.287199999999999989e+02 1.277466666666666697e+02
1.276666666666666714e+02 1.287199999999999989e+02 1.277466666666666697e+02
1.276666666666666714e+02 1.287199999999999989e+02 1.277466666666666697e+02
1.276666666666666714e+02 1.287199999999999989e+02 1.277466666666666697e+02
1.276666666666666714e+02 1.287199999999999989e+02 1.277466666666666697e+02
1.276666666666666714e+02 1.287199999999999989e+02 1.277466666666666697e+02
1.276666666666666714e+02 1.287199999999999989e+02 1.277466666666666697e+02
1.276666666666666714e+02 1.287199999999999989e+02 1.277466666666666697e+02
1.276666666666666714e+02 1.287199999999999989e+02 1.277466666666666697e+02
1.276666666666666714e+02 1.287199999999999989e+02 1.277466666666666697e+02
1.276666666666666714e+02 1.287199999999999989e+02 1.277466666666666697e+02
1.276666666666666714e+02 1.287199999999999989e+02 1.277466666666666697e+02
1.276666666666666714e+02 1.287199999999999989e+02 1.277466666666666697e+02
1.276666666666666714e+02 1.287199999999999989e+02 1.277466666666666697e+02
1.276666666666666714e+02 1.287199999999999989e+02 1.277466666666666697e+02
1.276666666666666714e+02 1.287199999999999989e+02 1.277466666666666697e+02
1.276666666666666714e+02 1.287199999999999989e+02 1.277466666666666697e+02
1.276666666666666714e+02 1.287199999999999989e+02 1.277466666666666697e+02
1.276666666666666714e+02 1.287199999999999989e+02 1.277466666666666697e+02
1.276666666666666714e+02 1.287199999999999989e+02 1.277466666666666697e+02
1.276666666666666714e+02 1.287199999999999989e+02 1.277466666666666697e+02
1.276666666666666714e+02 1.287199999999999989e+02 1.277466666666666697e+02
1.276666666666666714e+02 1.287199999999999989e+02 1.277466666666666697e+02
1.276666666666666714e+02 1.287199999999999989e+02 1.277466666666666697e+02
1.276666666666666714e+02 1.287199999999999989e+02 1.277466666666666697e+02
1.276666666666666714e+02 1.287199999999999989e+02 1.277466666666666697e+02
1.276666666666666714e+02 1.287199999999999989e+02 1.277466666666666697e+02
1.276666666666666714e+02 1.287199999999999989e+02 1.277466666666666697e+02
1.276666666666666714e+02 1.287199999999999989e+02 1.277466666666666697e+02
1.276666666666666714e+02 1.287199999999999989e+02 1.277466666666666697e+02
1.276666666666666714e+02 1.287199999999999989e+02 1.277466666666666697e+02
