1.279533333333333331e+02 1.279933333333333394e+02 1.278799999999999955e+02
1.277814569536423903e+02 1.275033112582781456e+02 1.279602649006622528e+02
1.277086092715231729e+02 1.275960264900662224e+02 1.280463576158940384e+02
1.277046979865771874e+02 1.275637583892617499e+02 1.280604026845637691e+02
1.272333333333333343e+02 1.275066666666666606e+02 1.282333333333333201e+02
1.269066666666666663e+02 1.277399999999999949e+02 1.279933333333333394e+02
1.269599999999999937e+02 1.279200000000000017e+02 1.280999999999999943e+02
1.271533333333333360e+02 1.280666666666666629e+02 1.281800000000000068e+02
1.271052631578947398e+02 1.281842105263157805e+02 1.282828947368421098e+02
1.270394736842105203e+02 1.278684210526315752e+02 1.286776315789473699e+02
1.270933333333333337e+02 1.278666666666666600e+02 1.282466666666666697e+02
1.269868421052631646e+02 1.277039473684210549e+02 1.285394736842105203e+02
1.266710526315789451e+02 1.279013157894736850e+02 1.279934210526315752e+02
1.265033112582781456e+02 1.279867549668874176e+02 1.278145695364238463e+02
1.269200000000000017e+02 1.277733333333333263e+02 1.277600000000000051e+02
1.267218543046357553e+02 1.275298013245033104e+02 1.276490066225165521e+02
1.266800000000000068e+02 1.276066666666666691e+02 1.276400000000000006e+02
1.265133333333333354e+02 1.275533333333333275e+02 1.272999999999999972e+02
1.262697368421052602e+02 1.273486842105263150e+02 1.271578947368421098e+02
1.263881578947368354e+02 1.272631578947368354e+02 1.272105263157894797e+02
1.265400000000000063e+02 1.272600000000000051e+02 1.271800000000000068e+02
1.265761589403973488e+02 1.272119205298013185e+02 1.269139072847682144e+02
1.263421052631578902e+02 1.273750000000000000e+02 1.271513157894736850e+02
1.260592105263157947e+02 1.271907894736842053e+02 1.274078947368421098e+02
1.258322147651006730e+02 1.269932885906040241e+02 1.272416107382550337e+02
1.258733333333333348e+02 1.267600000000000051e+02 1.273333333333333286e+02
1.257600000000000051e+02 1.265799999999999983e+02 1.276666666666666714e+02
1.258523489932885866e+02 1.266442953020134183e+02 1.276107382550335529e+02
1.258618421052631646e+02 1.268750000000000000e+02 1.276578947368421098e+02
1.259533333333333331e+02 1.268799999999999955e+02 1.280733333333333235e+02
1.259735099337748352e+02 1.271655629139072801e+02 1.281986754966887361e+02
1.262399999999999949e+02 1.270466666666666669e+02 1.281266666666666652e+02
1.262800000000000011e+02 1.268066666666666720e+02 1.283133333333333326e+02
1.261744966442953029e+02 1.263892617449664471e+02 1.281879194630872405e+02
1.260333333333333314e+02 1.264200000000000017e+02 1.285000000000000000e+02
1.261133333333333297e+02 1.267133333333333383e+02 1.284066666666666663e+02
1.258344370860927199e+02 1.266622516556291345e+02 1.284437086092715106e+02
1.256400000000000006e+02 1.267466666666666697e+02 1.287599999999999909e+02
1.255199999999999960e+02 1.267666666666666657e+02 1.290200000000000102e+02
1.256423841059602609e+02 1.266821192052980081e+02 1.293245033112582689e+02
1.256688741721854257e+02 1.262649006622516623e+02 1.292317880794701921e+02
1.260133333333333354e+02 1.258266666666666680e+02 1.294866666666666788e+02
1.260872483221476443e+02 1.256711409395973220e+02 1.292348993288590577e+02
1.259607843137254832e+02 1.258104575163398664e+02 1.293006535947712337e+02
1.262214765100671201e+02 1.258791946308724903e+02 1.290536912751677789e+02
1.261148648648648702e+02 1.259121621621621614e+02 1.285675675675675791e+02
1.260921052631578902e+02 1.258881578947368354e+02 1.283552631578947398e+02
1.260855263157894797e+02 1.259210526315789451e+02 1.281250000000000000e+02
1.261266666666666652e+02 1.260000000000000000e+02 1.283933333333333451e+02
1.260662251655629120e+02 1.259933774834437088e+02 1.285761589403973630e+02
1.266107382550335529e+02 1.257651006711409423e+02 1.286375838926174424e+02
1.268866666666666703e+02 1.258266666666666680e+02 1.291266666666666652e+02
1.271568627450980387e+02 1.255163398692810404e+02 1.290000000000000000e+02
1.272466666666666697e+02 1.252000000000000028e+02 1.292866666666666617e+02
1.277814569536423903e+02 1.252119205298013185e+02 1.292715231788079393e+02
1.281111111111111143e+02 1.252483660130719016e+02 1.291960784313725412e+02
1.280986842105263293e+02 1.250263157894736850e+02 1.289342105263157805e+02
1.276907894736842053e+02 1.253355263157894797e+02 1.288223684210526301e+02
1.275533333333333275e+02 1.253733333333333348e+02 1.286733333333333462e+02
1.274370860927152336e+02 1.255960264900662224e+02 1.285562913907284894e+02
1.278675496688741759e+02 1.255562913907284752e+02 1.286556291390728575e+02
1.275359477124183059e+02 1.256601307189542496e+02 1.286928104575163445e+02
1.278807947019867584e+02 1.255695364238410576e+02 1.288940397350993408e+02
1.278266666666666680e+02 1.256466666666666612e+02 1.290333333333333314e+02
1.278355263157894797e+02 1.259671052631578902e+02 1.288618421052631504e+02
1.277999999999999972e+02 1.259733333333333292e+02 1.284133333333333269e+02
1.275133333333333354e+02 1.262266666666666737e+02 1.285533333333333417e+02
1.271788079470198625e+02 1.261655629139072801e+02 1.282980132450331041e+02
1.271920529801324449e+02 1.258543046357615935e+02 1.280794701986754944e+02
1.269194630872483174e+02 1.259530201342281828e+02 1.276912751677852356e+02
1.271589403973509889e+02 1.260860927152317856e+02 1.277814569536423903e+02
1.270600000000000023e+02 1.264933333333333394e+02 1.280600000000000023e+02
1.273443708609271567e+02 1.265894039735099312e+02 1.278543046357615935e+02
1.271390728476821153e+02 1.260463576158940384e+02 1.280132450331125824e+02
1.271052631578947398e+02 1.262236842105263150e+02 1.278552631578947398e+02
1.274333333333333371e+02 1.262333333333333343e+02 1.279133333333333269e+02
1.275065789473684248e+02 1.265131578947368354e+02 1.278684210526315752e+02
1.277218543046357553e+02 1.267483443708609201e+02 1.277615894039735167e+02
1.275496688741721840e+02 1.270198675496688736e+02 1.274503311258278160e+02
1.274800000000000040e+02 1.270866666666666731e+02 1.273133333333333326e+02
1.275555555555555571e+02 1.270718954248365975e+02 1.275098039215686327e+02
1.272953020134228126e+02 1.274093959731543606e+02 1.277114093959731491e+02
1.274066666666666663e+02 1.274333333333333371e+02 1.277266666666666737e+02
1.273921568627450966e+02 1.277516339869280984e+02 1.278300653594771177e+02
1.272631578947368354e+02 1.278355263157894797e+02 1.280394736842105203e+02
1.272980132450331183e+02 1.281523178807946977e+02 1.280662251655629120e+02
1.273466666666666640e+02 1.278533333333333388e+02 1.280333333333333314e+02
1.275704697986577116e+02 1.278053691275167836e+02 1.280469798657718172e+02
1.276599999999999966e+02 1.279066666666666663e+02 1.280066666666666606e+02
1.279072847682119232e+02 1.280132450331125824e+02 1.278940397350993408e+02
1.281788079470198625e+02 1.281125827814569504e+02 1.279867549668874176e+02
1.281866666666666674e+02 1.285733333333333235e+02 1.279599999999999937e+02
1.282649006622516481e+02 1.283841059602648897e+02 1.280529801324503296e+02
1.281466666666666754e+02 1.286466666666666754e+02 1.275133333333333354e+02
1.282617449664429614e+02 1.286644295302013461e+02 1.272550335570469855e+02
1.287266666666666595e+02 1.290666666666666629e+02 1.274200000000000017e+02
1.286174496644295289e+02 1.291342281879194616e+02 1.276510067114093943e+02
1.287417218543046431e+02 1.290662251655629120e+02 1.273377483443708655e+02
1.291059602649006592e+02 1.290000000000000000e+02 1.274304635761589424e+02
1.289801324503311264e+02 1.293443708609271425e+02 1.274105960264900688e+02
1.290536912751677789e+02 1.294966442953020191e+02 1.274697986577181155e+02
1.289205298013245056e+02 1.295231788079470334e+02 1.275894039735099312e+02
1.291812080536912788e+02 1.296979865771812115e+02 1.279194630872483174e+02
1.288400000000000034e+02 1.297800000000000011e+02 1.274733333333333292e+02
1.290198675496688736e+02 1.302119205298013185e+02 1.276158940397350960e+02
1.289865771812080482e+02 1.301543624161073751e+02 1.273624161073825434e+02
1.289333333333333371e+02 1.296466666666666754e+02 1.275199999999999960e+02
1.290264900662251648e+02 1.299205298013245056e+02 1.271920529801324449e+02
1.289733333333333292e+02 1.301933333333333280e+02 1.270600000000000023e+02
1.289536423841059616e+02 1.303311258278145601e+02 1.272913907284768271e+02
1.290132450331125824e+02 1.302516556291390657e+02 1.270728476821192032e+02
1.287837837837837753e+02 1.301216216216216139e+02 1.271283783783783718e+02
1.288266666666666538e+02 1.302599999999999909e+02 1.273799999999999955e+02
1.289161290322580555e+02 1.300838709677419445e+02 1.272258064516128968e+02
1.288533333333333246e+02 1.301733333333333462e+02 1.277600000000000051e+02
1.289738562091503127e+02 1.300196078431372655e+02 1.274901960784313673e+02
1.291466666666666754e+02 1.300733333333333235e+02 1.272066666666666634e+02
1.291200000000000045e+02 1.301266666666666652e+02 1.271733333333333320e+02
1.291390728476821153e+02 1.302450331125827745e+02 1.268675496688741759e+02
1.288859060402684520e+02 1.298187919463087212e+02 1.267919463087248317e+02
1.283066666666666720e+02 1.295533333333333417e+02 1.268666666666666600e+02
1.281118421052631504e+02 1.294210526315789593e+02 1.268552631578947398e+02
1.283866666666666561e+02 1.294866666666666788e+02 1.270000000000000000e+02
1.285620915032679648e+02 1.296993464052287663e+02 1.269411764705882320e+02
1.286375838926174424e+02 1.299865771812080482e+02 1.268389261744966490e+02
1.287733333333333405e+02 1.298000000000000114e+02 1.269266666666666623e+02
1.286733333333333462e+02 1.295733333333333235e+02 1.271866666666666674e+02
1.285838926174496635e+02 1.296510067114093943e+02 1.267248322147651010e+02
1.284105960264900546e+02 1.296754966887417311e+02 1.268741721854304672e+02
1.285933333333333337e+02 1.293933333333333451e+02 1.269399999999999977e+02
1.286979865771812115e+02 1.292013422818791923e+02 1.269463087248322211e+02
1.289403973509933792e+02 1.289735099337748352e+02 1.269602649006622528e+02
1.290733333333333235e+02 1.288333333333333428e+02 1.268199999999999932e+02
1.291999999999999886e+02 1.292733333333333405e+02 1.267666666666666657e+02
1.290927152317880768e+02 1.290728476821192032e+02 1.265894039735099312e+02
1.288410596026490111e+02 1.290596026490066208e+02 1.267748344370860991e+02
1.286066666666666549e+02 1.288199999999999932e+02 1.269200000000000017e+02
1.286447368421052602e+02 1.290723684210526301e+02 1.267828947368421098e+02
1.285637583892617499e+02 1.288389261744966348e+02 1.267315436241610769e+02
1.284701986754966754e+02 1.285960264900662366e+02 1.263046357615894095e+02
1.281589403973509889e+02 1.281125827814569504e+02 1.263245033112582831e+02
1.281437908496731950e+02 1.280000000000000000e+02 1.264052287581699403e+02
1.279000000000000057e+02 1.280000000000000000e+02 1.263933333333333309e+02
1.277434210526315752e+02 1.278684210526315752e+02 1.262763157894736850e+02
1.274933333333333394e+02 1.277533333333333303e+02 1.263333333333333286e+02
1.276533333333333360e+02 1.277600000000000051e+02 1.264266666666666623e+02
1.277266666666666737e+02 1.278266666666666680e+02 1.263933333333333309e+02
1.275657894736842053e+02 1.282631578947368496e+02 1.260986842105263150e+02
1.274834437086092720e+02 1.282450331125827745e+02 1.261059602649006592e+02
1.272000000000000028e+02 1.285866666666666731e+02 1.263533333333333388e+02
1.272251655629139009e+02 1.285496688741721982e+02 1.264304635761589424e+02
1.273223684210526301e+02 1.288618421052631504e+02 1.264013157894736850e+02
1.276133333333333297e+02 1.295466666666666526e+02 1.265000000000000000e+02
1.278866666666666703e+02 1.293400000000000034e+02 1.263466666666666640e+02
1.273266666666666680e+02 1.296866666666666674e+02 1.265000000000000000e+02
1.276405228758169983e+02 1.296143790849673110e+02 1.264575163398692865e+02
1.276184210526315752e+02 1.297631578947368496e+02 1.262368421052631646e+02
1.276490066225165521e+02 1.300860927152317856e+02 1.258807947019867584e+02
1.279668874172185440e+02 1.298741721854304672e+02 1.259801324503311264e+02
1.278940397350993408e+02 1.299933774834437088e+02 1.257615894039735167e+02
1.276200000000000045e+02 1.301133333333333439e+02 1.257600000000000051e+02
1.271381578947368354e+02 1.299736842105263293e+02 1.258552631578947398e+02
1.268013245033112639e+02 1.301059602649006592e+02 1.257880794701986815e+02
1.270794701986754944e+02 1.300529801324503296e+02 1.257947019867549727e+02
1.267814569536423903e+02 1.300596026490066208e+02 1.259139072847682144e+02
1.265999999999999943e+02 1.298600000000000136e+02 1.258066666666666720e+02
1.267432432432432421e+02 1.297905405405405475e+02 1.259121621621621614e+02
1.268866666666666703e+02 1.297066666666666777e+02 1.261333333333333400e+02
1.266599999999999966e+02 1.300466666666666526e+02 1.258199999999999932e+02
1.265761589403973488e+02 1.299205298013245056e+02 1.256225165562913872e+02
1.262847682119205359e+02 1.294370860927152194e+02 1.258145695364238463e+02
1.263557046979865817e+02 1.296577181208053560e+02 1.260671140939597308e+02
1.264832214765100673e+02 1.296845637583892596e+02 1.260402684563758413e+02
1.262697368421052602e+02 1.295657894736842195e+02 1.259473684210526301e+02
1.261125827814569504e+02 1.294966887417218402e+02 1.257350993377483377e+02
1.255866666666666731e+02 1.293133333333333326e+02 1.253133333333333326e+02
1.257152317880794641e+02 1.292781456953642305e+02 1.251854304635761537e+02
1.254407894736842053e+02 1.293092105263157805e+02 1.252302631578947398e+02
1.252549019607843093e+02 1.295163398692810404e+02 1.254901960784313673e+02
1.248590604026845625e+02 1.294697986577181155e+02 1.252818791946308750e+02
1.246466666666666612e+02 1.296666666666666572e+02 1.254266666666666623e+02
1.247565789473684248e+02 1.295328947368421098e+02 1.256973684210526301e+02
1.246862745098039227e+02 1.291699346405228823e+02 1.258235294117647101e+02
1.245533333333333275e+02 1.294399999999999977e+02 1.259866666666666646e+02
1.247181208053691250e+02 1.294161073825503365e+02 1.262751677852348990e+02
1.246266666666666652e+02 1.295999999999999943e+02 1.260066666666666606e+02
1.244437086092715248e+02 1.296423841059602751e+02 1.262450331125827745e+02
1.240666666666666629e+02 1.299333333333333371e+02 1.262133333333333383e+02
1.241866666666666674e+02 1.298600000000000136e+02 1.258533333333333388e+02
1.242199999999999989e+02 1.300133333333333212e+02 1.256800000000000068e+02
1.240263157894736850e+02 1.296710526315789593e+02 1.258289473684210549e+02
1.241400000000000006e+02 1.297933333333333223e+02 1.257000000000000028e+02
1.242960526315789451e+02 1.297368421052631504e+02 1.254407894736842053e+02
1.245165562913907280e+02 1.299006622516556320e+02 1.253311258278145743e+02
1.246535947712418277e+02 1.299281045751633883e+02 1.253398692810457504e+02
1.248266666666666680e+02 1.304333333333333371e+02 1.253599999999999994e+02
1.248466666666666640e+02 1.307400000000000091e+02 1.252999999999999972e+02
1.251854304635761537e+02 1.308741721854304672e+02 1.252781456953642447e+02
1.249933333333333394e+02 1.308600000000000136e+02 1.252933333333333366e+02
1.254399999999999977e+02 1.313199999999999932e+02 1.250999999999999943e+02
1.256266666666666652e+02 1.316266666666666652e+02 1.248466666666666640e+02
1.258255033557046971e+02 1.315503355704697981e+02 1.246644295302013461e+02
1.255743243243243228e+02 1.314189189189189051e+02 1.247162162162162105e+02
1.256933333333333280e+02 1.314066666666666663e+02 1.246533333333333360e+02
1.256158940397351103e+02 1.318344370860927199e+02 1.247682119205298079e+02
1.257218543046357553e+02 1.320662251655629120e+02 1.248211920529801375e+02
1.253708609271523216e+02 1.318278145695364287e+02 1.245629139072847664e+02
1.253892617449664471e+02 1.318322147651006730e+02 1.247919463087248317e+02
1.254370860927152336e+02 1.323245033112582689e+02 1.246953642384105905e+02
1.251503267973856168e+02 1.323660130718954235e+02 1.245882352941176521e+02
1.252933333333333366e+02 1.326200000000000045e+02 1.247533333333333303e+02
1.252516556291390799e+02 1.326225165562914015e+02 1.247682119205298079e+02
1.251466666666666612e+02 1.324600000000000080e+02 1.249266666666666623e+02
1.251409395973154375e+02 1.323624161073825576e+02 1.250335570469798654e+02
1.252600000000000051e+02 1.324266666666666765e+02 1.252333333333333343e+02
1.254342105263157947e+02 1.328026315789473699e+02 1.257236842105263150e+02
1.255199999999999960e+02 1.328866666666666561e+02 1.261533333333333360e+02
1.253866666666666703e+02 1.328199999999999932e+02 1.260799999999999983e+02
1.257284768211920465e+02 1.329205298013245056e+02 1.262781456953642447e+02
1.255666666666666629e+02 1.329199999999999875e+02 1.262399999999999949e+02
1.257302631578947398e+02 1.327697368421052602e+02 1.264144736842105203e+02
1.257284768211920465e+02 1.324768211920529666e+02 1.265562913907284752e+02
1.261644736842105203e+02 1.317763157894736707e+02 1.264210526315789451e+02
1.262434210526315752e+02 1.313618421052631504e+02 1.263157894736842053e+02
1.262214765100671201e+02 1.315100671140939710e+02 1.260536912751677789e+02
1.259934210526315752e+02 1.314144736842105203e+02 1.255921052631578902e+02
1.257058823529411740e+02 1.315098039215686185e+02 1.256535947712418277e+02
1.259200000000000017e+02 1.313199999999999932e+02 1.259666666666666686e+02
1.258421052631578902e+02 1.313289473684210407e+02 1.260789473684210549e+02
1.257333333333333343e+02 1.311466666666666754e+02 1.260733333333333377e+02
1.252450331125827745e+02 1.309867549668874176e+02 1.257814569536423903e+02
1.252384105960264833e+02 1.310596026490066208e+02 1.252052980132450273e+02
1.253112582781457007e+02 1.313377483443708513e+02 1.249867549668874176e+02
1.251959459459459509e+02 1.313986486486486456e+02 1.250337837837837895e+02
1.253355263157894797e+02 1.307763157894736707e+02 1.251578947368421098e+02
1.252565789473684248e+02 1.310197368421052602e+02 1.250394736842105203e+02
1.256052631578947398e+02 1.309802631578947398e+02 1.249013157894736850e+02
1.251266666666666652e+02 1.309533333333333474e+02 1.245466666666666669e+02
1.251315789473684248e+02 1.308750000000000000e+02 1.244736842105263150e+02
1.250855263157894797e+02 1.306184210526315894e+02 1.238486842105263150e+02
1.249673202614379051e+02 1.305294117647058840e+02 1.237712418300653638e+02
1.250463576158940384e+02 1.301655629139072801e+02 1.240000000000000000e+02
1.247697368421052602e+02 1.301381578947368496e+02 1.242960526315789451e+02
1.251986754966887361e+02 1.303046357615893953e+02 1.242119205298013185e+02
1.251677852348993270e+02 1.301140939597315480e+02 1.242013422818791923e+02
1.252516556291390799e+02 1.301390728476821153e+02 1.239602649006622528e+02
1.250466666666666669e+02 1.299199999999999875e+02 1.241733333333333320e+02
1.249801324503311264e+02 1.295231788079470334e+02 1.242384105960264833e+02
1.251400000000000006e+02 1.294066666666666663e+02 1.240799999999999983e+02
1.249266666666666623e+02 1.295533333333333417e+02 1.241133333333333297e+02
1.252516556291390799e+02 1.294635761589403842e+02 1.239470198675496704e+02
1.252913907284768271e+02 1.293841059602648897e+02 1.241258278145695328e+02
1.252483221476510096e+02 1.292214765100671059e+02 1.241275167785234856e+02
1.253790849673202672e+02 1.287908496732026151e+02 1.245947712418300597e+02
1.253112582781457007e+02 1.287218543046357695e+02 1.243178807947019919e+02
1.255129870129870113e+02 1.283441558441558357e+02 1.243116883116883145e+02
1.257800000000000011e+02 1.284266666666666765e+02 1.241266666666666652e+02
1.260728476821192032e+02 1.283973509933774722e+02 1.239801324503311264e+02
1.259798657718120865e+02 1.286308724832214807e+02 1.239463087248322211e+02
1.255629139072847664e+02 1.285430463576159070e+02 1.243311258278145743e+02
1.258675496688741759e+02 1.287483443708609343e+02 1.240927152317880768e+02
1.257417218543046289e+02 1.288543046357615935e+02 1.243774834437086128e+02
1.259337748344370880e+02 1.288013245033112639e+02 1.243774834437086128e+02
1.257615894039735167e+02 1.284304635761589282e+02 1.243973509933774864e+02
1.255133333333333354e+02 1.286666666666666572e+02 1.246133333333333297e+02
1.253691275167785193e+02 1.291275167785234999e+02 1.244362416107382501e+02
1.252066666666666634e+02 1.293400000000000034e+02 1.245266666666666708e+02
1.251133333333333297e+02 1.298600000000000136e+02 1.244133333333333269e+02
1.250860927152317856e+02 1.297549668874172255e+02 1.244900662251655632e+02
1.251523178807946977e+02 1.297284768211920607e+02 1.244370860927152336e+02
1.252466666666666697e+02 1.295600000000000023e+02 1.245199999999999960e+02
1.249599999999999937e+02 1.300266666666666708e+02 1.246933333333333280e+02
1.249866666666666646e+02 1.297866666666666617e+02 1.245866666666666731e+02
1.250066666666666606e+02 1.298466666666666640e+02 1.250666666666666629e+02
1.252727272727272663e+02 1.301883116883116998e+02 1.250064935064935128e+02
1.253133333333333326e+02 1.301133333333333439e+02 1.251733333333333320e+02
1.252450331125827745e+02 1.297086092715231871e+02 1.248410596026490111e+02
1.253199999999999932e+02 1.296599999999999966e+02 1.251400000000000006e+02
1.251946308724832164e+02 1.296107382550335672e+02 1.250939597315436203e+02
1.249060402684563797e+02 1.298322147651006730e+02 1.253892617449664471e+02
1.247733333333333263e+02 1.301466666666666754e+02 1.252133333333333383e+02
1.248133333333333326e+02 1.303533333333333246e+02 1.251200000000000045e+02
1.250133333333333354e+02 1.305866666666666731e+02 1.254800000000000040e+02
1.247972972972972912e+02 1.307094594594594525e+02 1.257094594594594525e+02
1.246754966887417169e+02 1.307549668874172255e+02 1.254569536423841072e+02
1.247733333333333263e+02 1.306333333333333258e+02 1.256200000000000045e+02
1.248675496688741759e+02 1.305629139072847806e+02 1.254105960264900688e+02
1.250738255033557067e+02 1.306845637583892596e+02 1.254093959731543606e+02
1.251533333333333360e+02 1.306466666666666754e+02 1.252866666666666617e+02
1.250933333333333337e+02 1.305266666666666708e+02 1.254733333333333292e+02
1.250662251655629120e+02 1.305827814569536542e+02 1.254503311258278160e+02
1.249261744966442933e+02 1.307181208053691250e+02 1.256241610738255048e+02
1.245810810810810807e+02 1.308918918918918735e+02 1.256959459459459367e+02
1.244594594594594668e+02 1.309527027027027088e+02 1.257567567567567579e+02
1.242847682119205359e+02 1.309867549668874176e+02 1.254900662251655632e+02
1.243466666666666640e+02 1.309266666666666765e+02 1.252533333333333303e+02
1.241400000000000006e+02 1.305866666666666731e+02 1.252933333333333366e+02
1.240604026845637549e+02 1.306912751677852214e+02 1.253758389261744952e+02
1.241733333333333320e+02 1.308933333333333451e+02 1.256533333333333360e+02
1.240466666666666669e+02 1.306599999999999966e+02 1.258733333333333348e+02
1.238389261744966490e+02 1.305503355704697981e+02 1.259328859060402692e+02
1.237350993377483377e+02 1.302781456953642305e+02 1.261986754966887361e+02
1.235033557046979809e+02 1.299261744966443075e+02 1.266174496644295289e+02
1.233466666666666640e+02 1.298799999999999955e+02 1.261666666666666714e+02
1.231800000000000068e+02 1.297933333333333223e+02 1.261599999999999966e+02
1.229337748344370880e+02 1.297483443708609343e+02 1.259205298013245056e+02
1.224200000000000017e+02 1.300399999999999920e+02 1.259666666666666686e+02
1.220466666666666669e+02 1.300333333333333314e+02 1.256533333333333360e+02
1.219736842105263150e+02 1.301710526315789593e+02 1.255921052631578902e+02
1.220799999999999983e+02 1.302199999999999989e+02 1.255466666666666669e+02
1.221589403973509889e+02 1.301390728476821153e+02 1.256887417218542993e+02
1.221920529801324449e+02 1.298741721854304672e+02 1.258741721854304672e+02
1.221933333333333280e+02 1.296133333333333439e+02 1.260266666666666708e+02
1.225490196078431353e+02 1.293725490196078454e+02 1.262549019607843093e+02
1.227999999999999972e+02 1.293333333333333428e+02 1.262066666666666634e+02
1.222781456953642447e+02 1.294966887417218402e+02 1.258410596026490111e+02
1.226556291390728433e+02 1.293245033112582689e+02 1.253046357615894095e+02
1.226887417218542993e+02 1.293708609271523073e+02 1.252317880794701921e+02
1.226710526315789451e+02 1.292236842105263293e+02 1.252697368421052602e+02
1.227880794701986815e+02 1.294768211920529666e+02 1.254370860927152336e+02
1.226601307189542496e+02 1.295424836601307277e+02 1.256535947712418277e+02
1.225266666666666708e+02 1.291999999999999886e+02 1.260199999999999960e+02
1.226052631578947398e+02 1.291118421052631504e+02 1.257763157894736850e+02
1.227894736842105203e+02 1.289210526315789593e+02 1.256118421052631646e+02
1.228255033557046971e+02 1.287449664429530287e+02 1.261409395973154375e+02
1.227999999999999972e+02 1.288600000000000136e+02 1.259733333333333292e+02
1.229602649006622528e+02 1.288079470198675551e+02 1.258543046357615935e+02
1.234333333333333371e+02 1.288266666666666538e+02 1.259800000000000040e+02
1.235704697986577116e+02 1.284630872483221538e+02 1.260134228187919518e+02
1.235163398692810404e+02 1.281633986928104605e+02 1.258692810457516345e+02
1.233733333333333348e+02 1.280999999999999943e+02 1.255400000000000063e+02
1.234144736842105203e+02 1.282631578947368496e+02 1.257302631578947398e+02
1.235430463576158928e+02 1.282052980132450273e+02 1.259271523178807968e+02
1.235666666666666629e+02 1.282266666666666595e+02 1.260066666666666606e+02
1.235866666666666731e+02 1.281399999999999864e+02 1.260266666666666708e+02
1.237000000000000028e+02 1.278333333333333286e+02 1.256533333333333360e+02
1.236845637583892596e+02 1.275503355704697981e+02 1.254161073825503365e+02
1.236800000000000068e+02 1.273799999999999955e+02 1.250733333333333377e+02
1.240671140939597308e+02 1.270939597315436203e+02 1.248791946308724903e+02
1.237880794701986815e+02 1.272781456953642447e+02 1.249403973509933792e+02
1.240466666666666669e+02 1.274000000000000057e+02 1.250933333333333337e+02
1.244768211920529808e+02 1.274370860927152336e+02 1.253178807947019919e+02
1.243133333333333326e+02 1.277466666666666697e+02 1.252466666666666697e+02
1.241200000000000045e+02 1.279200000000000017e+02 1.253933333333333309e+02
1.242631578947368354e+02 1.278223684210526301e+02 1.251315789473684248e+02
1.243642384105960303e+02 1.280596026490066208e+02 1.250331125827814560e+02
1.244133333333333269e+02 1.278866666666666703e+02 1.248333333333333286e+02
1.242875816993464042e+02 1.279019607843137294e+02 1.246209150326797328e+02
1.247733333333333263e+02 1.278799999999999955e+02 1.245466666666666669e+02
1.248355263157894797e+02 1.278026315789473699e+02 1.241973684210526301e+02
1.246291390728476784e+02 1.279933774834437088e+02 1.240993377483443680e+02
1.248947368421052602e+02 1.280855263157894797e+02 1.242171052631578902e+02
1.247814569536423903e+02 1.282119205298013185e+02 1.245165562913907280e+02
1.249337748344370880e+02 1.282781456953642305e+02 1.242980132450331183e+02
1.248466666666666640e+02 1.285866666666666731e+02 1.242533333333333303e+02
1.249533333333333331e+02 1.285066666666666606e+02 1.245000000000000000e+02
1.248486842105263150e+02 1.285460526315789593e+02 1.244868421052631646e+02
1.251610738255033510e+02 1.284496644295302019e+02 1.245771812080536876e+02
1.251390728476821153e+02 1.285695364238410718e+02 1.248410596026490111e+02
1.250596026490066208e+02 1.285496688741721982e+02 1.252516556291390799e+02
1.251333333333333400e+02 1.284000000000000057e+02 1.249066666666666663e+02
1.251788079470198625e+02 1.283841059602648897e+02 1.250331125827814560e+02
1.251568627450980387e+02 1.281895424836601194e+02 1.253333333333333286e+02
1.248266666666666680e+02 1.281866666666666674e+02 1.252600000000000051e+02
1.249261744966442933e+02 1.285100671140939710e+02 1.256040268456375770e+02
1.251666666666666714e+02 1.281533333333333360e+02 1.256133333333333297e+02
1.250466666666666669e+02 1.284066666666666663e+02 1.257266666666666737e+02
1.252933333333333366e+02 1.283533333333333246e+02 1.256866666666666674e+02
1.255771812080536876e+02 1.284026845637583847e+02 1.259865771812080482e+02
1.257583892617449663e+02 1.282483221476510096e+02 1.258724832214765144e+02
1.258609271523178847e+02 1.282052980132450273e+02 1.260331125827814560e+02
1.261447368421052602e+02 1.281644736842105203e+02 1.257894736842105203e+02
1.260067114093959759e+02 1.283892617449664328e+02 1.256778523489932837e+02
1.263245033112582831e+02 1.281324503311258241e+02 1.255231788079470192e+02
1.263199999999999932e+02 1.279133333333333269e+02 1.256266666666666652e+02
1.261666666666666714e+02 1.277399999999999949e+02 1.255799999999999983e+02
1.262434210526315752e+02 1.279342105263157947e+02 1.255394736842105203e+02
1.264437086092715248e+02 1.279470198675496704e+02 1.254238410596026512e+02
1.265490196078431353e+02 1.282810457516339966e+02 1.254705882352941160e+02
1.263841059602649040e+02 1.280132450331125824e+02 1.249801324503311264e+02
1.262933333333333366e+02 1.278933333333333309e+02 1.245533333333333275e+02
1.259337748344370880e+02 1.277549668874172255e+02 1.243443708609271567e+02
1.261946308724832164e+02 1.279194630872483174e+02 1.242147651006711442e+02
1.258741721854304672e+02 1.278013245033112639e+02 1.238476821192053023e+02
1.259470198675496704e+02 1.276291390728476784e+02 1.239867549668874176e+02
1.258599999999999994e+02 1.277066666666666634e+02 1.237199999999999989e+02
1.258116883116883145e+02 1.275779220779220822e+02 1.236363636363636402e+02
1.254599999999999937e+02 1.275999999999999943e+02 1.234000000000000057e+02
1.254161073825503365e+02 1.276375838926174566e+02 1.236711409395973220e+02
1.256250000000000000e+02 1.275131578947368354e+02 1.232960526315789451e+02
1.256066666666666691e+02 1.275999999999999943e+02 1.232066666666666634e+02
1.250866666666666731e+02 1.274333333333333371e+02 1.235066666666666606e+02
1.254399999999999977e+02 1.277933333333333366e+02 1.232533333333333303e+02
1.252418300653594798e+02 1.274967320261437891e+02 1.231111111111111143e+02
1.253831168831168839e+02 1.278116883116883145e+02 1.229090909090909065e+02
1.254765100671140914e+02 1.276174496644295289e+02 1.229664429530201346e+02
1.253799999999999955e+02 1.276933333333333280e+02 1.226266666666666652e+02
1.252913907284768271e+02 1.274238410596026512e+02 1.225827814569536400e+02
1.256418918918918877e+02 1.276554054054054035e+02 1.222500000000000000e+02
1.256953642384105905e+02 1.272715231788079535e+02 1.222185430463576097e+02
1.255496688741721840e+02 1.274900662251655632e+02 1.221523178807946977e+02
1.258791946308724903e+02 1.273825503355704711e+02 1.222147651006711442e+02
1.262333333333333343e+02 1.275933333333333337e+02 1.220066666666666606e+02
1.261960784313725554e+02 1.279934640522875782e+02 1.217647058823529420e+02
1.262266666666666737e+02 1.276599999999999966e+02 1.217399999999999949e+02
1.260397350993377472e+02 1.276225165562913872e+02 1.221655629139072801e+02
1.259539473684210549e+02 1.275328947368421098e+02 1.221776315789473699e+02
1.257843137254901933e+02 1.274379084967320210e+02 1.223137254901960773e+02
1.256933333333333280e+02 1.277666666666666657e+02 1.223933333333333309e+02
1.259060402684563797e+02 1.278791946308724903e+02 1.225838926174496635e+02
1.260333333333333314e+02 1.280733333333333235e+02 1.230133333333333354e+02
1.259276315789473699e+02 1.283223684210526301e+02 1.230855263157894797e+02
1.257986577181208077e+02 1.282013422818791923e+02 1.229865771812080482e+02
1.253733333333333348e+02 1.278733333333333348e+02 1.227066666666666634e+02
1.252847682119205359e+02 1.280728476821192032e+02 1.224370860927152336e+02
1.254210526315789451e+02 1.282368421052631504e+02 1.226118421052631646e+02
1.253841059602649040e+02 1.279271523178807968e+02 1.223907284768211952e+02
1.252533333333333303e+02 1.277999999999999972e+02 1.224399999999999977e+02
1.250999999999999943e+02 1.275666666666666629e+02 1.221333333333333400e+02
1.247666666666666657e+02 1.274266666666666623e+02 1.220400000000000063e+02
1.245866666666666731e+02 1.275533333333333275e+02 1.221866666666666674e+02
1.243377483443708655e+02 1.278609271523178847e+02 1.222450331125827745e+02
1.243422818791946298e+02 1.279731543624161105e+02 1.223892617449664471e+02
1.244066666666666663e+02 1.285866666666666731e+02 1.223799999999999955e+02
1.247748344370860991e+02 1.285496688741721982e+02 1.227615894039735167e+02
1.248053691275167836e+02 1.287382550335570386e+02 1.224228187919463124e+02
1.244966887417218544e+02 1.290529801324503296e+02 1.225231788079470192e+02
1.246907894736842053e+02 1.291381578947368496e+02 1.229868421052631646e+02
1.247999999999999972e+02 1.289199999999999875e+02 1.229533333333333331e+02
1.248657718120805384e+02 1.290604026845637691e+02 1.230469798657718172e+02
1.250066666666666606e+02 1.290000000000000000e+02 1.232066666666666634e+02
1.249139072847682144e+02 1.289867549668874176e+02 1.229470198675496704e+02
1.248562091503267908e+02 1.287843137254901933e+02 1.232156862745098067e+02
1.252516556291390799e+02 1.288145695364238463e+02 1.235033112582781456e+02
1.249597315436241587e+02 1.286107382550335672e+02 1.235973154362416153e+02
1.253333333333333286e+02 1.286200000000000045e+02 1.233933333333333309e+02
1.252980132450331183e+02 1.284039735099337634e+02 1.233774834437086128e+02
1.253046357615894095e+02 1.286092715231788191e+02 1.234172185430463600e+02
1.251533333333333360e+02 1.285066666666666606e+02 1.235466666666666669e+02
1.249333333333333371e+02 1.284399999999999977e+02 1.235933333333333337e+02
1.251466666666666612e+02 1.285133333333333212e+02 1.239866666666666646e+02
1.251842105263157947e+02 1.289013157894736707e+02 1.239802631578947398e+02
1.249463087248322211e+02 1.288053691275167694e+02 1.243221476510067163e+02
1.249605263157894797e+02 1.289013157894736707e+02 1.242631578947368354e+02
1.249798657718120865e+02 1.287248322147650867e+02 1.247986577181208077e+02
1.248278145695364287e+02 1.287615894039735167e+02 1.248013245033112639e+02
1.249802631578947398e+02 1.288947368421052602e+02 1.249802631578947398e+02
1.248211920529801375e+02 1.291523178807946977e+02 1.249072847682119232e+02
1.250596026490066208e+02 1.293112582781456865e+02 1.251324503311258241e+02
1.248400000000000034e+02 1.293666666666666742e+02 1.250199999999999960e+02
1.245866666666666731e+02 1.293666666666666742e+02 1.250466666666666669e+02
1.246466666666666612e+02 1.292666666666666799e+02 1.250466666666666669e+02
1.243933333333333309e+02 1.291533333333333360e+02 1.252199999999999989e+02
1.238618421052631646e+02 1.290460526315789593e+02 1.254473684210526301e+02
1.238684210526315752e+02 1.289671052631578902e+02 1.257960526315789451e+02
1.238266666666666680e+02 1.290866666666666731e+02 1.256599999999999966e+02
1.239866666666666646e+02 1.289533333333333474e+02 1.258333333333333286e+02
1.242697368421052602e+02 1.287434210526315894e+02 1.260855263157894797e+02
1.242147651006711442e+02 1.288456375838926249e+02 1.262214765100671201e+02
1.243199999999999932e+02 1.287666666666666799e+02 1.265533333333333275e+02
1.242214765100671201e+02 1.291140939597315480e+02 1.265704697986577116e+02
1.241400000000000006e+02 1.289733333333333292e+02 1.269266666666666623e+02
1.243750000000000000e+02 1.289473684210526301e+02 1.271447368421052602e+02
1.242933333333333366e+02 1.291800000000000068e+02 1.268400000000000034e+02
1.243552631578947398e+02 1.294013157894736707e+02 1.265855263157894797e+02
1.241733333333333320e+02 1.297133333333333383e+02 1.266400000000000006e+02
1.241933333333333280e+02 1.298866666666666561e+02 1.265466666666666669e+02
1.240466666666666669e+02 1.299533333333333474e+02 1.264066666666666663e+02
1.240400000000000063e+02 1.302533333333333303e+02 1.261666666666666714e+02
1.235562913907284752e+02 1.300397350993377472e+02 1.261059602649006592e+02
1.235637583892617499e+02 1.298926174496644421e+02 1.261140939597315480e+02
1.234256756756756772e+02 1.300067567567567437e+02 1.266283783783783718e+02
1.235666666666666629e+02 1.297199999999999989e+02 1.266400000000000006e+02
1.234093959731543606e+02 1.295704697986577116e+02 1.268456375838926107e+02
1.234000000000000057e+02 1.298799999999999955e+02 1.265466666666666669e+02
1.233355704697986539e+02 1.298120805369127595e+02 1.263691275167785193e+02
1.233907284768211952e+02 1.297218543046357695e+02 1.262980132450331183e+02
1.235838926174496635e+02 1.300268456375839037e+02 1.261812080536912788e+02
1.233221476510067163e+02 1.304429530201342402e+02 1.262617449664429472e+02
1.235234899328859086e+02 1.303892617449664328e+02 1.262080536912751683e+02
1.233026315789473699e+02 1.307039473684210407e+02 1.261644736842105203e+02
1.233841059602649040e+02 1.306622516556291487e+02 1.262847682119205359e+02
1.234304635761589424e+02 1.305562913907284894e+02 1.260132450331125824e+02
1.231973684210526301e+02 1.304407894736842195e+02 1.258947368421052602e+02
1.230866666666666731e+02 1.302733333333333405e+02 1.259466666666666725e+02
1.230199999999999960e+02 1.302066666666666777e+02 1.259000000000000057e+02
1.232119205298013185e+02 1.297350993377483519e+02 1.256490066225165521e+02
1.231208053691275097e+02 1.297382550335570386e+02 1.257248322147651010e+02
1.233489932885906057e+02 1.299664429530201346e+02 1.254697986577181297e+02
1.233421052631578902e+02 1.298881578947368496e+02 1.255723684210526301e+02
1.237368421052631646e+02 1.298421052631578902e+02 1.255460526315789451e+02
1.241523178807946977e+02 1.298609271523178847e+02 1.253907284768211952e+02
1.238344370860927199e+02 1.298675496688741759e+02 1.255562913907284752e+02
1.239133333333333269e+02 1.294866666666666788e+02 1.258466666666666640e+02
1.241800000000000068e+02 1.297133333333333383e+02 1.260733333333333377e+02
1.238543046357615935e+02 1.297814569536423903e+02 1.258543046357615935e+02
1.239733333333333292e+02 1.300333333333333314e+02 1.257000000000000028e+02
1.241200000000000045e+02 1.300266666666666708e+02 1.258333333333333286e+02
1.237399999999999949e+02 1.298466666666666640e+02 1.259866666666666646e+02
1.236800000000000068e+02 1.295999999999999943e+02 1.265199999999999960e+02
