1.284733333333333292e+02 1.286733333333333462e+02 1.273199999999999932e+02
1.285866666666666731e+02 1.287266666666666595e+02 1.271333333333333400e+02
1.284630872483221538e+02 1.288456375838926249e+02 1.271140939597315480e+02
1.283199999999999932e+02 1.287266666666666595e+02 1.271533333333333360e+02
1.283509933774834337e+02 1.287748344370860991e+02 1.271324503311258241e+02
1.284799999999999898e+02 1.289133333333333269e+02 1.271666666666666714e+02
1.286066666666666549e+02 1.288133333333333326e+02 1.269933333333333394e+02
1.284503311258278018e+02 1.288079470198675551e+02 1.269801324503311264e+02
1.285704697986577116e+02 1.286510067114093943e+02 1.270738255033557067e+02
1.285570469798657598e+02 1.287516778523489904e+02 1.270671140939597308e+02
1.286066666666666549e+02 1.287533333333333303e+02 1.270799999999999983e+02
1.284799999999999898e+02 1.286533333333333360e+02 1.271533333333333360e+02
1.284533333333333474e+02 1.287400000000000091e+02 1.270999999999999943e+02
1.285000000000000000e+02 1.287400000000000091e+02 1.272000000000000028e+02
1.283600000000000136e+02 1.287599999999999909e+02 1.271066666666666691e+02
1.283266666666666538e+02 1.286333333333333258e+02 1.271666666666666714e+02
1.284666666666666686e+02 1.286866666666666674e+02 1.271933333333333280e+02
1.282800000000000011e+02 1.285600000000000023e+02 1.272933333333333366e+02
1.283000000000000114e+02 1.286800000000000068e+02 1.272533333333333303e+02
1.282066666666666777e+02 1.287133333333333383e+02 1.272666666666666657e+02
1.283825503355704711e+02 1.287248322147650867e+02 1.272818791946308750e+02
1.282866666666666617e+02 1.283933333333333451e+02 1.272666666666666657e+02
1.283000000000000114e+02 1.285399999999999920e+02 1.273466666666666640e+02
1.281866666666666674e+02 1.285733333333333235e+02 1.272266666666666737e+02
1.281533333333333360e+02 1.285066666666666606e+02 1.270866666666666731e+02
1.280927152317880768e+02 1.283841059602648897e+02 1.274172185430463600e+02
1.282550335570469713e+02 1.284697986577181155e+02 1.274429530201342260e+02
1.281666666666666572e+02 1.284866666666666788e+02 1.275000000000000000e+02
1.280266666666666708e+02 1.282133333333333383e+02 1.275000000000000000e+02
1.281266666666666652e+02 1.283466666666666640e+02 1.276733333333333320e+02
1.280600000000000023e+02 1.282333333333333201e+02 1.277533333333333303e+02
1.281589403973509889e+02 1.281986754966887361e+02 1.278410596026490111e+02
1.281533333333333360e+02 1.284199999999999875e+02 1.279933333333333394e+02
1.280866666666666731e+02 1.281666666666666572e+02 1.279733333333333292e+02
1.282333333333333201e+02 1.283133333333333326e+02 1.279933333333333394e+02
1.282666666666666799e+02 1.283199999999999932e+02 1.278866666666666703e+02
1.281258278145695328e+02 1.283311258278145601e+02 1.280198675496688736e+02
1.280200000000000102e+02 1.283666666666666742e+02 1.280600000000000023e+02
1.280733333333333235e+02 1.283733333333333348e+02 1.279266666666666623e+02
1.280133333333333212e+02 1.282400000000000091e+02 1.278266666666666680e+02
1.279599999999999937e+02 1.280999999999999943e+02 1.278199999999999932e+02
1.279866666666666646e+02 1.282599999999999909e+02 1.277199999999999989e+02
1.281409395973154233e+02 1.282617449664429614e+02 1.278456375838926107e+02
1.281208053691275097e+02 1.282348993288590577e+02 1.278657718120805384e+02
1.280266666666666708e+02 1.283333333333333428e+02 1.278466666666666640e+02
1.279866666666666646e+02 1.281333333333333258e+02 1.276666666666666714e+02
1.279735099337748352e+02 1.281589403973509889e+02 1.275761589403973488e+02
1.278543046357615935e+02 1.282384105960264833e+02 1.276490066225165521e+02
1.278333333333333286e+02 1.283266666666666538e+02 1.276200000000000045e+02
1.279133333333333269e+02 1.284133333333333269e+02 1.275866666666666731e+02
1.278333333333333286e+02 1.283799999999999955e+02 1.275666666666666629e+02
1.279139072847682144e+02 1.284635761589403842e+02 1.276821192052980081e+02
1.278874172185430496e+02 1.284569536423840930e+02 1.276092715231788048e+02
1.279399999999999977e+02 1.284733333333333292e+02 1.275600000000000023e+02
1.279200000000000017e+02 1.282933333333333223e+02 1.275400000000000063e+02
1.279066666666666663e+02 1.283333333333333428e+02 1.276800000000000068e+02
1.279668874172185440e+02 1.283774834437085985e+02 1.277483443708609201e+02
1.279333333333333371e+02 1.283600000000000136e+02 1.276400000000000006e+02
1.279337748344370880e+02 1.283178807947019777e+02 1.276423841059602609e+02
1.278533333333333388e+02 1.283000000000000114e+02 1.277333333333333343e+02
1.278933333333333309e+02 1.283133333333333326e+02 1.278199999999999932e+02
1.279533333333333331e+02 1.283466666666666640e+02 1.278866666666666703e+02
1.279333333333333371e+02 1.284399999999999977e+02 1.278733333333333348e+02
1.279466666666666725e+02 1.284333333333333371e+02 1.278066666666666720e+02
1.278866666666666703e+02 1.284733333333333292e+02 1.278533333333333388e+02
1.278799999999999955e+02 1.284666666666666686e+02 1.278599999999999994e+02
1.279133333333333269e+02 1.284933333333333394e+02 1.278266666666666680e+02
1.278066666666666720e+02 1.285066666666666606e+02 1.277999999999999972e+02
1.277866666666666617e+02 1.285600000000000023e+02 1.277733333333333263e+02
1.277666666666666657e+02 1.285866666666666731e+02 1.277999999999999972e+02
1.277466666666666697e+02 1.285600000000000023e+02 1.278466666666666640e+02
1.277600000000000051e+02 1.285733333333333235e+02 1.278333333333333286e+02
1.277399999999999949e+02 1.285800000000000125e+02 1.278466666666666640e+02
1.277133333333333383e+02 1.285866666666666731e+02 1.278333333333333286e+02
1.276933333333333280e+02 1.285800000000000125e+02 1.278400000000000034e+02
1.276933333333333280e+02 1.285800000000000125e+02 1.278400000000000034e+02
1.276933333333333280e+02 1.285800000000000125e+02 1.278400000000000034e+02
1.277133333333333383e+02 1.285666666666666629e+02 1.278199999999999932e+02
1.277133333333333383e+02 1.285666666666666629e+02 1.278199999999999932e+02
1.277133333333333383e+02 1.285666666666666629e+02 1.278199999999999932e+02
1.277133333333333383e+02 1.285666666666666629e+02 1.278199999999999932e+02
1.277133333333333383e+02 1.285666666666666629e+02 1.278199999999999932e+02
1.277133333333333383e+02 1.285666666666666629e+02 1.278199999999999932e+02
1.277133333333333383e+02 1.285666666666666629e+02 1.278199999999999932e+02
1.277133333333333383e+02 1.285666666666666629e+02 1.278199999999999932e+02
1.277133333333333383e+02 1.285666666666666629e+02 1.278199999999999932e+02
1.277133333333333383e+02 1.285666666666666629e+02 1.278199999999999932e+02
1.277133333333333383e+02 1.285666666666666629e+02 1.278199999999999932e+02
1.277133333333333383e+02 1.285666666666666629e+02 1.278199999999999932e+02
1.277133333333333383e+02 1.285666666666666629e+02 1.278199999999999932e+02
1.277133333333333383e+02 1.285666666666666629e+02 1.278199999999999932e+02
1.277133333333333383e+02 1.285666666666666629e+02 1.278199999999999932e+02
1.277133333333333383e+02 1.285666666666666629e+02 1.278199999999999932e+02
1.277133333333333383e+02 1.285666666666666629e+02 1.278199999999999932e+02
1.277133333333333383e+02 1.285666666666666629e+02 1.278199999999999932e+02
1.277133333333333383e+02 1.285666666666666629e+02 1.278199999999999932e+02
1.277133333333333383e+02 1.285666666666666629e+02 1.278199999999999932e+02
1.277133333333333383e+02 1.285666666666666629e+02 1.278199999999999932e+02
1.277133333333333383e+02 1.285666666666666629e+02 1.278199999999999932e+02
1.277133333333333383e+02 1.285666666666666629e+02 1.278199999999999932e+02
1.277133333333333383e+02 1.285666666666666629e+02 1.278199999999999932e+02
1.277133333333333383e+02 1.285666666666666629e+02 1.278199999999999932e+02
1.277133333333333383e+02 1.285666666666666629e+02 1.278199999999999932e+02
1.277133333333333383e+02 1.285666666666666629e+02 1.278199999999999932e+02
1.277133333333333383e+02 1.285666666666666629e+02 1.278199999999999932e+02
1.277133333333333383e+02 1.285666666666666629e+02 1.278199999999999932e+02
1.277133333333333383e+02 1.285666666666666629e+02 1.278199999999999932e+02
1.277133333333333383e+02 1.285666666666666629e+02 1.278199999999999932e+02
1.277133333333333383e+02 1.285666666666666629e+02 1.278199999999999932e+02
1.277133333333333383e+02 1.285666666666666629e+02 1.278199999999999932e+02
1.277133333333333383e+02 1.285666666666666629e+02 1.278199999999999932e+02
1.277133333333333383e+02 1.285666666666666629e+02 1.278199999999999932e+02
1.277133333333333383e+02 1.285666666666666629e+02 1.278199999999999932e+02
1.277133333333333383e+02 1.285666666666666629e+02 1.278199999999999932e+02
1.277133333333333383e+02 1.285666666666666629e+02 1.278199999999999932e+02
1.277133333333333383e+02 1.285666666666666629e+02 1.278199999999999932e+02
1.277133333333333383e+02 1.285666666666666629e+02 1.278199999999999932e+02
1.277133333333333383e+02 1.285666666666666629e+02 1.278199999999999932e+02
1.277133333333333383e+02 1.285666666666666629e+02 1.278199999999999932e+02
1.277133333333333383e+02 1.285666666666666629e+02 1.278199999999999932e+02
1.277133333333333383e+02 1.285666666666666629e+02 1.278199999999999932e+02
1.277133333333333383e+02 1.285666666666666629e+02 1.278199999999999932e+02
1.277133333333333383e+02 1.285666666666666629e+02 1.278199999999999932e+02
1.277133333333333383e+02 1.285666666666666629e+02 1.278199999999999932e+02
1.277133333333333383e+02 1.285666666666666629e+02 1.278199999999999932e+02
1.277133333333333383e+02 1.285666666666666629e+02 1.278199999999999932e+02
1.277133333333333383e+02 1.285666666666666629e+02 1.278199999999999932e+02
1.277133333333333383e+02 1.285666666666666629e+02 1.278199999999999932e+02
1.277133333333333383e+02 1.285666666666666629e+02 1.278199999999999932e+02
1.277133333333333383e+02 1.285666666666666629e+02 1.278199999999999932e+02
1.277133333333333383e+02 1.285666666666666629e+02 1.278199999999999932e+02
1.277133333333333383e+02 1.285666666666666629e+02 1.278199999999999932e+02
1.277133333333333383e+02 1.285666666666666629e+02 1.278199999999999932e+02
1.277133333333333383e+02 1.285666666666666629e+02 1.278199999999999932e+02
1.277133333333333383e+02 1.285666666666666629e+02 1.278199999999999932e+02
1.277133333333333383e+02 1.285666666666666629e+02 1.278199999999999932e+02
1.277133333333333383e+02 1.285666666666666629e+02 1.278199999999999932e+02
1.277133333333333383e+02 1.285666666666666629e+02 1.278199999999999932e+02
1.277133333333333383e+02 1.285666666666666629e+02 1.278199999999999932e+02
1.277133333333333383e+02 1.285666666666666629e+02 1.278199999999999932e+02
1.277133333333333383e+02 1.285666666666666629e+02 1.278199999999999932e+02
1.277133333333333383e+02 1.285666666666666629e+02 1.278199999999999932e+02
1.277133333333333383e+02 1.285666666666666629e+02 1.278199999999999932e+02
1.277133333333333383e+02 1.285666666666666629e+02 1.278199999999999932e+02
1.277133333333333383e+02 1.285666666666666629e+02 1.278199999999999932e+02
1.277133333333333383e+02 1.285666666666666629e+02 1.278199999999999932e+02
1.277133333333333383e+02 1.285666666666666629e+02 1.278199999999999932e+02
1.277133333333333383e+02 1.285666666666666629e+02 1.278199999999999932e+02
1.277133333333333383e+02 1.285666666666666629e+02 1.278199999999999932e+02
1.277133333333333383e+02 1.285666666666666629e+02 1.278199999999999932e+02
1.277133333333333383e+02 1.285666666666666629e+02 1.278199999999999932e+02
1.277133333333333383e+02 1.285666666666666629e+02 1.278199999999999932e+02
1.277133333333333383e+02 1.285666666666666629e+02 1.278199999999999932e+02
1.277133333333333383e+02 1.285666666666666629e+02 1.278199999999999932e+02
1.277133333333333383e+02 1.285666666666666629e+02 1.278199999999999932e+02
1.277133333333333383e+02 1.285666666666666629e+02 1.278199999999999932e+02
1.277133333333333383e+02 1.285666666666666629e+02 1.278199999999999932e+02
1.277133333333333383e+02 1.285666666666666629e+02 1.278199999999999932e+02
1.277133333333333383e+02 1.285666666666666629e+02 1.278199999999999932e+02
1.277133333333333383e+02 1.285666666666666629e+02 1.278199999999999932e+02
1.277133333333333383e+02 1.285666666666666629e+02 1.278199999999999932e+02
1.277133333333333383e+02 1.285666666666666629e+02 1.278199999999999932e+02
1.277133333333333383e+02 1.285666666666666629e+02 1.278199999999999932e+02
1.277133333333333383e+02 1.285666666666666629e+02 1.278199999999999932e+02
1.277133333333333383e+02 1.285666666666666629e+02 1.278199999999999932e+02
1.277133333333333383e+02 1.285666666666666629e+02 1.278199999999999932e+02
1.277133333333333383e+02 1.285666666666666629e+02 1.278199999999999932e+02
1.277133333333333383e+02 1.285666666666666629e+02 1.278199999999999932e+02
1.277133333333333383e+02 1.285666666666666629e+02 1.278199999999999932e+02
1.277133333333333383e+02 1.285666666666666629e+02 1.278199999999999932e+02
1.277133333333333383e+02 1.285666666666666629e+02 1.278199999999999932e+02
1.277133333333333383e+02 1.285666666666666629e+02 1.278199999999999932e+02
1.277133333333333383e+02 1.285666666666666629e+02 1.278199999999999932e+02
1.277133333333333383e+02 1.285666666666666629e+02 1.278199999999999932e+02
1.277133333333333383e+02 1.285666666666666629e+02 1.278199999999999932e+02
1.277133333333333383e+02 1.285666666666666629e+02 1.278199999999999932e+02
1.277133333333333383e+02 1.285666666666666629e+02 1.278199999999999932e+02
1.277133333333333383e+02 1.285666666666666629e+02 1.278199999999999932e+02
1.277133333333333383e+02 1.285666666666666629e+02 1.278199999999999932e+02
1.277133333333333383e+02 1.285666666666666629e+02 1.278199999999999932e+02
1.277133333333333383e+02 1.285666666666666629e+02 1.278199999999999932e+02
1.277133333333333383e+02 1.285666666666666629e+02 1.278199999999999932e+02
1.277133333333333383e+02 1.285666666666666629e+02 1.278199999999999932e+02
1.277133333333333383e+02 1.285666666666666629e+02 1.278199999999999932e+02
1.277133333333333383e+02 1.285666666666666629e+02 1.278199999999999932e+02
1.277133333333333383e+02 1.285666666666666629e+02 1.278199999999999932e+02
1.277133333333333383e+02 1.285666666666666629e+02 1.278199999999999932e+02
1.277133333333333383e+02 1.285666666666666629e+02 1.278199999999999932e+02
1.277133333333333383e+02 1.285666666666666629e+02 1.278199999999999932e+02
1.277133333333333383e+02 1.285666666666666629e+02 1.278199999999999932e+02
1.277133333333333383e+02 1.285666666666666629e+02 1.278199999999999932e+02
1.277133333333333383e+02 1.285666666666666629e+02 1.278199999999999932e+02
1.277133333333333383e+02 1.285666666666666629e+02 1.278199999999999932e+02
1.277133333333333383e+02 1.285666666666666629e+02 1.278199999999999932e+02
1.277133333333333383e+02 1.285666666666666629e+02 1.278199999999999932e+02
1.277133333333333383e+02 1.285666666666666629e+02 1.278199999999999932e+02
1.277133333333333383e+02 1.285666666666666629e+02 1.278199999999999932e+02
1.277133333333333383e+02 1.285666666666666629e+02 1.278199999999999932e+02
1.277133333333333383e+02 1.285666666666666629e+02 1.278199999999999932e+02
1.277133333333333383e+02 1.285666666666666629e+02 1.278199999999999932e+02
1.277133333333333383e+02 1.285666666666666629e+02 1.278199999999999932e+02
1.277133333333333383e+02 1.285666666666666629e+02 1.278199999999999932e+02
1.277133333333333383e+02 1.285666666666666629e+02 1.278199999999999932e+02
1.277133333333333383e+02 1.285666666666666629e+02 1.278199999999999932e+02
1.277133333333333383e+02 1.285666666666666629e+02 1.278199999999999932e+02
1.277133333333333383e+02 1.285666666666666629e+02 1.278199999999999932e+02
1.277133333333333383e+02 1.285666666666666629e+02 1.278199999999999932e+02
1.277133333333333383e+02 1.285666666666666629e+02 1.278199999999999932e+02
1.277133333333333383e+02 1.285666666666666629e+02 1.278199999999999932e+02
1.277133333333333383e+02 1.285666666666666629e+02 1.278199999999999932e+02
1.277133333333333383e+02 1.285666666666666629e+02 1.278199999999999932e+02
1.277133333333333383e+02 1.285666666666666629e+02 1.278199999999999932e+02
1.277133333333333383e+02 1.285666666666666629e+02 1.278199999999999932e+02
1.277133333333333383e+02 1.285666666666666629e+02 1.278199999999999932e+02
1.277133333333333383e+02 1.285666666666666629e+02 1.278199999999999932e+02
1.277133333333333383e+02 1.285666666666666629e+02 1.278199999999999932e+02
1.277133333333333383e+02 1.285666666666666629e+02 1.278199999999999932e+02
1.277133333333333383e+02 1.285666666666666629e+02 1.278199999999999932e+02
1.277133333333333383e+02 1.285666666666666629e+02 1.278199999999999932e+02
1.277133333333333383e+02 1.285666666666666629e+02 1.278199999999999932e+02
1.277133333333333383e+02 1.285666666666666629e+02 1.278199999999999932e+02
1.277133333333333383e+02 1.285666666666666629e+02 1.278199999999999932e+02
1.277133333333333383e+02 1.285666666666666629e+02 1.278199999999999932e+02
1.277133333333333383e+02 1.285666666666666629e+02 1.278199999999999932e+02
1.277133333333333383e+02 1.285666666666666629e+02 1.278199999999999932e+02
1.277133333333333383e+02 1.285666666666666629e+02 1.278199999999999932e+02
1.277133333333333383e+02 1.285666666666666629e+02 1.278199999999999932e+02
1.277133333333333383e+02 1.285666666666666629e+02 1.278199999999999932e+02
1.277133333333333383e+02 1.285666666666666629e+02 1.278199999999999932e+02
1.277133333333333383e+02 1.285666666666666629e+02 1.278199999999999932e+02
1.277133333333333383e+02 1.285666666666666629e+02 1.278199999999999932e+02
1.277133333333333383e+02 1.285666666666666629e+02 1.278199999999999932e+02
1.277133333333333383e+02 1.285666666666666629e+02 1.278199999999999932e+02
1.277133333333333383e+02 1.285666666666666629e+02 1.278199999999999932e+02
1.277133333333333383e+02 1.285666666666666629e+02 1.278199999999999932e+02
1.277133333333333383e+02 1.285666666666666629e+02 1.278199999999999932e+02
1.277133333333333383e+02 1.285666666666666629e+02 1.278199999999999932e+02
1.277133333333333383e+02 1.285666666666666629e+02 1.278199999999999932e+02
1.277133333333333383e+02 1.285666666666666629e+02 1.278199999999999932e+02
1.277133333333333383e+02 1.285666666666666629e+02 1.278199999999999932e+02
1.277133333333333383e+02 1.285666666666666629e+02 1.278199999999999932e+02
1.277133333333333383e+02 1.285666666666666629e+02 1.278199999999999932e+02
1.277133333333333383e+02 1.285666666666666629e+02 1.278199999999999932e+02
1.277133333333333383e+02 1.285666666666666629e+02 1.278199999999999932e+02
1.277133333333333383e+02 1.285666666666666629e+02 1.278199999999999932e+02
1.277133333333333383e+02 1.285666666666666629e+02 1.278199999999999932e+02
1.277133333333333383e+02 1.285666666666666629e+02 1.278199999999999932e+02
1.277133333333333383e+02 1.285666666666666629e+02 1.278199999999999932e+02
1.277133333333333383e+02 1.285666666666666629e+02 1.278199999999999932e+02
1.277133333333333383e+02 1.285666666666666629e+02 1.278199999999999932e+02
1.277133333333333383e+02 1.285666666666666629e+02 1.278199999999999932e+02
1.277133333333333383e+02 1.285666666666666629e+02 1.278199999999999932e+02
1.277133333333333383e+02 1.285666666666666629e+02 1.278199999999999932e+02
1.277133333333333383e+02 1.285666666666666629e+02 1.278199999999999932e+02
1.277133333333333383e+02 1.285666666666666629e+02 1.278199999999999932e+02
1.277133333333333383e+02 1.285666666666666629e+02 1.278199999999999932e+02
1.277133333333333383e+02 1.285666666666666629e+02 1.278199999999999932e+02
1.277133333333333383e+02 1.285666666666666629e+02 1.278199999999999932e+02
1.277133333333333383e+02 1.285666666666666629e+02 1.278199999999999932e+02
1.277133333333333383e+02 1.285666666666666629e+02 1.278199999999999932e+02
1.277133333333333383e+02 1.285666666666666629e+02 1.278199999999999932e+02
1.277133333333333383e+02 1.285666666666666629e+02 1.278199999999999932e+02
1.277133333333333383e+02 1.285666666666666629e+02 1.278199999999999932e+02
1.277133333333333383e+02 1.285666666666666629e+02 1.278199999999999932e+02
1.277133333333333383e+02 1.285666666666666629e+02 1.278199999999999932e+02
1.277133333333333383e+02 1.285666666666666629e+02 1.278199999999999932e+02
1.277133333333333383e+02 1.285666666666666629e+02 1.278199999999999932e+02
1.277133333333333383e+02 1.285666666666666629e+02 1.278199999999999932e+02
1.277133333333333383e+02 1.285666666666666629e+02 1.278199999999999932e+02
1.277133333333333383e+02 1.285666666666666629e+02 1.278199999999999932e+02
1.277133333333333383e+02 1.285666666666666629e+02 1.278199999999999932e+02
1.277133333333333383e+02 1.285666666666666629e+02 1.278199999999999932e+02
1.277133333333333383e+02 1.285666666666666629e+02 1.278199999999999932e+02
1.277133333333333383e+02 1.285666666666666629e+02 1.278199999999999932e+02
1.277133333333333383e+02 1.285666666666666629e+02 1.278199999999999932e+02
1.277133333333333383e+02 1.285666666666666629e+02 1.278199999999999932e+02
1.277133333333333383e+02 1.285666666666666629e+02 1.278199999999999932e+02
1.277133333333333383e+02 1.285666666666666629e+02 1.278199999999999932e+02
1.277133333333333383e+02 1.285666666666666629e+02 1.278199999999999932e+02
1.277133333333333383e+02 1.285666666666666629e+02 1.278199999999999932e+02
1.277133333333333383e+02 1.285666666666666629e+02 1.278199999999999932e+02
1.277133333333333383e+02 1.285666666666666629e+02 1.278199999999999932e+02
1.277133333333333383e+02 1.285666666666666629e+02 1.278199999999999932e+02
1.277133333333333383e+02 1.285666666666666629e+02 1.278199999999999932e+02
1.277133333333333383e+02 1.285666666666666629e+02 1.278199999999999932e+02
1.277133333333333383e+02 1.285666666666666629e+02 1.278199999999999932e+02
1.277133333333333383e+02 1.285666666666666629e+02 1.278199999999999932e+02
1.277133333333333383e+02 1.285666666666666629e+02 1.278199999999999932e+02
1.277133333333333383e+02 1.285666666666666629e+02 1.278199999999999932e+02
1.277133333333333383e+02 1.285666666666666629e+02 1.278199999999999932e+02
1.277133333333333383e+02 1.285666666666666629e+02 1.278199999999999932e+02
1.277133333333333383e+02 1.285666666666666629e+02 1.278199999999999932e+02
1.277133333333333383e+02 1.285666666666666629e+02 1.278199999999999932e+02
1.277133333333333383e+02 1.285666666666666629e+02 1.278199999999999932e+02
1.277133333333333383e+02 1.285666666666666629e+02 1.278199999999999932e+02
1.277133333333333383e+02 1.285666666666666629e+02 1.278199999999999932e+02
1.277133333333333383e+02 1.285666666666666629e+02 1.278199999999999932e+02
1.277133333333333383e+02 1.285666666666666629e+02 1.278199999999999932e+02
1.277133333333333383e+02 1.285666666666666629e+02 1.278199999999999932e+02
1.277133333333333383e+02 1.285666666666666629e+02 1.278199999999999932e+02
1.277133333333333383e+02 1.285666666666666629e+02 1.278199999999999932e+02
1.277133333333333383e+02 1.285666666666666629e+02 1.278199999999999932e+02
1.277133333333333383e+02 1.285666666666666629e+02 1.278199999999999932e+02
1.277133333333333383e+02 1.285666666666666629e+02 1.278199999999999932e+02
1.277133333333333383e+02 1.285666666666666629e+02 1.278199999999999932e+02
1.277133333333333383e+02 1.285666666666666629e+02 1.278199999999999932e+02
1.277133333333333383e+02 1.285666666666666629e+02 1.278199999999999932e+02
1.277133333333333383e+02 1.285666666666666629e+02 1.278199999999999932e+02
1.277133333333333383e+02 1.285666666666666629e+02 1.278199999999999932e+02
1.277133333333333383e+02 1.285666666666666629e+02 1.278199999999999932e+02
1.277133333333333383e+02 1.285666666666666629e+02 1.278199999999999932e+02
1.277133333333333383e+02 1.285666666666666629e+02 1.278199999999999932e+02
1.277133333333333383e+02 1.285666666666666629e+02 1.278199999999999932e+02
1.277133333333333383e+02 1.285666666666666629e+02 1.278199999999999932e+02
1.277133333333333383e+02 1.285666666666666629e+02 1.278199999999999932e+02
1.277133333333333383e+02 1.285666666666666629e+02 1.278199999999999932e+02
1.277133333333333383e+02 1.285666666666666629e+02 1.278199999999999932e+02
1.277133333333333383e+02 1.285666666666666629e+02 1.278199999999999932e+02
1.277133333333333383e+02 1.285666666666666629e+02 1.278199999999999932e+02
1.277133333333333383e+02 1.285666666666666629e+02 1.278199999999999932e+02
1.277133333333333383e+02 1.285666666666666629e+02 1.278199999999999932e+02
1.277133333333333383e+02 1.285666666666666629e+02 1.278199999999999932e+02
1.277133333333333383e+02 1.285666666666666629e+02 1.278199999999999932e+02
1.277133333333333383e+02 1.285666666666666629e+02 1.278199999999999932e+02
1.277133333333333383e+02 1.285666666666666629e+02 1.278199999999999932e+02
1.277133333333333383e+02 1.285666666666666629e+02 1.278199999999999932e+02
1.277133333333333383e+02 1.285666666666666629e+02 1.278199999999999932e+02
1.277133333333333383e+02 1.285666666666666629e+02 1.278199999999999932e+02
1.277133333333333383e+02 1.285666666666666629e+02 1.278199999999999932e+02
1.277133333333333383e+02 1.285666666666666629e+02 1.278199999999999932e+02
1.277133333333333383e+02 1.285666666666666629e+02 1.278199999999999932e+02
1.277133333333333383e+02 1.285666666666666629e+02 1.278199999999999932e+02
1.277133333333333383e+02 1.285666666666666629e+02 1.278199999999999932e+02
1.277133333333333383e+02 1.285666666666666629e+02 1.278199999999999932e+02
1.277133333333333383e+02 1.285666666666666629e+02 1.278199999999999932e+02
1.277133333333333383e+02 1.285666666666666629e+02 1.278199999999999932e+02
1.277133333333333383e+02 1.285666666666666629e+02 1.278199999999999932e+02
1.277133333333333383e+02 1.285666666666666629e+02 1.278199999999999932e+02
1.277133333333333383e+02 1.285666666666666629e+02 1.278199999999999932e+02
1.277133333333333383e+02 1.285666666666666629e+02 1.278199999999999932e+02
1.277133333333333383e+02 1.285666666666666629e+02 1.278199999999999932e+02
1.277133333333333383e+02 1.285666666666666629e+02 1.278199999999999932e+02
1.277133333333333383e+02 1.285666666666666629e+02 1.278199999999999932e+02
1.277133333333333383e+02 1.285666666666666629e+02 1.278199999999999932e+02
1.277133333333333383e+02 1.285666666666666629e+02 1.278199999999999932e+02
1.277133333333333383e+02 1.285666666666666629e+02 1.278199999999999932e+02
1.277133333333333383e+02 1.285666666666666629e+02 1.278199999999999932e+02
1.277133333333333383e+02 1.285666666666666629e+02 1.278199999999999932e+02
1.277133333333333383e+02 1.285666666666666629e+02 1.278199999999999932e+02
1.277133333333333383e+02 1.285666666666666629e+02 1.278199999999999932e+02
1.277133333333333383e+02 1.285666666666666629e+02 1.278199999999999932e+02
1.277133333333333383e+02 1.285666666666666629e+02 1.278199999999999932e+02
1.277133333333333383e+02 1.285666666666666629e+02 1.278199999999999932e+02
1.277133333333333383e+02 1.285666666666666629e+02 1.278199999999999932e+02
1.277133333333333383e+02 1.285666666666666629e+02 1.278199999999999932e+02
1.277133333333333383e+02 1.285666666666666629e+02 1.278199999999999932e+02
1.277133333333333383e+02 1.285666666666666629e+02 1.278199999999999932e+02
1.277133333333333383e+02 1.285666666666666629e+02 1.278199999999999932e+02
1.277133333333333383e+02 1.285666666666666629e+02 1.278199999999999932e+02
1.277133333333333383e+02 1.285666666666666629e+02 1.278199999999999932e+02
1.277133333333333383e+02 1.285666666666666629e+02 1.278199999999999932e+02
1.277133333333333383e+02 1.285666666666666629e+02 1.278199999999999932e+02
1.277133333333333383e+02 1.285666666666666629e+02 1.278199999999999932e+02
1.277133333333333383e+02 1.285666666666666629e+02 1.278199999999999932e+02
1.277133333333333383e+02 1.285666666666666629e+02 1.278199999999999932e+02
1.277133333333333383e+02 1.285666666666666629e+02 1.278199999999999932e+02
1.277133333333333383e+02 1.285666666666666629e+02 1.278199999999999932e+02
1.277133333333333383e+02 1.285666666666666629e+02 1.278199999999999932e+02
1.277133333333333383e+02 1.285666666666666629e+02 1.278199999999999932e+02
1.277133333333333383e+02 1.285666666666666629e+02 1.278199999999999932e+02
1.277133333333333383e+02 1.285666666666666629e+02 1.278199999999999932e+02
1.277133333333333383e+02 1.285666666666666629e+02 1.278199999999999932e+02
1.277133333333333383e+02 1.285666666666666629e+02 1.278199999999999932e+02
1.277133333333333383e+02 1.285666666666666629e+02 1.278199999999999932e+02
1.277133333333333383e+02 1.285666666666666629e+02 1.278199999999999932e+02
1.277133333333333383e+02 1.285666666666666629e+02 1.278199999999999932e+02
1.277133333333333383e+02 1.285666666666666629e+02 1.278199999999999932e+02
1.277133333333333383e+02 1.285666666666666629e+02 1.278199999999999932e+02
1.277133333333333383e+02 1.285666666666666629e+02 1.278199999999999932e+02
1.277133333333333383e+02 1.285666666666666629e+02 1.278199999999999932e+02
1.277133333333333383e+02 1.285666666666666629e+02 1.278199999999999932e+02
1.277133333333333383e+02 1.285666666666666629e+02 1.278199999999999932e+02
1.277133333333333383e+02 1.285666666666666629e+02 1.278199999999999932e+02
1.277133333333333383e+02 1.285666666666666629e+02 1.278199999999999932e+02
1.277133333333333383e+02 1.285666666666666629e+02 1.278199999999999932e+02
1.277133333333333383e+02 1.285666666666666629e+02 1.278199999999999932e+02
1.277133333333333383e+02 1.285666666666666629e+02 1.278199999999999932e+02
1.277133333333333383e+02 1.285666666666666629e+02 1.278199999999999932e+02
1.277133333333333383e+02 1.285666666666666629e+02 1.278199999999999932e+02
1.277133333333333383e+02 1.285666666666666629e+02 1.278199999999999932e+02
1.277133333333333383e+02 1.285666666666666629e+02 1.278199999999999932e+02
1.277133333333333383e+02 1.285666666666666629e+02 1.278199999999999932e+02
1.277133333333333383e+02 1.285666666666666629e+02 1.278199999999999932e+02
1.277133333333333383e+02 1.285666666666666629e+02 1.278199999999999932e+02
1.277133333333333383e+02 1.285666666666666629e+02 1.278199999999999932e+02
1.277133333333333383e+02 1.285666666666666629e+02 1.278199999999999932e+02
1.277133333333333383e+02 1.285666666666666629e+02 1.278199999999999932e+02
1.277133333333333383e+02 1.285666666666666629e+02 1.278199999999999932e+02
1.277133333333333383e+02 1.285666666666666629e+02 1.278199999999999932e+02
1.277133333333333383e+02 1.285666666666666629e+02 1.278199999999999932e+02
1.277133333333333383e+02 1.285666666666666629e+02 1.278199999999999932e+02
1.277133333333333383e+02 1.285666666666666629e+02 1.278199999999999932e+02
1.277133333333333383e+02 1.285666666666666629e+02 1.278199999999999932e+02
1.277133333333333383e+02 1.285666666666666629e+02 1.278199999999999932e+02
1.277133333333333383e+02 1.285666666666666629e+02 1.278199999999999932e+02
1.277133333333333383e+02 1.285666666666666629e+02 1.278199999999999932e+02
1.277133333333333383e+02 1.285666666666666629e+02 1.278199999999999932e+02
1.277133333333333383e+02 1.285666666666666629e+02 1.278199999999999932e+02
1.277133333333333383e+02 1.285666666666666629e+02 1.278199999999999932e+02
1.277133333333333383e+02 1.285666666666666629e+02 1.278199999999999932e+02
1.277133333333333383e+02 1.285666666666666629e+02 1.278199999999999932e+02
1.277133333333333383e+02 1.285666666666666629e+02 1.278199999999999932e+02
1.277133333333333383e+02 1.285666666666666629e+02 1.278199999999999932e+02
1.277133333333333383e+02 1.285666666666666629e+02 1.278199999999999932e+02
1.277133333333333383e+02 1.285666666666666629e+02 1.278199999999999932e+02
1.277133333333333383e+02 1.285666666666666629e+02 1.278199999999999932e+02
1.277133333333333383e+02 1.285666666666666629e+02 1.278199999999999932e+02
1.277133333333333383e+02 1.285666666666666629e+02 1.278199999999999932e+02
1.277133333333333383e+02 1.285666666666666629e+02 1.278199999999999932e+02
1.277133333333333383e+02 1.285666666666666629e+02 1.278199999999999932e+02
1.277133333333333383e+02 1.285666666666666629e+02 1.278199999999999932e+02
1.277133333333333383e+02 1.285666666666666629e+02 1.278199999999999932e+02
1.277133333333333383e+02 1.285666666666666629e+02 1.278199999999999932e+02
1.277133333333333383e+02 1.285666666666666629e+02 1.278199999999999932e+02
1.277133333333333383e+02 1.285666666666666629e+02 1.278199999999999932e+02
1.277133333333333383e+02 1.285666666666666629e+02 1.278199999999999932e+02
1.277133333333333383e+02 1.285666666666666629e+02 1.278199999999999932e+02
1.277133333333333383e+02 1.285666666666666629e+02 1.278199999999999932e+02
1.277133333333333383e+02 1.285666666666666629e+02 1.278199999999999932e+02
1.277133333333333383e+02 1.285666666666666629e+02 1.278199999999999932e+02
1.277133333333333383e+02 1.285666666666666629e+02 1.278199999999999932e+02
1.277133333333333383e+02 1.285666666666666629e+02 1.278199999999999932e+02
1.277133333333333383e+02 1.285666666666666629e+02 1.278199999999999932e+02
1.277133333333333383e+02 1.285666666666666629e+02 1.278199999999999932e+02
1.277133333333333383e+02 1.285666666666666629e+02 1.278199999999999932e+02
1.277133333333333383e+02 1.285666666666666629e+02 1.278199999999999932e+02
1.277133333333333383e+02 1.285666666666666629e+02 1.278199999999999932e+02
1.277133333333333383e+02 1.285666666666666629e+02 1.278199999999999932e+02
1.277133333333333383e+02 1.285666666666666629e+02 1.278199999999999932e+02
1.277133333333333383e+02 1.285666666666666629e+02 1.278199999999999932e+02
1.277133333333333383e+02 1.285666666666666629e+02 1.278199999999999932e+02
1.277133333333333383e+02 1.285666666666666629e+02 1.278199999999999932e+02
1.277133333333333383e+02 1.285666666666666629e+02 1.278199999999999932e+02
1.277133333333333383e+02 1.285666666666666629e+02 1.278199999999999932e+02
1.277133333333333383e+02 1.285666666666666629e+02 1.278199999999999932e+02
1.277133333333333383e+02 1.285666666666666629e+02 1.278199999999999932e+02
1.277133333333333383e+02 1.285666666666666629e+02 1.278199999999999932e+02
1.277133333333333383e+02 1.285666666666666629e+02 1.278199999999999932e+02
1.277133333333333383e+02 1.285666666666666629e+02 1.278199999999999932e+02
1.277133333333333383e+02 1.285666666666666629e+02 1.278199999999999932e+02
1.277133333333333383e+02 1.285666666666666629e+02 1.278199999999999932e+02
1.277133333333333383e+02 1.285666666666666629e+02 1.278199999999999932e+02
1.277133333333333383e+02 1.285666666666666629e+02 1.278199999999999932e+02
1.277133333333333383e+02 1.285666666666666629e+02 1.278199999999999932e+02
1.277133333333333383e+02 1.285666666666666629e+02 1.278199999999999932e+02
1.277133333333333383e+02 1.285666666666666629e+02 1.278199999999999932e+02
1.277133333333333383e+02 1.285666666666666629e+02 1.278199999999999932e+02
1.277133333333333383e+02 1.285666666666666629e+02 1.278199999999999932e+02
1.277133333333333383e+02 1.285666666666666629e+02 1.278199999999999932e+02
1.277133333333333383e+02 1.285666666666666629e+02 1.278199999999999932e+02
1.277133333333333383e+02 1.285666666666666629e+02 1.278199999999999932e+02
1.277133333333333383e+02 1.285666666666666629e+02 1.278199999999999932e+02
1.277133333333333383e+02 1.285666666666666629e+02 1.278199999999999932e+02
1.277133333333333383e+02 1.285666666666666629e+02 1.278199999999999932e+02
1.277133333333333383e+02 1.285666666666666629e+02 1.278199999999999932e+02
1.277133333333333383e+02 1.285666666666666629e+02 1.278199999999999932e+02
1.277133333333333383e+02 1.285666666666666629e+02 1.278199999999999932e+02
1.277133333333333383e+02 1.285666666666666629e+02 1.278199999999999932e+02
1.277133333333333383e+02 1.285666666666666629e+02 1.278199999999999932e+02
1.277133333333333383e+02 1.285666666666666629e+02 1.278199999999999932e+02
1.277133333333333383e+02 1.285666666666666629e+02 1.278199999999999932e+02
1.277133333333333383e+02 1.285666666666666629e+02 1.278199999999999932e+02
1.277133333333333383e+02 1.285666666666666629e+02 1.278199999999999932e+02
1.277133333333333383e+02 1.285666666666666629e+02 1.278199999999999932e+02
1.277133333333333383e+02 1.285666666666666629e+02 1.278199999999999932e+02
1.277133333333333383e+02 1.285666666666666629e+02 1.278199999999999932e+02
1.277133333333333383e+02 1.285666666666666629e+02 1.278199999999999932e+02
1.277133333333333383e+02 1.285666666666666629e+02 1.278199999999999932e+02
1.277133333333333383e+02 1.285666666666666629e+02 1.278199999999999932e+02
1.277133333333333383e+02 1.285666666666666629e+02 1.278199999999999932e+02
1.277133333333333383e+02 1.285666666666666629e+02 1.278199999999999932e+02
1.277133333333333383e+02 1.285666666666666629e+02 1.278199999999999932e+02
1.277133333333333383e+02 1.285666666666666629e+02 1.278199999999999932e+02
1.277133333333333383e+02 1.285666666666666629e+02 1.278199999999999932e+02
1.277133333333333383e+02 1.285666666666666629e+02 1.278199999999999932e+02
1.277133333333333383e+02 1.285666666666666629e+02 1.278199999999999932e+02
1.277133333333333383e+02 1.285666666666666629e+02 1.278199999999999932e+02
1.277133333333333383e+02 1.285666666666666629e+02 1.278199999999999932e+02
1.277133333333333383e+02 1.285666666666666629e+02 1.278199999999999932e+02
1.277133333333333383e+02 1.285666666666666629e+02 1.278199999999999932e+02
1.277133333333333383e+02 1.285666666666666629e+02 1.278199999999999932e+02
1.277133333333333383e+02 1.285666666666666629e+02 1.278199999999999932e+02
1.277133333333333383e+02 1.285666666666666629e+02 1.278199999999999932e+02
1.277133333333333383e+02 1.285666666666666629e+02 1.278199999999999932e+02
1.277133333333333383e+02 1.285666666666666629e+02 1.278199999999999932e+02
1.277133333333333383e+02 1.285666666666666629e+02 1.278199999999999932e+02
1.277133333333333383e+02 1.285666666666666629e+02 1.278199999999999932e+02
1.277133333333333383e+02 1.285666666666666629e+02 1.278199999999999932e+02
1.277133333333333383e+02 1.285666666666666629e+02 1.278199999999999932e+02
1.277133333333333383e+02 1.285666666666666629e+02 1.278199999999999932e+02
