1.262980132450331183e+02 1.292384105960264833e+02 1.273245033112582831e+02
1.267350993377483377e+02 1.290662251655629120e+02 1.272185430463576097e+02
1.264489795918367321e+02 1.289795918367346985e+02 1.270408163265306172e+02
1.263961038961038952e+02 1.291233766233766289e+02 1.273571428571428612e+02
1.261800000000000068e+02 1.289133333333333269e+02 1.272533333333333303e+02
1.261333333333333400e+02 1.290600000000000023e+02 1.271400000000000006e+02
1.261333333333333400e+02 1.292400000000000091e+02 1.270733333333333377e+02
1.261184210526315752e+02 1.292697368421052602e+02 1.269078947368421098e+02
1.260728476821192032e+02 1.289602649006622528e+02 1.271324503311258241e+02
1.266174496644295289e+02 1.289194630872483174e+02 1.273489932885906057e+02
1.267597402597402549e+02 1.282207792207792068e+02 1.274350649350649292e+02
1.268947368421052602e+02 1.280986842105263293e+02 1.272302631578947398e+02
1.271390728476821153e+02 1.280728476821192032e+02 1.276423841059602609e+02
1.271333333333333400e+02 1.275400000000000063e+02 1.276266666666666652e+02
1.268543046357615935e+02 1.277549668874172255e+02 1.279139072847682144e+02
1.267763157894736850e+02 1.279868421052631646e+02 1.278486842105263150e+02
1.270263157894736850e+02 1.281907894736842195e+02 1.278684210526315752e+02
1.272066666666666634e+02 1.281333333333333258e+02 1.277933333333333366e+02
1.272533333333333303e+02 1.282933333333333223e+02 1.279133333333333269e+02
1.270463576158940384e+02 1.283112582781456865e+02 1.276953642384105905e+02
1.269865771812080482e+02 1.283892617449664328e+02 1.282550335570469713e+02
1.266266666666666652e+02 1.281999999999999886e+02 1.279466666666666725e+02
1.266821192052980081e+02 1.277350993377483377e+02 1.280463576158940384e+02
1.264161073825503365e+02 1.274093959731543606e+02 1.281543624161073751e+02
1.264733333333333292e+02 1.273733333333333348e+02 1.289799999999999898e+02
1.266133333333333297e+02 1.268666666666666600e+02 1.291800000000000068e+02
1.261948051948051983e+02 1.268181818181818130e+02 1.294220779220779320e+02
1.260335570469798654e+02 1.269664429530201346e+02 1.295503355704697981e+02
1.259664429530201346e+02 1.270067114093959759e+02 1.299261744966443075e+02
1.258940397350993408e+02 1.269735099337748352e+02 1.298741721854304672e+02
1.263973509933774864e+02 1.268609271523178847e+02 1.299403973509933792e+02
1.268157894736842053e+02 1.269407894736842053e+02 1.303552631578947398e+02
1.266066666666666691e+02 1.272733333333333263e+02 1.305066666666666606e+02
1.271589403973509889e+02 1.272384105960264833e+02 1.303377483443708513e+02
1.274934210526315752e+02 1.272960526315789451e+02 1.306250000000000000e+02
1.275562913907284752e+02 1.268145695364238463e+02 1.307218543046357695e+02
1.274407894736842053e+02 1.266578947368421098e+02 1.308026315789473699e+02
1.274437086092715248e+02 1.266357615894039697e+02 1.307615894039735167e+02
1.274966442953020191e+02 1.267919463087248317e+02 1.307651006711409423e+02
1.277199999999999989e+02 1.268466666666666640e+02 1.309466666666666583e+02
1.279735099337748352e+02 1.268410596026490111e+02 1.305430463576159070e+02
1.282236842105263293e+02 1.266973684210526301e+02 1.304210526315789593e+02
1.282133333333333383e+02 1.265066666666666606e+02 1.301866666666666674e+02
1.289671052631578902e+02 1.267302631578947398e+02 1.301052631578947398e+02
1.290805369127516826e+02 1.269395973154362451e+02 1.299664429530201346e+02
1.290204081632653015e+02 1.269319727891156475e+02 1.299319727891156617e+02
1.293071895424836555e+02 1.268562091503267908e+02 1.299869281045751563e+02
1.289668874172185440e+02 1.269072847682119232e+02 1.298013245033112639e+02
1.288684210526315894e+02 1.266842105263157947e+02 1.298618421052631504e+02
1.290933333333333337e+02 1.260066666666666606e+02 1.296466666666666754e+02
1.289199999999999875e+02 1.261533333333333360e+02 1.299066666666666663e+02
1.288552631578947398e+02 1.260723684210526301e+02 1.293223684210526301e+02
1.292894736842105203e+02 1.260657894736842053e+02 1.294342105263157805e+02
1.294437086092715106e+02 1.258609271523178847e+02 1.291655629139072801e+02
1.297852348993288558e+02 1.260536912751677789e+02 1.291342281879194616e+02
1.298533333333333246e+02 1.262866666666666617e+02 1.288933333333333451e+02
1.303223684210526301e+02 1.263289473684210549e+02 1.283618421052631504e+02
1.299399999999999977e+02 1.267133333333333383e+02 1.285200000000000102e+02
1.301543624161073751e+02 1.268255033557046971e+02 1.287382550335570386e+02
1.302866666666666617e+02 1.268133333333333326e+02 1.290666666666666629e+02
1.302317880794701921e+02 1.272185430463576097e+02 1.288211920529801375e+02
1.303708609271523073e+02 1.276357615894039697e+02 1.288278145695364287e+02
1.305197368421052602e+02 1.276973684210526301e+02 1.289013157894736707e+02
1.308333333333333428e+02 1.275466666666666669e+02 1.293199999999999932e+02
1.310526315789473699e+02 1.274934210526315752e+02 1.295460526315789593e+02
1.313618421052631504e+02 1.275328947368421098e+02 1.297236842105263293e+02
1.314399999999999977e+02 1.275133333333333354e+02 1.297266666666666595e+02
1.313907284768211809e+02 1.277086092715231729e+02 1.298476821192053023e+02
1.314238410596026370e+02 1.278476821192053023e+02 1.294966887417218402e+02
1.314370860927152194e+02 1.280132450331125824e+02 1.291059602649006592e+02
1.313642384105960161e+02 1.281125827814569504e+02 1.287483443708609343e+02
1.311842105263157805e+02 1.284144736842105203e+02 1.291052631578947398e+02
1.309466666666666583e+02 1.289399999999999977e+02 1.285666666666666629e+02
1.309533333333333474e+02 1.291200000000000045e+02 1.283000000000000114e+02
1.314155844155844193e+02 1.287662337662337677e+02 1.283701298701298583e+02
1.315302013422818845e+02 1.285369127516778462e+02 1.286577181208053560e+02
1.313557046979865675e+02 1.282348993288590577e+02 1.290536912751677789e+02
1.311666666666666572e+02 1.281866666666666674e+02 1.284933333333333394e+02
1.309072847682119232e+02 1.280728476821192032e+02 1.285827814569536542e+02
1.307718120805369040e+02 1.278322147651006730e+02 1.283557046979865675e+02
1.308815789473684106e+02 1.274144736842105203e+02 1.283157894736842195e+02
1.306490066225165663e+02 1.271788079470198625e+02 1.283576158940397249e+02
1.303377483443708513e+02 1.269205298013245056e+02 1.281721854304635713e+02
1.302866666666666617e+02 1.264200000000000017e+02 1.281533333333333360e+02
1.307315436241610769e+02 1.260671140939597308e+02 1.282550335570469713e+02
1.310671140939597308e+02 1.255973154362416153e+02 1.278053691275167836e+02
1.308926174496644421e+02 1.254026845637583847e+02 1.279731543624161105e+02
1.305733333333333235e+02 1.255400000000000063e+02 1.283799999999999955e+02
1.301960784313725412e+02 1.256274509803921546e+02 1.280718954248366117e+02
1.296866666666666674e+02 1.254933333333333394e+02 1.283466666666666640e+02
1.292483660130718874e+02 1.253725490196078454e+02 1.282026143790849630e+02
1.295999999999999943e+02 1.252733333333333263e+02 1.285533333333333417e+02
1.291258278145695328e+02 1.254039735099337776e+02 1.285695364238410718e+02
1.291066666666666549e+02 1.258666666666666600e+02 1.281266666666666652e+02
1.290516129032258164e+02 1.261032258064516185e+02 1.283870967741935374e+02
1.289000000000000057e+02 1.261733333333333320e+02 1.287133333333333383e+02
1.288223684210526301e+02 1.263486842105263150e+02 1.284210526315789593e+02
1.290133333333333212e+02 1.263599999999999994e+02 1.282133333333333383e+02
1.287333333333333201e+02 1.263400000000000034e+02 1.281533333333333360e+02
1.280933333333333337e+02 1.262666666666666657e+02 1.283066666666666720e+02
1.277199999999999989e+02 1.262999999999999972e+02 1.284533333333333474e+02
1.274967320261437891e+02 1.263267973856209210e+02 1.283071895424836555e+02
1.273708609271523216e+02 1.267086092715231729e+02 1.285761589403973630e+02
1.272565789473684248e+02 1.267960526315789451e+02 1.284078947368421098e+02
1.273266666666666680e+02 1.266066666666666691e+02 1.284933333333333394e+02
1.274200000000000017e+02 1.265666666666666629e+02 1.285933333333333337e+02
1.267417218543046289e+02 1.265960264900662224e+02 1.287549668874172255e+02
1.267549668874172255e+02 1.268013245033112639e+02 1.289271523178807968e+02
1.264161073825503365e+02 1.269127516778523557e+02 1.287986577181208077e+02
1.264370860927152336e+02 1.268278145695364287e+02 1.289867549668874176e+02
1.263355263157894797e+02 1.268289473684210549e+02 1.287763157894736707e+02
1.263576158940397391e+02 1.267748344370860991e+02 1.290728476821192032e+02
1.267066666666666634e+02 1.270199999999999960e+02 1.292066666666666777e+02
1.267124183006535958e+02 1.266274509803921546e+02 1.295751633986928084e+02
1.269666666666666686e+02 1.266933333333333280e+02 1.297933333333333223e+02
1.268933333333333309e+02 1.270000000000000000e+02 1.297666666666666799e+02
1.265460526315789451e+02 1.272171052631578902e+02 1.298552631578947398e+02
1.264228187919463124e+02 1.268590604026845625e+02 1.297315436241610769e+02
1.264399999999999977e+02 1.271666666666666714e+02 1.299333333333333371e+02
1.266907894736842053e+02 1.272828947368421098e+02 1.302105263157894797e+02
1.266711409395973220e+02 1.274765100671140914e+02 1.302080536912751541e+02
1.270860927152317856e+02 1.276291390728476784e+02 1.303046357615893953e+02
1.271073825503355721e+02 1.279932885906040241e+02 1.303624161073825576e+02
1.268211920529801375e+02 1.281125827814569504e+02 1.302450331125827745e+02
1.270394736842105203e+02 1.279539473684210549e+02 1.300592105263157805e+02
1.272684563758389231e+02 1.280000000000000000e+02 1.300469798657718172e+02
1.271776315789473699e+02 1.285328947368421098e+02 1.304407894736842195e+02
1.274066666666666663e+02 1.286466666666666754e+02 1.302466666666666697e+02
1.274238410596026512e+02 1.283708609271523073e+02 1.300860927152317856e+02
1.277785234899328799e+02 1.287449664429530287e+02 1.300335570469798654e+02
1.276533333333333360e+02 1.284666666666666686e+02 1.299600000000000080e+02
1.280671140939597308e+02 1.283288590604026922e+02 1.300738255033556925e+02
1.279078947368421098e+02 1.279802631578947398e+02 1.302565789473684106e+02
1.280733333333333235e+02 1.280133333333333212e+02 1.303066666666666720e+02
1.278476821192053023e+02 1.281721854304635713e+02 1.306754966887417311e+02
1.279736842105263150e+02 1.283355263157894797e+02 1.306644736842105203e+02
1.281721854304635713e+02 1.286821192052980223e+02 1.306688741721854399e+02
1.277933333333333366e+02 1.283133333333333326e+02 1.307599999999999909e+02
1.275973154362416153e+02 1.281543624161073751e+02 1.307449664429530287e+02
1.273841059602649040e+02 1.284635761589403842e+02 1.307682119205298079e+02
1.276800000000000068e+02 1.283133333333333326e+02 1.311599999999999966e+02
1.275165562913907280e+02 1.275827814569536400e+02 1.313311258278145601e+02
1.276821192052980081e+02 1.271059602649006592e+02 1.315364238410596158e+02
1.271895424836601336e+02 1.268235294117647101e+02 1.317450980392156907e+02
1.273377483443708655e+02 1.268741721854304672e+02 1.316490066225165663e+02
1.275066666666666606e+02 1.264933333333333394e+02 1.315399999999999920e+02
1.274805194805194759e+02 1.259155844155844193e+02 1.312987012987013031e+02
1.271800000000000068e+02 1.258866666666666703e+02 1.312733333333333405e+02
1.267748344370860991e+02 1.260198675496688736e+02 1.313576158940397249e+02
1.264429530201342260e+02 1.259932885906040241e+02 1.310671140939597308e+02
1.257748344370860991e+02 1.260331125827814560e+02 1.311192052980132416e+02
1.258618421052631646e+02 1.261578947368421098e+02 1.310657894736842195e+02
1.260392156862745168e+02 1.261437908496732092e+02 1.310000000000000000e+02
1.256666666666666714e+02 1.261066666666666691e+02 1.305600000000000023e+02
1.259477124183006538e+02 1.259346405228758101e+02 1.303398692810457646e+02
1.265986842105263150e+02 1.259276315789473699e+02 1.306842105263157805e+02
1.267385620915032689e+02 1.256209150326797328e+02 1.308758169934640421e+02
1.267666666666666657e+02 1.256733333333333320e+02 1.312133333333333383e+02
1.269337748344370880e+02 1.259668874172185440e+02 1.313841059602648897e+02
1.269870129870129887e+02 1.259480519480519547e+02 1.315064935064935128e+02
1.275000000000000000e+02 1.263599999999999994e+02 1.318466666666666640e+02
1.276381578947368354e+02 1.267368421052631646e+02 1.316578947368421098e+02
1.276026490066225136e+02 1.265298013245033104e+02 1.314238410596026370e+02
1.277399999999999949e+02 1.259466666666666725e+02 1.315399999999999920e+02
1.272080536912751683e+02 1.261140939597315480e+02 1.316040268456375770e+02
1.270728476821192032e+02 1.266423841059602609e+02 1.312450331125827745e+02
1.267483443708609201e+02 1.267947019867549727e+02 1.311854304635761537e+02
1.263311258278145743e+02 1.269072847682119232e+02 1.310132450331125824e+02
1.260927152317880768e+02 1.267615894039735167e+02 1.311456953642384065e+02
1.260600000000000023e+02 1.265933333333333337e+02 1.310200000000000102e+02
1.262533333333333303e+02 1.269066666666666663e+02 1.307400000000000091e+02
1.265328947368421098e+02 1.272105263157894797e+02 1.307302631578947398e+02
1.261059602649006592e+02 1.270264900662251648e+02 1.304304635761589282e+02
1.263443708609271567e+02 1.265364238410596016e+02 1.297682119205298079e+02
1.266315789473684248e+02 1.265986842105263150e+02 1.293684210526315894e+02
1.266200000000000045e+02 1.264399999999999977e+02 1.291666666666666572e+02
1.268322147651006730e+02 1.262214765100671201e+02 1.291610738255033652e+02
1.268053691275167836e+02 1.260134228187919518e+02 1.291409395973154233e+02
1.266118421052631646e+02 1.262039473684210549e+02 1.296118421052631504e+02
1.261266666666666652e+02 1.261466666666666612e+02 1.291933333333333280e+02
1.262999999999999972e+02 1.262866666666666617e+02 1.285933333333333337e+02
1.265657894736842053e+02 1.262368421052631646e+02 1.290263157894736707e+02
1.263486842105263150e+02 1.261184210526315752e+02 1.285592105263157805e+02
1.262550335570469855e+02 1.259395973154362451e+02 1.285771812080537018e+02
1.258618421052631646e+02 1.260986842105263150e+02 1.285328947368421098e+02
1.258799999999999955e+02 1.260400000000000063e+02 1.285666666666666629e+02
1.261599999999999966e+02 1.265533333333333275e+02 1.286200000000000045e+02
1.259868421052631646e+02 1.270065789473684248e+02 1.287236842105263293e+02
1.259605263157894797e+02 1.270000000000000000e+02 1.285657894736842195e+02
1.254276315789473699e+02 1.270394736842105203e+02 1.284473684210526301e+02
1.256778523489932837e+02 1.273087248322147644e+02 1.287986577181208077e+02
1.256066666666666691e+02 1.272066666666666634e+02 1.286999999999999886e+02
1.257615894039735167e+02 1.266688741721854257e+02 1.286490066225165663e+02
1.260333333333333314e+02 1.265666666666666629e+02 1.282266666666666595e+02
1.261486486486486456e+02 1.262500000000000000e+02 1.287229729729729684e+02
1.261776315789473699e+02 1.267631578947368354e+02 1.288289473684210407e+02
1.265165562913907280e+02 1.268476821192053023e+02 1.290662251655629120e+02
1.267828947368421098e+02 1.268684210526315752e+02 1.292105263157894797e+02
1.265165562913907280e+02 1.271258278145695328e+02 1.292582781456953569e+02
1.271733333333333320e+02 1.274599999999999937e+02 1.292266666666666595e+02
1.272980132450331183e+02 1.274900662251655632e+02 1.291324503311258241e+02
1.277266666666666737e+02 1.275933333333333337e+02 1.293266666666666538e+02
1.276013071895424815e+02 1.280915032679738488e+02 1.293921568627451109e+02
1.275570469798657740e+02 1.281879194630872405e+02 1.291946308724832306e+02
1.280529801324503296e+02 1.280662251655629120e+02 1.290927152317880768e+02
1.280999999999999943e+02 1.280533333333333417e+02 1.290333333333333314e+02
1.280872483221476443e+02 1.284630872483221538e+02 1.293422818791946440e+02
1.282368421052631504e+02 1.280526315789473699e+02 1.289671052631578902e+02
1.279736842105263150e+02 1.283947368421052602e+02 1.285460526315789593e+02
1.282039473684210407e+02 1.289671052631578902e+02 1.281973684210526301e+02
1.281721854304635713e+02 1.291125827814569504e+02 1.276225165562913872e+02
1.279866666666666646e+02 1.288866666666666561e+02 1.279533333333333331e+02
1.281999999999999886e+02 1.286533333333333360e+02 1.283466666666666640e+02
1.281933333333333280e+02 1.285466666666666526e+02 1.284666666666666686e+02
1.280066225165562912e+02 1.283576158940397249e+02 1.283642384105960161e+02
1.278675496688741759e+02 1.282847682119205217e+02 1.282781456953642305e+02
1.278133333333333326e+02 1.281066666666666549e+02 1.280466666666666526e+02
1.276774193548387046e+02 1.278193548387096712e+02 1.277161290322580669e+02
1.279470198675496704e+02 1.277814569536423903e+02 1.278543046357615935e+02
1.278053691275167836e+02 1.278456375838926107e+02 1.275033557046979809e+02
1.275364238410596016e+02 1.280529801324503296e+02 1.271324503311258241e+02
1.272614379084967311e+02 1.281307189542483798e+02 1.275947712418300597e+02
1.270261437908496731e+02 1.279934640522875782e+02 1.274509803921568647e+02
1.267631578947368354e+02 1.278026315789473699e+02 1.272960526315789451e+02
1.264429530201342260e+02 1.280671140939597308e+02 1.270335570469798654e+02
1.267297297297297263e+02 1.284391891891891930e+02 1.270202702702702737e+02
1.270066666666666606e+02 1.282266666666666595e+02 1.273599999999999994e+02
1.272222222222222285e+02 1.281503267973856168e+02 1.272222222222222285e+02
1.271973684210526301e+02 1.277434210526315752e+02 1.270131578947368354e+02
1.272434210526315752e+02 1.280789473684210407e+02 1.272236842105263150e+02
1.269671052631578902e+02 1.282565789473684106e+02 1.272894736842105203e+02
1.271986754966887361e+02 1.280132450331125824e+02 1.272913907284768271e+02
1.272999999999999972e+02 1.280266666666666708e+02 1.274533333333333331e+02
1.274466666666666725e+02 1.278066666666666720e+02 1.273199999999999932e+02
1.271125827814569504e+02 1.274172185430463600e+02 1.273642384105960303e+02
1.270794701986754944e+02 1.271721854304635713e+02 1.271125827814569504e+02
1.271258278145695328e+02 1.268874172185430496e+02 1.273841059602649040e+02
1.267814569536423903e+02 1.266754966887417169e+02 1.270397350993377472e+02
1.264868421052631646e+02 1.264934210526315752e+02 1.274210526315789451e+02
1.266513157894736850e+02 1.263750000000000000e+02 1.273421052631578902e+02
1.266733333333333320e+02 1.257933333333333366e+02 1.272800000000000011e+02
1.269933774834437088e+02 1.254172185430463600e+02 1.270397350993377472e+02
1.268926174496644279e+02 1.253557046979865817e+02 1.272550335570469855e+02
1.269346405228758101e+02 1.252156862745098067e+02 1.274901960784313673e+02
1.268888888888888857e+02 1.251568627450980387e+02 1.276862745098039227e+02
1.271390728476821153e+02 1.252450331125827745e+02 1.276225165562913872e+02
1.269668874172185440e+02 1.256092715231788048e+02 1.274834437086092720e+02
1.270463576158940384e+02 1.257947019867549727e+02 1.274900662251655632e+02
1.267333333333333343e+02 1.261400000000000006e+02 1.273599999999999994e+02
1.265695364238410576e+02 1.258278145695364287e+02 1.270596026490066208e+02
1.264533333333333331e+02 1.259333333333333371e+02 1.269466666666666725e+02
1.265637583892617499e+02 1.257852348993288558e+02 1.269127516778523557e+02
1.265430463576158928e+02 1.258741721854304672e+02 1.266622516556291345e+02
1.267284768211920465e+02 1.262781456953642447e+02 1.263576158940397391e+02
1.270328947368421098e+02 1.263618421052631646e+02 1.262697368421052602e+02
1.269729729729729684e+02 1.266013513513513544e+02 1.260135135135135158e+02
1.271599999999999966e+02 1.263733333333333348e+02 1.260400000000000063e+02
1.272333333333333343e+02 1.260666666666666629e+02 1.259866666666666646e+02
1.272500000000000000e+02 1.256381578947368354e+02 1.264539473684210549e+02
1.273020134228187885e+02 1.255033557046979809e+02 1.262214765100671201e+02
1.270999999999999943e+02 1.256066666666666691e+02 1.258733333333333348e+02
1.274078947368421098e+02 1.254078947368421098e+02 1.255526315789473699e+02
1.273750000000000000e+02 1.248026315789473699e+02 1.254605263157894797e+02
1.277533333333333303e+02 1.247600000000000051e+02 1.253199999999999932e+02
1.275033557046979809e+02 1.249664429530201346e+02 1.256174496644295289e+02
1.276821192052980081e+02 1.250264900662251648e+02 1.257086092715231729e+02
1.276241610738255048e+02 1.253087248322147644e+02 1.260872483221476443e+02
1.277800000000000011e+02 1.249800000000000040e+02 1.262266666666666737e+02
1.280196078431372655e+02 1.250915032679738630e+02 1.262222222222222285e+02
1.275231788079470192e+02 1.248940397350993408e+02 1.260066225165562912e+02
1.273243243243243228e+02 1.245810810810810807e+02 1.262364864864864842e+02
1.270600000000000023e+02 1.243866666666666703e+02 1.265866666666666731e+02
1.268013245033112639e+02 1.239801324503311264e+02 1.264966887417218544e+02
1.266118421052631646e+02 1.239013157894736850e+02 1.263947368421052602e+02
1.264666666666666686e+02 1.235866666666666731e+02 1.266466666666666612e+02
1.265165562913907280e+02 1.236423841059602609e+02 1.265033112582781456e+02
1.265637583892617499e+02 1.236778523489932837e+02 1.261610738255033510e+02
1.269066666666666663e+02 1.237533333333333303e+02 1.259800000000000040e+02
1.269333333333333371e+02 1.238266666666666680e+02 1.257933333333333366e+02
1.272679738562091529e+02 1.239346405228758101e+02 1.260326797385620949e+02
1.272119205298013185e+02 1.240397350993377472e+02 1.261854304635761537e+02
1.277189542483660176e+02 1.241111111111111143e+02 1.258823529411764639e+02
1.274834437086092720e+02 1.241390728476821153e+02 1.259602649006622528e+02
1.276666666666666714e+02 1.242933333333333366e+02 1.256666666666666714e+02
1.274144736842105203e+02 1.243947368421052602e+02 1.254736842105263150e+02
1.273154362416107404e+02 1.241208053691275097e+02 1.254429530201342260e+02
1.271589403973509889e+02 1.240860927152317856e+02 1.252317880794701921e+02
1.270536912751677789e+02 1.239127516778523557e+02 1.249530201342281828e+02
1.267483443708609201e+02 1.241258278145695328e+02 1.252781456953642447e+02
1.268581081081081123e+02 1.242702702702702737e+02 1.251621621621621614e+02
1.267333333333333343e+02 1.244733333333333292e+02 1.254066666666666663e+02
1.265600000000000023e+02 1.243266666666666680e+02 1.253066666666666720e+02
1.265263157894736850e+02 1.245921052631578902e+02 1.253421052631578902e+02
1.263199999999999932e+02 1.246133333333333297e+02 1.249800000000000040e+02
1.260789473684210549e+02 1.245723684210526301e+02 1.247039473684210549e+02
1.256535947712418277e+02 1.245163398692810404e+02 1.247189542483660176e+02
1.254429530201342260e+02 1.245033557046979809e+02 1.244496644295302019e+02
1.252399999999999949e+02 1.246333333333333400e+02 1.242399999999999949e+02
1.248933333333333309e+02 1.251466666666666612e+02 1.241133333333333297e+02
1.245855263157894797e+02 1.247763157894736850e+02 1.237631578947368354e+02
1.242317880794701921e+02 1.246622516556291345e+02 1.234966887417218544e+02
1.242080536912751683e+02 1.249597315436241587e+02 1.239194630872483174e+02
1.238562091503267908e+02 1.252026143790849630e+02 1.239281045751634025e+02
1.238657718120805384e+02 1.253691275167785193e+02 1.239127516778523557e+02
1.239869281045751563e+02 1.255686274509803866e+02 1.240261437908496731e+02
1.238741721854304672e+02 1.257152317880794641e+02 1.240728476821192032e+02
1.242251655629139009e+02 1.258344370860927199e+02 1.242119205298013185e+02
1.244901960784313673e+02 1.260915032679738630e+02 1.245163398692810404e+02
1.242066666666666634e+02 1.260666666666666629e+02 1.241800000000000068e+02
1.238590604026845625e+02 1.258657718120805384e+02 1.243422818791946298e+02
1.235167785234899327e+02 1.258187919463087212e+02 1.239597315436241587e+02
1.233907284768211952e+02 1.258079470198675551e+02 1.242582781456953711e+02
1.239671052631578902e+02 1.254605263157894797e+02 1.239671052631578902e+02
1.239530201342281828e+02 1.255637583892617499e+02 1.242684563758389231e+02
1.242399999999999949e+02 1.257000000000000028e+02 1.243066666666666720e+02
1.243618421052631646e+02 1.258157894736842053e+02 1.245789473684210549e+02
1.243799999999999955e+02 1.258066666666666720e+02 1.247666666666666657e+02
1.248211920529801375e+02 1.255562913907284752e+02 1.246291390728476784e+02
1.250328947368421098e+02 1.259671052631578902e+02 1.245394736842105203e+02
1.255743243243243228e+02 1.256689189189189193e+02 1.242094594594594525e+02
1.260529801324503296e+02 1.257880794701986815e+02 1.240927152317880768e+02
1.261866666666666674e+02 1.254466666666666725e+02 1.239666666666666686e+02
1.263933333333333309e+02 1.256200000000000045e+02 1.239733333333333292e+02
1.264066666666666663e+02 1.255333333333333314e+02 1.239133333333333269e+02
1.266688741721854257e+02 1.258278145695364287e+02 1.237086092715231729e+02
1.269668874172185440e+02 1.259139072847682144e+02 1.236490066225165521e+02
1.270728476821192032e+02 1.260198675496688736e+02 1.235695364238410576e+02
1.271315789473684248e+02 1.259144736842105203e+02 1.235131578947368354e+02
1.274078947368421098e+02 1.257500000000000000e+02 1.237236842105263150e+02
1.274832214765100673e+02 1.253355704697986539e+02 1.238389261744966490e+02
1.274934210526315752e+02 1.255065789473684248e+02 1.241315789473684248e+02
1.275600000000000023e+02 1.253400000000000034e+02 1.241400000000000006e+02
1.274900662251655632e+02 1.252384105960264833e+02 1.242317880794701921e+02
1.276710526315789451e+02 1.255065789473684248e+02 1.241776315789473699e+02
1.280866666666666731e+02 1.256866666666666674e+02 1.243866666666666703e+02
1.279866666666666646e+02 1.257266666666666737e+02 1.244533333333333331e+02
1.280662251655629120e+02 1.250927152317880768e+02 1.243708609271523216e+02
1.281764705882353041e+02 1.250588235294117680e+02 1.245163398692810404e+02
1.280394736842105203e+02 1.250921052631578902e+02 1.243618421052631646e+02
1.281733333333333462e+02 1.246666666666666714e+02 1.239666666666666686e+02
1.280536912751677789e+02 1.248255033557046971e+02 1.242214765100671201e+02
1.278881578947368354e+02 1.249736842105263150e+02 1.245394736842105203e+02
1.280933333333333337e+02 1.252066666666666634e+02 1.245933333333333337e+02
1.283223684210526301e+02 1.254539473684210549e+02 1.248355263157894797e+02
1.284866666666666788e+02 1.254333333333333371e+02 1.246933333333333280e+02
1.284736842105263293e+02 1.256447368421052602e+02 1.249342105263157947e+02
1.285364238410596158e+02 1.254039735099337776e+02 1.253708609271523216e+02
1.282105263157894797e+02 1.248157894736842053e+02 1.254802631578947398e+02
1.279466666666666725e+02 1.248400000000000034e+02 1.257066666666666634e+02
1.280662251655629120e+02 1.249470198675496704e+02 1.261059602649006592e+02
1.276400000000000006e+02 1.252333333333333343e+02 1.256666666666666714e+02
1.272617449664429472e+02 1.251610738255033510e+02 1.259463087248322211e+02
1.271125827814569504e+02 1.250662251655629120e+02 1.261125827814569504e+02
1.272399999999999949e+02 1.248199999999999932e+02 1.261800000000000068e+02
1.275761589403973488e+02 1.246291390728476784e+02 1.265960264900662224e+02
1.277600000000000051e+02 1.249066666666666663e+02 1.264466666666666725e+02
1.278881578947368354e+02 1.245263157894736850e+02 1.259407894736842053e+02
1.279066666666666663e+02 1.244933333333333394e+02 1.259133333333333269e+02
1.279333333333333371e+02 1.240799999999999983e+02 1.261066666666666691e+02
1.282185430463576097e+02 1.240397350993377472e+02 1.260927152317880768e+02
1.281599999999999966e+02 1.238733333333333348e+02 1.261533333333333360e+02
1.284220779220779320e+02 1.234220779220779178e+02 1.260584415584415581e+02
1.283400000000000034e+02 1.232399999999999949e+02 1.257133333333333383e+02
1.280872483221476443e+02 1.232818791946308750e+02 1.257248322147651010e+02
1.279664429530201346e+02 1.230872483221476443e+02 1.258255033557046971e+02
1.280333333333333314e+02 1.232199999999999989e+02 1.259333333333333371e+02
1.281633986928104605e+02 1.232287581699346362e+02 1.258431372549019613e+02
1.279679487179487154e+02 1.229358974358974308e+02 1.261730769230769198e+02
1.280066225165562912e+02 1.231788079470198625e+02 1.260463576158940384e+02
1.282236842105263293e+02 1.228552631578947398e+02 1.263026315789473699e+02
1.282333333333333201e+02 1.230799999999999983e+02 1.266866666666666674e+02
1.281812080536912788e+02 1.231879194630872547e+02 1.272348993288590577e+02
1.281266666666666652e+02 1.229200000000000017e+02 1.273799999999999955e+02
1.281200000000000045e+02 1.229599999999999937e+02 1.271400000000000006e+02
1.282066666666666777e+02 1.223599999999999994e+02 1.272066666666666634e+02
1.278666666666666600e+02 1.226533333333333360e+02 1.271133333333333297e+02
1.274736842105263150e+02 1.226315789473684248e+02 1.272631578947368354e+02
1.279470198675496704e+02 1.225562913907284752e+02 1.270066225165562912e+02
1.279533333333333331e+02 1.226933333333333280e+02 1.271400000000000006e+02
1.280800000000000125e+02 1.230199999999999960e+02 1.274333333333333371e+02
1.276821192052980081e+02 1.228278145695364287e+02 1.277814569536423903e+02
1.276442953020134183e+02 1.228456375838926107e+02 1.279328859060402692e+02
1.272800000000000011e+02 1.223733333333333348e+02 1.276400000000000006e+02
1.271466666666666612e+02 1.221800000000000068e+02 1.276599999999999966e+02
1.270397350993377472e+02 1.220794701986754944e+02 1.276953642384105905e+02
1.268940397350993408e+02 1.222649006622516623e+02 1.273973509933774864e+02
1.271644736842105203e+02 1.223289473684210549e+02 1.276907894736842053e+02
1.273400000000000034e+02 1.221866666666666674e+02 1.281266666666666652e+02
1.267999999999999972e+02 1.223333333333333286e+02 1.285466666666666526e+02
1.268666666666666600e+02 1.221466666666666612e+02 1.284199999999999875e+02
1.268266666666666680e+02 1.221133333333333297e+02 1.287066666666666777e+02
1.267266666666666737e+02 1.224399999999999977e+02 1.291333333333333258e+02
1.266381578947368354e+02 1.220986842105263150e+02 1.293947368421052602e+02
1.266466666666666612e+02 1.220866666666666731e+02 1.296599999999999966e+02
1.265921052631578902e+02 1.217763157894736850e+02 1.295394736842105203e+02
1.262066666666666634e+02 1.218066666666666720e+02 1.298666666666666742e+02
1.264666666666666686e+02 1.215199999999999960e+02 1.299399999999999977e+02
1.263684210526315752e+02 1.217171052631578902e+02 1.297039473684210407e+02
1.266107382550335529e+02 1.218590604026845625e+02 1.297852348993288558e+02
1.268266666666666680e+02 1.219066666666666663e+02 1.295733333333333235e+02
1.270460526315789451e+02 1.221381578947368354e+02 1.295394736842105203e+02
1.272384105960264833e+02 1.225960264900662224e+02 1.296688741721854399e+02
1.275167785234899327e+02 1.223892617449664471e+02 1.296174496644295289e+02
1.278053691275167836e+02 1.225302013422818845e+02 1.301409395973154233e+02
1.278199999999999932e+02 1.217999999999999972e+02 1.300733333333333235e+02
1.277248322147651010e+02 1.219194630872483174e+02 1.298993288590604038e+02
1.275933333333333337e+02 1.216666666666666714e+02 1.300266666666666708e+02
1.276092715231788048e+02 1.217417218543046289e+02 1.298410596026490111e+02
1.274900662251655632e+02 1.219602649006622528e+02 1.301059602649006592e+02
1.272368421052631646e+02 1.220526315789473699e+02 1.303223684210526301e+02
1.273199999999999932e+02 1.218533333333333388e+02 1.300533333333333417e+02
1.271192052980132416e+02 1.216423841059602609e+02 1.295629139072847806e+02
1.270457516339869244e+02 1.220000000000000000e+02 1.295947712418300739e+02
1.271192052980132416e+02 1.218410596026490111e+02 1.292119205298013185e+02
1.273733333333333348e+02 1.218533333333333388e+02 1.290399999999999920e+02
1.273443708609271567e+02 1.214635761589403984e+02 1.287284768211920607e+02
1.275695364238410576e+02 1.215430463576158928e+02 1.282185430463576097e+02
1.276250000000000000e+02 1.215592105263157947e+02 1.281973684210526301e+02
1.277615894039735167e+02 1.208211920529801375e+02 1.281125827814569504e+02
1.281324503311258241e+02 1.205761589403973488e+02 1.279139072847682144e+02
1.280399999999999920e+02 1.203866666666666703e+02 1.276666666666666714e+02
1.283245033112582689e+02 1.203245033112582831e+02 1.275496688741721840e+02
1.280860927152317856e+02 1.202384105960264833e+02 1.270794701986754944e+02
1.278133333333333326e+02 1.202466666666666697e+02 1.275400000000000063e+02
1.275827814569536400e+02 1.199403973509933792e+02 1.272913907284768271e+02
1.276866666666666674e+02 1.199800000000000040e+02 1.271800000000000068e+02
1.276200000000000045e+02 1.196733333333333320e+02 1.271466666666666612e+02
1.277814569536423903e+02 1.196953642384105905e+02 1.269337748344370880e+02
1.275704697986577116e+02 1.194161073825503365e+02 1.269463087248322211e+02
1.274105960264900688e+02 1.193509933774834479e+02 1.269801324503311264e+02
1.272666666666666657e+02 1.188799999999999955e+02 1.269666666666666686e+02
1.274399999999999977e+02 1.192066666666666634e+02 1.270733333333333377e+02
1.278133333333333326e+02 1.191200000000000045e+02 1.268066666666666720e+02
1.281854304635761537e+02 1.190596026490066208e+02 1.271258278145695328e+02
1.280733333333333235e+02 1.189333333333333371e+02 1.275733333333333377e+02
1.280860927152317856e+02 1.186953642384105905e+02 1.276291390728476784e+02
1.281133333333333439e+02 1.186533333333333360e+02 1.275533333333333275e+02
1.281184210526315894e+02 1.185592105263157947e+02 1.273618421052631646e+02
1.280728476821192032e+02 1.185496688741721840e+02 1.271258278145695328e+02
1.284155844155844193e+02 1.185714285714285694e+02 1.272077922077922096e+02
1.287152317880794783e+02 1.186357615894039697e+02 1.275231788079470192e+02
1.287350993377483519e+02 1.186821192052980081e+02 1.278278145695364287e+02
1.284266666666666765e+02 1.184733333333333292e+02 1.279266666666666623e+02
1.280133333333333212e+02 1.185999999999999943e+02 1.280866666666666731e+02
1.282147651006711442e+02 1.188255033557046971e+02 1.281140939597315480e+02
1.281381578947368496e+02 1.188618421052631646e+02 1.284078947368421098e+02
1.282715231788079393e+02 1.187748344370860991e+02 1.288211920529801375e+02
1.274466666666666725e+02 1.190066666666666606e+02 1.289133333333333269e+02
1.268627450980392126e+02 1.191045751633986924e+02 1.288692810457516202e+02
1.268169934640522882e+02 1.187973856209150370e+02 1.293006535947712337e+02
1.266903225806451587e+02 1.185548387096774263e+02 1.292580645161290249e+02
1.265533333333333275e+02 1.186599999999999966e+02 1.290733333333333235e+02
1.262236842105263150e+02 1.181842105263157947e+02 1.291578947368421098e+02
1.261447368421052602e+02 1.183289473684210549e+02 1.294934210526315894e+02
1.258926174496644279e+02 1.182818791946308750e+02 1.294899328859060290e+02
1.255066666666666606e+02 1.181666666666666714e+02 1.293733333333333348e+02
1.257828947368421098e+02 1.180328947368421098e+02 1.298092105263157805e+02
1.259533333333333331e+02 1.180266666666666708e+02 1.292333333333333201e+02
1.258599999999999994e+02 1.177600000000000051e+02 1.291266666666666652e+02
1.259466666666666725e+02 1.180266666666666708e+02 1.287199999999999989e+02
1.261610738255033510e+02 1.182617449664429472e+02 1.284966442953020191e+02
1.264533333333333331e+02 1.185400000000000063e+02 1.281266666666666652e+02
1.263733333333333348e+02 1.188400000000000034e+02 1.277999999999999972e+02
1.261133333333333297e+02 1.184599999999999937e+02 1.275999999999999943e+02
1.266174496644295289e+02 1.179932885906040241e+02 1.275100671140939568e+02
1.264026845637583847e+02 1.183087248322147644e+02 1.273087248322147644e+02
1.260933333333333337e+02 1.185466666666666669e+02 1.271400000000000006e+02
1.254697986577181155e+02 1.183691275167785193e+02 1.272013422818791923e+02
1.258881578947368354e+02 1.180986842105263150e+02 1.268026315789473699e+02
1.260860927152317856e+02 1.176887417218542993e+02 1.269205298013245056e+02
1.259666666666666686e+02 1.178266666666666680e+02 1.266866666666666674e+02
1.259072847682119232e+02 1.179205298013245056e+02 1.265562913907284752e+02
1.259205298013245056e+02 1.181721854304635713e+02 1.265695364238410576e+02
1.258947368421052602e+02 1.179276315789473699e+02 1.268552631578947398e+02
1.255533333333333275e+02 1.181466666666666612e+02 1.268933333333333309e+02
1.252384105960264833e+02 1.178013245033112639e+02 1.266622516556291345e+02
1.248831168831168839e+02 1.181363636363636402e+02 1.272012987012986969e+02
1.248866666666666703e+02 1.177333333333333343e+02 1.272066666666666634e+02
1.246973684210526301e+02 1.174210526315789451e+02 1.276447368421052602e+02
1.247248322147651010e+02 1.173020134228187885e+02 1.273892617449664471e+02
1.248333333333333286e+02 1.171333333333333400e+02 1.277800000000000011e+02
1.246644736842105203e+02 1.170921052631578902e+02 1.280394736842105203e+02
1.242251655629139009e+02 1.171456953642384065e+02 1.282516556291390657e+02
1.245263157894736850e+02 1.170000000000000000e+02 1.281513157894736707e+02
1.243815789473684248e+02 1.169802631578947398e+02 1.285460526315789593e+02
1.245430463576158928e+02 1.168145695364238463e+02 1.292119205298013185e+02
1.247086092715231729e+02 1.171258278145695328e+02 1.295960264900662366e+02
1.248874172185430496e+02 1.168410596026490111e+02 1.296754966887417311e+02
1.247218543046357553e+02 1.169337748344370880e+02 1.300198675496688736e+02
1.244701986754966896e+02 1.170331125827814560e+02 1.299337748344370880e+02
1.244407894736842053e+02 1.169539473684210549e+02 1.299473684210526301e+02
1.241854304635761537e+02 1.169801324503311264e+02 1.297019867549668959e+02
1.241973684210526301e+02 1.173815789473684248e+02 1.291644736842105203e+02
1.241523178807946977e+02 1.172052980132450273e+02 1.290331125827814560e+02
1.242649006622516623e+02 1.172715231788079535e+02 1.294370860927152194e+02
1.246533333333333360e+02 1.174266666666666623e+02 1.295866666666666731e+02
1.245400000000000063e+02 1.175533333333333275e+02 1.296999999999999886e+02
1.245827814569536400e+02 1.179337748344370880e+02 1.298675496688741759e+02
1.245695364238410576e+02 1.180596026490066208e+02 1.294701986754966754e+02
1.242119205298013185e+02 1.181655629139072801e+02 1.297086092715231871e+02
