1.279867549668874176e+02 1.278543046357615935e+02 1.271721854304635713e+02
1.280133333333333212e+02 1.279133333333333269e+02 1.271800000000000068e+02
1.279866666666666646e+02 1.278733333333333348e+02 1.270999999999999943e+02
1.280066666666666606e+02 1.279200000000000017e+02 1.271333333333333400e+02
1.281399999999999864e+02 1.277866666666666617e+02 1.271333333333333400e+02
1.280662251655629120e+02 1.277814569536423903e+02 1.271589403973509889e+02
1.280866666666666731e+02 1.277533333333333303e+02 1.273199999999999932e+02
1.281133333333333439e+02 1.277933333333333366e+02 1.271933333333333280e+02
1.280466666666666526e+02 1.277933333333333366e+02 1.272866666666666617e+02
1.280200000000000102e+02 1.278199999999999932e+02 1.273533333333333388e+02
1.280000000000000000e+02 1.278133333333333326e+02 1.273799999999999955e+02
1.279733333333333292e+02 1.278733333333333348e+02 1.274466666666666725e+02
1.279867549668874176e+02 1.279867549668874176e+02 1.273774834437086128e+02
1.279466666666666725e+02 1.279466666666666725e+02 1.274200000000000017e+02
1.279194630872483174e+02 1.279328859060402692e+02 1.273154362416107404e+02
1.278666666666666600e+02 1.279133333333333269e+02 1.273466666666666640e+02
1.279072847682119232e+02 1.279536423841059616e+02 1.273841059602649040e+02
1.279599999999999937e+02 1.279866666666666646e+02 1.273066666666666720e+02
1.281800000000000068e+02 1.279200000000000017e+02 1.273266666666666680e+02
1.282133333333333383e+02 1.279200000000000017e+02 1.274599999999999937e+02
1.282599999999999909e+02 1.279399999999999977e+02 1.274800000000000040e+02
1.280800000000000125e+02 1.279000000000000057e+02 1.273533333333333388e+02
1.280596026490066208e+02 1.278741721854304672e+02 1.272847682119205359e+02
1.280200000000000102e+02 1.280666666666666629e+02 1.274399999999999977e+02
1.280333333333333314e+02 1.281200000000000045e+02 1.275400000000000063e+02
1.281059602649006592e+02 1.281059602649006592e+02 1.276092715231788048e+02
1.281854304635761537e+02 1.281854304635761537e+02 1.277284768211920465e+02
1.280333333333333314e+02 1.281666666666666572e+02 1.276866666666666674e+02
1.280866666666666731e+02 1.281866666666666674e+02 1.277000000000000028e+02
1.280866666666666731e+02 1.281466666666666754e+02 1.277399999999999949e+02
1.280268456375839037e+02 1.282281879194630960e+02 1.278255033557046971e+02
1.281589403973509889e+02 1.282847682119205217e+02 1.278609271523178847e+02
1.282800000000000011e+02 1.282133333333333383e+02 1.279599999999999937e+02
1.280933333333333337e+02 1.281399999999999864e+02 1.277666666666666657e+02
1.281599999999999966e+02 1.282199999999999989e+02 1.279000000000000057e+02
1.282666666666666799e+02 1.281666666666666572e+02 1.279266666666666623e+02
1.282800000000000011e+02 1.280666666666666629e+02 1.278733333333333348e+02
1.283000000000000114e+02 1.280866666666666731e+02 1.279399999999999977e+02
1.281933333333333280e+02 1.280133333333333212e+02 1.280466666666666526e+02
1.283666666666666742e+02 1.280933333333333337e+02 1.280266666666666708e+02
1.283133333333333326e+02 1.279933333333333394e+02 1.279266666666666623e+02
1.283066666666666720e+02 1.280533333333333417e+02 1.279399999999999977e+02
1.283266666666666538e+02 1.280800000000000125e+02 1.278933333333333309e+02
1.283199999999999932e+02 1.280266666666666708e+02 1.279466666666666725e+02
1.282733333333333405e+02 1.280866666666666731e+02 1.279866666666666646e+02
1.282933333333333223e+02 1.280666666666666629e+02 1.280200000000000102e+02
1.283199999999999932e+02 1.281266666666666652e+02 1.280600000000000023e+02
1.283333333333333428e+02 1.281066666666666549e+02 1.280533333333333417e+02
1.283133333333333326e+02 1.281066666666666549e+02 1.279933333333333394e+02
1.283666666666666742e+02 1.281333333333333258e+02 1.280466666666666526e+02
1.284266666666666765e+02 1.282266666666666595e+02 1.281200000000000045e+02
1.283933333333333451e+02 1.282199999999999989e+02 1.281533333333333360e+02
1.283866666666666561e+02 1.282066666666666777e+02 1.281466666666666754e+02
1.284000000000000057e+02 1.282333333333333201e+02 1.282333333333333201e+02
1.284000000000000057e+02 1.282333333333333201e+02 1.282333333333333201e+02
1.284000000000000057e+02 1.282333333333333201e+02 1.282333333333333201e+02
1.284199999999999875e+02 1.282333333333333201e+02 1.282066666666666777e+02
1.284199999999999875e+02 1.282333333333333201e+02 1.282066666666666777e+02
1.284199999999999875e+02 1.282333333333333201e+02 1.282066666666666777e+02
1.284199999999999875e+02 1.282333333333333201e+02 1.282066666666666777e+02
1.284199999999999875e+02 1.282333333333333201e+02 1.282066666666666777e+02
1.284199999999999875e+02 1.282333333333333201e+02 1.282066666666666777e+02
1.284199999999999875e+02 1.282333333333333201e+02 1.282066666666666777e+02
1.284199999999999875e+02 1.282333333333333201e+02 1.282066666666666777e+02
1.284199999999999875e+02 1.282333333333333201e+02 1.282066666666666777e+02
1.284199999999999875e+02 1.282333333333333201e+02 1.282066666666666777e+02
1.284199999999999875e+02 1.282333333333333201e+02 1.282066666666666777e+02
1.284199999999999875e+02 1.282333333333333201e+02 1.282066666666666777e+02
1.284199999999999875e+02 1.282333333333333201e+02 1.282066666666666777e+02
1.284199999999999875e+02 1.282333333333333201e+02 1.282066666666666777e+02
1.284199999999999875e+02 1.282333333333333201e+02 1.282066666666666777e+02
1.284199999999999875e+02 1.282333333333333201e+02 1.282066666666666777e+02
1.284199999999999875e+02 1.282333333333333201e+02 1.282066666666666777e+02
1.284199999999999875e+02 1.282333333333333201e+02 1.282066666666666777e+02
1.284199999999999875e+02 1.282333333333333201e+02 1.282066666666666777e+02
1.284199999999999875e+02 1.282333333333333201e+02 1.282066666666666777e+02
1.284199999999999875e+02 1.282333333333333201e+02 1.282066666666666777e+02
1.284199999999999875e+02 1.282333333333333201e+02 1.282066666666666777e+02
1.284199999999999875e+02 1.282333333333333201e+02 1.282066666666666777e+02
1.284199999999999875e+02 1.282333333333333201e+02 1.282066666666666777e+02
1.284199999999999875e+02 1.282333333333333201e+02 1.282066666666666777e+02
1.284199999999999875e+02 1.282333333333333201e+02 1.282066666666666777e+02
1.284199999999999875e+02 1.282333333333333201e+02 1.282066666666666777e+02
1.284199999999999875e+02 1.282333333333333201e+02 1.282066666666666777e+02
1.284199999999999875e+02 1.282333333333333201e+02 1.282066666666666777e+02
1.284199999999999875e+02 1.282333333333333201e+02 1.282066666666666777e+02
1.284199999999999875e+02 1.282333333333333201e+02 1.282066666666666777e+02
1.284199999999999875e+02 1.282333333333333201e+02 1.282066666666666777e+02
1.284199999999999875e+02 1.282333333333333201e+02 1.282066666666666777e+02
1.284199999999999875e+02 1.282333333333333201e+02 1.282066666666666777e+02
1.284199999999999875e+02 1.282333333333333201e+02 1.282066666666666777e+02
1.284199999999999875e+02 1.282333333333333201e+02 1.282066666666666777e+02
1.284199999999999875e+02 1.282333333333333201e+02 1.282066666666666777e+02
1.284199999999999875e+02 1.282333333333333201e+02 1.282066666666666777e+02
1.284199999999999875e+02 1.282333333333333201e+02 1.282066666666666777e+02
1.284199999999999875e+02 1.282333333333333201e+02 1.282066666666666777e+02
1.284199999999999875e+02 1.282333333333333201e+02 1.282066666666666777e+02
1.284199999999999875e+02 1.282333333333333201e+02 1.282066666666666777e+02
1.284199999999999875e+02 1.282333333333333201e+02 1.282066666666666777e+02
1.284199999999999875e+02 1.282333333333333201e+02 1.282066666666666777e+02
1.284199999999999875e+02 1.282333333333333201e+02 1.282066666666666777e+02
1.284199999999999875e+02 1.282333333333333201e+02 1.282066666666666777e+02
1.284199999999999875e+02 1.282333333333333201e+02 1.282066666666666777e+02
1.284199999999999875e+02 1.282333333333333201e+02 1.282066666666666777e+02
1.284199999999999875e+02 1.282333333333333201e+02 1.282066666666666777e+02
1.284199999999999875e+02 1.282333333333333201e+02 1.282066666666666777e+02
1.284199999999999875e+02 1.282333333333333201e+02 1.282066666666666777e+02
1.284199999999999875e+02 1.282333333333333201e+02 1.282066666666666777e+02
1.284199999999999875e+02 1.282333333333333201e+02 1.282066666666666777e+02
1.284199999999999875e+02 1.282333333333333201e+02 1.282066666666666777e+02
1.284199999999999875e+02 1.282333333333333201e+02 1.282066666666666777e+02
1.284199999999999875e+02 1.282333333333333201e+02 1.282066666666666777e+02
1.284199999999999875e+02 1.282333333333333201e+02 1.282066666666666777e+02
1.284199999999999875e+02 1.282333333333333201e+02 1.282066666666666777e+02
1.284199999999999875e+02 1.282333333333333201e+02 1.282066666666666777e+02
1.284199999999999875e+02 1.282333333333333201e+02 1.282066666666666777e+02
1.284199999999999875e+02 1.282333333333333201e+02 1.282066666666666777e+02
1.284199999999999875e+02 1.282333333333333201e+02 1.282066666666666777e+02
1.284199999999999875e+02 1.282333333333333201e+02 1.282066666666666777e+02
1.284199999999999875e+02 1.282333333333333201e+02 1.282066666666666777e+02
1.284199999999999875e+02 1.282333333333333201e+02 1.282066666666666777e+02
1.284199999999999875e+02 1.282333333333333201e+02 1.282066666666666777e+02
1.284199999999999875e+02 1.282333333333333201e+02 1.282066666666666777e+02
1.284199999999999875e+02 1.282333333333333201e+02 1.282066666666666777e+02
1.284199999999999875e+02 1.282333333333333201e+02 1.282066666666666777e+02
1.284199999999999875e+02 1.282333333333333201e+02 1.282066666666666777e+02
1.284199999999999875e+02 1.282333333333333201e+02 1.282066666666666777e+02
1.284199999999999875e+02 1.282333333333333201e+02 1.282066666666666777e+02
1.284199999999999875e+02 1.282333333333333201e+02 1.282066666666666777e+02
1.284199999999999875e+02 1.282333333333333201e+02 1.282066666666666777e+02
1.284199999999999875e+02 1.282333333333333201e+02 1.282066666666666777e+02
1.284199999999999875e+02 1.282333333333333201e+02 1.282066666666666777e+02
1.284199999999999875e+02 1.282333333333333201e+02 1.282066666666666777e+02
1.284199999999999875e+02 1.282333333333333201e+02 1.282066666666666777e+02
1.284199999999999875e+02 1.282333333333333201e+02 1.282066666666666777e+02
1.284199999999999875e+02 1.282333333333333201e+02 1.282066666666666777e+02
1.284199999999999875e+02 1.282333333333333201e+02 1.282066666666666777e+02
1.284199999999999875e+02 1.282333333333333201e+02 1.282066666666666777e+02
1.284199999999999875e+02 1.282333333333333201e+02 1.282066666666666777e+02
1.284199999999999875e+02 1.282333333333333201e+02 1.282066666666666777e+02
1.284199999999999875e+02 1.282333333333333201e+02 1.282066666666666777e+02
1.284199999999999875e+02 1.282333333333333201e+02 1.282066666666666777e+02
1.284199999999999875e+02 1.282333333333333201e+02 1.282066666666666777e+02
1.284199999999999875e+02 1.282333333333333201e+02 1.282066666666666777e+02
1.284199999999999875e+02 1.282333333333333201e+02 1.282066666666666777e+02
1.284199999999999875e+02 1.282333333333333201e+02 1.282066666666666777e+02
1.284199999999999875e+02 1.282333333333333201e+02 1.282066666666666777e+02
1.284199999999999875e+02 1.282333333333333201e+02 1.282066666666666777e+02
1.284199999999999875e+02 1.282333333333333201e+02 1.282066666666666777e+02
1.284199999999999875e+02 1.282333333333333201e+02 1.282066666666666777e+02
1.284199999999999875e+02 1.282333333333333201e+02 1.282066666666666777e+02
1.284199999999999875e+02 1.282333333333333201e+02 1.282066666666666777e+02
1.284199999999999875e+02 1.282333333333333201e+02 1.282066666666666777e+02
1.284199999999999875e+02 1.282333333333333201e+02 1.282066666666666777e+02
1.284199999999999875e+02 1.282333333333333201e+02 1.282066666666666777e+02
1.284199999999999875e+02 1.282333333333333201e+02 1.282066666666666777e+02
1.284199999999999875e+02 1.282333333333333201e+02 1.282066666666666777e+02
1.284199999999999875e+02 1.282333333333333201e+02 1.282066666666666777e+02
1.284199999999999875e+02 1.282333333333333201e+02 1.282066666666666777e+02
1.284199999999999875e+02 1.282333333333333201e+02 1.282066666666666777e+02
1.284199999999999875e+02 1.282333333333333201e+02 1.282066666666666777e+02
1.284199999999999875e+02 1.282333333333333201e+02 1.282066666666666777e+02
1.284199999999999875e+02 1.282333333333333201e+02 1.282066666666666777e+02
1.284199999999999875e+02 1.282333333333333201e+02 1.282066666666666777e+02
1.284199999999999875e+02 1.282333333333333201e+02 1.282066666666666777e+02
1.284199999999999875e+02 1.282333333333333201e+02 1.282066666666666777e+02
1.284199999999999875e+02 1.282333333333333201e+02 1.282066666666666777e+02
1.284199999999999875e+02 1.282333333333333201e+02 1.282066666666666777e+02
1.284199999999999875e+02 1.282333333333333201e+02 1.282066666666666777e+02
1.284199999999999875e+02 1.282333333333333201e+02 1.282066666666666777e+02
1.284199999999999875e+02 1.282333333333333201e+02 1.282066666666666777e+02
1.284199999999999875e+02 1.282333333333333201e+02 1.282066666666666777e+02
1.284199999999999875e+02 1.282333333333333201e+02 1.282066666666666777e+02
1.284199999999999875e+02 1.282333333333333201e+02 1.282066666666666777e+02
1.284199999999999875e+02 1.282333333333333201e+02 1.282066666666666777e+02
1.284199999999999875e+02 1.282333333333333201e+02 1.282066666666666777e+02
1.284199999999999875e+02 1.282333333333333201e+02 1.282066666666666777e+02
1.284199999999999875e+02 1.282333333333333201e+02 1.282066666666666777e+02
1.284199999999999875e+02 1.282333333333333201e+02 1.282066666666666777e+02
1.284199999999999875e+02 1.282333333333333201e+02 1.282066666666666777e+02
1.284199999999999875e+02 1.282333333333333201e+02 1.282066666666666777e+02
1.284199999999999875e+02 1.282333333333333201e+02 1.282066666666666777e+02
1.284199999999999875e+02 1.282333333333333201e+02 1.282066666666666777e+02
1.284199999999999875e+02 1.282333333333333201e+02 1.282066666666666777e+02
1.284199999999999875e+02 1.282333333333333201e+02 1.282066666666666777e+02
1.284199999999999875e+02 1.282333333333333201e+02 1.282066666666666777e+02
1.284199999999999875e+02 1.282333333333333201e+02 1.282066666666666777e+02
1.284199999999999875e+02 1.282333333333333201e+02 1.282066666666666777e+02
1.284199999999999875e+02 1.282333333333333201e+02 1.282066666666666777e+02
1.284199999999999875e+02 1.282333333333333201e+02 1.282066666666666777e+02
1.284199999999999875e+02 1.282333333333333201e+02 1.282066666666666777e+02
1.284199999999999875e+02 1.282333333333333201e+02 1.282066666666666777e+02
1.284199999999999875e+02 1.282333333333333201e+02 1.282066666666666777e+02
1.284199999999999875e+02 1.282333333333333201e+02 1.282066666666666777e+02
1.284199999999999875e+02 1.282333333333333201e+02 1.282066666666666777e+02
1.284199999999999875e+02 1.282333333333333201e+02 1.282066666666666777e+02
1.284199999999999875e+02 1.282333333333333201e+02 1.282066666666666777e+02
1.284199999999999875e+02 1.282333333333333201e+02 1.282066666666666777e+02
1.284199999999999875e+02 1.282333333333333201e+02 1.282066666666666777e+02
1.284199999999999875e+02 1.282333333333333201e+02 1.282066666666666777e+02
1.284199999999999875e+02 1.282333333333333201e+02 1.282066666666666777e+02
1.284199999999999875e+02 1.282333333333333201e+02 1.282066666666666777e+02
1.284199999999999875e+02 1.282333333333333201e+02 1.282066666666666777e+02
1.284199999999999875e+02 1.282333333333333201e+02 1.282066666666666777e+02
1.284199999999999875e+02 1.282333333333333201e+02 1.282066666666666777e+02
1.284199999999999875e+02 1.282333333333333201e+02 1.282066666666666777e+02
1.284199999999999875e+02 1.282333333333333201e+02 1.282066666666666777e+02
1.284199999999999875e+02 1.282333333333333201e+02 1.282066666666666777e+02
1.284199999999999875e+02 1.282333333333333201e+02 1.282066666666666777e+02
1.284199999999999875e+02 1.282333333333333201e+02 1.282066666666666777e+02
1.284199999999999875e+02 1.282333333333333201e+02 1.282066666666666777e+02
1.284199999999999875e+02 1.282333333333333201e+02 1.282066666666666777e+02
1.284199999999999875e+02 1.282333333333333201e+02 1.282066666666666777e+02
1.284199999999999875e+02 1.282333333333333201e+02 1.282066666666666777e+02
1.284199999999999875e+02 1.282333333333333201e+02 1.282066666666666777e+02
1.284199999999999875e+02 1.282333333333333201e+02 1.282066666666666777e+02
1.284199999999999875e+02 1.282333333333333201e+02 1.282066666666666777e+02
1.284199999999999875e+02 1.282333333333333201e+02 1.282066666666666777e+02
1.284199999999999875e+02 1.282333333333333201e+02 1.282066666666666777e+02
1.284199999999999875e+02 1.282333333333333201e+02 1.282066666666666777e+02
1.284199999999999875e+02 1.282333333333333201e+02 1.282066666666666777e+02
1.284199999999999875e+02 1.282333333333333201e+02 1.282066666666666777e+02
1.284199999999999875e+02 1.282333333333333201e+02 1.282066666666666777e+02
1.284199999999999875e+02 1.282333333333333201e+02 1.282066666666666777e+02
1.284199999999999875e+02 1.282333333333333201e+02 1.282066666666666777e+02
1.284199999999999875e+02 1.282333333333333201e+02 1.282066666666666777e+02
1.284199999999999875e+02 1.282333333333333201e+02 1.282066666666666777e+02
1.284199999999999875e+02 1.282333333333333201e+02 1.282066666666666777e+02
1.284199999999999875e+02 1.282333333333333201e+02 1.282066666666666777e+02
1.284199999999999875e+02 1.282333333333333201e+02 1.282066666666666777e+02
1.284199999999999875e+02 1.282333333333333201e+02 1.282066666666666777e+02
1.284199999999999875e+02 1.282333333333333201e+02 1.282066666666666777e+02
1.284199999999999875e+02 1.282333333333333201e+02 1.282066666666666777e+02
1.284199999999999875e+02 1.282333333333333201e+02 1.282066666666666777e+02
1.284199999999999875e+02 1.282333333333333201e+02 1.282066666666666777e+02
1.284199999999999875e+02 1.282333333333333201e+02 1.282066666666666777e+02
1.284199999999999875e+02 1.282333333333333201e+02 1.282066666666666777e+02
1.284199999999999875e+02 1.282333333333333201e+02 1.282066666666666777e+02
1.284199999999999875e+02 1.282333333333333201e+02 1.282066666666666777e+02
1.284199999999999875e+02 1.282333333333333201e+02 1.282066666666666777e+02
1.284199999999999875e+02 1.282333333333333201e+02 1.282066666666666777e+02
1.284199999999999875e+02 1.282333333333333201e+02 1.282066666666666777e+02
1.284199999999999875e+02 1.282333333333333201e+02 1.282066666666666777e+02
1.284199999999999875e+02 1.282333333333333201e+02 1.282066666666666777e+02
1.284199999999999875e+02 1.282333333333333201e+02 1.282066666666666777e+02
1.284199999999999875e+02 1.282333333333333201e+02 1.282066666666666777e+02
1.284199999999999875e+02 1.282333333333333201e+02 1.282066666666666777e+02
1.284199999999999875e+02 1.282333333333333201e+02 1.282066666666666777e+02
1.284199999999999875e+02 1.282333333333333201e+02 1.282066666666666777e+02
1.284199999999999875e+02 1.282333333333333201e+02 1.282066666666666777e+02
1.284199999999999875e+02 1.282333333333333201e+02 1.282066666666666777e+02
1.284199999999999875e+02 1.282333333333333201e+02 1.282066666666666777e+02
1.284199999999999875e+02 1.282333333333333201e+02 1.282066666666666777e+02
1.284199999999999875e+02 1.282333333333333201e+02 1.282066666666666777e+02
1.284199999999999875e+02 1.282333333333333201e+02 1.282066666666666777e+02
1.284199999999999875e+02 1.282333333333333201e+02 1.282066666666666777e+02
1.284199999999999875e+02 1.282333333333333201e+02 1.282066666666666777e+02
1.284199999999999875e+02 1.282333333333333201e+02 1.282066666666666777e+02
1.284199999999999875e+02 1.282333333333333201e+02 1.282066666666666777e+02
1.284199999999999875e+02 1.282333333333333201e+02 1.282066666666666777e+02
1.284199999999999875e+02 1.282333333333333201e+02 1.282066666666666777e+02
1.284199999999999875e+02 1.282333333333333201e+02 1.282066666666666777e+02
1.284199999999999875e+02 1.282333333333333201e+02 1.282066666666666777e+02
1.284199999999999875e+02 1.282333333333333201e+02 1.282066666666666777e+02
1.284199999999999875e+02 1.282333333333333201e+02 1.282066666666666777e+02
1.284199999999999875e+02 1.282333333333333201e+02 1.282066666666666777e+02
1.284199999999999875e+02 1.282333333333333201e+02 1.282066666666666777e+02
1.284199999999999875e+02 1.282333333333333201e+02 1.282066666666666777e+02
1.284199999999999875e+02 1.282333333333333201e+02 1.282066666666666777e+02
1.284199999999999875e+02 1.282333333333333201e+02 1.282066666666666777e+02
1.284199999999999875e+02 1.282333333333333201e+02 1.282066666666666777e+02
1.284199999999999875e+02 1.282333333333333201e+02 1.282066666666666777e+02
1.284199999999999875e+02 1.282333333333333201e+02 1.282066666666666777e+02
1.284199999999999875e+02 1.282333333333333201e+02 1.282066666666666777e+02
1.284199999999999875e+02 1.282333333333333201e+02 1.282066666666666777e+02
1.284199999999999875e+02 1.282333333333333201e+02 1.282066666666666777e+02
1.284199999999999875e+02 1.282333333333333201e+02 1.282066666666666777e+02
1.284199999999999875e+02 1.282333333333333201e+02 1.282066666666666777e+02
1.284199999999999875e+02 1.282333333333333201e+02 1.282066666666666777e+02
1.284199999999999875e+02 1.282333333333333201e+02 1.282066666666666777e+02
1.284199999999999875e+02 1.282333333333333201e+02 1.282066666666666777e+02
1.284199999999999875e+02 1.282333333333333201e+02 1.282066666666666777e+02
1.284199999999999875e+02 1.282333333333333201e+02 1.282066666666666777e+02
1.284199999999999875e+02 1.282333333333333201e+02 1.282066666666666777e+02
1.284199999999999875e+02 1.282333333333333201e+02 1.282066666666666777e+02
1.284199999999999875e+02 1.282333333333333201e+02 1.282066666666666777e+02
1.284199999999999875e+02 1.282333333333333201e+02 1.282066666666666777e+02
1.284199999999999875e+02 1.282333333333333201e+02 1.282066666666666777e+02
1.284199999999999875e+02 1.282333333333333201e+02 1.282066666666666777e+02
1.284199999999999875e+02 1.282333333333333201e+02 1.282066666666666777e+02
1.284199999999999875e+02 1.282333333333333201e+02 1.282066666666666777e+02
1.284199999999999875e+02 1.282333333333333201e+02 1.282066666666666777e+02
1.284199999999999875e+02 1.282333333333333201e+02 1.282066666666666777e+02
1.284199999999999875e+02 1.282333333333333201e+02 1.282066666666666777e+02
1.284199999999999875e+02 1.282333333333333201e+02 1.282066666666666777e+02
1.284199999999999875e+02 1.282333333333333201e+02 1.282066666666666777e+02
1.284199999999999875e+02 1.282333333333333201e+02 1.282066666666666777e+02
1.284199999999999875e+02 1.282333333333333201e+02 1.282066666666666777e+02
1.284199999999999875e+02 1.282333333333333201e+02 1.282066666666666777e+02
1.284199999999999875e+02 1.282333333333333201e+02 1.282066666666666777e+02
1.284199999999999875e+02 1.282333333333333201e+02 1.282066666666666777e+02
1.284199999999999875e+02 1.282333333333333201e+02 1.282066666666666777e+02
1.284199999999999875e+02 1.282333333333333201e+02 1.282066666666666777e+02
1.284199999999999875e+02 1.282333333333333201e+02 1.282066666666666777e+02
1.284199999999999875e+02 1.282333333333333201e+02 1.282066666666666777e+02
1.284199999999999875e+02 1.282333333333333201e+02 1.282066666666666777e+02
1.284199999999999875e+02 1.282333333333333201e+02 1.282066666666666777e+02
1.284199999999999875e+02 1.282333333333333201e+02 1.282066666666666777e+02
1.284199999999999875e+02 1.282333333333333201e+02 1.282066666666666777e+02
1.284199999999999875e+02 1.282333333333333201e+02 1.282066666666666777e+02
1.284199999999999875e+02 1.282333333333333201e+02 1.282066666666666777e+02
1.284199999999999875e+02 1.282333333333333201e+02 1.282066666666666777e+02
1.284199999999999875e+02 1.282333333333333201e+02 1.282066666666666777e+02
1.284199999999999875e+02 1.282333333333333201e+02 1.282066666666666777e+02
1.284199999999999875e+02 1.282333333333333201e+02 1.282066666666666777e+02
1.284199999999999875e+02 1.282333333333333201e+02 1.282066666666666777e+02
1.284199999999999875e+02 1.282333333333333201e+02 1.282066666666666777e+02
1.284199999999999875e+02 1.282333333333333201e+02 1.282066666666666777e+02
1.284199999999999875e+02 1.282333333333333201e+02 1.282066666666666777e+02
1.284199999999999875e+02 1.282333333333333201e+02 1.282066666666666777e+02
1.284199999999999875e+02 1.282333333333333201e+02 1.282066666666666777e+02
1.284199999999999875e+02 1.282333333333333201e+02 1.282066666666666777e+02
1.284199999999999875e+02 1.282333333333333201e+02 1.282066666666666777e+02
1.284199999999999875e+02 1.282333333333333201e+02 1.282066666666666777e+02
1.284199999999999875e+02 1.282333333333333201e+02 1.282066666666666777e+02
1.284199999999999875e+02 1.282333333333333201e+02 1.282066666666666777e+02
1.284199999999999875e+02 1.282333333333333201e+02 1.282066666666666777e+02
1.284199999999999875e+02 1.282333333333333201e+02 1.282066666666666777e+02
1.284199999999999875e+02 1.282333333333333201e+02 1.282066666666666777e+02
1.284199999999999875e+02 1.282333333333333201e+02 1.282066666666666777e+02
1.284199999999999875e+02 1.282333333333333201e+02 1.282066666666666777e+02
1.284199999999999875e+02 1.282333333333333201e+02 1.282066666666666777e+02
1.284199999999999875e+02 1.282333333333333201e+02 1.282066666666666777e+02
1.284199999999999875e+02 1.282333333333333201e+02 1.282066666666666777e+02
1.284199999999999875e+02 1.282333333333333201e+02 1.282066666666666777e+02
1.284199999999999875e+02 1.282333333333333201e+02 1.282066666666666777e+02
1.284199999999999875e+02 1.282333333333333201e+02 1.282066666666666777e+02
1.284199999999999875e+02 1.282333333333333201e+02 1.282066666666666777e+02
1.284199999999999875e+02 1.282333333333333201e+02 1.282066666666666777e+02
1.284199999999999875e+02 1.282333333333333201e+02 1.282066666666666777e+02
1.284199999999999875e+02 1.282333333333333201e+02 1.282066666666666777e+02
1.284199999999999875e+02 1.282333333333333201e+02 1.282066666666666777e+02
1.284199999999999875e+02 1.282333333333333201e+02 1.282066666666666777e+02
1.284199999999999875e+02 1.282333333333333201e+02 1.282066666666666777e+02
1.284199999999999875e+02 1.282333333333333201e+02 1.282066666666666777e+02
1.284199999999999875e+02 1.282333333333333201e+02 1.282066666666666777e+02
1.284199999999999875e+02 1.282333333333333201e+02 1.282066666666666777e+02
1.284199999999999875e+02 1.282333333333333201e+02 1.282066666666666777e+02
1.284199999999999875e+02 1.282333333333333201e+02 1.282066666666666777e+02
1.284199999999999875e+02 1.282333333333333201e+02 1.282066666666666777e+02
1.284199999999999875e+02 1.282333333333333201e+02 1.282066666666666777e+02
1.284199999999999875e+02 1.282333333333333201e+02 1.282066666666666777e+02
1.284199999999999875e+02 1.282333333333333201e+02 1.282066666666666777e+02
1.284199999999999875e+02 1.282333333333333201e+02 1.282066666666666777e+02
1.284199999999999875e+02 1.282333333333333201e+02 1.282066666666666777e+02
1.284199999999999875e+02 1.282333333333333201e+02 1.282066666666666777e+02
1.284199999999999875e+02 1.282333333333333201e+02 1.282066666666666777e+02
1.284199999999999875e+02 1.282333333333333201e+02 1.282066666666666777e+02
1.284199999999999875e+02 1.282333333333333201e+02 1.282066666666666777e+02
1.284199999999999875e+02 1.282333333333333201e+02 1.282066666666666777e+02
1.284199999999999875e+02 1.282333333333333201e+02 1.282066666666666777e+02
1.284199999999999875e+02 1.282333333333333201e+02 1.282066666666666777e+02
1.284199999999999875e+02 1.282333333333333201e+02 1.282066666666666777e+02
1.284199999999999875e+02 1.282333333333333201e+02 1.282066666666666777e+02
1.284199999999999875e+02 1.282333333333333201e+02 1.282066666666666777e+02
1.284199999999999875e+02 1.282333333333333201e+02 1.282066666666666777e+02
1.284199999999999875e+02 1.282333333333333201e+02 1.282066666666666777e+02
1.284199999999999875e+02 1.282333333333333201e+02 1.282066666666666777e+02
1.284199999999999875e+02 1.282333333333333201e+02 1.282066666666666777e+02
1.284199999999999875e+02 1.282333333333333201e+02 1.282066666666666777e+02
1.284199999999999875e+02 1.282333333333333201e+02 1.282066666666666777e+02
1.284199999999999875e+02 1.282333333333333201e+02 1.282066666666666777e+02
1.284199999999999875e+02 1.282333333333333201e+02 1.282066666666666777e+02
1.284199999999999875e+02 1.282333333333333201e+02 1.282066666666666777e+02
1.284199999999999875e+02 1.282333333333333201e+02 1.282066666666666777e+02
1.284199999999999875e+02 1.282333333333333201e+02 1.282066666666666777e+02
1.284199999999999875e+02 1.282333333333333201e+02 1.282066666666666777e+02
1.284199999999999875e+02 1.282333333333333201e+02 1.282066666666666777e+02
1.284199999999999875e+02 1.282333333333333201e+02 1.282066666666666777e+02
1.284199999999999875e+02 1.282333333333333201e+02 1.282066666666666777e+02
1.284199999999999875e+02 1.282333333333333201e+02 1.282066666666666777e+02
1.284199999999999875e+02 1.282333333333333201e+02 1.282066666666666777e+02
1.284199999999999875e+02 1.282333333333333201e+02 1.282066666666666777e+02
1.284199999999999875e+02 1.282333333333333201e+02 1.282066666666666777e+02
1.284199999999999875e+02 1.282333333333333201e+02 1.282066666666666777e+02
1.284199999999999875e+02 1.282333333333333201e+02 1.282066666666666777e+02
1.284199999999999875e+02 1.282333333333333201e+02 1.282066666666666777e+02
1.284199999999999875e+02 1.282333333333333201e+02 1.282066666666666777e+02
1.284199999999999875e+02 1.282333333333333201e+02 1.282066666666666777e+02
1.284199999999999875e+02 1.282333333333333201e+02 1.282066666666666777e+02
1.284199999999999875e+02 1.282333333333333201e+02 1.282066666666666777e+02
1.284199999999999875e+02 1.282333333333333201e+02 1.282066666666666777e+02
1.284199999999999875e+02 1.282333333333333201e+02 1.282066666666666777e+02
1.284199999999999875e+02 1.282333333333333201e+02 1.282066666666666777e+02
1.284199999999999875e+02 1.282333333333333201e+02 1.282066666666666777e+02
1.284199999999999875e+02 1.282333333333333201e+02 1.282066666666666777e+02
1.284199999999999875e+02 1.282333333333333201e+02 1.282066666666666777e+02
1.284199999999999875e+02 1.282333333333333201e+02 1.282066666666666777e+02
1.284199999999999875e+02 1.282333333333333201e+02 1.282066666666666777e+02
1.284199999999999875e+02 1.282333333333333201e+02 1.282066666666666777e+02
1.284199999999999875e+02 1.282333333333333201e+02 1.282066666666666777e+02
1.284199999999999875e+02 1.282333333333333201e+02 1.282066666666666777e+02
1.284199999999999875e+02 1.282333333333333201e+02 1.282066666666666777e+02
1.284199999999999875e+02 1.282333333333333201e+02 1.282066666666666777e+02
1.284199999999999875e+02 1.282333333333333201e+02 1.282066666666666777e+02
1.284199999999999875e+02 1.282333333333333201e+02 1.282066666666666777e+02
1.284199999999999875e+02 1.282333333333333201e+02 1.282066666666666777e+02
1.284199999999999875e+02 1.282333333333333201e+02 1.282066666666666777e+02
1.284199999999999875e+02 1.282333333333333201e+02 1.282066666666666777e+02
1.284199999999999875e+02 1.282333333333333201e+02 1.282066666666666777e+02
1.284199999999999875e+02 1.282333333333333201e+02 1.282066666666666777e+02
1.284199999999999875e+02 1.282333333333333201e+02 1.282066666666666777e+02
1.284199999999999875e+02 1.282333333333333201e+02 1.282066666666666777e+02
1.284199999999999875e+02 1.282333333333333201e+02 1.282066666666666777e+02
1.284199999999999875e+02 1.282333333333333201e+02 1.282066666666666777e+02
1.284199999999999875e+02 1.282333333333333201e+02 1.282066666666666777e+02
1.284199999999999875e+02 1.282333333333333201e+02 1.282066666666666777e+02
1.284199999999999875e+02 1.282333333333333201e+02 1.282066666666666777e+02
1.284199999999999875e+02 1.282333333333333201e+02 1.282066666666666777e+02
1.284199999999999875e+02 1.282333333333333201e+02 1.282066666666666777e+02
1.284199999999999875e+02 1.282333333333333201e+02 1.282066666666666777e+02
1.284199999999999875e+02 1.282333333333333201e+02 1.282066666666666777e+02
1.284199999999999875e+02 1.282333333333333201e+02 1.282066666666666777e+02
1.284199999999999875e+02 1.282333333333333201e+02 1.282066666666666777e+02
1.284199999999999875e+02 1.282333333333333201e+02 1.282066666666666777e+02
1.284199999999999875e+02 1.282333333333333201e+02 1.282066666666666777e+02
1.284199999999999875e+02 1.282333333333333201e+02 1.282066666666666777e+02
1.284199999999999875e+02 1.282333333333333201e+02 1.282066666666666777e+02
1.284199999999999875e+02 1.282333333333333201e+02 1.282066666666666777e+02
1.284199999999999875e+02 1.282333333333333201e+02 1.282066666666666777e+02
1.284199999999999875e+02 1.282333333333333201e+02 1.282066666666666777e+02
1.284199999999999875e+02 1.282333333333333201e+02 1.282066666666666777e+02
1.284199999999999875e+02 1.282333333333333201e+02 1.282066666666666777e+02
1.284199999999999875e+02 1.282333333333333201e+02 1.282066666666666777e+02
1.284199999999999875e+02 1.282333333333333201e+02 1.282066666666666777e+02
1.284199999999999875e+02 1.282333333333333201e+02 1.282066666666666777e+02
1.284199999999999875e+02 1.282333333333333201e+02 1.282066666666666777e+02
1.284199999999999875e+02 1.282333333333333201e+02 1.282066666666666777e+02
1.284199999999999875e+02 1.282333333333333201e+02 1.282066666666666777e+02
1.284199999999999875e+02 1.282333333333333201e+02 1.282066666666666777e+02
1.284199999999999875e+02 1.282333333333333201e+02 1.282066666666666777e+02
1.284199999999999875e+02 1.282333333333333201e+02 1.282066666666666777e+02
1.284199999999999875e+02 1.282333333333333201e+02 1.282066666666666777e+02
1.284199999999999875e+02 1.282333333333333201e+02 1.282066666666666777e+02
1.284199999999999875e+02 1.282333333333333201e+02 1.282066666666666777e+02
1.284199999999999875e+02 1.282333333333333201e+02 1.282066666666666777e+02
1.284199999999999875e+02 1.282333333333333201e+02 1.282066666666666777e+02
1.284199999999999875e+02 1.282333333333333201e+02 1.282066666666666777e+02
1.284199999999999875e+02 1.282333333333333201e+02 1.282066666666666777e+02
1.284199999999999875e+02 1.282333333333333201e+02 1.282066666666666777e+02
1.284199999999999875e+02 1.282333333333333201e+02 1.282066666666666777e+02
1.284199999999999875e+02 1.282333333333333201e+02 1.282066666666666777e+02
1.284199999999999875e+02 1.282333333333333201e+02 1.282066666666666777e+02
1.284199999999999875e+02 1.282333333333333201e+02 1.282066666666666777e+02
1.284199999999999875e+02 1.282333333333333201e+02 1.282066666666666777e+02
1.284199999999999875e+02 1.282333333333333201e+02 1.282066666666666777e+02
1.284199999999999875e+02 1.282333333333333201e+02 1.282066666666666777e+02
1.284199999999999875e+02 1.282333333333333201e+02 1.282066666666666777e+02
1.284199999999999875e+02 1.282333333333333201e+02 1.282066666666666777e+02
1.284199999999999875e+02 1.282333333333333201e+02 1.282066666666666777e+02
1.284199999999999875e+02 1.282333333333333201e+02 1.282066666666666777e+02
1.284199999999999875e+02 1.282333333333333201e+02 1.282066666666666777e+02
1.284199999999999875e+02 1.282333333333333201e+02 1.282066666666666777e+02
1.284199999999999875e+02 1.282333333333333201e+02 1.282066666666666777e+02
1.284199999999999875e+02 1.282333333333333201e+02 1.282066666666666777e+02
1.284199999999999875e+02 1.282333333333333201e+02 1.282066666666666777e+02
1.284199999999999875e+02 1.282333333333333201e+02 1.282066666666666777e+02
1.284199999999999875e+02 1.282333333333333201e+02 1.282066666666666777e+02
1.284199999999999875e+02 1.282333333333333201e+02 1.282066666666666777e+02
1.284199999999999875e+02 1.282333333333333201e+02 1.282066666666666777e+02
1.284199999999999875e+02 1.282333333333333201e+02 1.282066666666666777e+02
1.284199999999999875e+02 1.282333333333333201e+02 1.282066666666666777e+02
1.284199999999999875e+02 1.282333333333333201e+02 1.282066666666666777e+02
1.284199999999999875e+02 1.282333333333333201e+02 1.282066666666666777e+02
1.284199999999999875e+02 1.282333333333333201e+02 1.282066666666666777e+02
1.284199999999999875e+02 1.282333333333333201e+02 1.282066666666666777e+02
1.284199999999999875e+02 1.282333333333333201e+02 1.282066666666666777e+02
1.284199999999999875e+02 1.282333333333333201e+02 1.282066666666666777e+02
1.284199999999999875e+02 1.282333333333333201e+02 1.282066666666666777e+02
1.284199999999999875e+02 1.282333333333333201e+02 1.282066666666666777e+02
1.284199999999999875e+02 1.282333333333333201e+02 1.282066666666666777e+02
1.284199999999999875e+02 1.282333333333333201e+02 1.282066666666666777e+02
1.284199999999999875e+02 1.282333333333333201e+02 1.282066666666666777e+02
1.284199999999999875e+02 1.282333333333333201e+02 1.282066666666666777e+02
1.284199999999999875e+02 1.282333333333333201e+02 1.282066666666666777e+02
1.284199999999999875e+02 1.282333333333333201e+02 1.282066666666666777e+02
1.284199999999999875e+02 1.282333333333333201e+02 1.282066666666666777e+02
1.284199999999999875e+02 1.282333333333333201e+02 1.282066666666666777e+02
1.284199999999999875e+02 1.282333333333333201e+02 1.282066666666666777e+02
1.284199999999999875e+02 1.282333333333333201e+02 1.282066666666666777e+02
1.284199999999999875e+02 1.282333333333333201e+02 1.282066666666666777e+02
1.284199999999999875e+02 1.282333333333333201e+02 1.282066666666666777e+02
1.284199999999999875e+02 1.282333333333333201e+02 1.282066666666666777e+02
1.284199999999999875e+02 1.282333333333333201e+02 1.282066666666666777e+02
1.284199999999999875e+02 1.282333333333333201e+02 1.282066666666666777e+02
1.284199999999999875e+02 1.282333333333333201e+02 1.282066666666666777e+02
1.284199999999999875e+02 1.282333333333333201e+02 1.282066666666666777e+02
1.284199999999999875e+02 1.282333333333333201e+02 1.282066666666666777e+02
1.284199999999999875e+02 1.282333333333333201e+02 1.282066666666666777e+02
1.284199999999999875e+02 1.282333333333333201e+02 1.282066666666666777e+02
