1.273466666666666640e+02 1.288733333333333348e+02 1.272066666666666634e+02
1.274039735099337776e+02 1.290000000000000000e+02 1.273774834437086128e+02
1.274200000000000017e+02 1.289933333333333394e+02 1.273599999999999994e+02
1.274066666666666663e+02 1.290466666666666526e+02 1.274266666666666623e+02
1.275666666666666629e+02 1.289933333333333394e+02 1.273066666666666720e+02
1.275066666666666606e+02 1.290933333333333337e+02 1.273933333333333309e+02
1.275199999999999960e+02 1.290466666666666526e+02 1.273199999999999932e+02
1.275666666666666629e+02 1.290399999999999920e+02 1.273333333333333286e+02
1.275000000000000000e+02 1.289533333333333474e+02 1.273666666666666600e+02
1.276466666666666612e+02 1.289799999999999898e+02 1.273333333333333286e+02
1.275333333333333314e+02 1.290666666666666629e+02 1.274133333333333269e+02
1.276133333333333297e+02 1.291200000000000045e+02 1.274133333333333269e+02
1.276490066225165521e+02 1.289735099337748352e+02 1.273973509933774864e+02
1.275562913907284752e+02 1.289602649006622528e+02 1.274834437086092720e+02
1.276158940397350960e+02 1.289403973509933792e+02 1.275099337748344368e+02
1.276333333333333400e+02 1.290999999999999943e+02 1.275133333333333354e+02
1.277066666666666634e+02 1.290800000000000125e+02 1.275333333333333314e+02
1.276533333333333360e+02 1.291133333333333439e+02 1.275400000000000063e+02
1.276466666666666612e+02 1.290733333333333235e+02 1.275866666666666731e+02
1.276800000000000068e+02 1.290533333333333417e+02 1.275400000000000063e+02
1.276666666666666714e+02 1.290399999999999920e+02 1.275000000000000000e+02
1.276733333333333320e+02 1.289799999999999898e+02 1.275533333333333275e+02
1.277199999999999989e+02 1.290733333333333235e+02 1.275866666666666731e+02
1.276800000000000068e+02 1.291133333333333439e+02 1.275533333333333275e+02
1.276800000000000068e+02 1.291200000000000045e+02 1.275733333333333377e+02
1.277000000000000028e+02 1.291133333333333439e+02 1.275799999999999983e+02
1.277000000000000028e+02 1.291133333333333439e+02 1.275799999999999983e+02
1.277000000000000028e+02 1.291133333333333439e+02 1.275799999999999983e+02
1.277000000000000028e+02 1.291133333333333439e+02 1.275799999999999983e+02
1.277000000000000028e+02 1.291133333333333439e+02 1.275799999999999983e+02
1.277000000000000028e+02 1.291133333333333439e+02 1.275799999999999983e+02
1.277000000000000028e+02 1.291133333333333439e+02 1.275799999999999983e+02
1.277000000000000028e+02 1.291133333333333439e+02 1.275799999999999983e+02
1.277000000000000028e+02 1.291133333333333439e+02 1.275799999999999983e+02
1.277000000000000028e+02 1.291133333333333439e+02 1.275799999999999983e+02
1.277000000000000028e+02 1.291133333333333439e+02 1.275799999999999983e+02
1.277000000000000028e+02 1.291133333333333439e+02 1.275799999999999983e+02
1.277000000000000028e+02 1.291133333333333439e+02 1.275799999999999983e+02
1.277000000000000028e+02 1.291133333333333439e+02 1.275799999999999983e+02
1.277000000000000028e+02 1.291133333333333439e+02 1.275799999999999983e+02
1.277000000000000028e+02 1.291133333333333439e+02 1.275799999999999983e+02
1.277000000000000028e+02 1.291133333333333439e+02 1.275799999999999983e+02
1.277000000000000028e+02 1.291133333333333439e+02 1.275799999999999983e+02
1.277000000000000028e+02 1.291133333333333439e+02 1.275799999999999983e+02
1.277000000000000028e+02 1.291133333333333439e+02 1.275799999999999983e+02
1.277000000000000028e+02 1.291133333333333439e+02 1.275799999999999983e+02
1.277000000000000028e+02 1.291133333333333439e+02 1.275799999999999983e+02
1.277000000000000028e+02 1.291133333333333439e+02 1.275799999999999983e+02
1.277000000000000028e+02 1.291133333333333439e+02 1.275799999999999983e+02
1.277000000000000028e+02 1.291133333333333439e+02 1.275799999999999983e+02
1.277000000000000028e+02 1.291133333333333439e+02 1.275799999999999983e+02
1.277000000000000028e+02 1.291133333333333439e+02 1.275799999999999983e+02
1.277000000000000028e+02 1.291133333333333439e+02 1.275799999999999983e+02
1.277000000000000028e+02 1.291133333333333439e+02 1.275799999999999983e+02
1.277000000000000028e+02 1.291133333333333439e+02 1.275799999999999983e+02
1.277000000000000028e+02 1.291133333333333439e+02 1.275799999999999983e+02
1.277000000000000028e+02 1.291133333333333439e+02 1.275799999999999983e+02
1.277000000000000028e+02 1.291133333333333439e+02 1.275799999999999983e+02
1.277000000000000028e+02 1.291133333333333439e+02 1.275799999999999983e+02
1.277000000000000028e+02 1.291133333333333439e+02 1.275799999999999983e+02
1.277000000000000028e+02 1.291133333333333439e+02 1.275799999999999983e+02
1.277000000000000028e+02 1.291133333333333439e+02 1.275799999999999983e+02
1.277000000000000028e+02 1.291133333333333439e+02 1.275799999999999983e+02
1.277000000000000028e+02 1.291133333333333439e+02 1.275799999999999983e+02
1.277000000000000028e+02 1.291133333333333439e+02 1.275799999999999983e+02
1.277000000000000028e+02 1.291133333333333439e+02 1.275799999999999983e+02
1.277000000000000028e+02 1.291133333333333439e+02 1.275799999999999983e+02
1.277000000000000028e+02 1.291133333333333439e+02 1.275799999999999983e+02
1.277000000000000028e+02 1.291133333333333439e+02 1.275799999999999983e+02
1.277000000000000028e+02 1.291133333333333439e+02 1.275799999999999983e+02
1.277000000000000028e+02 1.291133333333333439e+02 1.275799999999999983e+02
1.277000000000000028e+02 1.291133333333333439e+02 1.275799999999999983e+02
1.277000000000000028e+02 1.291133333333333439e+02 1.275799999999999983e+02
1.277000000000000028e+02 1.291133333333333439e+02 1.275799999999999983e+02
1.277000000000000028e+02 1.291133333333333439e+02 1.275799999999999983e+02
1.277000000000000028e+02 1.291133333333333439e+02 1.275799999999999983e+02
1.277000000000000028e+02 1.291133333333333439e+02 1.275799999999999983e+02
1.277000000000000028e+02 1.291133333333333439e+02 1.275799999999999983e+02
1.277000000000000028e+02 1.291133333333333439e+02 1.275799999999999983e+02
1.277000000000000028e+02 1.291133333333333439e+02 1.275799999999999983e+02
1.277000000000000028e+02 1.291133333333333439e+02 1.275799999999999983e+02
1.277000000000000028e+02 1.291133333333333439e+02 1.275799999999999983e+02
1.277000000000000028e+02 1.291133333333333439e+02 1.275799999999999983e+02
1.277000000000000028e+02 1.291133333333333439e+02 1.275799999999999983e+02
1.277000000000000028e+02 1.291133333333333439e+02 1.275799999999999983e+02
1.277000000000000028e+02 1.291133333333333439e+02 1.275799999999999983e+02
1.277000000000000028e+02 1.291133333333333439e+02 1.275799999999999983e+02
1.277000000000000028e+02 1.291133333333333439e+02 1.275799999999999983e+02
1.277000000000000028e+02 1.291133333333333439e+02 1.275799999999999983e+02
1.277000000000000028e+02 1.291133333333333439e+02 1.275799999999999983e+02
1.277000000000000028e+02 1.291133333333333439e+02 1.275799999999999983e+02
1.277000000000000028e+02 1.291133333333333439e+02 1.275799999999999983e+02
1.277000000000000028e+02 1.291133333333333439e+02 1.275799999999999983e+02
1.277000000000000028e+02 1.291133333333333439e+02 1.275799999999999983e+02
1.277000000000000028e+02 1.291133333333333439e+02 1.275799999999999983e+02
1.277000000000000028e+02 1.291133333333333439e+02 1.275799999999999983e+02
1.277000000000000028e+02 1.291133333333333439e+02 1.275799999999999983e+02
1.277000000000000028e+02 1.291133333333333439e+02 1.275799999999999983e+02
1.277000000000000028e+02 1.291133333333333439e+02 1.275799999999999983e+02
1.277000000000000028e+02 1.291133333333333439e+02 1.275799999999999983e+02
1.277000000000000028e+02 1.291133333333333439e+02 1.275799999999999983e+02
1.277000000000000028e+02 1.291133333333333439e+02 1.275799999999999983e+02
1.277000000000000028e+02 1.291133333333333439e+02 1.275799999999999983e+02
1.277000000000000028e+02 1.291133333333333439e+02 1.275799999999999983e+02
1.277000000000000028e+02 1.291133333333333439e+02 1.275799999999999983e+02
1.277000000000000028e+02 1.291133333333333439e+02 1.275799999999999983e+02
1.277000000000000028e+02 1.291133333333333439e+02 1.275799999999999983e+02
1.277000000000000028e+02 1.291133333333333439e+02 1.275799999999999983e+02
1.277000000000000028e+02 1.291133333333333439e+02 1.275799999999999983e+02
1.277000000000000028e+02 1.291133333333333439e+02 1.275799999999999983e+02
1.277000000000000028e+02 1.291133333333333439e+02 1.275799999999999983e+02
1.277000000000000028e+02 1.291133333333333439e+02 1.275799999999999983e+02
1.277000000000000028e+02 1.291133333333333439e+02 1.275799999999999983e+02
1.277000000000000028e+02 1.291133333333333439e+02 1.275799999999999983e+02
1.277000000000000028e+02 1.291133333333333439e+02 1.275799999999999983e+02
1.277000000000000028e+02 1.291133333333333439e+02 1.275799999999999983e+02
1.277000000000000028e+02 1.291133333333333439e+02 1.275799999999999983e+02
1.277000000000000028e+02 1.291133333333333439e+02 1.275799999999999983e+02
1.277000000000000028e+02 1.291133333333333439e+02 1.275799999999999983e+02
1.277000000000000028e+02 1.291133333333333439e+02 1.275799999999999983e+02
1.277000000000000028e+02 1.291133333333333439e+02 1.275799999999999983e+02
1.277000000000000028e+02 1.291133333333333439e+02 1.275799999999999983e+02
1.277000000000000028e+02 1.291133333333333439e+02 1.275799999999999983e+02
1.277000000000000028e+02 1.291133333333333439e+02 1.275799999999999983e+02
1.277000000000000028e+02 1.291133333333333439e+02 1.275799999999999983e+02
1.277000000000000028e+02 1.291133333333333439e+02 1.275799999999999983e+02
1.277000000000000028e+02 1.291133333333333439e+02 1.275799999999999983e+02
1.277000000000000028e+02 1.291133333333333439e+02 1.275799999999999983e+02
1.277000000000000028e+02 1.291133333333333439e+02 1.275799999999999983e+02
1.277000000000000028e+02 1.291133333333333439e+02 1.275799999999999983e+02
1.277000000000000028e+02 1.291133333333333439e+02 1.275799999999999983e+02
1.277000000000000028e+02 1.291133333333333439e+02 1.275799999999999983e+02
1.277000000000000028e+02 1.291133333333333439e+02 1.275799999999999983e+02
1.277000000000000028e+02 1.291133333333333439e+02 1.275799999999999983e+02
1.277000000000000028e+02 1.291133333333333439e+02 1.275799999999999983e+02
1.277000000000000028e+02 1.291133333333333439e+02 1.275799999999999983e+02
1.277000000000000028e+02 1.291133333333333439e+02 1.275799999999999983e+02
1.277000000000000028e+02 1.291133333333333439e+02 1.275799999999999983e+02
1.277000000000000028e+02 1.291133333333333439e+02 1.275799999999999983e+02
1.277000000000000028e+02 1.291133333333333439e+02 1.275799999999999983e+02
1.277000000000000028e+02 1.291133333333333439e+02 1.275799999999999983e+02
1.277000000000000028e+02 1.291133333333333439e+02 1.275799999999999983e+02
1.277000000000000028e+02 1.291133333333333439e+02 1.275799999999999983e+02
1.277000000000000028e+02 1.291133333333333439e+02 1.275799999999999983e+02
1.277000000000000028e+02 1.291133333333333439e+02 1.275799999999999983e+02
1.277000000000000028e+02 1.291133333333333439e+02 1.275799999999999983e+02
1.277000000000000028e+02 1.291133333333333439e+02 1.275799999999999983e+02
1.277000000000000028e+02 1.291133333333333439e+02 1.275799999999999983e+02
1.277000000000000028e+02 1.291133333333333439e+02 1.275799999999999983e+02
1.277000000000000028e+02 1.291133333333333439e+02 1.275799999999999983e+02
1.277000000000000028e+02 1.291133333333333439e+02 1.275799999999999983e+02
1.277000000000000028e+02 1.291133333333333439e+02 1.275799999999999983e+02
1.277000000000000028e+02 1.291133333333333439e+02 1.275799999999999983e+02
1.277000000000000028e+02 1.291133333333333439e+02 1.275799999999999983e+02
1.277000000000000028e+02 1.291133333333333439e+02 1.275799999999999983e+02
1.277000000000000028e+02 1.291133333333333439e+02 1.275799999999999983e+02
1.277000000000000028e+02 1.291133333333333439e+02 1.275799999999999983e+02
1.277000000000000028e+02 1.291133333333333439e+02 1.275799999999999983e+02
1.277000000000000028e+02 1.291133333333333439e+02 1.275799999999999983e+02
1.277000000000000028e+02 1.291133333333333439e+02 1.275799999999999983e+02
1.277000000000000028e+02 1.291133333333333439e+02 1.275799999999999983e+02
1.277000000000000028e+02 1.291133333333333439e+02 1.275799999999999983e+02
1.277000000000000028e+02 1.291133333333333439e+02 1.275799999999999983e+02
1.277000000000000028e+02 1.291133333333333439e+02 1.275799999999999983e+02
1.277000000000000028e+02 1.291133333333333439e+02 1.275799999999999983e+02
1.277000000000000028e+02 1.291133333333333439e+02 1.275799999999999983e+02
1.277000000000000028e+02 1.291133333333333439e+02 1.275799999999999983e+02
1.277000000000000028e+02 1.291133333333333439e+02 1.275799999999999983e+02
1.277000000000000028e+02 1.291133333333333439e+02 1.275799999999999983e+02
1.277000000000000028e+02 1.291133333333333439e+02 1.275799999999999983e+02
1.277000000000000028e+02 1.291133333333333439e+02 1.275799999999999983e+02
1.277000000000000028e+02 1.291133333333333439e+02 1.275799999999999983e+02
1.277000000000000028e+02 1.291133333333333439e+02 1.275799999999999983e+02
1.277000000000000028e+02 1.291133333333333439e+02 1.275799999999999983e+02
1.277000000000000028e+02 1.291133333333333439e+02 1.275799999999999983e+02
1.277000000000000028e+02 1.291133333333333439e+02 1.275799999999999983e+02
1.277000000000000028e+02 1.291133333333333439e+02 1.275799999999999983e+02
1.277000000000000028e+02 1.291133333333333439e+02 1.275799999999999983e+02
1.277000000000000028e+02 1.291133333333333439e+02 1.275799999999999983e+02
1.277000000000000028e+02 1.291133333333333439e+02 1.275799999999999983e+02
1.277000000000000028e+02 1.291133333333333439e+02 1.275799999999999983e+02
1.277000000000000028e+02 1.291133333333333439e+02 1.275799999999999983e+02
1.277000000000000028e+02 1.291133333333333439e+02 1.275799999999999983e+02
1.277000000000000028e+02 1.291133333333333439e+02 1.275799999999999983e+02
1.277000000000000028e+02 1.291133333333333439e+02 1.275799999999999983e+02
1.277000000000000028e+02 1.291133333333333439e+02 1.275799999999999983e+02
1.277000000000000028e+02 1.291133333333333439e+02 1.275799999999999983e+02
1.277000000000000028e+02 1.291133333333333439e+02 1.275799999999999983e+02
1.277000000000000028e+02 1.291133333333333439e+02 1.275799999999999983e+02
1.277000000000000028e+02 1.291133333333333439e+02 1.275799999999999983e+02
1.277000000000000028e+02 1.291133333333333439e+02 1.275799999999999983e+02
1.277000000000000028e+02 1.291133333333333439e+02 1.275799999999999983e+02
1.277000000000000028e+02 1.291133333333333439e+02 1.275799999999999983e+02
1.277000000000000028e+02 1.291133333333333439e+02 1.275799999999999983e+02
1.277000000000000028e+02 1.291133333333333439e+02 1.275799999999999983e+02
1.277000000000000028e+02 1.291133333333333439e+02 1.275799999999999983e+02
1.277000000000000028e+02 1.291133333333333439e+02 1.275799999999999983e+02
1.277000000000000028e+02 1.291133333333333439e+02 1.275799999999999983e+02
1.277000000000000028e+02 1.291133333333333439e+02 1.275799999999999983e+02
1.277000000000000028e+02 1.291133333333333439e+02 1.275799999999999983e+02
1.277000000000000028e+02 1.291133333333333439e+02 1.275799999999999983e+02
1.277000000000000028e+02 1.291133333333333439e+02 1.275799999999999983e+02
1.277000000000000028e+02 1.291133333333333439e+02 1.275799999999999983e+02
1.277000000000000028e+02 1.291133333333333439e+02 1.275799999999999983e+02
1.277000000000000028e+02 1.291133333333333439e+02 1.275799999999999983e+02
1.277000000000000028e+02 1.291133333333333439e+02 1.275799999999999983e+02
1.277000000000000028e+02 1.291133333333333439e+02 1.275799999999999983e+02
1.277000000000000028e+02 1.291133333333333439e+02 1.275799999999999983e+02
1.277000000000000028e+02 1.291133333333333439e+02 1.275799999999999983e+02
1.277000000000000028e+02 1.291133333333333439e+02 1.275799999999999983e+02
1.277000000000000028e+02 1.291133333333333439e+02 1.275799999999999983e+02
1.277000000000000028e+02 1.291133333333333439e+02 1.275799999999999983e+02
1.277000000000000028e+02 1.291133333333333439e+02 1.275799999999999983e+02
1.277000000000000028e+02 1.291133333333333439e+02 1.275799999999999983e+02
1.277000000000000028e+02 1.291133333333333439e+02 1.275799999999999983e+02
1.277000000000000028e+02 1.291133333333333439e+02 1.275799999999999983e+02
1.277000000000000028e+02 1.291133333333333439e+02 1.275799999999999983e+02
1.277000000000000028e+02 1.291133333333333439e+02 1.275799999999999983e+02
1.277000000000000028e+02 1.291133333333333439e+02 1.275799999999999983e+02
1.277000000000000028e+02 1.291133333333333439e+02 1.275799999999999983e+02
1.277000000000000028e+02 1.291133333333333439e+02 1.275799999999999983e+02
1.277000000000000028e+02 1.291133333333333439e+02 1.275799999999999983e+02
1.277000000000000028e+02 1.291133333333333439e+02 1.275799999999999983e+02
1.277000000000000028e+02 1.291133333333333439e+02 1.275799999999999983e+02
1.277000000000000028e+02 1.291133333333333439e+02 1.275799999999999983e+02
1.277000000000000028e+02 1.291133333333333439e+02 1.275799999999999983e+02
1.277000000000000028e+02 1.291133333333333439e+02 1.275799999999999983e+02
1.277000000000000028e+02 1.291133333333333439e+02 1.275799999999999983e+02
1.277000000000000028e+02 1.291133333333333439e+02 1.275799999999999983e+02
1.277000000000000028e+02 1.291133333333333439e+02 1.275799999999999983e+02
1.277000000000000028e+02 1.291133333333333439e+02 1.275799999999999983e+02
1.277000000000000028e+02 1.291133333333333439e+02 1.275799999999999983e+02
1.277000000000000028e+02 1.291133333333333439e+02 1.275799999999999983e+02
1.277000000000000028e+02 1.291133333333333439e+02 1.275799999999999983e+02
1.277000000000000028e+02 1.291133333333333439e+02 1.275799999999999983e+02
1.277000000000000028e+02 1.291133333333333439e+02 1.275799999999999983e+02
1.277000000000000028e+02 1.291133333333333439e+02 1.275799999999999983e+02
1.277000000000000028e+02 1.291133333333333439e+02 1.275799999999999983e+02
1.277000000000000028e+02 1.291133333333333439e+02 1.275799999999999983e+02
1.277000000000000028e+02 1.291133333333333439e+02 1.275799999999999983e+02
1.277000000000000028e+02 1.291133333333333439e+02 1.275799999999999983e+02
1.277000000000000028e+02 1.291133333333333439e+02 1.275799999999999983e+02
1.277000000000000028e+02 1.291133333333333439e+02 1.275799999999999983e+02
1.277000000000000028e+02 1.291133333333333439e+02 1.275799999999999983e+02
1.277000000000000028e+02 1.291133333333333439e+02 1.275799999999999983e+02
1.277000000000000028e+02 1.291133333333333439e+02 1.275799999999999983e+02
1.277000000000000028e+02 1.291133333333333439e+02 1.275799999999999983e+02
1.277000000000000028e+02 1.291133333333333439e+02 1.275799999999999983e+02
1.277000000000000028e+02 1.291133333333333439e+02 1.275799999999999983e+02
1.277000000000000028e+02 1.291133333333333439e+02 1.275799999999999983e+02
1.277000000000000028e+02 1.291133333333333439e+02 1.275799999999999983e+02
1.277000000000000028e+02 1.291133333333333439e+02 1.275799999999999983e+02
1.277000000000000028e+02 1.291133333333333439e+02 1.275799999999999983e+02
1.277000000000000028e+02 1.291133333333333439e+02 1.275799999999999983e+02
1.277000000000000028e+02 1.291133333333333439e+02 1.275799999999999983e+02
1.277000000000000028e+02 1.291133333333333439e+02 1.275799999999999983e+02
1.277000000000000028e+02 1.291133333333333439e+02 1.275799999999999983e+02
1.277000000000000028e+02 1.291133333333333439e+02 1.275799999999999983e+02
1.277000000000000028e+02 1.291133333333333439e+02 1.275799999999999983e+02
1.277000000000000028e+02 1.291133333333333439e+02 1.275799999999999983e+02
1.277000000000000028e+02 1.291133333333333439e+02 1.275799999999999983e+02
1.277000000000000028e+02 1.291133333333333439e+02 1.275799999999999983e+02
1.277000000000000028e+02 1.291133333333333439e+02 1.275799999999999983e+02
1.277000000000000028e+02 1.291133333333333439e+02 1.275799999999999983e+02
1.277000000000000028e+02 1.291133333333333439e+02 1.275799999999999983e+02
1.277000000000000028e+02 1.291133333333333439e+02 1.275799999999999983e+02
1.277000000000000028e+02 1.291133333333333439e+02 1.275799999999999983e+02
1.277000000000000028e+02 1.291133333333333439e+02 1.275799999999999983e+02
1.277000000000000028e+02 1.291133333333333439e+02 1.275799999999999983e+02
1.277000000000000028e+02 1.291133333333333439e+02 1.275799999999999983e+02
1.277000000000000028e+02 1.291133333333333439e+02 1.275799999999999983e+02
1.277000000000000028e+02 1.291133333333333439e+02 1.275799999999999983e+02
1.277000000000000028e+02 1.291133333333333439e+02 1.275799999999999983e+02
1.277000000000000028e+02 1.291133333333333439e+02 1.275799999999999983e+02
1.277000000000000028e+02 1.291133333333333439e+02 1.275799999999999983e+02
1.277000000000000028e+02 1.291133333333333439e+02 1.275799999999999983e+02
1.277000000000000028e+02 1.291133333333333439e+02 1.275799999999999983e+02
1.277000000000000028e+02 1.291133333333333439e+02 1.275799999999999983e+02
1.277000000000000028e+02 1.291133333333333439e+02 1.275799999999999983e+02
1.277000000000000028e+02 1.291133333333333439e+02 1.275799999999999983e+02
1.277000000000000028e+02 1.291133333333333439e+02 1.275799999999999983e+02
1.277000000000000028e+02 1.291133333333333439e+02 1.275799999999999983e+02
1.277000000000000028e+02 1.291133333333333439e+02 1.275799999999999983e+02
1.277000000000000028e+02 1.291133333333333439e+02 1.275799999999999983e+02
1.277000000000000028e+02 1.291133333333333439e+02 1.275799999999999983e+02
1.277000000000000028e+02 1.291133333333333439e+02 1.275799999999999983e+02
1.277000000000000028e+02 1.291133333333333439e+02 1.275799999999999983e+02
1.277000000000000028e+02 1.291133333333333439e+02 1.275799999999999983e+02
1.277000000000000028e+02 1.291133333333333439e+02 1.275799999999999983e+02
1.277000000000000028e+02 1.291133333333333439e+02 1.275799999999999983e+02
1.277000000000000028e+02 1.291133333333333439e+02 1.275799999999999983e+02
1.277000000000000028e+02 1.291133333333333439e+02 1.275799999999999983e+02
1.277000000000000028e+02 1.291133333333333439e+02 1.275799999999999983e+02
1.277000000000000028e+02 1.291133333333333439e+02 1.275799999999999983e+02
1.277000000000000028e+02 1.291133333333333439e+02 1.275799999999999983e+02
1.277000000000000028e+02 1.291133333333333439e+02 1.275799999999999983e+02
1.277000000000000028e+02 1.291133333333333439e+02 1.275799999999999983e+02
1.277000000000000028e+02 1.291133333333333439e+02 1.275799999999999983e+02
1.277000000000000028e+02 1.291133333333333439e+02 1.275799999999999983e+02
1.277000000000000028e+02 1.291133333333333439e+02 1.275799999999999983e+02
1.277000000000000028e+02 1.291133333333333439e+02 1.275799999999999983e+02
1.277000000000000028e+02 1.291133333333333439e+02 1.275799999999999983e+02
1.277000000000000028e+02 1.291133333333333439e+02 1.275799999999999983e+02
1.277000000000000028e+02 1.291133333333333439e+02 1.275799999999999983e+02
1.277000000000000028e+02 1.291133333333333439e+02 1.275799999999999983e+02
1.277000000000000028e+02 1.291133333333333439e+02 1.275799999999999983e+02
1.277000000000000028e+02 1.291133333333333439e+02 1.275799999999999983e+02
1.277000000000000028e+02 1.291133333333333439e+02 1.275799999999999983e+02
1.277000000000000028e+02 1.291133333333333439e+02 1.275799999999999983e+02
1.277000000000000028e+02 1.291133333333333439e+02 1.275799999999999983e+02
1.277000000000000028e+02 1.291133333333333439e+02 1.275799999999999983e+02
1.277000000000000028e+02 1.291133333333333439e+02 1.275799999999999983e+02
1.277000000000000028e+02 1.291133333333333439e+02 1.275799999999999983e+02
1.277000000000000028e+02 1.291133333333333439e+02 1.275799999999999983e+02
1.277000000000000028e+02 1.291133333333333439e+02 1.275799999999999983e+02
1.277000000000000028e+02 1.291133333333333439e+02 1.275799999999999983e+02
1.277000000000000028e+02 1.291133333333333439e+02 1.275799999999999983e+02
1.277000000000000028e+02 1.291133333333333439e+02 1.275799999999999983e+02
1.277000000000000028e+02 1.291133333333333439e+02 1.275799999999999983e+02
1.277000000000000028e+02 1.291133333333333439e+02 1.275799999999999983e+02
1.277000000000000028e+02 1.291133333333333439e+02 1.275799999999999983e+02
1.277000000000000028e+02 1.291133333333333439e+02 1.275799999999999983e+02
1.277000000000000028e+02 1.291133333333333439e+02 1.275799999999999983e+02
1.277000000000000028e+02 1.291133333333333439e+02 1.275799999999999983e+02
1.277000000000000028e+02 1.291133333333333439e+02 1.275799999999999983e+02
1.277000000000000028e+02 1.291133333333333439e+02 1.275799999999999983e+02
1.277000000000000028e+02 1.291133333333333439e+02 1.275799999999999983e+02
1.277000000000000028e+02 1.291133333333333439e+02 1.275799999999999983e+02
1.277000000000000028e+02 1.291133333333333439e+02 1.275799999999999983e+02
1.277000000000000028e+02 1.291133333333333439e+02 1.275799999999999983e+02
1.277000000000000028e+02 1.291133333333333439e+02 1.275799999999999983e+02
1.277000000000000028e+02 1.291133333333333439e+02 1.275799999999999983e+02
1.277000000000000028e+02 1.291133333333333439e+02 1.275799999999999983e+02
1.277000000000000028e+02 1.291133333333333439e+02 1.275799999999999983e+02
1.277000000000000028e+02 1.291133333333333439e+02 1.275799999999999983e+02
1.277000000000000028e+02 1.291133333333333439e+02 1.275799999999999983e+02
1.277000000000000028e+02 1.291133333333333439e+02 1.275799999999999983e+02
1.277000000000000028e+02 1.291133333333333439e+02 1.275799999999999983e+02
1.277000000000000028e+02 1.291133333333333439e+02 1.275799999999999983e+02
1.277000000000000028e+02 1.291133333333333439e+02 1.275799999999999983e+02
1.277000000000000028e+02 1.291133333333333439e+02 1.275799999999999983e+02
1.277000000000000028e+02 1.291133333333333439e+02 1.275799999999999983e+02
1.277000000000000028e+02 1.291133333333333439e+02 1.275799999999999983e+02
1.277000000000000028e+02 1.291133333333333439e+02 1.275799999999999983e+02
1.277000000000000028e+02 1.291133333333333439e+02 1.275799999999999983e+02
1.277000000000000028e+02 1.291133333333333439e+02 1.275799999999999983e+02
1.277000000000000028e+02 1.291133333333333439e+02 1.275799999999999983e+02
1.277000000000000028e+02 1.291133333333333439e+02 1.275799999999999983e+02
1.277000000000000028e+02 1.291133333333333439e+02 1.275799999999999983e+02
1.277000000000000028e+02 1.291133333333333439e+02 1.275799999999999983e+02
1.277000000000000028e+02 1.291133333333333439e+02 1.275799999999999983e+02
1.277000000000000028e+02 1.291133333333333439e+02 1.275799999999999983e+02
1.277000000000000028e+02 1.291133333333333439e+02 1.275799999999999983e+02
1.277000000000000028e+02 1.291133333333333439e+02 1.275799999999999983e+02
1.277000000000000028e+02 1.291133333333333439e+02 1.275799999999999983e+02
1.277000000000000028e+02 1.291133333333333439e+02 1.275799999999999983e+02
1.277000000000000028e+02 1.291133333333333439e+02 1.275799999999999983e+02
1.277000000000000028e+02 1.291133333333333439e+02 1.275799999999999983e+02
1.277000000000000028e+02 1.291133333333333439e+02 1.275799999999999983e+02
1.277000000000000028e+02 1.291133333333333439e+02 1.275799999999999983e+02
1.277000000000000028e+02 1.291133333333333439e+02 1.275799999999999983e+02
1.277000000000000028e+02 1.291133333333333439e+02 1.275799999999999983e+02
1.277000000000000028e+02 1.291133333333333439e+02 1.275799999999999983e+02
1.277000000000000028e+02 1.291133333333333439e+02 1.275799999999999983e+02
1.277000000000000028e+02 1.291133333333333439e+02 1.275799999999999983e+02
1.277000000000000028e+02 1.291133333333333439e+02 1.275799999999999983e+02
1.277000000000000028e+02 1.291133333333333439e+02 1.275799999999999983e+02
1.277000000000000028e+02 1.291133333333333439e+02 1.275799999999999983e+02
1.277000000000000028e+02 1.291133333333333439e+02 1.275799999999999983e+02
1.277000000000000028e+02 1.291133333333333439e+02 1.275799999999999983e+02
1.277000000000000028e+02 1.291133333333333439e+02 1.275799999999999983e+02
1.277000000000000028e+02 1.291133333333333439e+02 1.275799999999999983e+02
1.277000000000000028e+02 1.291133333333333439e+02 1.275799999999999983e+02
1.277000000000000028e+02 1.291133333333333439e+02 1.275799999999999983e+02
1.277000000000000028e+02 1.291133333333333439e+02 1.275799999999999983e+02
1.277000000000000028e+02 1.291133333333333439e+02 1.275799999999999983e+02
1.277000000000000028e+02 1.291133333333333439e+02 1.275799999999999983e+02
1.277000000000000028e+02 1.291133333333333439e+02 1.275799999999999983e+02
1.277000000000000028e+02 1.291133333333333439e+02 1.275799999999999983e+02
1.277000000000000028e+02 1.291133333333333439e+02 1.275799999999999983e+02
1.277000000000000028e+02 1.291133333333333439e+02 1.275799999999999983e+02
1.277000000000000028e+02 1.291133333333333439e+02 1.275799999999999983e+02
1.277000000000000028e+02 1.291133333333333439e+02 1.275799999999999983e+02
1.277000000000000028e+02 1.291133333333333439e+02 1.275799999999999983e+02
1.277000000000000028e+02 1.291133333333333439e+02 1.275799999999999983e+02
1.277000000000000028e+02 1.291133333333333439e+02 1.275799999999999983e+02
1.277000000000000028e+02 1.291133333333333439e+02 1.275799999999999983e+02
1.277000000000000028e+02 1.291133333333333439e+02 1.275799999999999983e+02
1.277000000000000028e+02 1.291133333333333439e+02 1.275799999999999983e+02
1.277000000000000028e+02 1.291133333333333439e+02 1.275799999999999983e+02
1.277000000000000028e+02 1.291133333333333439e+02 1.275799999999999983e+02
1.277000000000000028e+02 1.291133333333333439e+02 1.275799999999999983e+02
1.277000000000000028e+02 1.291133333333333439e+02 1.275799999999999983e+02
1.277000000000000028e+02 1.291133333333333439e+02 1.275799999999999983e+02
1.277000000000000028e+02 1.291133333333333439e+02 1.275799999999999983e+02
1.277000000000000028e+02 1.291133333333333439e+02 1.275799999999999983e+02
1.277000000000000028e+02 1.291133333333333439e+02 1.275799999999999983e+02
1.277000000000000028e+02 1.291133333333333439e+02 1.275799999999999983e+02
1.277000000000000028e+02 1.291133333333333439e+02 1.275799999999999983e+02
1.277000000000000028e+02 1.291133333333333439e+02 1.275799999999999983e+02
1.277000000000000028e+02 1.291133333333333439e+02 1.275799999999999983e+02
1.277000000000000028e+02 1.291133333333333439e+02 1.275799999999999983e+02
1.277000000000000028e+02 1.291133333333333439e+02 1.275799999999999983e+02
1.277000000000000028e+02 1.291133333333333439e+02 1.275799999999999983e+02
1.277000000000000028e+02 1.291133333333333439e+02 1.275799999999999983e+02
1.277000000000000028e+02 1.291133333333333439e+02 1.275799999999999983e+02
1.277000000000000028e+02 1.291133333333333439e+02 1.275799999999999983e+02
1.277000000000000028e+02 1.291133333333333439e+02 1.275799999999999983e+02
1.277000000000000028e+02 1.291133333333333439e+02 1.275799999999999983e+02
1.277000000000000028e+02 1.291133333333333439e+02 1.275799999999999983e+02
1.277000000000000028e+02 1.291133333333333439e+02 1.275799999999999983e+02
1.277000000000000028e+02 1.291133333333333439e+02 1.275799999999999983e+02
1.277000000000000028e+02 1.291133333333333439e+02 1.275799999999999983e+02
1.277000000000000028e+02 1.291133333333333439e+02 1.275799999999999983e+02
1.277000000000000028e+02 1.291133333333333439e+02 1.275799999999999983e+02
1.277000000000000028e+02 1.291133333333333439e+02 1.275799999999999983e+02
1.277000000000000028e+02 1.291133333333333439e+02 1.275799999999999983e+02
1.277000000000000028e+02 1.291133333333333439e+02 1.275799999999999983e+02
1.277000000000000028e+02 1.291133333333333439e+02 1.275799999999999983e+02
1.277000000000000028e+02 1.291133333333333439e+02 1.275799999999999983e+02
1.277000000000000028e+02 1.291133333333333439e+02 1.275799999999999983e+02
1.277000000000000028e+02 1.291133333333333439e+02 1.275799999999999983e+02
1.277000000000000028e+02 1.291133333333333439e+02 1.275799999999999983e+02
1.277000000000000028e+02 1.291133333333333439e+02 1.275799999999999983e+02
1.277000000000000028e+02 1.291133333333333439e+02 1.275799999999999983e+02
1.277000000000000028e+02 1.291133333333333439e+02 1.275799999999999983e+02
1.277000000000000028e+02 1.291133333333333439e+02 1.275799999999999983e+02
1.277000000000000028e+02 1.291133333333333439e+02 1.275799999999999983e+02
1.277000000000000028e+02 1.291133333333333439e+02 1.275799999999999983e+02
1.277000000000000028e+02 1.291133333333333439e+02 1.275799999999999983e+02
1.277000000000000028e+02 1.291133333333333439e+02 1.275799999999999983e+02
1.277000000000000028e+02 1.291133333333333439e+02 1.275799999999999983e+02
1.277000000000000028e+02 1.291133333333333439e+02 1.275799999999999983e+02
1.277000000000000028e+02 1.291133333333333439e+02 1.275799999999999983e+02
1.277000000000000028e+02 1.291133333333333439e+02 1.275799999999999983e+02
1.277000000000000028e+02 1.291133333333333439e+02 1.275799999999999983e+02
1.277000000000000028e+02 1.291133333333333439e+02 1.275799999999999983e+02
1.277000000000000028e+02 1.291133333333333439e+02 1.275799999999999983e+02
1.277000000000000028e+02 1.291133333333333439e+02 1.275799999999999983e+02
1.277000000000000028e+02 1.291133333333333439e+02 1.275799999999999983e+02
1.277000000000000028e+02 1.291133333333333439e+02 1.275799999999999983e+02
1.277000000000000028e+02 1.291133333333333439e+02 1.275799999999999983e+02
1.277000000000000028e+02 1.291133333333333439e+02 1.275799999999999983e+02
1.277000000000000028e+02 1.291133333333333439e+02 1.275799999999999983e+02
1.277000000000000028e+02 1.291133333333333439e+02 1.275799999999999983e+02
1.277000000000000028e+02 1.291133333333333439e+02 1.275799999999999983e+02
1.277000000000000028e+02 1.291133333333333439e+02 1.275799999999999983e+02
1.277000000000000028e+02 1.291133333333333439e+02 1.275799999999999983e+02
1.277000000000000028e+02 1.291133333333333439e+02 1.275799999999999983e+02
1.277000000000000028e+02 1.291133333333333439e+02 1.275799999999999983e+02
1.277000000000000028e+02 1.291133333333333439e+02 1.275799999999999983e+02
1.277000000000000028e+02 1.291133333333333439e+02 1.275799999999999983e+02
1.277000000000000028e+02 1.291133333333333439e+02 1.275799999999999983e+02
1.277000000000000028e+02 1.291133333333333439e+02 1.275799999999999983e+02
1.277000000000000028e+02 1.291133333333333439e+02 1.275799999999999983e+02
1.277000000000000028e+02 1.291133333333333439e+02 1.275799999999999983e+02
1.277000000000000028e+02 1.291133333333333439e+02 1.275799999999999983e+02
1.277000000000000028e+02 1.291133333333333439e+02 1.275799999999999983e+02
1.277000000000000028e+02 1.291133333333333439e+02 1.275799999999999983e+02
1.277000000000000028e+02 1.291133333333333439e+02 1.275799999999999983e+02
1.277000000000000028e+02 1.291133333333333439e+02 1.275799999999999983e+02
1.277000000000000028e+02 1.291133333333333439e+02 1.275799999999999983e+02
1.277000000000000028e+02 1.291133333333333439e+02 1.275799999999999983e+02
1.277000000000000028e+02 1.291133333333333439e+02 1.275799999999999983e+02
1.277000000000000028e+02 1.291133333333333439e+02 1.275799999999999983e+02
1.277000000000000028e+02 1.291133333333333439e+02 1.275799999999999983e+02
1.277000000000000028e+02 1.291133333333333439e+02 1.275799999999999983e+02
1.277000000000000028e+02 1.291133333333333439e+02 1.275799999999999983e+02
1.277000000000000028e+02 1.291133333333333439e+02 1.275799999999999983e+02
1.277000000000000028e+02 1.291133333333333439e+02 1.275799999999999983e+02
1.277000000000000028e+02 1.291133333333333439e+02 1.275799999999999983e+02
1.277000000000000028e+02 1.291133333333333439e+02 1.275799999999999983e+02
1.277000000000000028e+02 1.291133333333333439e+02 1.275799999999999983e+02
1.277000000000000028e+02 1.291133333333333439e+02 1.275799999999999983e+02
1.277000000000000028e+02 1.291133333333333439e+02 1.275799999999999983e+02
1.277000000000000028e+02 1.291133333333333439e+02 1.275799999999999983e+02
1.277000000000000028e+02 1.291133333333333439e+02 1.275799999999999983e+02
1.277000000000000028e+02 1.291133333333333439e+02 1.275799999999999983e+02
1.277000000000000028e+02 1.291133333333333439e+02 1.275799999999999983e+02
1.277000000000000028e+02 1.291133333333333439e+02 1.275799999999999983e+02
1.277000000000000028e+02 1.291133333333333439e+02 1.275799999999999983e+02
1.277000000000000028e+02 1.291133333333333439e+02 1.275799999999999983e+02
1.277000000000000028e+02 1.291133333333333439e+02 1.275799999999999983e+02
1.277000000000000028e+02 1.291133333333333439e+02 1.275799999999999983e+02
1.277000000000000028e+02 1.291133333333333439e+02 1.275799999999999983e+02
1.277000000000000028e+02 1.291133333333333439e+02 1.275799999999999983e+02
1.277000000000000028e+02 1.291133333333333439e+02 1.275799999999999983e+02
1.277000000000000028e+02 1.291133333333333439e+02 1.275799999999999983e+02
1.277000000000000028e+02 1.291133333333333439e+02 1.275799999999999983e+02
1.277000000000000028e+02 1.291133333333333439e+02 1.275799999999999983e+02
1.277000000000000028e+02 1.291133333333333439e+02 1.275799999999999983e+02
1.277000000000000028e+02 1.291133333333333439e+02 1.275799999999999983e+02
1.277000000000000028e+02 1.291133333333333439e+02 1.275799999999999983e+02
1.277000000000000028e+02 1.291133333333333439e+02 1.275799999999999983e+02
1.277000000000000028e+02 1.291133333333333439e+02 1.275799999999999983e+02
1.277000000000000028e+02 1.291133333333333439e+02 1.275799999999999983e+02
1.277000000000000028e+02 1.291133333333333439e+02 1.275799999999999983e+02
1.277000000000000028e+02 1.291133333333333439e+02 1.275799999999999983e+02
1.277000000000000028e+02 1.291133333333333439e+02 1.275799999999999983e+02
1.277000000000000028e+02 1.291133333333333439e+02 1.275799999999999983e+02
