1.276513157894736850e+02 1.262894736842105203e+02 1.274078947368421098e+02
1.275592105263157947e+02 1.261644736842105345e+02 1.271710526315789451e+02
1.273799999999999955e+02 1.263200000000000074e+02 1.271866666666666674e+02
1.272105263157894655e+02 1.263618421052631504e+02 1.272960526315789451e+02
1.271342281879194616e+02 1.262013422818791923e+02 1.274429530201342260e+02
1.269533333333333331e+02 1.264933333333333394e+02 1.272933333333333366e+02
1.269735099337748352e+02 1.263245033112582831e+02 1.275165562913907280e+02
1.270472972972972912e+02 1.260270270270270316e+02 1.275202702702702737e+02
1.269399999999999977e+02 1.261533333333333360e+02 1.275133333333333354e+02
1.270405405405405332e+02 1.261351351351351298e+02 1.277094594594594525e+02
1.267284768211920465e+02 1.261788079470198625e+02 1.277814569536423903e+02
1.267000000000000028e+02 1.259933333333333394e+02 1.278266666666666680e+02
1.267600000000000051e+02 1.258933333333333309e+02 1.279399999999999977e+02
1.267449664429530145e+02 1.260805369127516826e+02 1.279664429530201346e+02
1.267615894039735167e+02 1.261920529801324449e+02 1.279139072847682144e+02
1.265733333333333377e+02 1.261733333333333320e+02 1.280600000000000023e+02
1.265866666666666731e+02 1.260333333333333314e+02 1.278133333333333326e+02
1.266644295302013461e+02 1.259127516778523557e+02 1.280536912751677789e+02
1.267919463087248317e+02 1.258993288590604038e+02 1.283959731543624230e+02
1.268866666666666703e+02 1.259733333333333292e+02 1.283933333333333451e+02
1.267449664429530145e+02 1.260604026845637549e+02 1.285234899328858944e+02
1.267399999999999949e+02 1.263466666666666640e+02 1.283733333333333348e+02
1.267181208053691250e+02 1.263087248322147644e+02 1.282953020134228268e+02
1.265033112582781456e+02 1.266490066225165521e+02 1.282516556291390657e+02
1.265266666666666708e+02 1.266066666666666691e+02 1.284333333333333371e+02
1.263288590604026780e+02 1.268791946308724903e+02 1.282684563758389231e+02
1.259000000000000057e+02 1.267733333333333263e+02 1.283466666666666640e+02
1.263006535947712479e+02 1.270065359477124218e+02 1.281633986928104605e+02
1.264000000000000057e+02 1.270333333333333314e+02 1.283933333333333451e+02
1.262733333333333263e+02 1.270400000000000063e+02 1.285333333333333314e+02
1.262466666666666697e+02 1.272800000000000011e+02 1.284000000000000057e+02
1.262751677852348990e+02 1.272818791946308750e+02 1.285704697986577116e+02
1.263774834437086128e+02 1.272649006622516623e+02 1.285695364238410718e+02
1.260198675496688736e+02 1.273311258278145743e+02 1.283708609271523073e+02
1.262500000000000000e+02 1.271250000000000000e+02 1.285065789473684106e+02
1.261920529801324449e+02 1.275364238410596016e+02 1.285827814569536542e+02
1.259072847682119232e+02 1.276357615894039697e+02 1.285562913907284894e+02
1.260529801324503296e+02 1.276158940397350960e+02 1.286754966887417311e+02
1.255894039735099312e+02 1.276622516556291345e+02 1.286821192052980223e+02
1.257733333333333263e+02 1.275666666666666629e+02 1.287266666666666595e+02
1.257333333333333343e+02 1.275666666666666629e+02 1.286133333333333439e+02
1.258815789473684248e+02 1.277960526315789451e+02 1.287105263157894797e+02
1.261066666666666691e+02 1.277266666666666737e+02 1.286133333333333439e+02
1.257733333333333263e+02 1.279800000000000040e+02 1.284866666666666788e+02
1.257000000000000028e+02 1.279800000000000040e+02 1.284466666666666583e+02
1.257218543046357553e+02 1.279470198675496704e+02 1.284370860927152194e+02
1.257019867549668817e+02 1.280132450331125824e+02 1.284966887417218402e+02
1.258599999999999994e+02 1.277533333333333303e+02 1.286266666666666652e+02
1.259133333333333269e+02 1.277733333333333263e+02 1.286333333333333258e+02
1.255197368421052602e+02 1.276710526315789451e+02 1.285723684210526301e+02
1.254899328859060432e+02 1.277315436241610769e+02 1.286040268456375770e+02
1.253333333333333286e+02 1.278400000000000034e+02 1.284533333333333474e+02
1.255133333333333354e+02 1.277399999999999949e+02 1.284199999999999875e+02
1.253758389261744952e+02 1.276912751677852356e+02 1.285436241610738364e+02
1.253178807947019919e+02 1.276225165562913872e+02 1.287748344370860991e+02
1.253133333333333326e+02 1.277133333333333383e+02 1.287199999999999989e+02
1.251192052980132416e+02 1.277086092715231729e+02 1.284370860927152194e+02
1.250993377483443680e+02 1.278675496688741759e+02 1.284039735099337634e+02
1.249133333333333269e+02 1.280266666666666708e+02 1.282733333333333405e+02
1.248657718120805384e+02 1.280268456375839037e+02 1.283020134228187885e+02
1.249933333333333394e+02 1.280200000000000102e+02 1.285600000000000023e+02
1.251400000000000006e+02 1.280333333333333314e+02 1.285866666666666731e+02
1.250264900662251648e+02 1.281390728476821153e+02 1.284635761589403842e+02
1.249200000000000017e+02 1.282666666666666799e+02 1.285266666666666708e+02
1.248859060402684520e+02 1.281812080536912788e+02 1.284697986577181155e+02
1.247666666666666657e+02 1.280533333333333417e+02 1.286933333333333280e+02
1.248599999999999994e+02 1.279533333333333331e+02 1.287666666666666799e+02
1.249731543624161105e+02 1.278456375838926107e+02 1.287181208053691250e+02
1.250866666666666731e+02 1.278866666666666703e+02 1.287599999999999909e+02
1.251866666666666674e+02 1.281733333333333462e+02 1.287133333333333383e+02
1.252251655629139009e+02 1.283046357615893953e+02 1.286357615894039839e+02
1.253311258278145743e+02 1.283112582781456865e+02 1.287682119205298079e+02
1.252185430463576097e+02 1.282649006622516481e+02 1.287615894039735167e+02
1.250860927152317856e+02 1.282450331125827745e+02 1.286423841059602751e+02
1.249328859060402692e+02 1.280000000000000000e+02 1.284295302013422884e+02
1.250201342281879135e+02 1.279463087248322211e+02 1.280805369127516826e+02
1.247466666666666697e+02 1.280000000000000000e+02 1.278933333333333309e+02
1.248133333333333326e+02 1.279599999999999937e+02 1.277800000000000011e+02
1.247852348993288558e+02 1.280536912751677789e+02 1.277114093959731491e+02
1.247651006711409423e+02 1.278053691275167836e+02 1.276979865771812115e+02
1.246800000000000068e+02 1.279933333333333394e+02 1.275733333333333377e+02
1.248881578947368354e+02 1.278750000000000000e+02 1.277171052631578902e+02
1.250000000000000000e+02 1.276845637583892596e+02 1.277516778523489904e+02
1.249867549668874176e+02 1.278013245033112639e+02 1.276158940397350960e+02
1.251933333333333280e+02 1.279399999999999977e+02 1.275533333333333275e+02
1.252333333333333343e+02 1.278733333333333348e+02 1.276200000000000045e+02
1.250872483221476443e+02 1.278523489932885866e+02 1.276174496644295289e+02
1.251610738255033510e+02 1.278120805369127453e+02 1.275503355704697981e+02
1.252185430463576097e+02 1.278741721854304672e+02 1.272913907284768271e+02
1.252885906040268509e+02 1.278724832214765144e+02 1.272416107382550337e+02
1.251677852348993270e+02 1.280402684563758271e+02 1.270805369127516826e+02
1.250662251655629120e+02 1.281059602649006592e+02 1.270000000000000000e+02
1.249933774834437088e+02 1.282317880794701921e+02 1.270331125827814560e+02
1.248993288590604038e+02 1.281744966442952887e+02 1.270000000000000000e+02
1.248466666666666640e+02 1.282533333333333303e+02 1.268799999999999955e+02
1.249200000000000017e+02 1.282666666666666799e+02 1.268799999999999955e+02
1.248333333333333286e+02 1.284466666666666583e+02 1.267399999999999949e+02
1.248466666666666640e+02 1.281866666666666674e+02 1.268133333333333326e+02
1.248666666666666600e+02 1.283133333333333326e+02 1.269000000000000057e+02
1.250933333333333337e+02 1.282800000000000011e+02 1.268933333333333309e+02
1.250860927152317856e+02 1.283178807947019777e+02 1.267947019867549727e+02
1.250533333333333275e+02 1.284066666666666663e+02 1.268400000000000034e+02
1.250600000000000023e+02 1.283733333333333348e+02 1.269200000000000017e+02
1.253223684210526301e+02 1.285394736842105203e+02 1.268355263157894797e+02
1.253599999999999994e+02 1.287066666666666777e+02 1.268066666666666720e+02
1.254000000000000057e+02 1.286466666666666754e+02 1.268599999999999994e+02
1.252434210526315752e+02 1.285657894736842195e+02 1.268881578947368354e+02
1.253199999999999932e+02 1.287400000000000091e+02 1.269666666666666686e+02
1.252066666666666634e+02 1.287466666666666697e+02 1.270666666666666629e+02
1.250529801324503296e+02 1.287152317880794783e+02 1.272185430463576097e+02
1.250666666666666629e+02 1.286933333333333280e+02 1.269733333333333292e+02
1.249539473684210549e+02 1.289605263157894797e+02 1.268815789473684248e+02
1.250199999999999960e+02 1.290133333333333212e+02 1.270400000000000063e+02
1.249536423841059616e+02 1.289602649006622528e+02 1.270860927152317856e+02
1.249933333333333394e+02 1.290200000000000102e+02 1.268933333333333309e+02
1.250604026845637549e+02 1.290000000000000000e+02 1.266845637583892596e+02
1.249078947368421098e+02 1.289473684210526301e+02 1.268618421052631646e+02
1.250397350993377472e+02 1.291920529801324449e+02 1.265960264900662224e+02
1.247266666666666737e+02 1.292533333333333303e+02 1.268199999999999932e+02
1.248278145695364287e+02 1.294701986754966754e+02 1.269933774834437088e+02
1.249801324503311264e+02 1.294834437086092578e+02 1.269205298013245056e+02
1.249463087248322211e+02 1.293422818791946440e+02 1.268120805369127453e+02
1.248333333333333286e+02 1.292866666666666617e+02 1.266933333333333280e+02
1.247266666666666737e+02 1.292599999999999909e+02 1.265266666666666708e+02
1.245533333333333275e+02 1.291999999999999886e+02 1.265333333333333314e+02
1.244066666666666663e+02 1.292466666666666697e+02 1.265266666666666708e+02
1.243799999999999955e+02 1.291599999999999966e+02 1.266599999999999966e+02
1.244900662251655632e+02 1.291788079470198625e+02 1.265629139072847664e+02
1.244733333333333292e+02 1.292333333333333201e+02 1.266866666666666674e+02
1.243509933774834479e+02 1.291721854304635713e+02 1.263774834437086128e+02
1.241599999999999966e+02 1.290800000000000125e+02 1.261800000000000068e+02
1.241073825503355721e+02 1.290067114093959617e+02 1.262147651006711442e+02
1.239200000000000017e+02 1.291866666666666674e+02 1.262999999999999972e+02
1.239399999999999977e+02 1.290800000000000125e+02 1.263733333333333348e+02
1.237866666666666617e+02 1.290600000000000023e+02 1.264000000000000057e+02
1.238599999999999994e+02 1.292266666666666595e+02 1.263866666666666703e+02
1.240066666666666606e+02 1.293199999999999932e+02 1.262666666666666657e+02
1.241006711409395962e+02 1.295570469798657598e+02 1.264093959731543606e+02
1.239801324503311264e+02 1.294635761589403842e+02 1.260331125827814560e+02
1.238400000000000034e+02 1.293133333333333326e+02 1.261133333333333297e+02
1.239133333333333269e+02 1.294933333333333394e+02 1.257666666666666657e+02
1.237600000000000051e+02 1.295066666666666606e+02 1.257600000000000051e+02
1.236733333333333320e+02 1.294933333333333394e+02 1.257066666666666634e+02
1.235400000000000063e+02 1.294933333333333394e+02 1.257199999999999989e+02
1.237933333333333366e+02 1.292466666666666697e+02 1.254399999999999977e+02
1.237852348993288558e+02 1.290067114093959617e+02 1.253624161073825434e+02
1.239466666666666725e+02 1.290000000000000000e+02 1.252933333333333366e+02
1.238741721854304672e+02 1.292251655629139009e+02 1.253178807947019919e+02
1.239266666666666623e+02 1.294066666666666663e+02 1.253933333333333309e+02
1.242066666666666634e+02 1.293466666666666640e+02 1.252399999999999949e+02
1.242666666666666657e+02 1.294466666666666583e+02 1.252399999999999949e+02
1.240866666666666731e+02 1.295000000000000000e+02 1.251066666666666691e+02
1.242052980132450273e+02 1.294304635761589282e+02 1.249403973509933792e+02
1.242466666666666697e+02 1.294399999999999977e+02 1.248799999999999955e+02
1.241589403973509889e+02 1.295562913907284894e+02 1.251986754966887361e+02
1.241933333333333280e+02 1.294266666666666765e+02 1.252733333333333263e+02
1.244933333333333394e+02 1.295733333333333235e+02 1.253733333333333348e+02
1.245333333333333314e+02 1.295733333333333235e+02 1.254133333333333269e+02
1.246266666666666652e+02 1.295866666666666731e+02 1.253666666666666600e+02
1.248333333333333286e+02 1.297333333333333201e+02 1.251266666666666652e+02
1.247533333333333303e+02 1.298133333333333326e+02 1.250066666666666606e+02
1.244900662251655632e+02 1.296953642384106047e+02 1.249205298013245056e+02
1.243311258278145743e+02 1.298278145695364287e+02 1.248874172185430496e+02
1.243245033112582831e+02 1.297748344370860991e+02 1.249668874172185440e+02
1.242185430463576097e+02 1.297748344370860991e+02 1.248543046357615935e+02
1.238926174496644279e+02 1.297516778523489904e+02 1.246510067114093943e+02
1.237866666666666617e+02 1.296399999999999864e+02 1.245533333333333275e+02
1.237333333333333343e+02 1.298866666666666561e+02 1.245199999999999960e+02
1.236800000000000068e+02 1.299733333333333292e+02 1.247399999999999949e+02
1.236800000000000068e+02 1.299600000000000080e+02 1.246066666666666691e+02
1.237266666666666737e+02 1.299533333333333474e+02 1.244599999999999937e+02
1.236158940397350960e+02 1.298609271523178847e+02 1.245298013245033104e+02
1.234800000000000040e+02 1.301066666666666549e+02 1.244866666666666646e+02
1.234133333333333269e+02 1.301133333333333439e+02 1.245933333333333337e+02
1.233825503355704711e+02 1.300000000000000000e+02 1.245234899328859086e+02
1.234172185430463600e+02 1.298476821192053023e+02 1.248211920529801375e+02
1.232399999999999949e+02 1.299733333333333292e+02 1.246133333333333297e+02
1.233066666666666720e+02 1.297066666666666777e+02 1.246200000000000045e+02
1.231589403973509889e+02 1.298476821192053023e+02 1.246225165562913872e+02
1.232666666666666657e+02 1.299799999999999898e+02 1.246933333333333280e+02
1.229470198675496704e+02 1.299933774834437088e+02 1.245430463576158928e+02
1.228278145695364287e+02 1.301390728476821153e+02 1.246688741721854257e+02
1.227199999999999989e+02 1.302133333333333383e+02 1.246666666666666714e+02
1.231266666666666652e+02 1.304333333333333371e+02 1.244800000000000040e+02
1.231066666666666691e+02 1.305333333333333314e+02 1.244066666666666663e+02
1.229000000000000057e+02 1.304799999999999898e+02 1.242000000000000028e+02
1.228733333333333348e+02 1.305066666666666606e+02 1.240600000000000023e+02
1.229466666666666725e+02 1.304600000000000080e+02 1.241800000000000068e+02
1.228986486486486456e+02 1.306418918918919019e+02 1.241824324324324351e+02
1.227733333333333263e+02 1.306333333333333258e+02 1.240933333333333337e+02
1.226333333333333400e+02 1.306866666666666674e+02 1.240666666666666629e+02
1.225000000000000000e+02 1.305999999999999943e+02 1.242000000000000028e+02
1.224733333333333292e+02 1.305800000000000125e+02 1.242866666666666617e+02
1.223799999999999955e+02 1.308733333333333348e+02 1.242399999999999949e+02
1.223599999999999994e+02 1.311266666666666652e+02 1.243266666666666680e+02
1.224133333333333269e+02 1.307199999999999989e+02 1.244066666666666663e+02
1.223959731543624230e+02 1.307516778523489904e+02 1.244429530201342260e+02
1.222333333333333343e+02 1.307466666666666697e+02 1.243133333333333326e+02
1.221447368421052602e+02 1.306578947368421098e+02 1.241842105263157947e+02
1.221052631578947398e+02 1.305986842105263293e+02 1.242171052631578902e+02
1.222999999999999972e+02 1.307133333333333383e+02 1.241800000000000068e+02
1.224496644295302019e+02 1.304093959731543748e+02 1.239664429530201346e+02
1.224266666666666623e+02 1.304600000000000080e+02 1.238799999999999955e+02
1.223799999999999955e+02 1.305133333333333212e+02 1.238266666666666680e+02
1.225165562913907280e+02 1.305231788079470334e+02 1.239271523178807968e+02
1.226599999999999966e+02 1.305666666666666629e+02 1.236266666666666652e+02
1.226466666666666612e+02 1.308133333333333326e+02 1.237199999999999989e+02
1.227218543046357553e+02 1.307152317880794783e+02 1.238476821192053023e+02
1.226979865771812115e+02 1.309463087248322211e+02 1.239932885906040241e+02
1.229533333333333331e+02 1.310466666666666526e+02 1.241133333333333297e+02
1.228993288590604038e+02 1.307651006711409423e+02 1.242953020134228126e+02
1.227615894039735167e+02 1.306622516556291487e+02 1.241788079470198625e+02
1.226666666666666714e+02 1.306733333333333462e+02 1.240666666666666629e+02
1.223691275167785193e+02 1.307046979865771732e+02 1.239932885906040241e+02
1.223533333333333388e+02 1.305733333333333235e+02 1.240199999999999960e+02
1.221946308724832164e+02 1.307651006711409423e+02 1.241140939597315480e+02
1.221721854304635713e+02 1.307284768211920607e+02 1.239337748344370880e+02
1.221533333333333360e+02 1.308400000000000034e+02 1.239800000000000040e+02
1.220666666666666629e+02 1.310200000000000102e+02 1.238866666666666703e+02
1.219536423841059616e+02 1.312251655629139009e+02 1.239668874172185440e+02
1.218278145695364287e+02 1.312715231788079393e+02 1.238675496688741759e+02
1.216733333333333320e+02 1.313799999999999955e+02 1.239800000000000040e+02
1.217133333333333383e+02 1.315399999999999920e+02 1.240733333333333377e+02
1.219399999999999977e+02 1.313400000000000034e+02 1.239200000000000017e+02
1.218675496688741759e+02 1.311589403973509889e+02 1.238543046357615935e+02
1.218133333333333326e+02 1.312199999999999989e+02 1.240400000000000063e+02
1.216133333333333297e+02 1.312400000000000091e+02 1.242933333333333366e+02
1.215234899328859086e+02 1.312885906040268367e+02 1.240805369127516826e+02
1.212416107382550337e+02 1.310671140939597308e+02 1.240067114093959759e+02
1.213557046979865817e+02 1.308791946308724903e+02 1.239194630872483174e+02
1.211466666666666612e+02 1.309199999999999875e+02 1.236533333333333360e+02
1.211733333333333320e+02 1.309733333333333292e+02 1.236333333333333400e+02
1.212905405405405475e+02 1.310337837837837753e+02 1.232229729729729684e+02
1.214370860927152336e+02 1.310927152317880768e+02 1.234900662251655632e+02
1.214304635761589424e+02 1.309933774834437088e+02 1.233841059602649040e+02
1.212617449664429472e+02 1.309060402684563655e+02 1.234228187919463124e+02
1.212600000000000051e+02 1.311133333333333439e+02 1.235999999999999943e+02
1.213421052631578902e+02 1.308815789473684106e+02 1.237171052631578902e+02
1.212466666666666697e+02 1.310733333333333235e+02 1.238266666666666680e+02
1.210463576158940384e+02 1.309801324503311264e+02 1.239139072847682144e+02
1.208543046357615935e+02 1.309072847682119232e+02 1.239271523178807968e+02
1.208266666666666680e+02 1.308533333333333246e+02 1.239066666666666663e+02
1.207399999999999949e+02 1.307199999999999989e+02 1.237999999999999972e+02
1.207000000000000028e+02 1.305600000000000023e+02 1.237466666666666697e+02
1.207999999999999972e+02 1.305866666666666731e+02 1.235799999999999983e+02
1.207866666666666617e+02 1.304066666666666663e+02 1.235466666666666669e+02
1.208599999999999994e+02 1.303733333333333348e+02 1.234399999999999977e+02
1.207651006711409423e+02 1.303154362416107404e+02 1.234630872483221538e+02
1.206599999999999966e+02 1.303866666666666561e+02 1.233533333333333388e+02
1.207000000000000028e+02 1.304466666666666583e+02 1.233333333333333286e+02
1.206866666666666674e+02 1.303199999999999932e+02 1.232333333333333343e+02
1.209470198675496704e+02 1.300794701986754944e+02 1.231390728476821153e+02
1.207733333333333263e+02 1.301466666666666754e+02 1.230600000000000023e+02
1.206778523489932837e+02 1.301946308724832306e+02 1.230604026845637549e+02
1.208266666666666680e+02 1.302733333333333405e+02 1.230133333333333354e+02
1.207999999999999972e+02 1.301999999999999886e+02 1.229399999999999977e+02
1.207600000000000051e+02 1.303066666666666720e+02 1.229399999999999977e+02
1.208456375838926107e+02 1.303624161073825576e+02 1.227785234899328799e+02
1.209602649006622528e+02 1.303443708609271425e+02 1.228278145695364287e+02
1.210198675496688736e+02 1.303774834437085985e+02 1.226622516556291345e+02
1.208466666666666640e+02 1.304533333333333474e+02 1.225933333333333337e+02
1.207000000000000028e+02 1.305266666666666708e+02 1.224866666666666646e+02
1.208266666666666680e+02 1.305933333333333337e+02 1.222866666666666617e+02
1.208993288590604038e+02 1.305973154362416153e+02 1.222483221476510096e+02
1.209866666666666646e+02 1.304533333333333474e+02 1.221800000000000068e+02
1.209933333333333394e+02 1.303799999999999955e+02 1.220533333333333275e+02
1.211266666666666652e+02 1.303199999999999932e+02 1.219666666666666686e+02
1.212000000000000028e+02 1.302599999999999909e+02 1.217866666666666617e+02
1.212281879194630818e+02 1.304295302013422884e+02 1.218053691275167836e+02
1.210933333333333337e+02 1.304733333333333292e+02 1.219666666666666686e+02
1.208322147651006730e+02 1.301476510067114134e+02 1.219798657718120865e+02
1.209599999999999937e+02 1.301266666666666652e+02 1.219133333333333269e+02
1.209867549668874176e+02 1.302516556291390657e+02 1.219006622516556320e+02
1.208791946308724903e+02 1.300738255033556925e+02 1.217718120805369182e+02
1.208609271523178847e+02 1.300066225165562912e+02 1.216556291390728433e+02
1.207600000000000051e+02 1.297199999999999989e+02 1.216200000000000045e+02
1.206133333333333297e+02 1.297466666666666697e+02 1.213266666666666680e+02
1.205733333333333377e+02 1.297733333333333405e+02 1.213400000000000034e+02
1.204333333333333371e+02 1.296066666666666549e+02 1.214800000000000040e+02
1.202818791946308750e+02 1.293624161073825576e+02 1.213825503355704711e+02
1.203825503355704711e+02 1.294966442953020191e+02 1.210469798657718172e+02
1.203066666666666720e+02 1.295333333333333314e+02 1.208933333333333309e+02
1.202399999999999949e+02 1.293266666666666538e+02 1.208400000000000034e+02
1.201059602649006592e+02 1.295827814569536542e+02 1.207086092715231729e+02
1.200201342281879135e+02 1.293288590604026922e+02 1.207046979865771874e+02
1.199395973154362451e+02 1.293825503355704711e+02 1.208791946308724903e+02
1.199060402684563797e+02 1.294496644295302019e+02 1.206308724832214807e+02
1.197516778523489904e+02 1.293087248322147786e+02 1.208187919463087212e+02
1.196400000000000006e+02 1.293199999999999932e+02 1.207066666666666634e+02
1.197583892617449663e+02 1.291677852348993270e+02 1.204563758389261778e+02
1.197666666666666657e+02 1.288733333333333348e+02 1.204333333333333371e+02
1.196133333333333297e+02 1.288400000000000034e+02 1.204200000000000017e+02
1.196423841059602609e+02 1.287880794701986815e+02 1.205099337748344368e+02
1.196291390728476784e+02 1.287748344370860991e+02 1.204966887417218544e+02
1.196200000000000045e+02 1.287533333333333303e+02 1.204599999999999937e+02
1.198466666666666640e+02 1.287266666666666595e+02 1.204200000000000017e+02
1.198590604026845625e+02 1.288053691275167694e+02 1.204295302013422884e+02
1.199328859060402692e+02 1.286845637583892596e+02 1.205973154362416153e+02
1.197199999999999989e+02 1.286200000000000045e+02 1.206066666666666691e+02
1.196174496644295289e+02 1.286442953020134325e+02 1.208053691275167836e+02
1.197533333333333303e+02 1.285999999999999943e+02 1.207733333333333263e+02
1.195666666666666629e+02 1.284066666666666663e+02 1.209666666666666686e+02
1.195000000000000000e+02 1.284533333333333474e+02 1.210199999999999960e+02
1.193087248322147644e+02 1.285234899328858944e+02 1.208791946308724903e+02
1.194133333333333269e+02 1.282066666666666777e+02 1.211066666666666691e+02
1.193799999999999955e+02 1.283400000000000034e+02 1.210333333333333314e+02
1.195695364238410576e+02 1.281854304635761537e+02 1.208741721854304672e+02
1.197284768211920465e+02 1.280927152317880768e+02 1.207814569536423903e+02
1.197399999999999949e+02 1.282933333333333223e+02 1.207199999999999989e+02
1.198666666666666600e+02 1.284066666666666663e+02 1.208400000000000034e+02
1.198456375838926107e+02 1.283557046979865675e+02 1.208120805369127453e+02
1.198733333333333348e+02 1.282800000000000011e+02 1.209066666666666663e+02
1.197800000000000011e+02 1.283666666666666742e+02 1.210066666666666606e+02
1.195592105263157947e+02 1.282171052631578902e+02 1.209802631578947398e+02
1.196800000000000068e+02 1.280399999999999920e+02 1.209533333333333331e+02
1.197248322147651010e+02 1.279328859060402692e+02 1.209664429530201346e+02
1.197919463087248317e+02 1.279395973154362451e+02 1.209328859060402692e+02
1.199066666666666663e+02 1.281333333333333258e+02 1.209000000000000057e+02
1.198657718120805384e+02 1.279530201342281828e+02 1.207986577181208077e+02
1.197785234899328799e+02 1.281342281879194616e+02 1.206979865771812115e+02
1.199000000000000057e+02 1.279666666666666686e+02 1.206599999999999966e+02
1.197866666666666617e+02 1.280600000000000023e+02 1.206066666666666691e+02
1.198799999999999955e+02 1.279533333333333331e+02 1.205400000000000063e+02
1.198456375838926107e+02 1.279463087248322211e+02 1.205570469798657740e+02
1.197417218543046289e+02 1.279470198675496704e+02 1.206357615894039697e+02
1.195999999999999943e+02 1.279266666666666623e+02 1.205866666666666731e+02
1.196357615894039697e+02 1.277615894039735167e+02 1.206821192052980081e+02
1.198133333333333326e+02 1.276733333333333320e+02 1.207399999999999949e+02
1.199800000000000040e+02 1.276400000000000006e+02 1.207666666666666657e+02
1.199599999999999937e+02 1.275600000000000023e+02 1.207333333333333343e+02
1.200600000000000023e+02 1.274800000000000040e+02 1.205533333333333275e+02
1.201788079470198625e+02 1.274768211920529808e+02 1.206158940397350960e+02
1.200600000000000023e+02 1.273733333333333348e+02 1.205400000000000063e+02
1.201200000000000045e+02 1.272866666666666617e+02 1.204333333333333371e+02
1.199597315436241587e+02 1.271677852348993270e+02 1.203355704697986539e+02
1.198533333333333388e+02 1.271933333333333280e+02 1.203799999999999955e+02
1.199399999999999977e+02 1.272933333333333366e+02 1.203866666666666703e+02
1.200596026490066208e+02 1.271059602649006592e+02 1.203509933774834479e+02
1.203266666666666680e+02 1.270266666666666708e+02 1.201733333333333320e+02
1.203489932885906057e+02 1.270201342281879135e+02 1.199798657718120865e+02
1.203108108108108070e+02 1.270067567567567579e+02 1.200270270270270316e+02
1.203333333333333286e+02 1.269733333333333292e+02 1.199933333333333394e+02
1.202416107382550337e+02 1.268255033557046971e+02 1.201610738255033510e+02
1.205133333333333354e+02 1.268266666666666680e+02 1.202333333333333343e+02
1.203933333333333309e+02 1.267266666666666737e+02 1.201133333333333297e+02
1.202251655629139009e+02 1.267152317880794641e+02 1.199205298013245056e+02
1.202715231788079535e+02 1.267483443708609201e+02 1.200331125827814560e+02
1.204228187919463124e+02 1.267718120805369182e+02 1.199731543624161105e+02
1.204800000000000040e+02 1.266333333333333400e+02 1.200133333333333354e+02
1.204866666666666646e+02 1.265666666666666629e+02 1.201200000000000045e+02
1.205133333333333354e+02 1.265999999999999943e+02 1.201400000000000006e+02
1.204429530201342260e+02 1.262617449664429472e+02 1.200469798657718172e+02
1.206711409395973220e+02 1.260805369127516826e+02 1.201342281879194616e+02
1.204899328859060432e+02 1.259261744966442933e+02 1.202147651006711442e+02
1.207382550335570528e+02 1.260067114093959759e+02 1.201543624161073893e+02
1.206241610738255048e+02 1.259060402684563797e+02 1.200536912751677789e+02
1.207999999999999972e+02 1.258866666666666703e+02 1.200866666666666731e+02
1.207449664429530145e+02 1.257449664429530145e+02 1.200671140939597308e+02
1.208733333333333348e+02 1.257133333333333383e+02 1.200733333333333377e+02
1.208791946308724903e+02 1.257382550335570528e+02 1.201073825503355721e+02
1.209328859060402692e+02 1.257583892617449663e+02 1.202684563758389231e+02
1.207785234899328799e+02 1.256241610738255048e+02 1.202013422818791923e+02
1.207986577181208077e+02 1.255436241610738222e+02 1.203355704697986539e+02
1.209395973154362451e+02 1.254832214765100673e+02 1.201409395973154375e+02
1.207199999999999989e+02 1.254466666666666725e+02 1.203066666666666720e+02
1.208344370860927199e+02 1.254834437086092720e+02 1.203576158940397391e+02
1.208133333333333326e+02 1.253599999999999994e+02 1.203400000000000034e+02
1.208199999999999932e+02 1.253533333333333388e+02 1.203799999999999955e+02
1.208389261744966490e+02 1.252885906040268509e+02 1.204093959731543606e+02
1.207733333333333263e+02 1.252133333333333383e+02 1.203133333333333326e+02
1.207800000000000011e+02 1.251533333333333360e+02 1.202333333333333343e+02
1.207266666666666737e+02 1.250266666666666708e+02 1.202000000000000028e+02
1.207046979865771874e+02 1.251275167785234856e+02 1.201140939597315480e+02
1.205799999999999983e+02 1.250400000000000063e+02 1.201266666666666652e+02
1.204866666666666646e+02 1.250333333333333314e+02 1.202399999999999949e+02
1.206040268456375770e+02 1.248859060402684520e+02 1.201744966442953029e+02
1.206308724832214807e+02 1.248590604026845625e+02 1.201006711409395962e+02
1.207000000000000028e+02 1.248799999999999955e+02 1.199933333333333394e+02
1.207333333333333343e+02 1.248466666666666640e+02 1.199399999999999977e+02
1.209328859060402692e+02 1.248053691275167836e+02 1.199731543624161105e+02
1.207181208053691250e+02 1.246979865771812115e+02 1.201677852348993270e+02
1.207516778523489904e+02 1.245100671140939568e+02 1.201409395973154375e+02
1.208066666666666720e+02 1.245066666666666606e+02 1.200933333333333337e+02
1.208066666666666720e+02 1.244466666666666725e+02 1.201933333333333280e+02
1.207785234899328799e+02 1.244093959731543606e+02 1.200872483221476443e+02
1.207718120805369182e+02 1.241744966442953029e+02 1.201342281879194616e+02
1.207399999999999949e+02 1.241599999999999966e+02 1.201266666666666652e+02
1.207933333333333366e+02 1.242133333333333383e+02 1.201200000000000045e+02
1.207162162162162105e+02 1.243445945945945965e+02 1.200675675675675649e+02
1.208657718120805384e+02 1.243087248322147644e+02 1.200939597315436203e+02
1.210134228187919518e+02 1.242953020134228126e+02 1.199395973154362451e+02
1.208255033557046971e+02 1.241677852348993270e+02 1.199932885906040241e+02
1.210201342281879135e+02 1.240939597315436203e+02 1.200469798657718172e+02
1.210000000000000000e+02 1.240264900662251648e+02 1.199867549668874176e+02
1.210133333333333354e+02 1.239666666666666686e+02 1.199599999999999937e+02
1.210400000000000063e+02 1.240000000000000000e+02 1.199333333333333371e+02
1.211418918918918877e+02 1.239594594594594525e+02 1.199324324324324351e+02
1.212147651006711442e+02 1.239731543624161105e+02 1.200805369127516826e+02
1.212013422818791923e+02 1.238926174496644279e+02 1.201140939597315480e+02
1.211006711409395962e+02 1.238724832214765144e+02 1.200939597315436203e+02
1.212483221476510096e+02 1.235570469798657740e+02 1.201275167785234856e+02
1.212013422818791923e+02 1.236107382550335529e+02 1.201744966442953029e+02
1.210662251655629120e+02 1.235894039735099312e+02 1.201589403973509889e+02
1.210402684563758413e+02 1.234228187919463124e+02 1.202416107382550337e+02
1.210604026845637549e+02 1.234899328859060432e+02 1.202013422818791923e+02
1.211073825503355721e+02 1.233691275167785193e+02 1.202214765100671201e+02
1.210201342281879135e+02 1.232550335570469855e+02 1.201409395973154375e+02
1.210400000000000063e+02 1.233799999999999955e+02 1.201400000000000006e+02
1.210999999999999943e+02 1.232933333333333366e+02 1.201533333333333360e+02
1.209865771812080482e+02 1.232550335570469855e+02 1.201275167785234856e+02
1.208866666666666703e+02 1.231400000000000006e+02 1.200666666666666629e+02
1.208255033557046971e+02 1.230402684563758413e+02 1.201409395973154375e+02
1.208986486486486456e+02 1.229729729729729684e+02 1.201824324324324351e+02
1.208199999999999932e+02 1.229466666666666725e+02 1.202000000000000028e+02
1.208255033557046971e+02 1.228926174496644279e+02 1.203825503355704711e+02
1.207986577181208077e+02 1.227382550335570528e+02 1.206040268456375770e+02
1.209599999999999937e+02 1.227733333333333263e+02 1.207999999999999972e+02
1.210000000000000000e+02 1.227133333333333383e+02 1.209533333333333331e+02
1.210733333333333377e+02 1.227066666666666634e+02 1.210400000000000063e+02
1.211275167785234856e+02 1.226308724832214807e+02 1.211140939597315480e+02
1.211933333333333280e+02 1.226400000000000006e+02 1.210533333333333275e+02
1.213892617449664471e+02 1.225436241610738222e+02 1.211946308724832164e+02
1.215704697986577116e+02 1.226174496644295289e+02 1.211476510067114134e+02
1.214054054054054035e+02 1.225337837837837895e+02 1.211013513513513544e+02
1.215570469798657740e+02 1.224161073825503365e+02 1.210738255033557067e+02
1.215302013422818845e+02 1.223288590604026780e+02 1.208926174496644279e+02
1.216200000000000045e+02 1.222933333333333366e+02 1.207999999999999972e+02
1.216200000000000045e+02 1.222733333333333263e+02 1.208266666666666680e+02
1.215436241610738222e+02 1.222348993288590577e+02 1.210268456375838895e+02
1.216107382550335529e+02 1.220335570469798654e+02 1.211476510067114134e+02
1.216442953020134183e+02 1.218926174496644279e+02 1.211744966442953029e+02
1.216599999999999966e+02 1.219800000000000040e+02 1.211266666666666652e+02
1.215302013422818845e+02 1.219731543624161105e+02 1.211140939597315480e+02
1.215533333333333275e+02 1.221333333333333400e+02 1.212066666666666634e+02
1.216418918918918877e+02 1.221554054054054035e+02 1.213378378378378386e+02
1.217567567567567579e+02 1.219459459459459509e+02 1.213648648648648702e+02
1.217800000000000011e+02 1.219266666666666623e+02 1.214666666666666686e+02
1.217651006711409423e+02 1.218724832214765144e+02 1.214563758389261778e+02
1.217986577181208077e+02 1.219731543624161105e+02 1.216845637583892596e+02
1.217919463087248317e+02 1.219463087248322211e+02 1.219328859060402692e+02
1.217333333333333343e+02 1.218866666666666703e+02 1.219666666666666686e+02
1.217800000000000011e+02 1.218266666666666680e+02 1.220000000000000000e+02
1.216778523489932837e+02 1.216577181208053702e+02 1.220872483221476443e+02
1.216689189189189193e+02 1.217635135135135158e+02 1.222635135135135158e+02
1.215436241610738222e+02 1.219127516778523557e+02 1.222550335570469855e+02
1.214797297297297263e+02 1.218378378378378386e+02 1.223040540540540491e+02
1.214733333333333292e+02 1.220266666666666708e+02 1.224666666666666686e+02
1.215472972972972912e+02 1.221621621621621614e+02 1.226216216216216282e+02
1.215333333333333314e+02 1.221599999999999966e+02 1.226400000000000006e+02
1.214765100671140914e+02 1.220939597315436203e+02 1.226308724832214807e+02
1.215234899328859086e+02 1.221140939597315480e+02 1.226711409395973220e+02
1.216158940397350960e+02 1.220463576158940384e+02 1.228609271523178847e+02
1.216308724832214807e+02 1.220268456375838895e+02 1.228724832214765144e+02
1.217218543046357553e+02 1.219470198675496704e+02 1.228344370860927199e+02
1.216308724832214807e+02 1.217986577181208077e+02 1.229597315436241587e+02
1.215199999999999960e+02 1.219533333333333331e+02 1.229133333333333269e+02
1.215600000000000023e+02 1.220999999999999943e+02 1.227666666666666657e+02
1.215866666666666731e+02 1.221733333333333320e+02 1.228933333333333309e+02
1.216241610738255048e+02 1.222013422818791923e+02 1.228791946308724903e+02
1.217027027027027088e+02 1.221554054054054035e+02 1.229256756756756772e+02
1.218590604026845625e+02 1.222483221476510096e+02 1.232818791946308750e+02
1.219666666666666686e+02 1.223066666666666720e+02 1.234933333333333394e+02
1.219200000000000017e+02 1.222533333333333303e+02 1.235266666666666708e+02
1.218933333333333309e+02 1.223333333333333286e+02 1.237133333333333383e+02
1.218791946308724903e+02 1.225167785234899327e+02 1.237516778523489904e+02
1.217229729729729684e+02 1.224864864864864842e+02 1.237500000000000000e+02
1.216400000000000006e+02 1.225000000000000000e+02 1.237466666666666697e+02
1.217181208053691250e+02 1.224161073825503365e+02 1.237583892617449663e+02
1.217449664429530145e+02 1.222818791946308750e+02 1.237248322147651010e+02
1.217666666666666657e+02 1.222733333333333263e+02 1.237733333333333263e+02
1.215637583892617499e+02 1.224899328859060432e+02 1.237583892617449663e+02
1.214563758389261778e+02 1.223892617449664471e+02 1.238053691275167836e+02
1.213243243243243228e+02 1.224121621621621614e+02 1.238175675675675649e+02
1.212600000000000051e+02 1.222600000000000051e+02 1.239666666666666686e+02
1.212214765100671201e+02 1.223624161073825434e+02 1.239194630872483174e+02
1.210201342281879135e+02 1.223087248322147644e+02 1.239328859060402692e+02
1.209664429530201346e+02 1.223288590604026780e+02 1.240201342281879135e+02
1.208466666666666640e+02 1.222199999999999989e+02 1.240400000000000063e+02
1.207852348993288558e+02 1.221208053691275097e+02 1.241476510067114134e+02
1.208133333333333326e+02 1.221133333333333297e+02 1.241333333333333400e+02
1.208187919463087212e+02 1.220805369127516826e+02 1.240402684563758413e+02
1.207800000000000011e+02 1.221599999999999966e+02 1.240866666666666731e+02
1.207852348993288558e+02 1.220067114093959759e+02 1.240805369127516826e+02
1.206133333333333297e+02 1.219000000000000057e+02 1.239800000000000040e+02
1.206308724832214807e+02 1.218724832214765144e+02 1.238926174496644279e+02
1.204295302013422884e+02 1.219731543624161105e+02 1.238993288590604038e+02
1.204533333333333331e+02 1.219666666666666686e+02 1.238199999999999932e+02
1.204295302013422884e+02 1.218322147651006730e+02 1.238187919463087212e+02
1.202818791946308750e+02 1.218322147651006730e+02 1.237583892617449663e+02
1.200466666666666669e+02 1.218199999999999932e+02 1.238933333333333309e+02
1.200201342281879135e+02 1.217785234899328799e+02 1.238859060402684520e+02
1.201744966442953029e+02 1.215637583892617499e+02 1.238926174496644279e+02
1.200666666666666629e+02 1.213533333333333388e+02 1.238933333333333309e+02
1.200872483221476443e+02 1.213825503355704711e+02 1.239530201342281828e+02
1.199066666666666663e+02 1.212266666666666737e+02 1.240199999999999960e+02
1.197181208053691250e+02 1.211744966442953029e+02 1.240335570469798654e+02
1.197333333333333343e+02 1.212399999999999949e+02 1.240799999999999983e+02
1.196200000000000045e+02 1.214000000000000057e+02 1.240999999999999943e+02
1.194966442953020191e+02 1.216174496644295289e+02 1.242483221476510096e+02
1.194093959731543606e+02 1.215637583892617499e+02 1.242348993288590577e+02
