1.265894039735099312e+02 1.280132450331125824e+02 1.278278145695364287e+02
1.263866666666666703e+02 1.279399999999999977e+02 1.277133333333333383e+02
1.261176470588235361e+02 1.279281045751634025e+02 1.276143790849673252e+02
1.260463576158940384e+02 1.277152317880794641e+02 1.275629139072847664e+02
1.259668874172185440e+02 1.279801324503311264e+02 1.276291390728476784e+02
1.257800000000000011e+02 1.280933333333333337e+02 1.277399999999999949e+02
1.259261744966442933e+02 1.276845637583892596e+02 1.280067114093959617e+02
1.257567567567567579e+02 1.276351351351351298e+02 1.280067567567567437e+02
1.257763157894736850e+02 1.276447368421052602e+02 1.278881578947368354e+02
1.260733333333333377e+02 1.275866666666666731e+02 1.277266666666666737e+02
1.260529801324503296e+02 1.277814569536423903e+02 1.277814569536423903e+02
1.259194630872483174e+02 1.275234899328859086e+02 1.281073825503355579e+02
1.259333333333333371e+02 1.275999999999999943e+02 1.284066666666666663e+02
1.258013245033112639e+02 1.277218543046357553e+02 1.286688741721854399e+02
1.257600000000000051e+02 1.275066666666666606e+02 1.292466666666666697e+02
1.257066666666666777e+02 1.274933333333333394e+02 1.294600000000000080e+02
1.253533333333333388e+02 1.274066666666666663e+02 1.300399999999999920e+02
1.252666666666666657e+02 1.277000000000000028e+02 1.305466666666666526e+02
1.254302568902281365e+02 1.275311696266873582e+02 1.310053835852014004e+02
1.251484575933281604e+02 1.277056168104825815e+02 1.314213730234823174e+02
1.253250913285159953e+02 1.277036347584292741e+02 1.318835364006596933e+02
1.252653088436583602e+02 1.281726909706946742e+02 1.317472909604750271e+02
1.250889005903784295e+02 1.286058923014587947e+02 1.318220019717556681e+02
1.246693912019672439e+02 1.287487446909960909e+02 1.319260662529823946e+02
1.243539158336418780e+02 1.289403702332469379e+02 1.319122349747007377e+02
1.244701986754966896e+02 1.288410596026490111e+02 1.320463576158940384e+02
1.242052980132450273e+02 1.289139072847682144e+02 1.319006622516556320e+02
1.238533333333333388e+02 1.291533333333333360e+02 1.319199999999999875e+02
1.239530201342281828e+02 1.295033557046979809e+02 1.318523489932885866e+02
1.237368421052631646e+02 1.297631578947368496e+02 1.320460526315789593e+02
1.234399999999999977e+02 1.304266666666666765e+02 1.321733333333333462e+02
1.230999999999999943e+02 1.306599999999999966e+02 1.318933333333333451e+02
1.227466666666666697e+02 1.311133333333333439e+02 1.319666666666666686e+02
1.225533333333333275e+02 1.315399999999999920e+02 1.317333333333333201e+02
1.227417218543046289e+02 1.318410596026490111e+02 1.317682119205298079e+02
1.225933333333333337e+02 1.318733333333333348e+02 1.320399999999999920e+02
1.226423841059602609e+02 1.320993377483443680e+02 1.319801324503311264e+02
1.227399999999999949e+02 1.318866666666666561e+02 1.320999999999999943e+02
1.224437086092715248e+02 1.319271523178807968e+02 1.322516556291390657e+02
1.223154362416107404e+02 1.322147651006711442e+02 1.321946308724832306e+02
1.220466666666666669e+02 1.323400000000000034e+02 1.324333333333333371e+02
1.220333333333333314e+02 1.324133333333333269e+02 1.327800000000000011e+02
1.219459459459459509e+02 1.324864864864864842e+02 1.330743243243243228e+02
1.218543046357615935e+02 1.325629139072847806e+02 1.333046357615893953e+02
1.215416666666666572e+02 1.331041666666666856e+02 1.335486111111111143e+02
1.215555555555555429e+02 1.334166666666666572e+02 1.335902777777777715e+02
1.215833333333333428e+02 1.338402777777777715e+02 1.341527777777777715e+02
1.216713286713286664e+02 1.340769230769230944e+02 1.346083916083915994e+02
1.212867132867132796e+02 1.341258741258741338e+02 1.349300699300699193e+02
1.209655172413793167e+02 1.342275862068965466e+02 1.351999999999999886e+02
1.206736111111111143e+02 1.344027777777777715e+02 1.353402777777777715e+02
1.208581081081081123e+02 1.346959459459459367e+02 1.349391891891891930e+02
1.207615894039735167e+02 1.348874172185430496e+02 1.349602649006622528e+02
1.207114093959731491e+02 1.348187919463087212e+02 1.350000000000000000e+02
1.202251655629139009e+02 1.350662251655629120e+02 1.351390728476821153e+02
1.200000000000000000e+02 1.350794701986754944e+02 1.351986754966887361e+02
1.196200000000000045e+02 1.352666666666666799e+02 1.352333333333333201e+02
1.193221476510067163e+02 1.354362416107382501e+02 1.353825503355704711e+02
1.190000000000000000e+02 1.352533333333333303e+02 1.354266666666666765e+02
1.189666666666666686e+02 1.350933333333333337e+02 1.355066666666666606e+02
1.186315789473684248e+02 1.350328947368421098e+02 1.358157894736842195e+02
1.182933333333333366e+02 1.352266666666666595e+02 1.355266666666666708e+02
1.180131578947368354e+02 1.350328947368421098e+02 1.355065789473684106e+02
1.175906040268456394e+02 1.347382550335570386e+02 1.353288590604026922e+02
1.174399999999999977e+02 1.345999999999999943e+02 1.354866666666666788e+02
1.170201342281879135e+02 1.345100671140939710e+02 1.355436241610738364e+02
1.166200000000000045e+02 1.346333333333333258e+02 1.355533333333333417e+02
1.162281879194630818e+02 1.347986577181208077e+02 1.355838926174496635e+02
1.158533333333333388e+02 1.346666666666666572e+02 1.354933333333333394e+02
1.155466666666666669e+02 1.345399999999999920e+02 1.351266666666666652e+02
1.151933333333333280e+02 1.345800000000000125e+02 1.352066666666666777e+02
1.150529801324503296e+02 1.343907284768211809e+02 1.350794701986754944e+02
1.148255033557046971e+02 1.345033557046979809e+02 1.351610738255033652e+02
1.145799999999999983e+02 1.345866666666666731e+02 1.353199999999999932e+02
1.142866666666666617e+02 1.345000000000000000e+02 1.355266666666666708e+02
1.138120805369127453e+02 1.345234899328858944e+02 1.351812080536912788e+02
1.136333333333333400e+02 1.347133333333333383e+02 1.351200000000000045e+02
1.134039735099337776e+02 1.347417218543046431e+02 1.346556291390728575e+02
1.134765100671140914e+02 1.348993288590604038e+02 1.346912751677852214e+02
1.131324503311258241e+02 1.349602649006622528e+02 1.345364238410596158e+02
1.130266666666666708e+02 1.350600000000000023e+02 1.347066666666666777e+02
1.127600000000000051e+02 1.352733333333333405e+02 1.346666666666666572e+02
1.124733333333333292e+02 1.355133333333333212e+02 1.348000000000000114e+02
1.122348993288590577e+02 1.357046979865771732e+02 1.348926174496644421e+02
1.122317880794701921e+02 1.358675496688741759e+02 1.352119205298013185e+02
1.119133333333333269e+02 1.356800000000000068e+02 1.353000000000000114e+02
1.116866666666666674e+02 1.358933333333333451e+02 1.352933333333333223e+02
1.113624161073825434e+02 1.357852348993288558e+02 1.350201342281879135e+02
1.110402684563758413e+02 1.356375838926174424e+02 1.348926174496644421e+02
1.104200000000000017e+02 1.356800000000000068e+02 1.345666666666666629e+02
1.099733333333333292e+02 1.362533333333333303e+02 1.342466666666666697e+02
1.095266666666666708e+02 1.365333333333333314e+02 1.340466666666666526e+02
1.092348993288590577e+02 1.365503355704697981e+02 1.340536912751677789e+02
1.092953020134228126e+02 1.365436241610738364e+02 1.342013422818791923e+02
1.093046357615894095e+02 1.367284768211920607e+02 1.343112582781456865e+02
1.088666666666666600e+02 1.369133333333333269e+02 1.339333333333333371e+02
1.086953642384105905e+02 1.372980132450331041e+02 1.338874172185430496e+02
1.084768211920529808e+02 1.373311258278145601e+02 1.338079470198675551e+02
1.083311258278145743e+02 1.373774834437085985e+02 1.337615894039735167e+02
1.081866666666666674e+02 1.375000000000000000e+02 1.337800000000000011e+02
1.081533333333333360e+02 1.380266666666666708e+02 1.333466666666666640e+02
1.079205298013245056e+02 1.383841059602648897e+02 1.333178807947019777e+02
1.077785234899328799e+02 1.384966442953020191e+02 1.333221476510067021e+02
1.076490066225165521e+02 1.387682119205298079e+02 1.332119205298013185e+02
1.075827814569536400e+02 1.390066225165562912e+02 1.330132450331125824e+02
1.073708609271523216e+02 1.394304635761589282e+02 1.330397350993377472e+02
1.073020134228187885e+02 1.397718120805369040e+02 1.328657718120805384e+02
1.072770270270270316e+02 1.400743243243243228e+02 1.328040540540540633e+02
1.072266666666666737e+02 1.403266666666666538e+02 1.329399999999999977e+02
1.068456375838926107e+02 1.405100671140939710e+02 1.330402684563758271e+02
1.066066666666666691e+02 1.408666666666666742e+02 1.328933333333333451e+02
1.062666666666666657e+02 1.412466666666666697e+02 1.326800000000000068e+02
1.062600000000000051e+02 1.414733333333333292e+02 1.325866666666666731e+02
1.062847682119205359e+02 1.418079470198675551e+02 1.323509933774834337e+02
1.063466666666666640e+02 1.419866666666666788e+02 1.321466666666666754e+02
1.066778523489932837e+02 1.426778523489932979e+02 1.317248322147650867e+02
1.062582781456953711e+02 1.430000000000000000e+02 1.317218543046357695e+02
1.063666666666666600e+02 1.431066666666666549e+02 1.315866666666666731e+02
1.060666666666666629e+02 1.431866666666666674e+02 1.314000000000000057e+02
1.061986754966887361e+02 1.437019867549668959e+02 1.314039735099337634e+02
1.061812080536912788e+02 1.438724832214765001e+02 1.311208053691275097e+02
1.065033112582781456e+02 1.438675496688741759e+02 1.310264900662251648e+02
1.063533333333333388e+02 1.442533333333333303e+02 1.308133333333333326e+02
1.062733333333333263e+02 1.444399999999999977e+02 1.305999999999999943e+02
1.063221476510067163e+02 1.445906040268456252e+02 1.304161073825503365e+02
1.060872483221476443e+02 1.448187919463087212e+02 1.301879194630872405e+02
1.059261744966442933e+02 1.451208053691275097e+02 1.299127516778523557e+02
1.058133333333333326e+02 1.456733333333333462e+02 1.297533333333333303e+02
1.061200000000000045e+02 1.456933333333333280e+02 1.293133333333333326e+02
1.062080536912751683e+02 1.457852348993288558e+02 1.293020134228187885e+02
1.062000000000000028e+02 1.461733333333333462e+02 1.289066666666666663e+02
1.059932885906040241e+02 1.466778523489932979e+02 1.287516778523489904e+02
1.057600000000000051e+02 1.467866666666666617e+02 1.285200000000000102e+02
1.059933774834437088e+02 1.470529801324503296e+02 1.283576158940397249e+02
1.054832214765100673e+02 1.471879194630872405e+02 1.278791946308724903e+02
1.051200000000000045e+02 1.476999999999999886e+02 1.277800000000000011e+02
1.053266666666666680e+02 1.478533333333333246e+02 1.277333333333333343e+02
1.057382550335570528e+02 1.482013422818791923e+02 1.277046979865771874e+02
1.056375838926174566e+02 1.485436241610738364e+02 1.276979865771812115e+02
1.053489932885906057e+02 1.484295302013422884e+02 1.276442953020134183e+02
1.053243243243243228e+02 1.485878378378378386e+02 1.275337837837837895e+02
1.053866666666666703e+02 1.491933333333333280e+02 1.274399999999999977e+02
1.054333333333333371e+02 1.492733333333333405e+02 1.274466666666666725e+02
1.045211267605633765e+02 1.503309859154929597e+02 1.272112676056337932e+02
1.041678321678321595e+02 1.504825174825174656e+02 1.272097902097902136e+02
1.038591549295774712e+02 1.507253521126760631e+02 1.272957746478873133e+02
1.037021276595744723e+02 1.509929078014184256e+02 1.271914893617021391e+02
1.034647887323943678e+02 1.514084507042253449e+02 1.272112676056337932e+02
1.030774647887323994e+02 1.517746478873239653e+02 1.272887323943661926e+02
1.026319444444444429e+02 1.518888888888888857e+02 1.271180555555555571e+02
1.028926174496644279e+02 1.514899328859060290e+02 1.273758389261744952e+02
1.024635761589403984e+02 1.517549668874172255e+02 1.275695364238410576e+02
1.016736111111111001e+02 1.526111111111111143e+02 1.277152777777777715e+02
1.014685314685314665e+02 1.525804195804195729e+02 1.276223776223776269e+02
1.011760563380281752e+02 1.526338028169014081e+02 1.278661971830985919e+02
1.011126760563380316e+02 1.527887323943662068e+02 1.278732394366197269e+02
1.008068965517241367e+02 1.528965517241379359e+02 1.278344827586206947e+02
1.006223776223776269e+02 1.531398601398601613e+02 1.278251748251748268e+02
1.004685314685314665e+02 1.534755244755244803e+02 1.278811188811188799e+02
1.004055944055943996e+02 1.536993006993006929e+02 1.276783216783216801e+02
1.000000000000000000e+02 1.539930555555555713e+02 1.276111111111111143e+02
1.003288590604026780e+02 1.535100671140939710e+02 1.278120805369127453e+02
1.000067114093959759e+02 1.536375838926174424e+02 1.278791946308724903e+02
9.963087248322148071e+01 1.536375838926174424e+02 1.278053691275167836e+02
9.928666666666666174e+01 1.536066666666666549e+02 1.275866666666666731e+02
9.898666666666666458e+01 1.536133333333333439e+02 1.273933333333333309e+02
9.897972972972972627e+01 1.538716216216216139e+02 1.272297297297297263e+02
9.854666666666666686e+01 1.540399999999999920e+02 1.270600000000000023e+02
9.820000000000000284e+01 1.542800000000000011e+02 1.264800000000000040e+02
9.797315436241611053e+01 1.543892617449664328e+02 1.266510067114093943e+02
9.787417218543046715e+01 1.543907284768211809e+02 1.265960264900662224e+02
9.755333333333332746e+01 1.542933333333333223e+02 1.267466666666666697e+02
9.740939597315436060e+01 1.542147651006711442e+02 1.265637583892617499e+02
9.745033112582781598e+01 1.540794701986754944e+02 1.265960264900662224e+02
9.695999999999999375e+01 1.540600000000000023e+02 1.266466666666666612e+02
9.669798657718121149e+01 1.541744966442952887e+02 1.267114093959731491e+02
9.627516778523489904e+01 1.542550335570469713e+02 1.265167785234899327e+02
9.590604026845637975e+01 1.543154362416107404e+02 1.264362416107382501e+02
9.566447368421052033e+01 1.540657894736842195e+02 1.261907894736842053e+02
9.527516778523489904e+01 1.543020134228187885e+02 1.260268456375838895e+02
9.450335570469798085e+01 1.542818791946308750e+02 1.259597315436241587e+02
9.443624161073825007e+01 1.546375838926174424e+02 1.258187919463087212e+02
9.412000000000000455e+01 1.548799999999999955e+02 1.257466666666666697e+02
9.371710526315789025e+01 1.546973684210526301e+02 1.255000000000000000e+02
9.338666666666667027e+01 1.542133333333333383e+02 1.253066666666666720e+02
9.318666666666666742e+01 1.539733333333333292e+02 1.252066666666666634e+02
9.249324324324324209e+01 1.540000000000000000e+02 1.253513513513513544e+02
9.220000000000000284e+01 1.536266666666666652e+02 1.255266666666666708e+02
9.219205298013244487e+01 1.535827814569536542e+02 1.256158940397350960e+02
9.229999999999999716e+01 1.534600000000000080e+02 1.256800000000000068e+02
9.219463087248321642e+01 1.534563758389261636e+02 1.255369127516778462e+02
9.205882352941176805e+01 1.533464052287581580e+02 1.255163398692810404e+02
9.221854304635760968e+01 1.529668874172185440e+02 1.254039735099337776e+02
9.207333333333333769e+01 1.523866666666666561e+02 1.254066666666666663e+02
9.196688741721854399e+01 1.522052980132450273e+02 1.254834437086092720e+02
9.177181208053691819e+01 1.520671140939597308e+02 1.256979865771812115e+02
9.137583892617449521e+01 1.516375838926174424e+02 1.258859060402684520e+02
9.135761589403973915e+01 1.512847682119205217e+02 1.260264900662251648e+02
9.125827814569537111e+01 1.507019867549668959e+02 1.259271523178807968e+02
9.132894736842105488e+01 1.501315789473684106e+02 1.260789473684210549e+02
9.129801324503311832e+01 1.498609271523178847e+02 1.259536423841059616e+02
9.142000000000000171e+01 1.496066666666666549e+02 1.257999999999999972e+02
9.138666666666667027e+01 1.490399999999999920e+02 1.260266666666666708e+02
9.165333333333333599e+01 1.489600000000000080e+02 1.259800000000000040e+02
9.157046979865771164e+01 1.485973154362416153e+02 1.260201342281879135e+02
9.166887417218542566e+01 1.485562913907284894e+02 1.261523178807946977e+02
9.165333333333333599e+01 1.482066666666666777e+02 1.263866666666666703e+02
9.155629139072847522e+01 1.477880794701986815e+02 1.260794701986754944e+02
9.146666666666666856e+01 1.475733333333333235e+02 1.260600000000000023e+02
9.121052631578947967e+01 1.472697368421052602e+02 1.259539473684210549e+02
9.138926174496644705e+01 1.469798657718120865e+02 1.262348993288590577e+02
9.098675496688741759e+01 1.465231788079470334e+02 1.258079470198675551e+02
9.093999999999999773e+01 1.465333333333333314e+02 1.257466666666666697e+02
9.059731543624161532e+01 1.462080536912751541e+02 1.256778523489932837e+02
9.062666666666666515e+01 1.457866666666666617e+02 1.252333333333333343e+02
9.062416107382550479e+01 1.452751677852349133e+02 1.250335570469798654e+02
8.996666666666666856e+01 1.449866666666666788e+02 1.251333333333333400e+02
8.965999999999999659e+01 1.449533333333333474e+02 1.253666666666666600e+02
8.982894736842105488e+01 1.445460526315789593e+02 1.252171052631578902e+02
8.980132450331126392e+01 1.445629139072847806e+02 1.253907284768211952e+02
9.006622516556291203e+01 1.440596026490066208e+02 1.253377483443708655e+02
8.973825503355705280e+01 1.437382550335570386e+02 1.254765100671140914e+02
8.947368421052631504e+01 1.431513157894736707e+02 1.255065789473684248e+02
8.945333333333333314e+01 1.432599999999999909e+02 1.258133333333333326e+02
8.908724832214764433e+01 1.431409395973154233e+02 1.257181208053691250e+02
8.910810810810811233e+01 1.433783783783783861e+02 1.262297297297297263e+02
8.888666666666667027e+01 1.431533333333333360e+02 1.264599999999999937e+02
8.860402684563757703e+01 1.432080536912751541e+02 1.268187919463087212e+02
8.837999999999999545e+01 1.430800000000000125e+02 1.268133333333333326e+02
8.808609271523178563e+01 1.428940397350993408e+02 1.269139072847682144e+02
8.801999999999999602e+01 1.427066666666666777e+02 1.270400000000000063e+02
8.799328859060402408e+01 1.421208053691275097e+02 1.269932885906040241e+02
8.765999999999999659e+01 1.418533333333333246e+02 1.269533333333333331e+02
8.773509933774833769e+01 1.415364238410596158e+02 1.272781456953642447e+02
8.782781456953642873e+01 1.412185430463576097e+02 1.274172185430463600e+02
8.765333333333333599e+01 1.413266666666666538e+02 1.278199999999999932e+02
8.717241379310345906e+01 1.409586206896551630e+02 1.279103448275862149e+02
8.687919463087249028e+01 1.412953020134228268e+02 1.278389261744966490e+02
8.640131578947368496e+01 1.411842105263157805e+02 1.281118421052631504e+02
8.624161073825503365e+01 1.415167785234899327e+02 1.282684563758389231e+02
8.612000000000000455e+01 1.417066666666666777e+02 1.282800000000000011e+02
8.547651006711409138e+01 1.417315436241610769e+02 1.284563758389261636e+02
8.483892617449664897e+01 1.419395973154362309e+02 1.286308724832214807e+02
8.465333333333333599e+01 1.418000000000000114e+02 1.288066666666666720e+02
8.442384105960265117e+01 1.419337748344370880e+02 1.287417218543046431e+02
8.402666666666667084e+01 1.421666666666666572e+02 1.289733333333333292e+02
8.418666666666666742e+01 1.420533333333333417e+02 1.295200000000000102e+02
8.395999999999999375e+01 1.417599999999999909e+02 1.296733333333333462e+02
8.307638888888888573e+01 1.415416666666666572e+02 1.300972222222222285e+02
8.290000000000000568e+01 1.416533333333333360e+02 1.300600000000000023e+02
8.293377483443708797e+01 1.418940397350993408e+02 1.302384105960264833e+02
8.244370860927152478e+01 1.420331125827814560e+02 1.305099337748344510e+02
8.249006622516556320e+01 1.419867549668874176e+02 1.307218543046357695e+02
8.233333333333332860e+01 1.419933333333333394e+02 1.308533333333333246e+02
8.212000000000000455e+01 1.420000000000000000e+02 1.307733333333333405e+02
8.185430463576159354e+01 1.420860927152317856e+02 1.310066225165562912e+02
8.174834437086092009e+01 1.420728476821192032e+02 1.311324503311258241e+02
8.147333333333332916e+01 1.419799999999999898e+02 1.313600000000000136e+02
8.103333333333333144e+01 1.421933333333333280e+02 1.316466666666666754e+02
8.079999999999999716e+01 1.421266666666666652e+02 1.319066666666666663e+02
8.019867549668873608e+01 1.423377483443708513e+02 1.320000000000000000e+02
7.975333333333333030e+01 1.422666666666666799e+02 1.320800000000000125e+02
7.951999999999999602e+01 1.419133333333333269e+02 1.320600000000000023e+02
7.929333333333333655e+01 1.419799999999999898e+02 1.320866666666666731e+02
7.895333333333333314e+01 1.418133333333333326e+02 1.323533333333333246e+02
7.875838926174496635e+01 1.419932885906040383e+02 1.324630872483221538e+02
7.848026315789473983e+01 1.418157894736842195e+02 1.326381578947368496e+02
7.831081081081080697e+01 1.419054054054054177e+02 1.323445945945945823e+02
7.806040268456375486e+01 1.416308724832214807e+02 1.321946308724832306e+02
7.777181208053691819e+01 1.415302013422818845e+02 1.321677852348993270e+02
7.742000000000000171e+01 1.413533333333333246e+02 1.318933333333333451e+02
7.716556291390728006e+01 1.408874172185430496e+02 1.318013245033112639e+02
7.699337748344370880e+01 1.408741721854304672e+02 1.316423841059602751e+02
7.663758389261745663e+01 1.407986577181208077e+02 1.315637583892617499e+02
7.646666666666666856e+01 1.411200000000000045e+02 1.314799999999999898e+02
7.612751677852348564e+01 1.412281879194630960e+02 1.311073825503355579e+02
7.599333333333333940e+01 1.412066666666666777e+02 1.310800000000000125e+02
7.579194630872483174e+01 1.409463087248322211e+02 1.307248322147650867e+02
7.553333333333333144e+01 1.410399999999999920e+02 1.303933333333333451e+02
7.530872483221476443e+01 1.413825503355704711e+02 1.302483221476510096e+02
7.526666666666666572e+01 1.413799999999999955e+02 1.297666666666666799e+02
7.466225165562913446e+01 1.412185430463576097e+02 1.295894039735099454e+02
7.424161073825503365e+01 1.409328859060402692e+02 1.293758389261745094e+02
7.433557046979865390e+01 1.411275167785234999e+02 1.292550335570469713e+02
7.428187919463087496e+01 1.408187919463087212e+02 1.291543624161073751e+02
7.418120805369127879e+01 1.407651006711409423e+02 1.288926174496644421e+02
7.421333333333333826e+01 1.405999999999999943e+02 1.287400000000000091e+02
7.381879194630872121e+01 1.402818791946308750e+02 1.288120805369127595e+02
7.386666666666666003e+01 1.402800000000000011e+02 1.284933333333333394e+02
7.384666666666666401e+01 1.403466666666666640e+02 1.283666666666666742e+02
7.389333333333333087e+01 1.402199999999999989e+02 1.282066666666666777e+02
7.386666666666666003e+01 1.400333333333333314e+02 1.280200000000000102e+02
7.403333333333333144e+01 1.399133333333333269e+02 1.278533333333333388e+02
7.393999999999999773e+01 1.397066666666666777e+02 1.278266666666666680e+02
7.377333333333332632e+01 1.394066666666666663e+02 1.276533333333333360e+02
7.366216216216216139e+01 1.391486486486486456e+02 1.274527027027027088e+02
7.316778523489932695e+01 1.387114093959731633e+02 1.275369127516778462e+02
7.298666666666666458e+01 1.381133333333333439e+02 1.272533333333333303e+02
7.260402684563757703e+01 1.379194630872483174e+02 1.269664429530201346e+02
7.259999999999999432e+01 1.374666666666666686e+02 1.269133333333333269e+02
7.254362416107382217e+01 1.372550335570469713e+02 1.267785234899328799e+02
7.247333333333332916e+01 1.371466666666666754e+02 1.265400000000000063e+02
7.228476821192053592e+01 1.369602649006622528e+02 1.266821192052980081e+02
7.215436241610738932e+01 1.365906040268456252e+02 1.266040268456375770e+02
7.186577181208053844e+01 1.365570469798657598e+02 1.264161073825503365e+02
7.183892617449664897e+01 1.363221476510067021e+02 1.264362416107382501e+02
7.169798657718121149e+01 1.360604026845637691e+02 1.266644295302013461e+02
7.154000000000000625e+01 1.357933333333333223e+02 1.265400000000000063e+02
7.146308724832215375e+01 1.353288590604026922e+02 1.264362416107382501e+02
7.143333333333333712e+01 1.350266666666666708e+02 1.262866666666666617e+02
7.140789473684210975e+01 1.349539473684210407e+02 1.260723684210526301e+02
7.133774834437086554e+01 1.347350993377483519e+02 1.259139072847682144e+02
7.136423841059603035e+01 1.343509933774834337e+02 1.257284768211920465e+02
7.118120805369127879e+01 1.341073825503355579e+02 1.257181208053691250e+02
7.106666666666666288e+01 1.339533333333333474e+02 1.255400000000000063e+02
7.069127516778523557e+01 1.336040268456375770e+02 1.253892617449664471e+02
7.083221476510067305e+01 1.330268456375839037e+02 1.250000000000000000e+02
7.093243243243243512e+01 1.326418918918919019e+02 1.249864864864864842e+02
7.116107382550335103e+01 1.322080536912751541e+02 1.247315436241610769e+02
7.112000000000000455e+01 1.317733333333333405e+02 1.246266666666666652e+02
7.130666666666667197e+01 1.317066666666666777e+02 1.244666666666666686e+02
7.178807947019868152e+01 1.320198675496688736e+02 1.243774834437086128e+02
7.183333333333332860e+01 1.318600000000000136e+02 1.244399999999999977e+02
7.200000000000000000e+01 1.312333333333333201e+02 1.243599999999999994e+02
7.189333333333333087e+01 1.310933333333333337e+02 1.240733333333333377e+02
7.206666666666666288e+01 1.309933333333333394e+02 1.238733333333333348e+02
7.216339869281046049e+01 1.310522875816993462e+02 1.237385620915032689e+02
7.245033112582781598e+01 1.307549668874172255e+02 1.238874172185430496e+02
7.233557046979865390e+01 1.304966442953020191e+02 1.239328859060402692e+02
7.239333333333333087e+01 1.300200000000000102e+02 1.239866666666666646e+02
7.243624161073825007e+01 1.295771812080537018e+02 1.238724832214765144e+02
7.223129251700680697e+01 1.294693877551020478e+02 1.238163265306122440e+02
7.222818791946308181e+01 1.291610738255033652e+02 1.238791946308724903e+02
7.236241610738254337e+01 1.286711409395973078e+02 1.240872483221476443e+02
7.254000000000000625e+01 1.280666666666666629e+02 1.240199999999999960e+02
7.257333333333333769e+01 1.273866666666666703e+02 1.237000000000000028e+02
7.273648648648648418e+01 1.272972972972972912e+02 1.235067567567567579e+02
7.295999999999999375e+01 1.268933333333333309e+02 1.233266666666666680e+02
7.335999999999999943e+01 1.267199999999999989e+02 1.230266666666666708e+02
7.358666666666667311e+01 1.266800000000000068e+02 1.226800000000000068e+02
7.387919463087249028e+01 1.261610738255033510e+02 1.226442953020134183e+02
7.375838926174496635e+01 1.260335570469798654e+02 1.225369127516778462e+02
7.391333333333332689e+01 1.262733333333333263e+02 1.223866666666666703e+02
7.398000000000000398e+01 1.266400000000000006e+02 1.221666666666666714e+02
7.408724832214764433e+01 1.266979865771812115e+02 1.221677852348993270e+02
7.431543624161074035e+01 1.263355704697986539e+02 1.221140939597315480e+02
7.453333333333333144e+01 1.259800000000000040e+02 1.219133333333333269e+02
7.455704697986577401e+01 1.258724832214765144e+02 1.215973154362416153e+02
7.469333333333332803e+01 1.257066666666666634e+02 1.213333333333333286e+02
7.495333333333333314e+01 1.257999999999999972e+02 1.212733333333333263e+02
7.533774834437086554e+01 1.256887417218542993e+02 1.213708609271523216e+02
7.536666666666666003e+01 1.255133333333333354e+02 1.207733333333333263e+02
7.555033557046979809e+01 1.255906040268456394e+02 1.203020134228187885e+02
7.578378378378378954e+01 1.256418918918918877e+02 1.199527027027027088e+02
7.595999999999999375e+01 1.252999999999999972e+02 1.197333333333333343e+02
7.612666666666666515e+01 1.252666666666666657e+02 1.194333333333333371e+02
7.606000000000000227e+01 1.251666666666666714e+02 1.191866666666666674e+02
7.626315789473683537e+01 1.252500000000000000e+02 1.189407894736842053e+02
7.613333333333333997e+01 1.251133333333333297e+02 1.185533333333333275e+02
7.606040268456375486e+01 1.251409395973154375e+02 1.181140939597315480e+02
7.628476821192053592e+01 1.249536423841059616e+02 1.178278145695364287e+02
7.644370860927152478e+01 1.245827814569536400e+02 1.177152317880794641e+02
7.682781456953642873e+01 1.245960264900662224e+02 1.173973509933774864e+02
7.685333333333333883e+01 1.244733333333333292e+02 1.172133333333333383e+02
7.680132450331126392e+01 1.242781456953642447e+02 1.170662251655629120e+02
7.680666666666667197e+01 1.243733333333333348e+02 1.168199999999999932e+02
7.670198675496688168e+01 1.242317880794701921e+02 1.167086092715231729e+02
7.700000000000000000e+01 1.243557046979865817e+02 1.168657718120805384e+02
7.702666666666667084e+01 1.242933333333333366e+02 1.168066666666666720e+02
7.742758620689654947e+01 1.238827586206896569e+02 1.163448275862069039e+02
7.763448275862069181e+01 1.236344827586206918e+02 1.161103448275862178e+02
7.757999999999999829e+01 1.240600000000000023e+02 1.161400000000000006e+02
7.775167785234899043e+01 1.239865771812080482e+02 1.156375838926174566e+02
7.803289473684210975e+01 1.240723684210526301e+02 1.150986842105263150e+02
7.842384105960265117e+01 1.237483443708609201e+02 1.147152317880794641e+02
7.865333333333333599e+01 1.237399999999999949e+02 1.137666666666666657e+02
7.888079470198675835e+01 1.241192052980132416e+02 1.131192052980132416e+02
7.869127516778523557e+01 1.242013422818791923e+02 1.132214765100671201e+02
7.873999999999999488e+01 1.243266666666666680e+02 1.130600000000000023e+02
7.888741721854304956e+01 1.245231788079470192e+02 1.130397350993377472e+02
7.910666666666666913e+01 1.247600000000000051e+02 1.128400000000000034e+02
7.925827814569537111e+01 1.248741721854304672e+02 1.126490066225165521e+02
7.943333333333333712e+01 1.247266666666666737e+02 1.124466666666666725e+02
7.969333333333332803e+01 1.249066666666666663e+02 1.121333333333333400e+02
7.963758389261745663e+01 1.253288590604026780e+02 1.124228187919463124e+02
8.006040268456375486e+01 1.252953020134228126e+02 1.119530201342281828e+02
8.024666666666666970e+01 1.253400000000000034e+02 1.119399999999999977e+02
8.063333333333333997e+01 1.256266666666666652e+02 1.119200000000000017e+02
8.072185430463575528e+01 1.259867549668874176e+02 1.117086092715231729e+02
8.095804195804196013e+01 1.265524475524475605e+02 1.114475524475524395e+02
8.137241379310344769e+01 1.268689655172413779e+02 1.113034482758620669e+02
8.147220078461639048e+01 1.274508958239543830e+02 1.110686981477908546e+02
8.149959268548887792e+01 1.277042709070251050e+02 1.110207623212639589e+02
8.188965517241379644e+01 1.279724137931034562e+02 1.108689655172413779e+02
8.190728476821192316e+01 1.278940397350993408e+02 1.112781456953642447e+02
8.225503355704698549e+01 1.282281879194630960e+02 1.112147651006711442e+02
8.228666666666666174e+01 1.281266666666666652e+02 1.110066666666666606e+02
8.247333333333332916e+01 1.285800000000000125e+02 1.109733333333333292e+02
8.271812080536912504e+01 1.282953020134228268e+02 1.105973154362416153e+02
8.280666666666667197e+01 1.283600000000000136e+02 1.105333333333333314e+02
8.319333333333332803e+01 1.283933333333333451e+02 1.103400000000000034e+02
8.325165562913907991e+01 1.285695364238410718e+02 1.100993377483443680e+02
8.357333333333333769e+01 1.284666666666666686e+02 1.098400000000000034e+02
8.397333333333332916e+01 1.284466666666666583e+02 1.093866666666666703e+02
8.412666666666666515e+01 1.285133333333333212e+02 1.090866666666666731e+02
8.466225165562913446e+01 1.284039735099337634e+02 1.088476821192053023e+02
8.500000000000000000e+01 1.282466666666666697e+02 1.087999999999999972e+02
8.515646258503402066e+01 1.284081632653061149e+02 1.087891156462585087e+02
8.536666666666666003e+01 1.282333333333333201e+02 1.087266666666666737e+02
8.560666666666666913e+01 1.279733333333333292e+02 1.088066666666666720e+02
8.585234899328858660e+01 1.280402684563758271e+02 1.088322147651006730e+02
8.613333333333333997e+01 1.280333333333333314e+02 1.087733333333333263e+02
8.631081081081080697e+01 1.280945945945945823e+02 1.085675675675675649e+02
8.656000000000000227e+01 1.281800000000000068e+02 1.084200000000000017e+02
8.678000000000000114e+01 1.280933333333333337e+02 1.084533333333333331e+02
8.677852348993287990e+01 1.281006711409395962e+02 1.084228187919463124e+02
8.693999999999999773e+01 1.281200000000000045e+02 1.082666666666666657e+02
8.718543046357615367e+01 1.280728476821192032e+02 1.083311258278145743e+02
8.740666666666666629e+01 1.280066666666666606e+02 1.084533333333333331e+02
8.789932885906040383e+01 1.282281879194630960e+02 1.084630872483221538e+02
8.836666666666666003e+01 1.281133333333333439e+02 1.086133333333333297e+02
8.860402684563757703e+01 1.281744966442952887e+02 1.089731543624161105e+02
8.920000000000000284e+01 1.283666666666666742e+02 1.090266666666666708e+02
8.957999999999999829e+01 1.284199999999999875e+02 1.091266666666666652e+02
9.009999999999999432e+01 1.282666666666666799e+02 1.090600000000000023e+02
9.043708609271523358e+01 1.280728476821192032e+02 1.089403973509933792e+02
9.155944055944056004e+01 1.280419580419580541e+02 1.088391608391608401e+02
9.190972222222222854e+01 1.281388888888889142e+02 1.091944444444444429e+02
9.222377622377622686e+01 1.282797202797202658e+02 1.094405594405594400e+02
9.211888111888112007e+01 1.281118881118881063e+02 1.097202797202797200e+02
9.223448275862068613e+01 1.280275862068965580e+02 1.098620689655172384e+02
9.264137931034483131e+01 1.280000000000000000e+02 1.100965517241379246e+02
9.275694444444444287e+01 1.278819444444444429e+02 1.100555555555555429e+02
9.304895104895105362e+01 1.280699300699300807e+02 1.099160839160839203e+02
9.290000000000000568e+01 1.281266666666666652e+02 1.100133333333333354e+02
9.318000000000000682e+01 1.283333333333333428e+02 1.100533333333333275e+02
9.341610738255033652e+01 1.283355704697986539e+02 1.100000000000000000e+02
9.349333333333333940e+01 1.282933333333333223e+02 1.101400000000000006e+02
9.370000000000000284e+01 1.283266666666666538e+02 1.103866666666666703e+02
9.408724832214764433e+01 1.284966442953020191e+02 1.108053691275167836e+02
9.460264900662251364e+01 1.286688741721854399e+02 1.105894039735099312e+02
9.498675496688741759e+01 1.291125827814569504e+02 1.102847682119205359e+02
9.518120805369127879e+01 1.293422818791946440e+02 1.104832214765100673e+02
9.552348993288590862e+01 1.294496644295302019e+02 1.102617449664429472e+02
9.637062937062937351e+01 1.301118881118881347e+02 1.100489510489510536e+02
9.654000000000000625e+01 1.303066666666666720e+02 1.103133333333333326e+02
9.684000000000000341e+01 1.307199999999999989e+02 1.101266666666666652e+02
9.664900662251655206e+01 1.307152317880794783e+02 1.103708609271523216e+02
9.652666666666667084e+01 1.305200000000000102e+02 1.103533333333333388e+02
9.676000000000000512e+01 1.303733333333333348e+02 1.104333333333333371e+02
9.690728476821192316e+01 1.305629139072847806e+02 1.104569536423841072e+02
9.717449664429530287e+01 1.306644295302013461e+02 1.103557046979865817e+02
9.745999999999999375e+01 1.309133333333333269e+02 1.104466666666666725e+02
9.843356643356642621e+01 1.312097902097902136e+02 1.105804195804195871e+02
9.885314685314685335e+01 1.312237762237762411e+02 1.104825174825174798e+02
9.905517241379310178e+01 1.313793103448275872e+02 1.103655172413793082e+02
9.954225352112676717e+01 1.314929577464788792e+02 1.107253521126760489e+02
9.947222222222221433e+01 1.317708333333333428e+02 1.107222222222222285e+02
9.974125874125874702e+01 1.323566433566433602e+02 1.107692307692307736e+02
9.992957746478873560e+01 1.324154929577464941e+02 1.109647887323943678e+02
1.004545454545454675e+02 1.326293706293706407e+02 1.109440559440559468e+02
1.008881118881118937e+02 1.328461538461538396e+02 1.106433566433566540e+02
1.010979020979020930e+02 1.331608391608391457e+02 1.107412587412587470e+02
1.014366197183098564e+02 1.331619718309859195e+02 1.105845070422535201e+02
1.017430555555555571e+02 1.334513888888888857e+02 1.103194444444444429e+02
1.017588652482269538e+02 1.336950354609929263e+02 1.104964539007092270e+02
1.021048951048951068e+02 1.337692307692307736e+02 1.103566433566433460e+02
1.017066666666666634e+02 1.337266666666666595e+02 1.103599999999999994e+02
1.019399999999999977e+02 1.336599999999999966e+02 1.102066666666666634e+02
1.021879194630872547e+02 1.339597315436241729e+02 1.100268456375838895e+02
1.024295302013422884e+02 1.342281879194630960e+02 1.100872483221476443e+02
1.026200000000000045e+02 1.341999999999999886e+02 1.099599999999999937e+02
1.027880794701986815e+02 1.344370860927152194e+02 1.098807947019867584e+02
1.029530201342281828e+02 1.345234899328858944e+02 1.098322147651006730e+02
1.028199999999999932e+02 1.348733333333333348e+02 1.095000000000000000e+02
1.030266666666666708e+02 1.350733333333333235e+02 1.093333333333333286e+02
1.032866666666666617e+02 1.354399999999999977e+02 1.091866666666666674e+02
1.036107382550335529e+02 1.357919463087248459e+02 1.091006711409395962e+02
1.039599999999999937e+02 1.359466666666666583e+02 1.093466666666666640e+02
1.044832214765100673e+02 1.358791946308724903e+02 1.092147651006711442e+02
1.048066666666666720e+02 1.360800000000000125e+02 1.091066666666666691e+02
1.052416107382550337e+02 1.364295302013422884e+02 1.090872483221476443e+02
1.054437086092715248e+02 1.368874172185430496e+02 1.087483443708609201e+02
1.055133333333333354e+02 1.371866666666666674e+02 1.085000000000000000e+02
1.057800000000000011e+02 1.374399999999999977e+02 1.086599999999999966e+02
1.061342281879194616e+02 1.374697986577181155e+02 1.086979865771812115e+02
1.064635761589403984e+02 1.376225165562914015e+02 1.089602649006622528e+02
1.065743243243243228e+02 1.378918918918919019e+02 1.092364864864864842e+02
1.066266666666666652e+02 1.381133333333333439e+02 1.092866666666666617e+02
1.070400000000000063e+02 1.382533333333333303e+02 1.092600000000000051e+02
1.073066666666666720e+02 1.384000000000000057e+02 1.090466666666666669e+02
1.073758389261744952e+02 1.386174496644295289e+02 1.093288590604026780e+02
1.076040268456375770e+02 1.383489932885906057e+02 1.094899328859060432e+02
1.080340136054421833e+02 1.380476190476190368e+02 1.094421768707482983e+02
1.082281879194630818e+02 1.382214765100671059e+02 1.092214765100671201e+02
1.087333333333333343e+02 1.383400000000000034e+02 1.095666666666666629e+02
1.089066666666666663e+02 1.384333333333333371e+02 1.092266666666666737e+02
1.094266666666666623e+02 1.384266666666666765e+02 1.090199999999999960e+02
1.097814569536423903e+02 1.385231788079470334e+02 1.090331125827814560e+02
1.103266666666666680e+02 1.382333333333333201e+02 1.089266666666666623e+02
