1.284333333333333371e+02 1.284466666666666583e+02 1.268266666666666680e+02
1.283733333333333348e+02 1.284133333333333269e+02 1.267666666666666657e+02
1.284399999999999977e+02 1.284333333333333371e+02 1.267666666666666657e+02
1.283866666666666561e+02 1.283799999999999955e+02 1.268666666666666600e+02
1.284733333333333292e+02 1.283733333333333348e+02 1.268666666666666600e+02
1.284066666666666663e+02 1.283600000000000136e+02 1.268199999999999932e+02
1.284666666666666686e+02 1.283000000000000114e+02 1.269000000000000057e+02
1.284733333333333292e+02 1.282400000000000091e+02 1.268466666666666640e+02
1.285133333333333212e+02 1.282866666666666617e+02 1.269200000000000017e+02
1.285200000000000102e+02 1.282800000000000011e+02 1.269200000000000017e+02
1.284600000000000080e+02 1.282199999999999989e+02 1.269200000000000017e+02
1.284600000000000080e+02 1.282199999999999989e+02 1.269200000000000017e+02
1.284600000000000080e+02 1.282199999999999989e+02 1.269200000000000017e+02
1.284600000000000080e+02 1.282199999999999989e+02 1.269200000000000017e+02
1.284600000000000080e+02 1.282199999999999989e+02 1.269200000000000017e+02
1.284600000000000080e+02 1.282199999999999989e+02 1.269200000000000017e+02
1.284600000000000080e+02 1.282199999999999989e+02 1.269200000000000017e+02
1.284600000000000080e+02 1.282199999999999989e+02 1.269200000000000017e+02
1.284600000000000080e+02 1.282199999999999989e+02 1.269200000000000017e+02
1.284600000000000080e+02 1.282199999999999989e+02 1.269200000000000017e+02
1.284600000000000080e+02 1.282199999999999989e+02 1.269200000000000017e+02
1.284600000000000080e+02 1.282199999999999989e+02 1.269200000000000017e+02
1.284600000000000080e+02 1.282199999999999989e+02 1.269200000000000017e+02
1.284600000000000080e+02 1.282199999999999989e+02 1.269200000000000017e+02
1.284600000000000080e+02 1.282199999999999989e+02 1.269200000000000017e+02
1.284600000000000080e+02 1.282199999999999989e+02 1.269200000000000017e+02
1.284600000000000080e+02 1.282199999999999989e+02 1.269200000000000017e+02
1.284600000000000080e+02 1.282199999999999989e+02 1.269200000000000017e+02
1.284600000000000080e+02 1.282199999999999989e+02 1.269200000000000017e+02
1.284600000000000080e+02 1.282199999999999989e+02 1.269200000000000017e+02
1.284600000000000080e+02 1.282199999999999989e+02 1.269200000000000017e+02
1.284600000000000080e+02 1.282199999999999989e+02 1.269200000000000017e+02
1.284600000000000080e+02 1.282199999999999989e+02 1.269200000000000017e+02
1.284600000000000080e+02 1.282199999999999989e+02 1.269200000000000017e+02
1.284600000000000080e+02 1.282199999999999989e+02 1.269200000000000017e+02
1.284600000000000080e+02 1.282199999999999989e+02 1.269200000000000017e+02
1.284600000000000080e+02 1.282199999999999989e+02 1.269200000000000017e+02
1.284600000000000080e+02 1.282199999999999989e+02 1.269200000000000017e+02
1.284600000000000080e+02 1.282199999999999989e+02 1.269200000000000017e+02
1.284600000000000080e+02 1.282199999999999989e+02 1.269200000000000017e+02
1.284600000000000080e+02 1.282199999999999989e+02 1.269200000000000017e+02
1.284600000000000080e+02 1.282199999999999989e+02 1.269200000000000017e+02
1.284600000000000080e+02 1.282199999999999989e+02 1.269200000000000017e+02
1.284600000000000080e+02 1.282199999999999989e+02 1.269200000000000017e+02
1.284600000000000080e+02 1.282199999999999989e+02 1.269200000000000017e+02
1.284600000000000080e+02 1.282199999999999989e+02 1.269200000000000017e+02
1.284600000000000080e+02 1.282199999999999989e+02 1.269200000000000017e+02
1.284600000000000080e+02 1.282199999999999989e+02 1.269200000000000017e+02
1.284600000000000080e+02 1.282199999999999989e+02 1.269200000000000017e+02
1.284600000000000080e+02 1.282199999999999989e+02 1.269200000000000017e+02
1.284600000000000080e+02 1.282199999999999989e+02 1.269200000000000017e+02
1.284600000000000080e+02 1.282199999999999989e+02 1.269200000000000017e+02
1.284600000000000080e+02 1.282199999999999989e+02 1.269200000000000017e+02
1.284600000000000080e+02 1.282199999999999989e+02 1.269200000000000017e+02
1.284600000000000080e+02 1.282199999999999989e+02 1.269200000000000017e+02
1.284600000000000080e+02 1.282199999999999989e+02 1.269200000000000017e+02
1.284600000000000080e+02 1.282199999999999989e+02 1.269200000000000017e+02
1.284600000000000080e+02 1.282199999999999989e+02 1.269200000000000017e+02
1.284600000000000080e+02 1.282199999999999989e+02 1.269200000000000017e+02
1.284600000000000080e+02 1.282199999999999989e+02 1.269200000000000017e+02
1.284600000000000080e+02 1.282199999999999989e+02 1.269200000000000017e+02
1.284600000000000080e+02 1.282199999999999989e+02 1.269200000000000017e+02
1.284600000000000080e+02 1.282199999999999989e+02 1.269200000000000017e+02
1.284600000000000080e+02 1.282199999999999989e+02 1.269200000000000017e+02
1.284600000000000080e+02 1.282199999999999989e+02 1.269200000000000017e+02
1.284600000000000080e+02 1.282199999999999989e+02 1.269200000000000017e+02
1.284600000000000080e+02 1.282199999999999989e+02 1.269200000000000017e+02
1.284600000000000080e+02 1.282199999999999989e+02 1.269200000000000017e+02
1.284600000000000080e+02 1.282199999999999989e+02 1.269200000000000017e+02
1.284600000000000080e+02 1.282199999999999989e+02 1.269200000000000017e+02
1.284600000000000080e+02 1.282199999999999989e+02 1.269200000000000017e+02
1.284600000000000080e+02 1.282199999999999989e+02 1.269200000000000017e+02
1.284600000000000080e+02 1.282199999999999989e+02 1.269200000000000017e+02
1.284600000000000080e+02 1.282199999999999989e+02 1.269200000000000017e+02
1.284600000000000080e+02 1.282199999999999989e+02 1.269200000000000017e+02
1.284600000000000080e+02 1.282199999999999989e+02 1.269200000000000017e+02
1.284600000000000080e+02 1.282199999999999989e+02 1.269200000000000017e+02
1.284600000000000080e+02 1.282199999999999989e+02 1.269200000000000017e+02
1.284600000000000080e+02 1.282199999999999989e+02 1.269200000000000017e+02
1.284600000000000080e+02 1.282199999999999989e+02 1.269200000000000017e+02
1.284600000000000080e+02 1.282199999999999989e+02 1.269200000000000017e+02
1.284600000000000080e+02 1.282199999999999989e+02 1.269200000000000017e+02
1.284600000000000080e+02 1.282199999999999989e+02 1.269200000000000017e+02
1.284600000000000080e+02 1.282199999999999989e+02 1.269200000000000017e+02
1.284600000000000080e+02 1.282199999999999989e+02 1.269200000000000017e+02
1.284600000000000080e+02 1.282199999999999989e+02 1.269200000000000017e+02
1.284600000000000080e+02 1.282199999999999989e+02 1.269200000000000017e+02
1.284600000000000080e+02 1.282199999999999989e+02 1.269200000000000017e+02
1.284600000000000080e+02 1.282199999999999989e+02 1.269200000000000017e+02
1.284600000000000080e+02 1.282199999999999989e+02 1.269200000000000017e+02
1.284600000000000080e+02 1.282199999999999989e+02 1.269200000000000017e+02
1.284600000000000080e+02 1.282199999999999989e+02 1.269200000000000017e+02
1.284600000000000080e+02 1.282199999999999989e+02 1.269200000000000017e+02
1.284600000000000080e+02 1.282199999999999989e+02 1.269200000000000017e+02
1.284600000000000080e+02 1.282199999999999989e+02 1.269200000000000017e+02
1.284600000000000080e+02 1.282199999999999989e+02 1.269200000000000017e+02
1.284600000000000080e+02 1.282199999999999989e+02 1.269200000000000017e+02
1.284600000000000080e+02 1.282199999999999989e+02 1.269200000000000017e+02
1.284600000000000080e+02 1.282199999999999989e+02 1.269200000000000017e+02
1.284600000000000080e+02 1.282199999999999989e+02 1.269200000000000017e+02
1.284600000000000080e+02 1.282199999999999989e+02 1.269200000000000017e+02
1.284600000000000080e+02 1.282199999999999989e+02 1.269200000000000017e+02
1.284600000000000080e+02 1.282199999999999989e+02 1.269200000000000017e+02
1.284600000000000080e+02 1.282199999999999989e+02 1.269200000000000017e+02
1.284600000000000080e+02 1.282199999999999989e+02 1.269200000000000017e+02
1.284600000000000080e+02 1.282199999999999989e+02 1.269200000000000017e+02
1.284600000000000080e+02 1.282199999999999989e+02 1.269200000000000017e+02
1.284600000000000080e+02 1.282199999999999989e+02 1.269200000000000017e+02
1.284600000000000080e+02 1.282199999999999989e+02 1.269200000000000017e+02
1.284600000000000080e+02 1.282199999999999989e+02 1.269200000000000017e+02
1.284600000000000080e+02 1.282199999999999989e+02 1.269200000000000017e+02
1.284600000000000080e+02 1.282199999999999989e+02 1.269200000000000017e+02
1.284600000000000080e+02 1.282199999999999989e+02 1.269200000000000017e+02
1.284600000000000080e+02 1.282199999999999989e+02 1.269200000000000017e+02
1.284600000000000080e+02 1.282199999999999989e+02 1.269200000000000017e+02
1.284600000000000080e+02 1.282199999999999989e+02 1.269200000000000017e+02
1.284600000000000080e+02 1.282199999999999989e+02 1.269200000000000017e+02
1.284600000000000080e+02 1.282199999999999989e+02 1.269200000000000017e+02
1.284600000000000080e+02 1.282199999999999989e+02 1.269200000000000017e+02
1.284600000000000080e+02 1.282199999999999989e+02 1.269200000000000017e+02
1.284600000000000080e+02 1.282199999999999989e+02 1.269200000000000017e+02
1.284600000000000080e+02 1.282199999999999989e+02 1.269200000000000017e+02
1.284600000000000080e+02 1.282199999999999989e+02 1.269200000000000017e+02
1.284600000000000080e+02 1.282199999999999989e+02 1.269200000000000017e+02
1.284600000000000080e+02 1.282199999999999989e+02 1.269200000000000017e+02
1.284600000000000080e+02 1.282199999999999989e+02 1.269200000000000017e+02
1.284600000000000080e+02 1.282199999999999989e+02 1.269200000000000017e+02
1.284600000000000080e+02 1.282199999999999989e+02 1.269200000000000017e+02
1.284600000000000080e+02 1.282199999999999989e+02 1.269200000000000017e+02
1.284600000000000080e+02 1.282199999999999989e+02 1.269200000000000017e+02
1.284600000000000080e+02 1.282199999999999989e+02 1.269200000000000017e+02
1.284600000000000080e+02 1.282199999999999989e+02 1.269200000000000017e+02
1.284600000000000080e+02 1.282199999999999989e+02 1.269200000000000017e+02
1.284600000000000080e+02 1.282199999999999989e+02 1.269200000000000017e+02
1.284600000000000080e+02 1.282199999999999989e+02 1.269200000000000017e+02
1.284600000000000080e+02 1.282199999999999989e+02 1.269200000000000017e+02
1.284600000000000080e+02 1.282199999999999989e+02 1.269200000000000017e+02
1.284600000000000080e+02 1.282199999999999989e+02 1.269200000000000017e+02
1.284600000000000080e+02 1.282199999999999989e+02 1.269200000000000017e+02
1.284600000000000080e+02 1.282199999999999989e+02 1.269200000000000017e+02
1.284600000000000080e+02 1.282199999999999989e+02 1.269200000000000017e+02
1.284600000000000080e+02 1.282199999999999989e+02 1.269200000000000017e+02
1.284600000000000080e+02 1.282199999999999989e+02 1.269200000000000017e+02
1.284600000000000080e+02 1.282199999999999989e+02 1.269200000000000017e+02
1.284600000000000080e+02 1.282199999999999989e+02 1.269200000000000017e+02
1.284600000000000080e+02 1.282199999999999989e+02 1.269200000000000017e+02
1.284600000000000080e+02 1.282199999999999989e+02 1.269200000000000017e+02
1.284600000000000080e+02 1.282199999999999989e+02 1.269200000000000017e+02
1.284600000000000080e+02 1.282199999999999989e+02 1.269200000000000017e+02
1.284600000000000080e+02 1.282199999999999989e+02 1.269200000000000017e+02
1.284600000000000080e+02 1.282199999999999989e+02 1.269200000000000017e+02
1.284600000000000080e+02 1.282199999999999989e+02 1.269200000000000017e+02
1.284600000000000080e+02 1.282199999999999989e+02 1.269200000000000017e+02
1.284600000000000080e+02 1.282199999999999989e+02 1.269200000000000017e+02
1.284600000000000080e+02 1.282199999999999989e+02 1.269200000000000017e+02
1.284600000000000080e+02 1.282199999999999989e+02 1.269200000000000017e+02
1.284600000000000080e+02 1.282199999999999989e+02 1.269200000000000017e+02
1.284600000000000080e+02 1.282199999999999989e+02 1.269200000000000017e+02
1.284600000000000080e+02 1.282199999999999989e+02 1.269200000000000017e+02
1.284600000000000080e+02 1.282199999999999989e+02 1.269200000000000017e+02
1.284600000000000080e+02 1.282199999999999989e+02 1.269200000000000017e+02
1.284600000000000080e+02 1.282199999999999989e+02 1.269200000000000017e+02
1.284600000000000080e+02 1.282199999999999989e+02 1.269200000000000017e+02
1.284600000000000080e+02 1.282199999999999989e+02 1.269200000000000017e+02
1.284600000000000080e+02 1.282199999999999989e+02 1.269200000000000017e+02
1.284600000000000080e+02 1.282199999999999989e+02 1.269200000000000017e+02
1.284600000000000080e+02 1.282199999999999989e+02 1.269200000000000017e+02
1.284600000000000080e+02 1.282199999999999989e+02 1.269200000000000017e+02
1.284600000000000080e+02 1.282199999999999989e+02 1.269200000000000017e+02
1.284600000000000080e+02 1.282199999999999989e+02 1.269200000000000017e+02
1.284600000000000080e+02 1.282199999999999989e+02 1.269200000000000017e+02
1.284600000000000080e+02 1.282199999999999989e+02 1.269200000000000017e+02
1.284600000000000080e+02 1.282199999999999989e+02 1.269200000000000017e+02
1.284600000000000080e+02 1.282199999999999989e+02 1.269200000000000017e+02
1.284600000000000080e+02 1.282199999999999989e+02 1.269200000000000017e+02
1.284600000000000080e+02 1.282199999999999989e+02 1.269200000000000017e+02
1.284600000000000080e+02 1.282199999999999989e+02 1.269200000000000017e+02
1.284600000000000080e+02 1.282199999999999989e+02 1.269200000000000017e+02
1.284600000000000080e+02 1.282199999999999989e+02 1.269200000000000017e+02
1.284600000000000080e+02 1.282199999999999989e+02 1.269200000000000017e+02
1.284600000000000080e+02 1.282199999999999989e+02 1.269200000000000017e+02
1.284600000000000080e+02 1.282199999999999989e+02 1.269200000000000017e+02
1.284600000000000080e+02 1.282199999999999989e+02 1.269200000000000017e+02
1.284600000000000080e+02 1.282199999999999989e+02 1.269200000000000017e+02
1.284600000000000080e+02 1.282199999999999989e+02 1.269200000000000017e+02
1.284600000000000080e+02 1.282199999999999989e+02 1.269200000000000017e+02
1.284600000000000080e+02 1.282199999999999989e+02 1.269200000000000017e+02
1.284600000000000080e+02 1.282199999999999989e+02 1.269200000000000017e+02
1.284600000000000080e+02 1.282199999999999989e+02 1.269200000000000017e+02
1.284600000000000080e+02 1.282199999999999989e+02 1.269200000000000017e+02
1.284600000000000080e+02 1.282199999999999989e+02 1.269200000000000017e+02
1.284600000000000080e+02 1.282199999999999989e+02 1.269200000000000017e+02
1.284600000000000080e+02 1.282199999999999989e+02 1.269200000000000017e+02
1.284600000000000080e+02 1.282199999999999989e+02 1.269200000000000017e+02
1.284600000000000080e+02 1.282199999999999989e+02 1.269200000000000017e+02
1.284600000000000080e+02 1.282199999999999989e+02 1.269200000000000017e+02
1.284600000000000080e+02 1.282199999999999989e+02 1.269200000000000017e+02
1.284600000000000080e+02 1.282199999999999989e+02 1.269200000000000017e+02
1.284600000000000080e+02 1.282199999999999989e+02 1.269200000000000017e+02
1.284600000000000080e+02 1.282199999999999989e+02 1.269200000000000017e+02
1.284600000000000080e+02 1.282199999999999989e+02 1.269200000000000017e+02
1.284600000000000080e+02 1.282199999999999989e+02 1.269200000000000017e+02
1.284600000000000080e+02 1.282199999999999989e+02 1.269200000000000017e+02
1.284600000000000080e+02 1.282199999999999989e+02 1.269200000000000017e+02
1.284600000000000080e+02 1.282199999999999989e+02 1.269200000000000017e+02
1.284600000000000080e+02 1.282199999999999989e+02 1.269200000000000017e+02
1.284600000000000080e+02 1.282199999999999989e+02 1.269200000000000017e+02
1.284600000000000080e+02 1.282199999999999989e+02 1.269200000000000017e+02
1.284600000000000080e+02 1.282199999999999989e+02 1.269200000000000017e+02
1.284600000000000080e+02 1.282199999999999989e+02 1.269200000000000017e+02
1.284600000000000080e+02 1.282199999999999989e+02 1.269200000000000017e+02
1.284600000000000080e+02 1.282199999999999989e+02 1.269200000000000017e+02
1.284600000000000080e+02 1.282199999999999989e+02 1.269200000000000017e+02
1.284600000000000080e+02 1.282199999999999989e+02 1.269200000000000017e+02
1.284600000000000080e+02 1.282199999999999989e+02 1.269200000000000017e+02
1.284600000000000080e+02 1.282199999999999989e+02 1.269200000000000017e+02
1.284600000000000080e+02 1.282199999999999989e+02 1.269200000000000017e+02
1.284600000000000080e+02 1.282199999999999989e+02 1.269200000000000017e+02
1.284600000000000080e+02 1.282199999999999989e+02 1.269200000000000017e+02
1.284600000000000080e+02 1.282199999999999989e+02 1.269200000000000017e+02
1.284600000000000080e+02 1.282199999999999989e+02 1.269200000000000017e+02
1.284600000000000080e+02 1.282199999999999989e+02 1.269200000000000017e+02
1.284600000000000080e+02 1.282199999999999989e+02 1.269200000000000017e+02
1.284600000000000080e+02 1.282199999999999989e+02 1.269200000000000017e+02
1.284600000000000080e+02 1.282199999999999989e+02 1.269200000000000017e+02
1.284600000000000080e+02 1.282199999999999989e+02 1.269200000000000017e+02
1.284600000000000080e+02 1.282199999999999989e+02 1.269200000000000017e+02
1.284600000000000080e+02 1.282199999999999989e+02 1.269200000000000017e+02
1.284600000000000080e+02 1.282199999999999989e+02 1.269200000000000017e+02
1.284600000000000080e+02 1.282199999999999989e+02 1.269200000000000017e+02
1.284600000000000080e+02 1.282199999999999989e+02 1.269200000000000017e+02
1.284600000000000080e+02 1.282199999999999989e+02 1.269200000000000017e+02
1.284600000000000080e+02 1.282199999999999989e+02 1.269200000000000017e+02
1.284600000000000080e+02 1.282199999999999989e+02 1.269200000000000017e+02
1.284600000000000080e+02 1.282199999999999989e+02 1.269200000000000017e+02
1.284600000000000080e+02 1.282199999999999989e+02 1.269200000000000017e+02
1.284600000000000080e+02 1.282199999999999989e+02 1.269200000000000017e+02
1.284600000000000080e+02 1.282199999999999989e+02 1.269200000000000017e+02
1.284600000000000080e+02 1.282199999999999989e+02 1.269200000000000017e+02
1.284600000000000080e+02 1.282199999999999989e+02 1.269200000000000017e+02
1.284600000000000080e+02 1.282199999999999989e+02 1.269200000000000017e+02
1.284600000000000080e+02 1.282199999999999989e+02 1.269200000000000017e+02
1.284600000000000080e+02 1.282199999999999989e+02 1.269200000000000017e+02
1.284600000000000080e+02 1.282199999999999989e+02 1.269200000000000017e+02
1.284600000000000080e+02 1.282199999999999989e+02 1.269200000000000017e+02
1.284600000000000080e+02 1.282199999999999989e+02 1.269200000000000017e+02
1.284600000000000080e+02 1.282199999999999989e+02 1.269200000000000017e+02
1.284600000000000080e+02 1.282199999999999989e+02 1.269200000000000017e+02
1.284600000000000080e+02 1.282199999999999989e+02 1.269200000000000017e+02
1.284600000000000080e+02 1.282199999999999989e+02 1.269200000000000017e+02
1.284600000000000080e+02 1.282199999999999989e+02 1.269200000000000017e+02
1.284600000000000080e+02 1.282199999999999989e+02 1.269200000000000017e+02
1.284600000000000080e+02 1.282199999999999989e+02 1.269200000000000017e+02
1.284600000000000080e+02 1.282199999999999989e+02 1.269200000000000017e+02
1.284600000000000080e+02 1.282199999999999989e+02 1.269200000000000017e+02
1.284600000000000080e+02 1.282199999999999989e+02 1.269200000000000017e+02
1.284600000000000080e+02 1.282199999999999989e+02 1.269200000000000017e+02
1.284600000000000080e+02 1.282199999999999989e+02 1.269200000000000017e+02
1.284600000000000080e+02 1.282199999999999989e+02 1.269200000000000017e+02
1.284600000000000080e+02 1.282199999999999989e+02 1.269200000000000017e+02
1.284600000000000080e+02 1.282199999999999989e+02 1.269200000000000017e+02
1.284600000000000080e+02 1.282199999999999989e+02 1.269200000000000017e+02
1.284600000000000080e+02 1.282199999999999989e+02 1.269200000000000017e+02
1.284600000000000080e+02 1.282199999999999989e+02 1.269200000000000017e+02
1.284600000000000080e+02 1.282199999999999989e+02 1.269200000000000017e+02
1.284600000000000080e+02 1.282199999999999989e+02 1.269200000000000017e+02
1.284600000000000080e+02 1.282199999999999989e+02 1.269200000000000017e+02
1.284600000000000080e+02 1.282199999999999989e+02 1.269200000000000017e+02
1.284600000000000080e+02 1.282199999999999989e+02 1.269200000000000017e+02
1.284600000000000080e+02 1.282199999999999989e+02 1.269200000000000017e+02
1.284600000000000080e+02 1.282199999999999989e+02 1.269200000000000017e+02
1.284600000000000080e+02 1.282199999999999989e+02 1.269200000000000017e+02
1.284600000000000080e+02 1.282199999999999989e+02 1.269200000000000017e+02
1.284600000000000080e+02 1.282199999999999989e+02 1.269200000000000017e+02
1.284600000000000080e+02 1.282199999999999989e+02 1.269200000000000017e+02
1.284600000000000080e+02 1.282199999999999989e+02 1.269200000000000017e+02
1.284600000000000080e+02 1.282199999999999989e+02 1.269200000000000017e+02
1.284600000000000080e+02 1.282199999999999989e+02 1.269200000000000017e+02
1.284600000000000080e+02 1.282199999999999989e+02 1.269200000000000017e+02
1.284600000000000080e+02 1.282199999999999989e+02 1.269200000000000017e+02
1.284600000000000080e+02 1.282199999999999989e+02 1.269200000000000017e+02
1.284600000000000080e+02 1.282199999999999989e+02 1.269200000000000017e+02
1.284600000000000080e+02 1.282199999999999989e+02 1.269200000000000017e+02
1.284600000000000080e+02 1.282199999999999989e+02 1.269200000000000017e+02
1.284600000000000080e+02 1.282199999999999989e+02 1.269200000000000017e+02
1.284600000000000080e+02 1.282199999999999989e+02 1.269200000000000017e+02
1.284600000000000080e+02 1.282199999999999989e+02 1.269200000000000017e+02
1.284600000000000080e+02 1.282199999999999989e+02 1.269200000000000017e+02
1.284600000000000080e+02 1.282199999999999989e+02 1.269200000000000017e+02
1.284600000000000080e+02 1.282199999999999989e+02 1.269200000000000017e+02
1.284600000000000080e+02 1.282199999999999989e+02 1.269200000000000017e+02
1.284600000000000080e+02 1.282199999999999989e+02 1.269200000000000017e+02
1.284600000000000080e+02 1.282199999999999989e+02 1.269200000000000017e+02
1.284600000000000080e+02 1.282199999999999989e+02 1.269200000000000017e+02
1.284600000000000080e+02 1.282199999999999989e+02 1.269200000000000017e+02
1.284600000000000080e+02 1.282199999999999989e+02 1.269200000000000017e+02
1.284600000000000080e+02 1.282199999999999989e+02 1.269200000000000017e+02
1.284600000000000080e+02 1.282199999999999989e+02 1.269200000000000017e+02
1.284600000000000080e+02 1.282199999999999989e+02 1.269200000000000017e+02
1.284600000000000080e+02 1.282199999999999989e+02 1.269200000000000017e+02
1.284600000000000080e+02 1.282199999999999989e+02 1.269200000000000017e+02
1.284600000000000080e+02 1.282199999999999989e+02 1.269200000000000017e+02
1.284600000000000080e+02 1.282199999999999989e+02 1.269200000000000017e+02
1.284600000000000080e+02 1.282199999999999989e+02 1.269200000000000017e+02
1.284600000000000080e+02 1.282199999999999989e+02 1.269200000000000017e+02
1.284600000000000080e+02 1.282199999999999989e+02 1.269200000000000017e+02
1.284600000000000080e+02 1.282199999999999989e+02 1.269200000000000017e+02
1.284600000000000080e+02 1.282199999999999989e+02 1.269200000000000017e+02
1.284600000000000080e+02 1.282199999999999989e+02 1.269200000000000017e+02
1.284600000000000080e+02 1.282199999999999989e+02 1.269200000000000017e+02
1.284600000000000080e+02 1.282199999999999989e+02 1.269200000000000017e+02
1.284600000000000080e+02 1.282199999999999989e+02 1.269200000000000017e+02
1.284600000000000080e+02 1.282199999999999989e+02 1.269200000000000017e+02
1.284600000000000080e+02 1.282199999999999989e+02 1.269200000000000017e+02
1.284600000000000080e+02 1.282199999999999989e+02 1.269200000000000017e+02
1.284600000000000080e+02 1.282199999999999989e+02 1.269200000000000017e+02
1.284600000000000080e+02 1.282199999999999989e+02 1.269200000000000017e+02
1.284600000000000080e+02 1.282199999999999989e+02 1.269200000000000017e+02
1.284600000000000080e+02 1.282199999999999989e+02 1.269200000000000017e+02
1.284600000000000080e+02 1.282199999999999989e+02 1.269200000000000017e+02
1.284600000000000080e+02 1.282199999999999989e+02 1.269200000000000017e+02
1.284600000000000080e+02 1.282199999999999989e+02 1.269200000000000017e+02
1.284600000000000080e+02 1.282199999999999989e+02 1.269200000000000017e+02
1.284600000000000080e+02 1.282199999999999989e+02 1.269200000000000017e+02
1.284600000000000080e+02 1.282199999999999989e+02 1.269200000000000017e+02
1.284600000000000080e+02 1.282199999999999989e+02 1.269200000000000017e+02
1.284600000000000080e+02 1.282199999999999989e+02 1.269200000000000017e+02
1.284600000000000080e+02 1.282199999999999989e+02 1.269200000000000017e+02
1.284600000000000080e+02 1.282199999999999989e+02 1.269200000000000017e+02
1.284600000000000080e+02 1.282199999999999989e+02 1.269200000000000017e+02
1.284600000000000080e+02 1.282199999999999989e+02 1.269200000000000017e+02
1.284600000000000080e+02 1.282199999999999989e+02 1.269200000000000017e+02
1.284600000000000080e+02 1.282199999999999989e+02 1.269200000000000017e+02
1.284600000000000080e+02 1.282199999999999989e+02 1.269200000000000017e+02
1.284600000000000080e+02 1.282199999999999989e+02 1.269200000000000017e+02
1.284600000000000080e+02 1.282199999999999989e+02 1.269200000000000017e+02
1.284600000000000080e+02 1.282199999999999989e+02 1.269200000000000017e+02
1.284600000000000080e+02 1.282199999999999989e+02 1.269200000000000017e+02
1.284600000000000080e+02 1.282199999999999989e+02 1.269200000000000017e+02
1.284600000000000080e+02 1.282199999999999989e+02 1.269200000000000017e+02
1.284600000000000080e+02 1.282199999999999989e+02 1.269200000000000017e+02
1.284600000000000080e+02 1.282199999999999989e+02 1.269200000000000017e+02
1.284600000000000080e+02 1.282199999999999989e+02 1.269200000000000017e+02
1.284600000000000080e+02 1.282199999999999989e+02 1.269200000000000017e+02
1.284600000000000080e+02 1.282199999999999989e+02 1.269200000000000017e+02
1.284600000000000080e+02 1.282199999999999989e+02 1.269200000000000017e+02
1.284600000000000080e+02 1.282199999999999989e+02 1.269200000000000017e+02
1.284600000000000080e+02 1.282199999999999989e+02 1.269200000000000017e+02
1.284600000000000080e+02 1.282199999999999989e+02 1.269200000000000017e+02
1.284600000000000080e+02 1.282199999999999989e+02 1.269200000000000017e+02
1.284600000000000080e+02 1.282199999999999989e+02 1.269200000000000017e+02
1.284600000000000080e+02 1.282199999999999989e+02 1.269200000000000017e+02
1.284600000000000080e+02 1.282199999999999989e+02 1.269200000000000017e+02
1.284600000000000080e+02 1.282199999999999989e+02 1.269200000000000017e+02
1.284600000000000080e+02 1.282199999999999989e+02 1.269200000000000017e+02
1.284600000000000080e+02 1.282199999999999989e+02 1.269200000000000017e+02
1.284600000000000080e+02 1.282199999999999989e+02 1.269200000000000017e+02
1.284600000000000080e+02 1.282199999999999989e+02 1.269200000000000017e+02
1.284600000000000080e+02 1.282199999999999989e+02 1.269200000000000017e+02
1.284600000000000080e+02 1.282199999999999989e+02 1.269200000000000017e+02
1.284600000000000080e+02 1.282199999999999989e+02 1.269200000000000017e+02
1.284600000000000080e+02 1.282199999999999989e+02 1.269200000000000017e+02
1.284600000000000080e+02 1.282199999999999989e+02 1.269200000000000017e+02
1.284600000000000080e+02 1.282199999999999989e+02 1.269200000000000017e+02
1.284600000000000080e+02 1.282199999999999989e+02 1.269200000000000017e+02
1.284600000000000080e+02 1.282199999999999989e+02 1.269200000000000017e+02
1.284600000000000080e+02 1.282199999999999989e+02 1.269200000000000017e+02
1.284600000000000080e+02 1.282199999999999989e+02 1.269200000000000017e+02
1.284600000000000080e+02 1.282199999999999989e+02 1.269200000000000017e+02
1.284600000000000080e+02 1.282199999999999989e+02 1.269200000000000017e+02
1.284600000000000080e+02 1.282199999999999989e+02 1.269200000000000017e+02
1.284600000000000080e+02 1.282199999999999989e+02 1.269200000000000017e+02
1.284600000000000080e+02 1.282199999999999989e+02 1.269200000000000017e+02
1.284600000000000080e+02 1.282199999999999989e+02 1.269200000000000017e+02
1.284600000000000080e+02 1.282199999999999989e+02 1.269200000000000017e+02
1.284600000000000080e+02 1.282199999999999989e+02 1.269200000000000017e+02
1.284600000000000080e+02 1.282199999999999989e+02 1.269200000000000017e+02
1.284600000000000080e+02 1.282199999999999989e+02 1.269200000000000017e+02
1.284600000000000080e+02 1.282199999999999989e+02 1.269200000000000017e+02
1.284600000000000080e+02 1.282199999999999989e+02 1.269200000000000017e+02
1.284600000000000080e+02 1.282199999999999989e+02 1.269200000000000017e+02
1.284600000000000080e+02 1.282199999999999989e+02 1.269200000000000017e+02
1.284600000000000080e+02 1.282199999999999989e+02 1.269200000000000017e+02
1.284600000000000080e+02 1.282199999999999989e+02 1.269200000000000017e+02
1.284600000000000080e+02 1.282199999999999989e+02 1.269200000000000017e+02
1.284600000000000080e+02 1.282199999999999989e+02 1.269200000000000017e+02
1.284600000000000080e+02 1.282199999999999989e+02 1.269200000000000017e+02
1.284600000000000080e+02 1.282199999999999989e+02 1.269200000000000017e+02
1.284600000000000080e+02 1.282199999999999989e+02 1.269200000000000017e+02
1.284600000000000080e+02 1.282199999999999989e+02 1.269200000000000017e+02
1.284600000000000080e+02 1.282199999999999989e+02 1.269200000000000017e+02
1.284600000000000080e+02 1.282199999999999989e+02 1.269200000000000017e+02
1.284600000000000080e+02 1.282199999999999989e+02 1.269200000000000017e+02
1.284600000000000080e+02 1.282199999999999989e+02 1.269200000000000017e+02
1.284600000000000080e+02 1.282199999999999989e+02 1.269200000000000017e+02
1.284600000000000080e+02 1.282199999999999989e+02 1.269200000000000017e+02
1.284600000000000080e+02 1.282199999999999989e+02 1.269200000000000017e+02
1.284600000000000080e+02 1.282199999999999989e+02 1.269200000000000017e+02
1.284600000000000080e+02 1.282199999999999989e+02 1.269200000000000017e+02
1.284600000000000080e+02 1.282199999999999989e+02 1.269200000000000017e+02
1.284600000000000080e+02 1.282199999999999989e+02 1.269200000000000017e+02
1.284600000000000080e+02 1.282199999999999989e+02 1.269200000000000017e+02
1.284600000000000080e+02 1.282199999999999989e+02 1.269200000000000017e+02
1.284600000000000080e+02 1.282199999999999989e+02 1.269200000000000017e+02
1.284600000000000080e+02 1.282199999999999989e+02 1.269200000000000017e+02
1.284600000000000080e+02 1.282199999999999989e+02 1.269200000000000017e+02
1.284600000000000080e+02 1.282199999999999989e+02 1.269200000000000017e+02
1.284600000000000080e+02 1.282199999999999989e+02 1.269200000000000017e+02
1.284600000000000080e+02 1.282199999999999989e+02 1.269200000000000017e+02
1.284600000000000080e+02 1.282199999999999989e+02 1.269200000000000017e+02
1.284600000000000080e+02 1.282199999999999989e+02 1.269200000000000017e+02
1.284600000000000080e+02 1.282199999999999989e+02 1.269200000000000017e+02
1.284600000000000080e+02 1.282199999999999989e+02 1.269200000000000017e+02
1.284600000000000080e+02 1.282199999999999989e+02 1.269200000000000017e+02
1.284600000000000080e+02 1.282199999999999989e+02 1.269200000000000017e+02
1.284600000000000080e+02 1.282199999999999989e+02 1.269200000000000017e+02
1.284600000000000080e+02 1.282199999999999989e+02 1.269200000000000017e+02
1.284600000000000080e+02 1.282199999999999989e+02 1.269200000000000017e+02
1.284600000000000080e+02 1.282199999999999989e+02 1.269200000000000017e+02
1.284600000000000080e+02 1.282199999999999989e+02 1.269200000000000017e+02
1.284600000000000080e+02 1.282199999999999989e+02 1.269200000000000017e+02
1.284600000000000080e+02 1.282199999999999989e+02 1.269200000000000017e+02
1.284600000000000080e+02 1.282199999999999989e+02 1.269200000000000017e+02
1.284600000000000080e+02 1.282199999999999989e+02 1.269200000000000017e+02
1.284600000000000080e+02 1.282199999999999989e+02 1.269200000000000017e+02
1.284600000000000080e+02 1.282199999999999989e+02 1.269200000000000017e+02
1.284600000000000080e+02 1.282199999999999989e+02 1.269200000000000017e+02
1.284600000000000080e+02 1.282199999999999989e+02 1.269200000000000017e+02
1.284600000000000080e+02 1.282199999999999989e+02 1.269200000000000017e+02
1.284600000000000080e+02 1.282199999999999989e+02 1.269200000000000017e+02
1.284600000000000080e+02 1.282199999999999989e+02 1.269200000000000017e+02
1.284600000000000080e+02 1.282199999999999989e+02 1.269200000000000017e+02
1.284600000000000080e+02 1.282199999999999989e+02 1.269200000000000017e+02
1.284600000000000080e+02 1.282199999999999989e+02 1.269200000000000017e+02
1.284600000000000080e+02 1.282199999999999989e+02 1.269200000000000017e+02
1.284600000000000080e+02 1.282199999999999989e+02 1.269200000000000017e+02
1.284600000000000080e+02 1.282199999999999989e+02 1.269200000000000017e+02
1.284600000000000080e+02 1.282199999999999989e+02 1.269200000000000017e+02
1.284600000000000080e+02 1.282199999999999989e+02 1.269200000000000017e+02
1.284600000000000080e+02 1.282199999999999989e+02 1.269200000000000017e+02
1.284600000000000080e+02 1.282199999999999989e+02 1.269200000000000017e+02
1.284600000000000080e+02 1.282199999999999989e+02 1.269200000000000017e+02
1.284600000000000080e+02 1.282199999999999989e+02 1.269200000000000017e+02
1.284600000000000080e+02 1.282199999999999989e+02 1.269200000000000017e+02
1.284600000000000080e+02 1.282199999999999989e+02 1.269200000000000017e+02
1.284600000000000080e+02 1.282199999999999989e+02 1.269200000000000017e+02
1.284600000000000080e+02 1.282199999999999989e+02 1.269200000000000017e+02
1.284600000000000080e+02 1.282199999999999989e+02 1.269200000000000017e+02
1.284600000000000080e+02 1.282199999999999989e+02 1.269200000000000017e+02
1.284600000000000080e+02 1.282199999999999989e+02 1.269200000000000017e+02
1.284600000000000080e+02 1.282199999999999989e+02 1.269200000000000017e+02
1.284600000000000080e+02 1.282199999999999989e+02 1.269200000000000017e+02
1.284600000000000080e+02 1.282199999999999989e+02 1.269200000000000017e+02
1.284600000000000080e+02 1.282199999999999989e+02 1.269200000000000017e+02
1.284600000000000080e+02 1.282199999999999989e+02 1.269200000000000017e+02
1.284600000000000080e+02 1.282199999999999989e+02 1.269200000000000017e+02
1.284600000000000080e+02 1.282199999999999989e+02 1.269200000000000017e+02
1.284600000000000080e+02 1.282199999999999989e+02 1.269200000000000017e+02
1.284600000000000080e+02 1.282199999999999989e+02 1.269200000000000017e+02
1.284600000000000080e+02 1.282199999999999989e+02 1.269200000000000017e+02
1.284600000000000080e+02 1.282199999999999989e+02 1.269200000000000017e+02
1.284600000000000080e+02 1.282199999999999989e+02 1.269200000000000017e+02
1.284600000000000080e+02 1.282199999999999989e+02 1.269200000000000017e+02
1.284600000000000080e+02 1.282199999999999989e+02 1.269200000000000017e+02
1.284600000000000080e+02 1.282199999999999989e+02 1.269200000000000017e+02
1.284600000000000080e+02 1.282199999999999989e+02 1.269200000000000017e+02
1.284600000000000080e+02 1.282199999999999989e+02 1.269200000000000017e+02
1.284600000000000080e+02 1.282199999999999989e+02 1.269200000000000017e+02
1.284600000000000080e+02 1.282199999999999989e+02 1.269200000000000017e+02
1.284600000000000080e+02 1.282199999999999989e+02 1.269200000000000017e+02
1.284600000000000080e+02 1.282199999999999989e+02 1.269200000000000017e+02
1.284600000000000080e+02 1.282199999999999989e+02 1.269200000000000017e+02
1.284600000000000080e+02 1.282199999999999989e+02 1.269200000000000017e+02
1.284600000000000080e+02 1.282199999999999989e+02 1.269200000000000017e+02
1.284600000000000080e+02 1.282199999999999989e+02 1.269200000000000017e+02
1.284600000000000080e+02 1.282199999999999989e+02 1.269200000000000017e+02
1.284600000000000080e+02 1.282199999999999989e+02 1.269200000000000017e+02
1.284600000000000080e+02 1.282199999999999989e+02 1.269200000000000017e+02
1.284600000000000080e+02 1.282199999999999989e+02 1.269200000000000017e+02
1.284600000000000080e+02 1.282199999999999989e+02 1.269200000000000017e+02
1.284600000000000080e+02 1.282199999999999989e+02 1.269200000000000017e+02
1.284600000000000080e+02 1.282199999999999989e+02 1.269200000000000017e+02
1.284600000000000080e+02 1.282199999999999989e+02 1.269200000000000017e+02
1.284600000000000080e+02 1.282199999999999989e+02 1.269200000000000017e+02
1.284600000000000080e+02 1.282199999999999989e+02 1.269200000000000017e+02
1.284600000000000080e+02 1.282199999999999989e+02 1.269200000000000017e+02
1.284600000000000080e+02 1.282199999999999989e+02 1.269200000000000017e+02
1.284600000000000080e+02 1.282199999999999989e+02 1.269200000000000017e+02
1.284600000000000080e+02 1.282199999999999989e+02 1.269200000000000017e+02
1.284600000000000080e+02 1.282199999999999989e+02 1.269200000000000017e+02
1.284600000000000080e+02 1.282199999999999989e+02 1.269200000000000017e+02
1.284600000000000080e+02 1.282199999999999989e+02 1.269200000000000017e+02
1.284600000000000080e+02 1.282199999999999989e+02 1.269200000000000017e+02
1.284600000000000080e+02 1.282199999999999989e+02 1.269200000000000017e+02
1.284600000000000080e+02 1.282199999999999989e+02 1.269200000000000017e+02
1.284600000000000080e+02 1.282199999999999989e+02 1.269200000000000017e+02
1.284600000000000080e+02 1.282199999999999989e+02 1.269200000000000017e+02
1.284600000000000080e+02 1.282199999999999989e+02 1.269200000000000017e+02
1.284600000000000080e+02 1.282199999999999989e+02 1.269200000000000017e+02
1.284600000000000080e+02 1.282199999999999989e+02 1.269200000000000017e+02
