1.296078431372548891e+02 1.282941176470588118e+02 1.279411764705882320e+02
1.291543624161073751e+02 1.285302013422818845e+02 1.277651006711409423e+02
1.290860927152317856e+02 1.285827814569536542e+02 1.278476821192053023e+02
1.296133333333333439e+02 1.288333333333333428e+02 1.275133333333333354e+02
1.301168831168831161e+02 1.292987012987013031e+02 1.278701298701298725e+02
1.301733333333333462e+02 1.294533333333333474e+02 1.281733333333333462e+02
1.299466666666666583e+02 1.297266666666666595e+02 1.279000000000000057e+02
1.301578947368421098e+02 1.296381578947368496e+02 1.282039473684210407e+02
1.301200000000000045e+02 1.302199999999999989e+02 1.282599999999999909e+02
1.296821192052980223e+02 1.306887417218543135e+02 1.281721854304635713e+02
1.301883116883116998e+02 1.307662337662337677e+02 1.277207792207792210e+02
1.304533333333333474e+02 1.305933333333333337e+02 1.280600000000000023e+02
1.300335570469798654e+02 1.306644295302013461e+02 1.280939597315436345e+02
1.300399999999999920e+02 1.306200000000000045e+02 1.284133333333333269e+02
1.299733333333333292e+02 1.300999999999999943e+02 1.289799999999999898e+02
1.293046357615893953e+02 1.302384105960264833e+02 1.292384105960264833e+02
1.294066666666666663e+02 1.302533333333333303e+02 1.291800000000000068e+02
1.289799999999999898e+02 1.305133333333333212e+02 1.290866666666666731e+02
1.288552631578947398e+02 1.303157894736842195e+02 1.290657894736842195e+02
1.284172185430463458e+02 1.304172185430463458e+02 1.290132450331125824e+02
1.284285714285714164e+02 1.307207792207792068e+02 1.293571428571428612e+02
1.285000000000000000e+02 1.309666666666666686e+02 1.300466666666666526e+02
1.285399999999999920e+02 1.308000000000000114e+02 1.303466666666666640e+02
1.282400000000000091e+02 1.309333333333333371e+02 1.306333333333333258e+02
1.281118421052631504e+02 1.306907894736842195e+02 1.308157894736842195e+02
1.278986486486486456e+02 1.306351351351351298e+02 1.306418918918919019e+02
1.280261437908496873e+02 1.306274509803921546e+02 1.312549019607843093e+02
1.278525641025641022e+02 1.302884615384615472e+02 1.314102564102564088e+02
1.278543046357615935e+02 1.304966887417218402e+02 1.316158940397351103e+02
1.277922077922077904e+02 1.302012987012986969e+02 1.317142857142857224e+02
1.274466666666666725e+02 1.298799999999999955e+02 1.317599999999999909e+02
1.275533333333333275e+02 1.297333333333333201e+02 1.318066666666666720e+02
1.274399999999999977e+02 1.296066666666666549e+02 1.316733333333333462e+02
1.274039735099337776e+02 1.293708609271523073e+02 1.319271523178807968e+02
1.272214765100671201e+02 1.290067114093959617e+02 1.318657718120805384e+02
1.270999999999999943e+02 1.292133333333333383e+02 1.318600000000000136e+02
1.270134228187919518e+02 1.293020134228187885e+02 1.317718120805369040e+02
1.264399999999999977e+02 1.292599999999999909e+02 1.318866666666666561e+02
1.262999999999999972e+02 1.291133333333333439e+02 1.320733333333333235e+02
1.261666666666666714e+02 1.288600000000000136e+02 1.324600000000000080e+02
1.260671140939597308e+02 1.274295302013422884e+02 1.324362416107382501e+02
1.260588235294117680e+02 1.270915032679738630e+02 1.328104575163398806e+02
1.261013513513513544e+02 1.271013513513513544e+02 1.328445945945945823e+02
1.262828947368421098e+02 1.266184210526315752e+02 1.330789473684210407e+02
1.260933333333333337e+02 1.268333333333333286e+02 1.327400000000000091e+02
1.258933333333333309e+02 1.266333333333333400e+02 1.327133333333333383e+02
1.257171052631578902e+02 1.268947368421052602e+02 1.329144736842105203e+02
1.257152317880794641e+02 1.264569536423841072e+02 1.336026490066225278e+02
1.248918918918918877e+02 1.263108108108108070e+02 1.335135135135135158e+02
1.241466666666666612e+02 1.260999999999999943e+02 1.340266666666666708e+02
1.236556291390728433e+02 1.259867549668874176e+02 1.341721854304635713e+02
1.231118421052631646e+02 1.259144736842105203e+02 1.340526315789473699e+02
1.226933333333333280e+02 1.258400000000000034e+02 1.338333333333333428e+02
1.226556291390728433e+02 1.258344370860927199e+02 1.339735099337748352e+02
1.222885906040268509e+02 1.255771812080536876e+02 1.337315436241610769e+02
1.218552631578947398e+02 1.257697368421052602e+02 1.339144736842105203e+02
1.217905405405405475e+02 1.258513513513513544e+02 1.339256756756756772e+02
1.213921568627450966e+02 1.258562091503267908e+02 1.333267973856209210e+02
1.216241610738255048e+02 1.256845637583892596e+02 1.333557046979865675e+02
1.214934210526315752e+02 1.253421052631578902e+02 1.337894736842105203e+02
1.216423841059602609e+02 1.249536423841059616e+02 1.336556291390728575e+02
1.217666666666666657e+02 1.249266666666666623e+02 1.335600000000000023e+02
1.217315436241610769e+02 1.247382550335570528e+02 1.339932885906040383e+02
1.220596026490066208e+02 1.245496688741721840e+02 1.335629139072847806e+02
1.219271523178807968e+02 1.249403973509933792e+02 1.334370860927152194e+02
1.214276315789473699e+02 1.246842105263157947e+02 1.330460526315789593e+02
1.212466666666666697e+02 1.248066666666666720e+02 1.326599999999999966e+02
1.215298013245033104e+02 1.250794701986754944e+02 1.329271523178807968e+02
1.212133333333333383e+02 1.252933333333333366e+02 1.326066666666666549e+02
1.209205298013245056e+02 1.255695364238410576e+02 1.326423841059602751e+02
1.206556291390728433e+02 1.255364238410596016e+02 1.325960264900662366e+02
1.203245033112582831e+02 1.253443708609271567e+02 1.329205298013245056e+02
1.201946308724832164e+02 1.255234899328859086e+02 1.327248322147650867e+02
1.198874172185430496e+02 1.257152317880794641e+02 1.331788079470198625e+02
1.202368421052631646e+02 1.256447368421052602e+02 1.334539473684210407e+02
1.196052631578947398e+02 1.260000000000000000e+02 1.334144736842105203e+02
1.191543624161073893e+02 1.262348993288590577e+02 1.334026845637583847e+02
1.185066666666666606e+02 1.266866666666666674e+02 1.332533333333333303e+02
1.180592105263157947e+02 1.265526315789473699e+02 1.328486842105263293e+02
1.181800000000000068e+02 1.268266666666666680e+02 1.329600000000000080e+02
1.178410596026490111e+02 1.268609271523178847e+02 1.331059602649006592e+02
1.175496688741721840e+02 1.267549668874172255e+02 1.332980132450331041e+02
1.175657894736842053e+02 1.268618421052631646e+02 1.338684210526315894e+02
1.178289473684210549e+02 1.272171052631578902e+02 1.335592105263157805e+02
1.173571428571428612e+02 1.274545454545454533e+02 1.338571428571428612e+02
1.170197368421052602e+02 1.271513157894736850e+02 1.337105263157894797e+02
1.169261744966442933e+02 1.269395973154362451e+02 1.336577181208053560e+02
1.169205298013245056e+02 1.271059602649006592e+02 1.339801324503311264e+02
1.167133333333333383e+02 1.270600000000000023e+02 1.340399999999999920e+02
1.166622516556291345e+02 1.273907284768211952e+02 1.345894039735099454e+02
1.164509803921568647e+02 1.276666666666666714e+02 1.353071895424836555e+02
1.158933333333333309e+02 1.275333333333333314e+02 1.351999999999999886e+02
1.158636363636363598e+02 1.280714285714285836e+02 1.355584415584415581e+02
1.152847682119205359e+02 1.278609271523178847e+02 1.356887417218543135e+02
1.150733333333333377e+02 1.283400000000000034e+02 1.356733333333333462e+02
1.149802631578947398e+02 1.281250000000000000e+02 1.353815789473684106e+02
1.148476821192053023e+02 1.277947019867549727e+02 1.353046357615893953e+02
1.148807947019867584e+02 1.278807947019867584e+02 1.352582781456953569e+02
1.149403973509933792e+02 1.277880794701986815e+02 1.355033112582781598e+02
1.149933333333333394e+02 1.274800000000000040e+02 1.356399999999999864e+02
1.151208053691275097e+02 1.275033557046979809e+02 1.355973154362416153e+02
1.151073825503355721e+02 1.275234899328859086e+02 1.358657718120805384e+02
1.151176470588235361e+02 1.274117647058823479e+02 1.358888888888888857e+02
1.152317880794701921e+02 1.273708609271523216e+02 1.359933774834437088e+02
1.152715231788079535e+02 1.273642384105960303e+02 1.362450331125827745e+02
1.150131578947368354e+02 1.275065789473684248e+02 1.363486842105263293e+02
1.147748344370860991e+02 1.266953642384105905e+02 1.363973509933774722e+02
1.145695364238410576e+02 1.267218543046357553e+02 1.365827814569536542e+02
1.146556291390728433e+02 1.264635761589403984e+02 1.363178807947019777e+02
1.145133333333333354e+02 1.261400000000000006e+02 1.364266666666666765e+02
1.146066666666666691e+02 1.254133333333333269e+02 1.367066666666666777e+02
1.145430463576158928e+02 1.251721854304635713e+02 1.368211920529801375e+02
1.147581699346405202e+02 1.246732026143790790e+02 1.365620915032679648e+02
1.149733333333333292e+02 1.243799999999999955e+02 1.364866666666666788e+02
1.146711409395973220e+02 1.239664429530201346e+02 1.365234899328858944e+02
1.140261437908496731e+02 1.238758169934640563e+02 1.367777777777777715e+02
1.138807947019867584e+02 1.234172185430463600e+02 1.371854304635761537e+02
1.142600000000000051e+02 1.231333333333333400e+02 1.375066666666666606e+02
1.140671140939597308e+02 1.232080536912751683e+02 1.377181208053691250e+02
1.141812080536912788e+02 1.226375838926174566e+02 1.375369127516778462e+02
1.142199999999999989e+02 1.218733333333333348e+02 1.371933333333333280e+02
1.134697986577181155e+02 1.214228187919463124e+02 1.372147651006711442e+02
1.137567567567567579e+02 1.211351351351351298e+02 1.367229729729729684e+02
1.133221476510067163e+02 1.214228187919463124e+02 1.363422818791946440e+02
1.136291390728476784e+02 1.216225165562913872e+02 1.359735099337748352e+02
1.134093959731543606e+02 1.216644295302013461e+02 1.357583892617449806e+02
1.131578947368421098e+02 1.214802631578947398e+02 1.354407894736842195e+02
1.132000000000000028e+02 1.213666666666666600e+02 1.352466666666666697e+02
1.130000000000000000e+02 1.216315789473684248e+02 1.349934210526315894e+02
1.133733333333333348e+02 1.217866666666666617e+02 1.349333333333333371e+02
1.137718120805369182e+02 1.218523489932885866e+02 1.353422818791946440e+02
1.143202614379084991e+02 1.220784313725490193e+02 1.353267973856209210e+02
1.140933333333333337e+02 1.222399999999999949e+02 1.352800000000000011e+02
1.141960784313725554e+02 1.223137254901960773e+02 1.351633986928104605e+02
1.141118421052631646e+02 1.220263157894736850e+02 1.349605263157894797e+02
1.140400000000000063e+02 1.218933333333333309e+02 1.354000000000000057e+02
1.143112582781457007e+02 1.214172185430463600e+02 1.355827814569536542e+02
1.142266666666666737e+02 1.212000000000000028e+02 1.355999999999999943e+02
1.148133333333333326e+02 1.212600000000000051e+02 1.355066666666666606e+02
1.156283783783783718e+02 1.207702702702702737e+02 1.356418918918919019e+02
1.158933333333333309e+02 1.211733333333333320e+02 1.358000000000000114e+02
1.161125827814569504e+02 1.211920529801324449e+02 1.359668874172185440e+02
1.162399999999999949e+02 1.213933333333333309e+02 1.360066666666666606e+02
1.165894039735099312e+02 1.212119205298013185e+02 1.357086092715231871e+02
1.167058823529411740e+02 1.212679738562091529e+02 1.358104575163398806e+02
1.167417218543046289e+02 1.211258278145695328e+02 1.358278145695364287e+02
1.166666666666666714e+02 1.214933333333333394e+02 1.361999999999999886e+02
1.165294117647058840e+02 1.214705882352941160e+02 1.358692810457516202e+02
1.168039215686274446e+02 1.215686274509803866e+02 1.355098039215686185e+02
1.173576158940397391e+02 1.216953642384105905e+02 1.354039735099337634e+02
1.176400000000000006e+02 1.211666666666666714e+02 1.350000000000000000e+02
1.180993377483443680e+02 1.216158940397350960e+02 1.346158940397351103e+02
1.181866666666666674e+02 1.219866666666666646e+02 1.343466666666666640e+02
1.182156862745098067e+02 1.220000000000000000e+02 1.347058823529411882e+02
1.185266666666666708e+02 1.221066666666666691e+02 1.345000000000000000e+02
1.187432432432432421e+02 1.220608108108108070e+02 1.340810810810810949e+02
1.188543046357615935e+02 1.223178807947019919e+02 1.346887417218543135e+02
1.191866666666666674e+02 1.222533333333333303e+02 1.341133333333333439e+02
1.192913907284768271e+02 1.219602649006622528e+02 1.344966887417218402e+02
1.189127516778523557e+02 1.219932885906040241e+02 1.341812080536912788e+02
1.183199999999999932e+02 1.220933333333333337e+02 1.340000000000000000e+02
1.182500000000000000e+02 1.222894736842105203e+02 1.336644736842105203e+02
1.183708609271523216e+02 1.225562913907284752e+02 1.340198675496688736e+02
1.184605263157894797e+02 1.226907894736842053e+02 1.335065789473684106e+02
1.181315789473684248e+02 1.230921052631578902e+02 1.337368421052631504e+02
1.175533333333333275e+02 1.236666666666666714e+02 1.337333333333333201e+02
1.172565789473684248e+02 1.240723684210526301e+02 1.333618421052631504e+02
1.173815789473684248e+02 1.245394736842105203e+02 1.329144736842105203e+02
1.173377483443708655e+02 1.244304635761589424e+02 1.329867549668874176e+02
1.174966887417218544e+02 1.243311258278145743e+02 1.334900662251655490e+02
1.175921052631578902e+02 1.249407894736842053e+02 1.333684210526315894e+02
1.179463087248322211e+02 1.250872483221476443e+02 1.335570469798657598e+02
1.180197368421052602e+02 1.249407894736842053e+02 1.336052631578947398e+02
1.177702702702702737e+02 1.248310810810810807e+02 1.337229729729729684e+02
1.175844155844155807e+02 1.248896103896103966e+02 1.340909090909090935e+02
1.178733333333333348e+02 1.247266666666666737e+02 1.337933333333333223e+02
1.176778523489932837e+02 1.244563758389261778e+02 1.337583892617449806e+02
1.180454545454545467e+02 1.244675324675324646e+02 1.337467532467532578e+02
1.186357615894039697e+02 1.245960264900662224e+02 1.340000000000000000e+02
1.190666666666666629e+02 1.246599999999999966e+02 1.341399999999999864e+02
1.196510067114093943e+02 1.247852348993288558e+02 1.341342281879194616e+02
1.203221476510067163e+02 1.242013422818791923e+02 1.342751677852349133e+02
1.202885906040268509e+02 1.240134228187919518e+02 1.340000000000000000e+02
1.202913907284768271e+02 1.237880794701986815e+02 1.341390728476821153e+02
1.205751633986928084e+02 1.235098039215686327e+02 1.337647058823529278e+02
1.207894736842105203e+02 1.232500000000000000e+02 1.334473684210526301e+02
1.210849673202614412e+02 1.234052287581699403e+02 1.339281045751633883e+02
1.215165562913907280e+02 1.230397350993377472e+02 1.337350993377483519e+02
1.215231788079470192e+02 1.230662251655629120e+02 1.340264900662251648e+02
1.220258064516129082e+02 1.226903225806451587e+02 1.346258064516129025e+02
1.224503311258278160e+02 1.228079470198675551e+02 1.347947019867549727e+02
1.223594771241830017e+02 1.225686274509803866e+02 1.345751633986928084e+02
1.218116883116883145e+02 1.226493506493506516e+02 1.344025974025973937e+02
1.219066666666666663e+02 1.229399999999999977e+02 1.341399999999999864e+02
1.220662251655629120e+02 1.222980132450331183e+02 1.337880794701986815e+02
1.221133333333333297e+02 1.223133333333333326e+02 1.336466666666666754e+02
1.226066666666666691e+02 1.220533333333333275e+02 1.335866666666666731e+02
1.227999999999999972e+02 1.222838709677419331e+02 1.335225806451612982e+02
1.230666666666666629e+02 1.217800000000000011e+02 1.337666666666666799e+02
1.230657894736842053e+02 1.213421052631578902e+02 1.329473684210526301e+02
1.231842105263157947e+02 1.214868421052631646e+02 1.332565789473684106e+02
1.237000000000000028e+02 1.220666666666666629e+02 1.332800000000000011e+02
1.244093959731543606e+02 1.218791946308724903e+02 1.327718120805369040e+02
1.242368421052631646e+02 1.220131578947368354e+02 1.324210526315789593e+02
1.243178807947019919e+02 1.221324503311258241e+02 1.324105960264900546e+02
1.243377483443708655e+02 1.221192052980132416e+02 1.320264900662251648e+02
1.243486842105263150e+02 1.218618421052631646e+02 1.319078947368421098e+02
1.247333333333333343e+02 1.216866666666666674e+02 1.319000000000000057e+02
1.249399999999999977e+02 1.215133333333333354e+02 1.315399999999999920e+02
1.251920529801324449e+02 1.212317880794701921e+02 1.311721854304635713e+02
1.250974025974025921e+02 1.211493506493506516e+02 1.307597402597402549e+02
1.249019607843137294e+02 1.207973856209150370e+02 1.305751633986928084e+02
1.253267973856209210e+02 1.210457516339869244e+02 1.306013071895424957e+02
1.254866666666666646e+02 1.207399999999999949e+02 1.309133333333333269e+02
1.252091503267973849e+02 1.204640522875816941e+02 1.311633986928104605e+02
1.251543624161073893e+02 1.204832214765100673e+02 1.307315436241610769e+02
1.255364238410596016e+02 1.208410596026490111e+02 1.302649006622516481e+02
1.255424836601307135e+02 1.210849673202614412e+02 1.302549019607843093e+02
1.258456375838926107e+02 1.214429530201342260e+02 1.299395973154362309e+02
1.257248322147651010e+02 1.211610738255033510e+02 1.294630872483221538e+02
1.255430463576158928e+02 1.211059602649006592e+02 1.293178807947019777e+02
1.255733333333333377e+02 1.211333333333333400e+02 1.288533333333333246e+02
1.260064935064935128e+02 1.207662337662337677e+02 1.285779220779220680e+02
1.265933333333333337e+02 1.206133333333333297e+02 1.285533333333333417e+02
1.264238410596026512e+02 1.206556291390728433e+02 1.289933774834437088e+02
1.263790849673202672e+02 1.204444444444444429e+02 1.289215686274509665e+02
1.263464052287581723e+02 1.203594771241830017e+02 1.289542483660130756e+02
1.262185430463576097e+02 1.206423841059602609e+02 1.295629139072847806e+02
1.262847682119205359e+02 1.200463576158940384e+02 1.294966887417218402e+02
1.264228187919463124e+02 1.195167785234899327e+02 1.295906040268456252e+02
1.258355263157894797e+02 1.189605263157894797e+02 1.296842105263157805e+02
1.259019607843137294e+02 1.189281045751634025e+02 1.300065359477124218e+02
1.258013245033112639e+02 1.186622516556291345e+02 1.302516556291390657e+02
1.262012987012986969e+02 1.187987012987013031e+02 1.303961038961039094e+02
1.262666666666666657e+02 1.190133333333333354e+02 1.306333333333333258e+02
1.255999999999999943e+02 1.186599999999999966e+02 1.308666666666666742e+02
1.253066666666666720e+02 1.182666666666666657e+02 1.310000000000000000e+02
1.248169934640522882e+02 1.179150326797385588e+02 1.312156862745098067e+02
1.245294117647058840e+02 1.176666666666666714e+02 1.316535947712418420e+02
1.244832214765100673e+02 1.170268456375838895e+02 1.320469798657718172e+02
1.246375838926174566e+02 1.168187919463087212e+02 1.316510067114093943e+02
1.246842105263157947e+02 1.163223684210526301e+02 1.314934210526315894e+02
1.247218543046357553e+02 1.162516556291390799e+02 1.316887417218543135e+02
1.246666666666666714e+02 1.161599999999999966e+02 1.312666666666666799e+02
1.247763157894736850e+02 1.163026315789473699e+02 1.312171052631578902e+02
1.248079470198675551e+02 1.159536423841059616e+02 1.314370860927152194e+02
1.244666666666666686e+02 1.161533333333333360e+02 1.312866666666666617e+02
1.243866666666666703e+02 1.158733333333333348e+02 1.310066666666666606e+02
1.242800000000000011e+02 1.160533333333333275e+02 1.311800000000000068e+02
1.238333333333333286e+02 1.163266666666666680e+02 1.310133333333333212e+02
1.238466666666666640e+02 1.160999999999999943e+02 1.311999999999999886e+02
1.234671052631578902e+02 1.163289473684210549e+02 1.316447368421052602e+02
1.235298013245033104e+02 1.160463576158940384e+02 1.317814569536423903e+02
1.234133333333333269e+02 1.161533333333333360e+02 1.321599999999999966e+02
1.231866666666666674e+02 1.159866666666666646e+02 1.321800000000000068e+02
1.226400000000000006e+02 1.156333333333333400e+02 1.326333333333333258e+02
1.220392156862745168e+02 1.156143790849673252e+02 1.326470588235294201e+02
1.212733333333333263e+02 1.159133333333333269e+02 1.331266666666666652e+02
1.215570469798657740e+02 1.158389261744966490e+02 1.334832214765100673e+02
1.218026315789473699e+02 1.155394736842105203e+02 1.334671052631578902e+02
1.220000000000000000e+02 1.150662251655629120e+02 1.333774834437085985e+02
1.222133333333333383e+02 1.149133333333333269e+02 1.333400000000000034e+02
1.221073825503355721e+02 1.148187919463087212e+02 1.336308724832214807e+02
1.223815789473684248e+02 1.146842105263157947e+02 1.341315789473684106e+02
1.222199999999999989e+02 1.151266666666666652e+02 1.337333333333333201e+02
1.218926174496644279e+02 1.152751677852348990e+02 1.338523489932885866e+02
1.216688741721854257e+02 1.150000000000000000e+02 1.339801324503311264e+02
1.214630872483221538e+02 1.149664429530201346e+02 1.335167785234899327e+02
1.213486842105263150e+02 1.150657894736842053e+02 1.333289473684210407e+02
1.210331125827814560e+02 1.148741721854304672e+02 1.333311258278145601e+02
1.211066666666666691e+02 1.149333333333333371e+02 1.335600000000000023e+02
1.208874172185430496e+02 1.153178807947019919e+02 1.336622516556291487e+02
1.212236842105263150e+02 1.152828947368421098e+02 1.342434210526315894e+02
1.209533333333333331e+02 1.152800000000000011e+02 1.345800000000000125e+02
1.209668874172185440e+02 1.152384105960264833e+02 1.346357615894039839e+02
1.204802631578947398e+02 1.154210526315789451e+02 1.353026315789473699e+02
1.204105960264900688e+02 1.152251655629139009e+02 1.356423841059602751e+02
1.202333333333333343e+02 1.151333333333333400e+02 1.362066666666666777e+02
1.199735099337748352e+02 1.156556291390728433e+02 1.365298013245033246e+02
1.202582781456953711e+02 1.156622516556291345e+02 1.367218543046357695e+02
1.199536423841059616e+02 1.158543046357615935e+02 1.371059602649006592e+02
1.200872483221476443e+02 1.161140939597315480e+02 1.369328859060402692e+02
1.202199999999999989e+02 1.164599999999999937e+02 1.369733333333333292e+02
1.199536423841059616e+02 1.164039735099337776e+02 1.373708609271523073e+02
1.199803921568627487e+02 1.162287581699346362e+02 1.375490196078431495e+02
1.199671052631578902e+02 1.164736842105263150e+02 1.374934210526315894e+02
1.200723684210526301e+02 1.163092105263157947e+02 1.378223684210526301e+02
1.202317880794701921e+02 1.161390728476821153e+02 1.383046357615893953e+02
1.205570469798657740e+02 1.160335570469798654e+02 1.386510067114093943e+02
1.202733333333333263e+02 1.159266666666666623e+02 1.385800000000000125e+02
1.201933333333333280e+02 1.155266666666666708e+02 1.388466666666666640e+02
1.201266666666666652e+02 1.160466666666666669e+02 1.393533333333333246e+02
1.198866666666666703e+02 1.161666666666666714e+02 1.395666666666666629e+02
1.199407894736842053e+02 1.165592105263157947e+02 1.388750000000000000e+02
1.204066666666666663e+02 1.169733333333333292e+02 1.390999999999999943e+02
1.206339869281045765e+02 1.169607843137254832e+02 1.391699346405228823e+02
1.202980132450331183e+02 1.174039735099337776e+02 1.393576158940397249e+02
1.199597315436241587e+02 1.173959731543624230e+02 1.389865771812080482e+02
1.190921052631578902e+02 1.173355263157894797e+02 1.391052631578947398e+02
1.184733333333333292e+02 1.170533333333333275e+02 1.391133333333333439e+02
1.180000000000000000e+02 1.171895424836601336e+02 1.391241830065359579e+02
1.179933774834437088e+02 1.174900662251655632e+02 1.389801324503311264e+02
1.180794701986754944e+02 1.173178807947019919e+02 1.392980132450331041e+02
1.176953642384105905e+02 1.169006622516556320e+02 1.387880794701986815e+02
1.178599999999999994e+02 1.170600000000000023e+02 1.380399999999999920e+02
1.175533333333333275e+02 1.170066666666666606e+02 1.375000000000000000e+02
1.175000000000000000e+02 1.172866666666666617e+02 1.366599999999999966e+02
1.172066666666666634e+02 1.175266666666666708e+02 1.363000000000000114e+02
1.171342281879194616e+02 1.174161073825503365e+02 1.364563758389261636e+02
1.172450331125827745e+02 1.179271523178807968e+02 1.363311258278145601e+02
1.170993377483443680e+02 1.186158940397350960e+02 1.361721854304635713e+02
1.170733333333333377e+02 1.187600000000000051e+02 1.359199999999999875e+02
1.171333333333333400e+02 1.186800000000000068e+02 1.361066666666666549e+02
1.170939597315436203e+02 1.186510067114093943e+02 1.355704697986577116e+02
1.169066666666666663e+02 1.187133333333333383e+02 1.355733333333333235e+02
1.166118421052631646e+02 1.188552631578947398e+02 1.354144736842105203e+02
1.165570469798657740e+02 1.188590604026845625e+02 1.355167785234899327e+02
1.162077922077922096e+02 1.187467532467532436e+02 1.357597402597402549e+02
1.159932885906040241e+02 1.190872483221476443e+02 1.352214765100671059e+02
1.159800000000000040e+02 1.189066666666666663e+02 1.350333333333333314e+02
1.161266666666666652e+02 1.187466666666666697e+02 1.351333333333333258e+02
1.160718954248365975e+02 1.188104575163398664e+02 1.355424836601307277e+02
1.157549668874172255e+02 1.184238410596026512e+02 1.353642384105960161e+02
1.157039473684210549e+02 1.184605263157894797e+02 1.354539473684210407e+02
1.153245033112582831e+02 1.184635761589403984e+02 1.352649006622516481e+02
1.155540540540540491e+02 1.188445945945945965e+02 1.349054054054054177e+02
1.151666666666666714e+02 1.189200000000000017e+02 1.350333333333333314e+02
1.156066666666666691e+02 1.190400000000000063e+02 1.348333333333333428e+02
1.155266666666666708e+02 1.187399999999999949e+02 1.349799999999999898e+02
1.152251655629139009e+02 1.183708609271523216e+02 1.349536423841059616e+02
1.150738255033557067e+02 1.185033557046979809e+02 1.349194630872483174e+02
1.144933333333333394e+02 1.184533333333333331e+02 1.343466666666666640e+02
1.141052631578947398e+02 1.180986842105263150e+02 1.340986842105263293e+02
1.142516556291390799e+02 1.177748344370860991e+02 1.336622516556291487e+02
1.142649006622516623e+02 1.175430463576158928e+02 1.334039735099337634e+02
1.145761589403973488e+02 1.175562913907284752e+02 1.332450331125827745e+02
1.136842105263157947e+02 1.176644736842105203e+02 1.328157894736842195e+02
1.134701986754966896e+02 1.171920529801324449e+02 1.327218543046357695e+02
1.133973509933774864e+02 1.176026490066225136e+02 1.325033112582781598e+02
1.134635761589403984e+02 1.176158940397350960e+02 1.326953642384106047e+02
1.133933333333333309e+02 1.167000000000000028e+02 1.333733333333333348e+02
1.132450331125827745e+02 1.166490066225165521e+02 1.334569536423840930e+02
1.128733333333333348e+02 1.162866666666666617e+02 1.339799999999999898e+02
1.127302631578947398e+02 1.159802631578947398e+02 1.340592105263157805e+02
1.125000000000000000e+02 1.159000000000000057e+02 1.341733333333333462e+02
1.121753246753246742e+02 1.158441558441558499e+02 1.339935064935064872e+02
1.121133333333333297e+02 1.156400000000000006e+02 1.336066666666666549e+02
1.117682119205298079e+02 1.156490066225165521e+02 1.337748344370860991e+02
1.116241610738255048e+02 1.156912751677852356e+02 1.337583892617449806e+02
1.112894736842105203e+02 1.159539473684210549e+02 1.334407894736842195e+02
1.113825503355704711e+02 1.156644295302013461e+02 1.338791946308724903e+02
1.108051948051948017e+02 1.153831168831168839e+02 1.340324675324675354e+02
1.106821192052980081e+02 1.153576158940397391e+02 1.336622516556291487e+02
1.106666666666666714e+02 1.155933333333333337e+02 1.337666666666666799e+02
1.109395973154362451e+02 1.151476510067114134e+02 1.337919463087248459e+02
1.102763157894736850e+02 1.154078947368421098e+02 1.339671052631578902e+02
1.101866666666666674e+02 1.154599999999999937e+02 1.335733333333333235e+02
1.099530201342281828e+02 1.152483221476510096e+02 1.332147651006711442e+02
1.097152317880794641e+02 1.152913907284768271e+02 1.330860927152317856e+02
1.092000000000000028e+02 1.152333333333333343e+02 1.333799999999999955e+02
1.089013157894736850e+02 1.154671052631578902e+02 1.333223684210526301e+02
1.090728476821192032e+02 1.149602649006622528e+02 1.334768211920529666e+02
1.091946308724832164e+02 1.141342281879194616e+02 1.328255033557047113e+02
1.095099337748344368e+02 1.140927152317880768e+02 1.320927152317880768e+02
1.094459459459459509e+02 1.142094594594594525e+02 1.319054054054054177e+02
1.096381578947368354e+02 1.144736842105263150e+02 1.317960526315789593e+02
1.098543046357615935e+02 1.151125827814569504e+02 1.315761589403973630e+02
1.104266666666666623e+02 1.153933333333333309e+02 1.312933333333333223e+02
1.106442953020134183e+02 1.157516778523489904e+02 1.312617449664429614e+02
1.106554054054054035e+02 1.163310810810810807e+02 1.310337837837837753e+02
1.109459459459459509e+02 1.165743243243243228e+02 1.308581081081080981e+02
1.112272727272727337e+02 1.162012987012986969e+02 1.310064935064935128e+02
1.114313725490196134e+02 1.160261437908496731e+02 1.309084967320261512e+02
1.112905405405405475e+02 1.157635135135135158e+02 1.305675675675675791e+02
1.116776315789473699e+02 1.158026315789473699e+02 1.302500000000000000e+02
1.113959731543624230e+02 1.165167785234899327e+02 1.298859060402684520e+02
1.112649006622516623e+02 1.160794701986754944e+02 1.295298013245033246e+02
1.112147651006711442e+02 1.162818791946308750e+02 1.293758389261745094e+02
1.108333333333333286e+02 1.166666666666666714e+02 1.290866666666666731e+02
1.109013157894736850e+02 1.167763157894736850e+02 1.288947368421052602e+02
1.109006622516556320e+02 1.168807947019867584e+02 1.283642384105960161e+02
1.110789473684210549e+02 1.168223684210526301e+02 1.285592105263157805e+02
1.106533333333333360e+02 1.166533333333333360e+02 1.286399999999999864e+02
1.106490066225165521e+02 1.163907284768211952e+02 1.289072847682119232e+02
1.110392156862745168e+02 1.166274509803921546e+02 1.289542483660130756e+02
1.106250000000000000e+02 1.165592105263157947e+02 1.286973684210526301e+02
1.100460526315789451e+02 1.162105263157894797e+02 1.287302631578947398e+02
1.100718954248365975e+02 1.162483660130719016e+02 1.290065359477124218e+02
1.101866666666666674e+02 1.162199999999999989e+02 1.290000000000000000e+02
1.096622516556291345e+02 1.163509933774834479e+02 1.290264900662251648e+02
1.097763157894736850e+02 1.169144736842105203e+02 1.298355263157894797e+02
1.100466666666666669e+02 1.170799999999999983e+02 1.301200000000000045e+02
1.103046357615894095e+02 1.173708609271523216e+02 1.301125827814569504e+02
1.110600000000000023e+02 1.176933333333333280e+02 1.300999999999999943e+02
1.110866666666666731e+02 1.175000000000000000e+02 1.304733333333333292e+02
1.110268456375838895e+02 1.177583892617449663e+02 1.311409395973154233e+02
1.114697986577181155e+02 1.181409395973154375e+02 1.315436241610738364e+02
1.111140939597315480e+02 1.181006711409395962e+02 1.318187919463087212e+02
1.113267973856209210e+02 1.186078431372549034e+02 1.322287581699346504e+02
1.110866666666666731e+02 1.184399999999999977e+02 1.320733333333333235e+02
1.116118421052631646e+02 1.188157894736842053e+02 1.319407894736842195e+02
1.117315436241610769e+02 1.184697986577181155e+02 1.317181208053691250e+02
1.122091503267973849e+02 1.183333333333333286e+02 1.315947712418300739e+02
1.124569536423841072e+02 1.183377483443708655e+02 1.316158940397351103e+02
1.124399999999999977e+02 1.183933333333333309e+02 1.315999999999999943e+02
1.122500000000000000e+02 1.183552631578947398e+02 1.320197368421052602e+02
1.119155844155844193e+02 1.186298701298701275e+02 1.316948051948051841e+02
1.117133333333333383e+02 1.185866666666666731e+02 1.321533333333333360e+02
1.116184210526315752e+02 1.184802631578947398e+02 1.320657894736842195e+02
1.117999999999999972e+02 1.182967741935483872e+02 1.320903225806451644e+02
1.122905405405405475e+02 1.180878378378378386e+02 1.325067567567567437e+02
1.123881578947368354e+02 1.180394736842105203e+02 1.329144736842105203e+02
1.124934210526315752e+02 1.180197368421052602e+02 1.333026315789473699e+02
1.123137254901960773e+02 1.178954248366013076e+02 1.337058823529411882e+02
1.124563758389261778e+02 1.179395973154362451e+02 1.338590604026845767e+02
1.122171052631578902e+02 1.181578947368421098e+02 1.341315789473684106e+02
1.121933333333333280e+02 1.185999999999999943e+02 1.347533333333333303e+02
1.123311258278145743e+02 1.192251655629139009e+02 1.348145695364238463e+02
1.127142857142857082e+02 1.189935064935064872e+02 1.348376623376623513e+02
1.129933774834437088e+02 1.190397350993377472e+02 1.351324503311258241e+02
1.132266666666666737e+02 1.184933333333333394e+02 1.352533333333333303e+02
1.135695364238410576e+02 1.177483443708609201e+02 1.357814569536423903e+02
1.133355263157894797e+02 1.178289473684210549e+02 1.360526315789473699e+02
1.134039735099337776e+02 1.180198675496688736e+02 1.357284768211920607e+02
1.133221476510067163e+02 1.185704697986577116e+02 1.360335570469798654e+02
1.138169934640522882e+02 1.186601307189542496e+02 1.362352941176470722e+02
1.139266666666666623e+02 1.185799999999999983e+02 1.361999999999999886e+02
1.137466666666666697e+02 1.183866666666666703e+02 1.363066666666666720e+02
1.133355263157894797e+02 1.182302631578947398e+02 1.360855263157894797e+02
1.134407894736842053e+02 1.182828947368421098e+02 1.363815789473684106e+02
1.135231788079470192e+02 1.179470198675496704e+02 1.363509933774834337e+02
1.135973154362416153e+02 1.177449664429530145e+02 1.367449664429530287e+02
1.139735099337748352e+02 1.173112582781457007e+02 1.370529801324503296e+02
1.138866666666666703e+02 1.170866666666666731e+02 1.372199999999999989e+02
1.140903225806451644e+02 1.173161290322580612e+02 1.373870967741935374e+02
1.144093959731543606e+02 1.168322147651006730e+02 1.378322147651006730e+02
1.143221476510067163e+02 1.169865771812080624e+02 1.378389261744966348e+02
1.145430463576158928e+02 1.165099337748344368e+02 1.379933774834437088e+02
1.144666666666666686e+02 1.161200000000000045e+02 1.379000000000000057e+02
1.145555555555555571e+02 1.161764705882352899e+02 1.375620915032679648e+02
1.145629139072847664e+02 1.166092715231788048e+02 1.375894039735099454e+02
1.145921052631578902e+02 1.158750000000000000e+02 1.376907894736842195e+02
1.145562913907284752e+02 1.160927152317880768e+02 1.377880794701986815e+02
1.150460526315789451e+02 1.163552631578947398e+02 1.377171052631578902e+02
1.152818791946308750e+02 1.162080536912751683e+02 1.374429530201342402e+02
1.149677419354838719e+02 1.165225806451612840e+02 1.376451612903225907e+02
1.154407894736842053e+02 1.161513157894736850e+02 1.380921052631578902e+02
1.159602649006622528e+02 1.159668874172185440e+02 1.381655629139072801e+02
1.156710526315789451e+02 1.162894736842105203e+02 1.384473684210526301e+02
1.158926174496644279e+02 1.163288590604026780e+02 1.384161073825503365e+02
1.155600000000000023e+02 1.163066666666666720e+02 1.389133333333333269e+02
1.162684563758389231e+02 1.161409395973154375e+02 1.388456375838926249e+02
1.165855263157894797e+02 1.163157894736842053e+02 1.392960526315789593e+02
1.166148648648648702e+02 1.162162162162162105e+02 1.396418918918919019e+02
1.173199999999999932e+02 1.164066666666666663e+02 1.392400000000000091e+02
1.175000000000000000e+02 1.160131578947368354e+02 1.386513157894736707e+02
1.171973684210526301e+02 1.158026315789473699e+02 1.390328947368421098e+02
1.169144736842105203e+02 1.151447368421052602e+02 1.385526315789473699e+02
1.170794701986754944e+02 1.148211920529801375e+02 1.383841059602648897e+02
1.168733333333333348e+02 1.148333333333333286e+02 1.385733333333333235e+02
1.170728476821192032e+02 1.147483443708609201e+02 1.382317880794701921e+02
1.170335570469798654e+02 1.152281879194630818e+02 1.381140939597315480e+02
1.171013513513513544e+02 1.145608108108108070e+02 1.380405405405405475e+02
1.165629139072847664e+02 1.137549668874172255e+02 1.373642384105960161e+02
1.166442953020134183e+02 1.138926174496644279e+02 1.370201342281879135e+02
1.163087248322147644e+02 1.137785234899328799e+02 1.367315436241610769e+02
1.161390728476821153e+02 1.136887417218542993e+02 1.365364238410596158e+02
1.159666666666666686e+02 1.135199999999999960e+02 1.369333333333333371e+02
1.160466666666666669e+02 1.135999999999999943e+02 1.370333333333333314e+02
1.162171052631578902e+02 1.139802631578947398e+02 1.366776315789473699e+02
1.167600000000000051e+02 1.135933333333333337e+02 1.368133333333333326e+02
1.170733333333333377e+02 1.140333333333333314e+02 1.366333333333333258e+02
1.172933333333333366e+02 1.142066666666666634e+02 1.369266666666666765e+02
1.171513157894736850e+02 1.140657894736842053e+02 1.362894736842105203e+02
1.171568627450980387e+02 1.141111111111111143e+02 1.360522875816993462e+02
1.173881578947368354e+02 1.144736842105263150e+02 1.361250000000000000e+02
1.173961038961038952e+02 1.138636363636363598e+02 1.361168831168831161e+02
1.172384105960264833e+02 1.138013245033112639e+02 1.358278145695364287e+02
1.175999999999999943e+02 1.137199999999999989e+02 1.349600000000000080e+02
1.181333333333333400e+02 1.139933333333333394e+02 1.345600000000000023e+02
1.181184210526315752e+02 1.139407894736842053e+02 1.341052631578947398e+02
1.181192052980132416e+02 1.139337748344370880e+02 1.340529801324503296e+02
1.190993377483443680e+02 1.139403973509933792e+02 1.343973509933774722e+02
1.191907894736842053e+02 1.139078947368421098e+02 1.345526315789473699e+02
1.191800000000000068e+02 1.136666666666666714e+02 1.349466666666666583e+02
1.195838926174496635e+02 1.139127516778523557e+02 1.349731543624160963e+02
1.198933333333333309e+02 1.141266666666666652e+02 1.352733333333333405e+02
1.201066666666666691e+02 1.143199999999999932e+02 1.352866666666666617e+02
1.201879194630872547e+02 1.141744966442953029e+02 1.350939597315436345e+02
1.202999999999999972e+02 1.137133333333333383e+02 1.352333333333333201e+02
1.197019867549668817e+02 1.134039735099337776e+02 1.358079470198675551e+02
1.194066666666666663e+02 1.135999999999999943e+02 1.360200000000000102e+02
1.190000000000000000e+02 1.137350993377483377e+02 1.364701986754966754e+02
1.188947368421052602e+02 1.138223684210526301e+02 1.368421052631578902e+02
1.190328947368421098e+02 1.139078947368421098e+02 1.369736842105263293e+02
1.195999999999999943e+02 1.141066666666666691e+02 1.373333333333333428e+02
1.197866666666666617e+02 1.137999999999999972e+02 1.376399999999999864e+02
1.198590604026845625e+02 1.134362416107382501e+02 1.379731543624160963e+02
1.195906040268456394e+02 1.132885906040268509e+02 1.375033557046979809e+02
1.194635761589403984e+02 1.133443708609271567e+02 1.376423841059602751e+02
