1.268666666666666600e+02 1.284000000000000057e+02 1.282400000000000091e+02
1.266225165562913872e+02 1.282781456953642305e+02 1.282913907284768129e+02
1.263486842105263150e+02 1.281118421052631504e+02 1.286250000000000000e+02
1.265133333333333354e+02 1.284066666666666663e+02 1.288266666666666538e+02
1.266400000000000006e+02 1.287400000000000091e+02 1.295000000000000000e+02
1.264429530201342260e+02 1.288590604026845767e+02 1.305503355704697981e+02
1.263355704697986539e+02 1.294362416107382501e+02 1.313154362416107404e+02
1.265000000000000000e+02 1.298666666666666742e+02 1.324000000000000057e+02
1.262483221476510096e+02 1.298657718120805384e+02 1.333691275167785193e+02
1.258533333333333388e+02 1.300399999999999920e+02 1.341999999999999886e+02
1.258851351351351440e+02 1.298716216216216139e+02 1.351891891891891930e+02
1.254897959183673493e+02 1.294897959183673493e+02 1.356190476190476204e+02
1.249735099337748352e+02 1.292119205298013185e+02 1.361192052980132416e+02
1.245369127516778462e+02 1.287248322147650867e+02 1.368791946308724903e+02
1.243513513513513544e+02 1.282432432432432563e+02 1.374729729729729684e+02
1.238445945945945965e+02 1.274797297297297263e+02 1.380472972972972912e+02
1.233774834437086128e+02 1.269139072847682144e+02 1.386821192052980223e+02
1.229729729729729684e+02 1.260608108108108070e+02 1.393851351351351298e+02
1.228445945945945965e+02 1.253716216216216282e+02 1.400472972972972912e+02
1.227199999999999989e+02 1.246599999999999966e+02 1.405999999999999943e+02
1.225302013422818845e+02 1.235838926174496635e+02 1.406308724832214807e+02
1.221733333333333320e+02 1.229599999999999937e+02 1.407133333333333383e+02
1.219266666666666623e+02 1.220400000000000063e+02 1.405666666666666629e+02
1.217516778523489904e+02 1.213825503355704711e+02 1.408389261744966348e+02
1.216375838926174566e+02 1.203892617449664471e+02 1.406375838926174424e+02
1.218551724137930989e+02 1.195310344827586277e+02 1.407862068965517324e+02
1.222739726027397182e+02 1.191301369863013804e+02 1.409246575342465633e+02
1.227933333333333366e+02 1.187266666666666737e+02 1.408733333333333348e+02
1.236375838926174566e+02 1.184228187919463124e+02 1.409865771812080482e+02
1.244333333333333371e+02 1.181666666666666714e+02 1.411666666666666572e+02
1.252751677852348990e+02 1.178187919463087212e+02 1.414228187919462982e+02
1.257199999999999989e+02 1.175199999999999960e+02 1.414733333333333292e+02
1.270999999999999943e+02 1.170333333333333314e+02 1.419199999999999875e+02
1.279395973154362451e+02 1.166308724832214807e+02 1.423355704697986539e+02
1.288187919463087212e+02 1.160469798657718172e+02 1.424362416107382501e+02
1.293112582781456865e+02 1.153112582781457007e+02 1.426026490066225278e+02
1.298600000000000136e+02 1.147466666666666697e+02 1.425600000000000023e+02
1.307266666666666595e+02 1.138133333333333326e+02 1.422133333333333383e+02
1.315733333333333235e+02 1.126866666666666674e+02 1.419066666666666663e+02
1.317880794701986815e+02 1.116556291390728433e+02 1.419735099337748352e+02
1.326026490066225278e+02 1.109205298013245056e+02 1.420860927152317856e+02
1.332147651006711442e+02 1.097248322147651010e+02 1.422684563758389231e+02
1.336644295302013461e+02 1.095637583892617499e+02 1.425570469798657598e+02
1.338310810810810949e+02 1.088851351351351298e+02 1.429324324324324209e+02
1.340600000000000023e+02 1.083266666666666680e+02 1.435999999999999943e+02
1.342400000000000091e+02 1.076866666666666674e+02 1.443600000000000136e+02
1.340728476821192032e+02 1.067615894039735167e+02 1.451390728476821153e+02
1.338815789473684106e+02 1.064868421052631646e+02 1.457039473684210407e+02
1.338000000000000114e+02 1.061866666666666674e+02 1.464333333333333371e+02
1.337218543046357695e+02 1.057350993377483377e+02 1.476026490066225278e+02
1.338859060402684520e+02 1.054228187919463124e+02 1.486174496644295289e+02
1.345200000000000102e+02 1.049933333333333394e+02 1.497199999999999989e+02
1.349072847682119232e+02 1.051258278145695328e+02 1.505562913907284894e+02
1.355986842105263293e+02 1.056447368421052602e+02 1.517105263157894797e+02
1.356845637583892596e+02 1.057852348993288558e+02 1.522013422818791923e+02
1.354533333333333474e+02 1.061066666666666691e+02 1.529266666666666765e+02
1.357046979865771732e+02 1.058657718120805384e+02 1.540335570469798654e+02
1.354799999999999898e+02 1.057000000000000028e+02 1.554533333333333474e+02
1.356200000000000045e+02 1.055000000000000000e+02 1.564733333333333292e+02
1.357019867549668675e+02 1.056490066225165521e+02 1.569470198675496704e+02
1.358053691275167694e+02 1.059530201342281828e+02 1.574228187919462982e+02
1.360266666666666708e+02 1.060733333333333377e+02 1.576733333333333462e+02
1.366442953020134325e+02 1.063422818791946298e+02 1.579328859060402692e+02
1.370268456375839037e+02 1.062885906040268509e+02 1.580402684563758271e+02
1.371599999999999966e+02 1.064733333333333292e+02 1.583333333333333428e+02
1.373825503355704711e+02 1.067583892617449663e+02 1.587785234899328941e+02
1.375306122448979522e+02 1.065714285714285694e+02 1.591700680272108741e+02
1.378590604026845767e+02 1.066040268456375770e+02 1.598053691275167694e+02
1.384897959183673493e+02 1.067210884353741420e+02 1.608503401360544274e+02
1.389597315436241729e+02 1.066174496644295289e+02 1.617382550335570670e+02
1.397666666666666799e+02 1.060466666666666669e+02 1.624600000000000080e+02
1.401959459459459367e+02 1.058513513513513544e+02 1.628513513513513544e+02
1.408243243243243228e+02 1.054054054054054035e+02 1.635067567567567437e+02
1.411543624161073751e+02 1.051879194630872547e+02 1.638389261744966348e+02
1.418666666666666742e+02 1.052933333333333366e+02 1.644466666666666583e+02
1.427350993377483519e+02 1.050927152317880768e+02 1.647880794701986815e+02
1.432214765100671059e+02 1.047315436241610769e+02 1.652684563758389231e+02
1.437599999999999909e+02 1.042866666666666617e+02 1.653733333333333348e+02
1.443133333333333326e+02 1.037866666666666617e+02 1.660399999999999920e+02
1.446357615894039839e+02 1.031788079470198625e+02 1.665298013245033246e+02
1.451744966442952887e+02 1.026375838926174566e+02 1.672751677852349133e+02
1.455533333333333417e+02 1.024266666666666623e+02 1.682133333333333383e+02
1.464399999999999977e+02 1.025133333333333354e+02 1.687199999999999989e+02
1.475234899328858944e+02 1.026040268456375770e+02 1.692147651006711442e+02
1.481543624161073751e+02 1.025973154362416153e+02 1.697919463087248459e+02
1.486842105263157805e+02 1.027565789473684248e+02 1.705986842105263293e+02
1.492516556291390657e+02 1.035827814569536400e+02 1.713311258278145601e+02
1.497733333333333405e+02 1.042999999999999972e+02 1.719133333333333269e+02
1.501466666666666754e+02 1.047466666666666697e+02 1.725399999999999920e+02
1.504496644295302019e+02 1.052617449664429472e+02 1.732013422818791923e+02
1.506092715231788191e+02 1.054039735099337776e+02 1.737350993377483519e+02
1.509530201342281828e+02 1.054228187919463124e+02 1.743557046979865675e+02
1.515436241610738364e+02 1.053892617449664471e+02 1.747919463087248459e+02
1.519189189189189051e+02 1.059797297297297263e+02 1.753851351351351298e+02
1.522857142857143060e+02 1.063673469387755119e+02 1.761292517006802711e+02
1.531875000000000000e+02 1.073194444444444571e+02 1.769930555555555713e+02
1.533266666666666538e+02 1.080333333333333314e+02 1.776133333333333439e+02
1.535369127516778462e+02 1.090805369127516826e+02 1.774832214765100673e+02
1.538145695364238463e+02 1.103178807947019919e+02 1.773443708609271425e+02
1.539205298013245056e+02 1.116556291390728433e+02 1.769801324503311264e+02
1.539864864864864842e+02 1.127837837837837895e+02 1.766486486486486456e+02
1.540268456375839037e+02 1.134765100671140914e+02 1.768590604026845767e+02
1.540933333333333337e+02 1.140999999999999943e+02 1.770733333333333235e+02
1.542133333333333383e+02 1.152000000000000028e+02 1.776066666666666549e+02
1.546225165562914015e+02 1.160662251655629120e+02 1.779867549668874176e+02
1.549733333333333292e+02 1.172600000000000051e+02 1.780666666666666629e+02
1.546866666666666674e+02 1.181599999999999966e+02 1.786999999999999886e+02
1.544933333333333394e+02 1.187399999999999949e+02 1.785933333333333337e+02
1.542147651006711442e+02 1.198590604026845625e+02 1.784362416107382501e+02
1.542837837837837753e+02 1.209864864864864842e+02 1.784324324324324209e+02
1.538231292517006921e+02 1.217006802721088405e+02 1.783401360544217766e+02
1.533466666666666640e+02 1.225133333333333354e+02 1.784533333333333474e+02
1.533333333333333428e+02 1.233799999999999955e+02 1.788400000000000034e+02
1.526026490066225278e+02 1.244172185430463600e+02 1.788079470198675551e+02
1.521333333333333258e+02 1.252666666666666657e+02 1.788600000000000136e+02
1.512800000000000011e+02 1.260066666666666606e+02 1.787066666666666777e+02
1.508993288590604038e+02 1.266375838926174566e+02 1.782214765100671059e+02
1.509733333333333292e+02 1.275000000000000000e+02 1.777866666666666617e+02
1.511052631578947398e+02 1.282171052631578902e+02 1.770065789473684106e+02
1.518657718120805384e+02 1.282416107382550194e+02 1.763288590604026922e+02
1.524066666666666663e+02 1.285133333333333212e+02 1.758000000000000114e+02
1.535620915032679648e+02 1.289673202614379193e+02 1.749673202614379193e+02
1.544765100671141056e+02 1.291140939597315480e+02 1.742281879194630960e+02
1.553466666666666640e+02 1.293400000000000034e+02 1.734199999999999875e+02
1.555000000000000000e+02 1.296066666666666549e+02 1.725466666666666526e+02
1.552013422818791923e+02 1.297986577181208077e+02 1.711610738255033652e+02
1.554026845637583847e+02 1.302550335570469713e+02 1.696644295302013461e+02
1.556375838926174424e+02 1.305704697986577116e+02 1.692416107382550194e+02
1.559205298013245056e+02 1.310264900662251648e+02 1.685231788079470334e+02
1.558561643835616337e+02 1.315068493150685072e+02 1.675273972602739718e+02
1.560000000000000000e+02 1.316778523489932979e+02 1.669261744966443075e+02
1.561476510067114134e+02 1.321275167785234999e+02 1.664899328859060290e+02
1.562599999999999909e+02 1.323533333333333246e+02 1.656200000000000045e+02
1.563333333333333428e+02 1.326333333333333258e+02 1.650466666666666526e+02
1.562066666666666777e+02 1.330733333333333235e+02 1.640600000000000023e+02
1.557181208053691250e+02 1.334899328859060290e+02 1.634765100671141056e+02
1.551621621621621614e+02 1.337635135135135158e+02 1.630472972972972912e+02
1.551768707482993364e+02 1.340204081632653299e+02 1.629523809523809632e+02
1.550608108108108070e+02 1.341891891891891930e+02 1.627972972972972912e+02
1.550540540540540633e+02 1.341824324324324209e+02 1.628108108108108070e+02
1.550540540540540633e+02 1.341824324324324209e+02 1.628108108108108070e+02
1.550540540540540633e+02 1.341824324324324209e+02 1.628108108108108070e+02
1.550540540540540633e+02 1.341824324324324209e+02 1.628108108108108070e+02
1.550540540540540633e+02 1.341824324324324209e+02 1.628108108108108070e+02
1.550540540540540633e+02 1.341824324324324209e+02 1.628108108108108070e+02
1.550540540540540633e+02 1.341824324324324209e+02 1.628108108108108070e+02
1.550540540540540633e+02 1.341824324324324209e+02 1.628108108108108070e+02
1.550540540540540633e+02 1.341824324324324209e+02 1.628108108108108070e+02
1.550540540540540633e+02 1.341824324324324209e+02 1.628108108108108070e+02
1.550540540540540633e+02 1.341824324324324209e+02 1.628108108108108070e+02
1.550540540540540633e+02 1.341824324324324209e+02 1.628108108108108070e+02
1.550540540540540633e+02 1.341824324324324209e+02 1.628108108108108070e+02
1.550540540540540633e+02 1.341824324324324209e+02 1.628108108108108070e+02
1.550540540540540633e+02 1.341824324324324209e+02 1.628108108108108070e+02
1.550540540540540633e+02 1.341824324324324209e+02 1.628108108108108070e+02
1.550540540540540633e+02 1.341824324324324209e+02 1.628108108108108070e+02
1.550540540540540633e+02 1.341824324324324209e+02 1.628108108108108070e+02
1.550540540540540633e+02 1.341824324324324209e+02 1.628108108108108070e+02
1.550540540540540633e+02 1.341824324324324209e+02 1.628108108108108070e+02
1.550540540540540633e+02 1.341824324324324209e+02 1.628108108108108070e+02
1.550540540540540633e+02 1.341824324324324209e+02 1.628108108108108070e+02
1.550540540540540633e+02 1.341824324324324209e+02 1.628108108108108070e+02
1.550540540540540633e+02 1.341824324324324209e+02 1.628108108108108070e+02
1.550540540540540633e+02 1.341824324324324209e+02 1.628108108108108070e+02
1.550540540540540633e+02 1.341824324324324209e+02 1.628108108108108070e+02
1.550540540540540633e+02 1.341824324324324209e+02 1.628108108108108070e+02
1.550540540540540633e+02 1.341824324324324209e+02 1.628108108108108070e+02
1.550540540540540633e+02 1.341824324324324209e+02 1.628108108108108070e+02
1.550540540540540633e+02 1.341824324324324209e+02 1.628108108108108070e+02
1.550540540540540633e+02 1.341824324324324209e+02 1.628108108108108070e+02
1.550540540540540633e+02 1.341824324324324209e+02 1.628108108108108070e+02
1.550540540540540633e+02 1.341824324324324209e+02 1.628108108108108070e+02
1.550540540540540633e+02 1.341824324324324209e+02 1.628108108108108070e+02
1.550540540540540633e+02 1.341824324324324209e+02 1.628108108108108070e+02
1.550540540540540633e+02 1.341824324324324209e+02 1.628108108108108070e+02
1.550540540540540633e+02 1.341824324324324209e+02 1.628108108108108070e+02
1.550540540540540633e+02 1.341824324324324209e+02 1.628108108108108070e+02
1.550540540540540633e+02 1.341824324324324209e+02 1.628108108108108070e+02
1.550540540540540633e+02 1.341824324324324209e+02 1.628108108108108070e+02
1.550540540540540633e+02 1.341824324324324209e+02 1.628108108108108070e+02
1.550540540540540633e+02 1.341824324324324209e+02 1.628108108108108070e+02
1.550540540540540633e+02 1.341824324324324209e+02 1.628108108108108070e+02
1.550540540540540633e+02 1.341824324324324209e+02 1.628108108108108070e+02
1.550540540540540633e+02 1.341824324324324209e+02 1.628108108108108070e+02
1.550540540540540633e+02 1.341824324324324209e+02 1.628108108108108070e+02
1.550540540540540633e+02 1.341824324324324209e+02 1.628108108108108070e+02
1.550540540540540633e+02 1.341824324324324209e+02 1.628108108108108070e+02
1.550540540540540633e+02 1.341824324324324209e+02 1.628108108108108070e+02
1.550540540540540633e+02 1.341824324324324209e+02 1.628108108108108070e+02
1.550540540540540633e+02 1.341824324324324209e+02 1.628108108108108070e+02
1.550540540540540633e+02 1.341824324324324209e+02 1.628108108108108070e+02
1.550540540540540633e+02 1.341824324324324209e+02 1.628108108108108070e+02
1.550540540540540633e+02 1.341824324324324209e+02 1.628108108108108070e+02
1.550540540540540633e+02 1.341824324324324209e+02 1.628108108108108070e+02
1.550540540540540633e+02 1.341824324324324209e+02 1.628108108108108070e+02
1.550540540540540633e+02 1.341824324324324209e+02 1.628108108108108070e+02
1.550540540540540633e+02 1.341824324324324209e+02 1.628108108108108070e+02
1.550540540540540633e+02 1.341824324324324209e+02 1.628108108108108070e+02
1.550540540540540633e+02 1.341824324324324209e+02 1.628108108108108070e+02
1.550540540540540633e+02 1.341824324324324209e+02 1.628108108108108070e+02
1.550540540540540633e+02 1.341824324324324209e+02 1.628108108108108070e+02
1.550540540540540633e+02 1.341824324324324209e+02 1.628108108108108070e+02
1.550540540540540633e+02 1.341824324324324209e+02 1.628108108108108070e+02
1.550540540540540633e+02 1.341824324324324209e+02 1.628108108108108070e+02
1.550540540540540633e+02 1.341824324324324209e+02 1.628108108108108070e+02
1.550540540540540633e+02 1.341824324324324209e+02 1.628108108108108070e+02
1.550540540540540633e+02 1.341824324324324209e+02 1.628108108108108070e+02
1.550540540540540633e+02 1.341824324324324209e+02 1.628108108108108070e+02
1.550540540540540633e+02 1.341824324324324209e+02 1.628108108108108070e+02
1.550540540540540633e+02 1.341824324324324209e+02 1.628108108108108070e+02
1.550540540540540633e+02 1.341824324324324209e+02 1.628108108108108070e+02
1.550540540540540633e+02 1.341824324324324209e+02 1.628108108108108070e+02
1.550540540540540633e+02 1.341824324324324209e+02 1.628108108108108070e+02
1.550540540540540633e+02 1.341824324324324209e+02 1.628108108108108070e+02
1.550540540540540633e+02 1.341824324324324209e+02 1.628108108108108070e+02
1.550540540540540633e+02 1.341824324324324209e+02 1.628108108108108070e+02
1.550540540540540633e+02 1.341824324324324209e+02 1.628108108108108070e+02
1.550540540540540633e+02 1.341824324324324209e+02 1.628108108108108070e+02
1.550540540540540633e+02 1.341824324324324209e+02 1.628108108108108070e+02
1.550540540540540633e+02 1.341824324324324209e+02 1.628108108108108070e+02
1.550540540540540633e+02 1.341824324324324209e+02 1.628108108108108070e+02
1.550540540540540633e+02 1.341824324324324209e+02 1.628108108108108070e+02
1.550540540540540633e+02 1.341824324324324209e+02 1.628108108108108070e+02
1.550540540540540633e+02 1.341824324324324209e+02 1.628108108108108070e+02
1.550540540540540633e+02 1.341824324324324209e+02 1.628108108108108070e+02
1.550540540540540633e+02 1.341824324324324209e+02 1.628108108108108070e+02
1.550540540540540633e+02 1.341824324324324209e+02 1.628108108108108070e+02
1.550540540540540633e+02 1.341824324324324209e+02 1.628108108108108070e+02
1.550540540540540633e+02 1.341824324324324209e+02 1.628108108108108070e+02
1.550540540540540633e+02 1.341824324324324209e+02 1.628108108108108070e+02
1.550540540540540633e+02 1.341824324324324209e+02 1.628108108108108070e+02
1.550540540540540633e+02 1.341824324324324209e+02 1.628108108108108070e+02
1.550540540540540633e+02 1.341824324324324209e+02 1.628108108108108070e+02
1.550540540540540633e+02 1.341824324324324209e+02 1.628108108108108070e+02
1.550540540540540633e+02 1.341824324324324209e+02 1.628108108108108070e+02
1.550540540540540633e+02 1.341824324324324209e+02 1.628108108108108070e+02
1.550540540540540633e+02 1.341824324324324209e+02 1.628108108108108070e+02
1.550540540540540633e+02 1.341824324324324209e+02 1.628108108108108070e+02
1.550540540540540633e+02 1.341824324324324209e+02 1.628108108108108070e+02
1.550540540540540633e+02 1.341824324324324209e+02 1.628108108108108070e+02
1.550540540540540633e+02 1.341824324324324209e+02 1.628108108108108070e+02
1.550540540540540633e+02 1.341824324324324209e+02 1.628108108108108070e+02
1.550540540540540633e+02 1.341824324324324209e+02 1.628108108108108070e+02
1.550540540540540633e+02 1.341824324324324209e+02 1.628108108108108070e+02
1.550540540540540633e+02 1.341824324324324209e+02 1.628108108108108070e+02
1.550540540540540633e+02 1.341824324324324209e+02 1.628108108108108070e+02
1.550540540540540633e+02 1.341824324324324209e+02 1.628108108108108070e+02
1.550540540540540633e+02 1.341824324324324209e+02 1.628108108108108070e+02
1.550540540540540633e+02 1.341824324324324209e+02 1.628108108108108070e+02
1.550540540540540633e+02 1.341824324324324209e+02 1.628108108108108070e+02
1.550540540540540633e+02 1.341824324324324209e+02 1.628108108108108070e+02
1.550540540540540633e+02 1.341824324324324209e+02 1.628108108108108070e+02
1.550540540540540633e+02 1.341824324324324209e+02 1.628108108108108070e+02
1.550540540540540633e+02 1.341824324324324209e+02 1.628108108108108070e+02
1.550540540540540633e+02 1.341824324324324209e+02 1.628108108108108070e+02
1.550540540540540633e+02 1.341824324324324209e+02 1.628108108108108070e+02
1.550540540540540633e+02 1.341824324324324209e+02 1.628108108108108070e+02
1.550540540540540633e+02 1.341824324324324209e+02 1.628108108108108070e+02
1.550540540540540633e+02 1.341824324324324209e+02 1.628108108108108070e+02
1.550540540540540633e+02 1.341824324324324209e+02 1.628108108108108070e+02
1.550540540540540633e+02 1.341824324324324209e+02 1.628108108108108070e+02
1.550540540540540633e+02 1.341824324324324209e+02 1.628108108108108070e+02
1.550540540540540633e+02 1.341824324324324209e+02 1.628108108108108070e+02
1.550540540540540633e+02 1.341824324324324209e+02 1.628108108108108070e+02
1.550540540540540633e+02 1.341824324324324209e+02 1.628108108108108070e+02
1.550540540540540633e+02 1.341824324324324209e+02 1.628108108108108070e+02
1.550540540540540633e+02 1.341824324324324209e+02 1.628108108108108070e+02
1.550540540540540633e+02 1.341824324324324209e+02 1.628108108108108070e+02
1.550540540540540633e+02 1.341824324324324209e+02 1.628108108108108070e+02
1.550540540540540633e+02 1.341824324324324209e+02 1.628108108108108070e+02
1.550540540540540633e+02 1.341824324324324209e+02 1.628108108108108070e+02
1.550540540540540633e+02 1.341824324324324209e+02 1.628108108108108070e+02
1.550540540540540633e+02 1.341824324324324209e+02 1.628108108108108070e+02
1.550540540540540633e+02 1.341824324324324209e+02 1.628108108108108070e+02
1.550540540540540633e+02 1.341824324324324209e+02 1.628108108108108070e+02
1.550540540540540633e+02 1.341824324324324209e+02 1.628108108108108070e+02
1.550540540540540633e+02 1.341824324324324209e+02 1.628108108108108070e+02
1.550540540540540633e+02 1.341824324324324209e+02 1.628108108108108070e+02
1.550540540540540633e+02 1.341824324324324209e+02 1.628108108108108070e+02
1.550540540540540633e+02 1.341824324324324209e+02 1.628108108108108070e+02
1.550540540540540633e+02 1.341824324324324209e+02 1.628108108108108070e+02
1.550540540540540633e+02 1.341824324324324209e+02 1.628108108108108070e+02
1.550540540540540633e+02 1.341824324324324209e+02 1.628108108108108070e+02
1.550540540540540633e+02 1.341824324324324209e+02 1.628108108108108070e+02
1.550540540540540633e+02 1.341824324324324209e+02 1.628108108108108070e+02
1.550540540540540633e+02 1.341824324324324209e+02 1.628108108108108070e+02
1.550540540540540633e+02 1.341824324324324209e+02 1.628108108108108070e+02
1.550540540540540633e+02 1.341824324324324209e+02 1.628108108108108070e+02
1.550540540540540633e+02 1.341824324324324209e+02 1.628108108108108070e+02
1.550540540540540633e+02 1.341824324324324209e+02 1.628108108108108070e+02
1.550540540540540633e+02 1.341824324324324209e+02 1.628108108108108070e+02
1.550540540540540633e+02 1.341824324324324209e+02 1.628108108108108070e+02
1.550540540540540633e+02 1.341824324324324209e+02 1.628108108108108070e+02
1.550540540540540633e+02 1.341824324324324209e+02 1.628108108108108070e+02
1.550540540540540633e+02 1.341824324324324209e+02 1.628108108108108070e+02
1.550540540540540633e+02 1.341824324324324209e+02 1.628108108108108070e+02
1.550540540540540633e+02 1.341824324324324209e+02 1.628108108108108070e+02
1.550540540540540633e+02 1.341824324324324209e+02 1.628108108108108070e+02
1.550540540540540633e+02 1.341824324324324209e+02 1.628108108108108070e+02
1.550540540540540633e+02 1.341824324324324209e+02 1.628108108108108070e+02
1.550540540540540633e+02 1.341824324324324209e+02 1.628108108108108070e+02
1.550540540540540633e+02 1.341824324324324209e+02 1.628108108108108070e+02
1.550540540540540633e+02 1.341824324324324209e+02 1.628108108108108070e+02
1.550540540540540633e+02 1.341824324324324209e+02 1.628108108108108070e+02
1.550540540540540633e+02 1.341824324324324209e+02 1.628108108108108070e+02
1.550540540540540633e+02 1.341824324324324209e+02 1.628108108108108070e+02
1.550540540540540633e+02 1.341824324324324209e+02 1.628108108108108070e+02
1.550540540540540633e+02 1.341824324324324209e+02 1.628108108108108070e+02
1.550540540540540633e+02 1.341824324324324209e+02 1.628108108108108070e+02
1.550540540540540633e+02 1.341824324324324209e+02 1.628108108108108070e+02
1.550540540540540633e+02 1.341824324324324209e+02 1.628108108108108070e+02
1.550540540540540633e+02 1.341824324324324209e+02 1.628108108108108070e+02
1.550540540540540633e+02 1.341824324324324209e+02 1.628108108108108070e+02
1.550540540540540633e+02 1.341824324324324209e+02 1.628108108108108070e+02
1.550540540540540633e+02 1.341824324324324209e+02 1.628108108108108070e+02
1.550540540540540633e+02 1.341824324324324209e+02 1.628108108108108070e+02
1.550540540540540633e+02 1.341824324324324209e+02 1.628108108108108070e+02
1.550540540540540633e+02 1.341824324324324209e+02 1.628108108108108070e+02
1.550540540540540633e+02 1.341824324324324209e+02 1.628108108108108070e+02
1.550540540540540633e+02 1.341824324324324209e+02 1.628108108108108070e+02
1.550540540540540633e+02 1.341824324324324209e+02 1.628108108108108070e+02
1.550540540540540633e+02 1.341824324324324209e+02 1.628108108108108070e+02
1.550540540540540633e+02 1.341824324324324209e+02 1.628108108108108070e+02
1.550540540540540633e+02 1.341824324324324209e+02 1.628108108108108070e+02
1.550540540540540633e+02 1.341824324324324209e+02 1.628108108108108070e+02
1.550540540540540633e+02 1.341824324324324209e+02 1.628108108108108070e+02
1.550540540540540633e+02 1.341824324324324209e+02 1.628108108108108070e+02
1.550540540540540633e+02 1.341824324324324209e+02 1.628108108108108070e+02
1.550540540540540633e+02 1.341824324324324209e+02 1.628108108108108070e+02
1.550540540540540633e+02 1.341824324324324209e+02 1.628108108108108070e+02
1.550540540540540633e+02 1.341824324324324209e+02 1.628108108108108070e+02
1.550540540540540633e+02 1.341824324324324209e+02 1.628108108108108070e+02
1.550540540540540633e+02 1.341824324324324209e+02 1.628108108108108070e+02
1.550540540540540633e+02 1.341824324324324209e+02 1.628108108108108070e+02
1.550540540540540633e+02 1.341824324324324209e+02 1.628108108108108070e+02
1.550540540540540633e+02 1.341824324324324209e+02 1.628108108108108070e+02
1.550540540540540633e+02 1.341824324324324209e+02 1.628108108108108070e+02
1.550540540540540633e+02 1.341824324324324209e+02 1.628108108108108070e+02
1.550540540540540633e+02 1.341824324324324209e+02 1.628108108108108070e+02
1.550540540540540633e+02 1.341824324324324209e+02 1.628108108108108070e+02
1.550540540540540633e+02 1.341824324324324209e+02 1.628108108108108070e+02
1.550540540540540633e+02 1.341824324324324209e+02 1.628108108108108070e+02
1.550540540540540633e+02 1.341824324324324209e+02 1.628108108108108070e+02
1.550540540540540633e+02 1.341824324324324209e+02 1.628108108108108070e+02
1.550540540540540633e+02 1.341824324324324209e+02 1.628108108108108070e+02
1.550540540540540633e+02 1.341824324324324209e+02 1.628108108108108070e+02
1.550540540540540633e+02 1.341824324324324209e+02 1.628108108108108070e+02
1.550540540540540633e+02 1.341824324324324209e+02 1.628108108108108070e+02
1.550540540540540633e+02 1.341824324324324209e+02 1.628108108108108070e+02
1.550540540540540633e+02 1.341824324324324209e+02 1.628108108108108070e+02
1.550540540540540633e+02 1.341824324324324209e+02 1.628108108108108070e+02
1.550540540540540633e+02 1.341824324324324209e+02 1.628108108108108070e+02
1.550540540540540633e+02 1.341824324324324209e+02 1.628108108108108070e+02
1.550540540540540633e+02 1.341824324324324209e+02 1.628108108108108070e+02
1.550540540540540633e+02 1.341824324324324209e+02 1.628108108108108070e+02
1.550540540540540633e+02 1.341824324324324209e+02 1.628108108108108070e+02
1.550540540540540633e+02 1.341824324324324209e+02 1.628108108108108070e+02
1.550540540540540633e+02 1.341824324324324209e+02 1.628108108108108070e+02
1.550540540540540633e+02 1.341824324324324209e+02 1.628108108108108070e+02
1.550540540540540633e+02 1.341824324324324209e+02 1.628108108108108070e+02
1.550540540540540633e+02 1.341824324324324209e+02 1.628108108108108070e+02
1.550540540540540633e+02 1.341824324324324209e+02 1.628108108108108070e+02
1.550540540540540633e+02 1.341824324324324209e+02 1.628108108108108070e+02
1.550540540540540633e+02 1.341824324324324209e+02 1.628108108108108070e+02
1.550540540540540633e+02 1.341824324324324209e+02 1.628108108108108070e+02
1.550540540540540633e+02 1.341824324324324209e+02 1.628108108108108070e+02
1.550540540540540633e+02 1.341824324324324209e+02 1.628108108108108070e+02
1.550540540540540633e+02 1.341824324324324209e+02 1.628108108108108070e+02
1.550540540540540633e+02 1.341824324324324209e+02 1.628108108108108070e+02
1.550540540540540633e+02 1.341824324324324209e+02 1.628108108108108070e+02
1.550540540540540633e+02 1.341824324324324209e+02 1.628108108108108070e+02
1.550540540540540633e+02 1.341824324324324209e+02 1.628108108108108070e+02
1.550540540540540633e+02 1.341824324324324209e+02 1.628108108108108070e+02
1.550540540540540633e+02 1.341824324324324209e+02 1.628108108108108070e+02
1.550540540540540633e+02 1.341824324324324209e+02 1.628108108108108070e+02
1.550540540540540633e+02 1.341824324324324209e+02 1.628108108108108070e+02
1.550540540540540633e+02 1.341824324324324209e+02 1.628108108108108070e+02
1.550540540540540633e+02 1.341824324324324209e+02 1.628108108108108070e+02
1.550540540540540633e+02 1.341824324324324209e+02 1.628108108108108070e+02
1.550540540540540633e+02 1.341824324324324209e+02 1.628108108108108070e+02
1.550540540540540633e+02 1.341824324324324209e+02 1.628108108108108070e+02
1.550540540540540633e+02 1.341824324324324209e+02 1.628108108108108070e+02
1.550540540540540633e+02 1.341824324324324209e+02 1.628108108108108070e+02
1.550540540540540633e+02 1.341824324324324209e+02 1.628108108108108070e+02
1.550540540540540633e+02 1.341824324324324209e+02 1.628108108108108070e+02
1.550540540540540633e+02 1.341824324324324209e+02 1.628108108108108070e+02
1.550540540540540633e+02 1.341824324324324209e+02 1.628108108108108070e+02
1.550540540540540633e+02 1.341824324324324209e+02 1.628108108108108070e+02
1.550540540540540633e+02 1.341824324324324209e+02 1.628108108108108070e+02
1.550540540540540633e+02 1.341824324324324209e+02 1.628108108108108070e+02
1.550540540540540633e+02 1.341824324324324209e+02 1.628108108108108070e+02
1.550540540540540633e+02 1.341824324324324209e+02 1.628108108108108070e+02
1.550540540540540633e+02 1.341824324324324209e+02 1.628108108108108070e+02
1.550540540540540633e+02 1.341824324324324209e+02 1.628108108108108070e+02
1.550540540540540633e+02 1.341824324324324209e+02 1.628108108108108070e+02
1.550540540540540633e+02 1.341824324324324209e+02 1.628108108108108070e+02
1.550540540540540633e+02 1.341824324324324209e+02 1.628108108108108070e+02
1.550540540540540633e+02 1.341824324324324209e+02 1.628108108108108070e+02
1.550540540540540633e+02 1.341824324324324209e+02 1.628108108108108070e+02
1.550540540540540633e+02 1.341824324324324209e+02 1.628108108108108070e+02
1.550540540540540633e+02 1.341824324324324209e+02 1.628108108108108070e+02
1.550540540540540633e+02 1.341824324324324209e+02 1.628108108108108070e+02
1.550540540540540633e+02 1.341824324324324209e+02 1.628108108108108070e+02
1.550540540540540633e+02 1.341824324324324209e+02 1.628108108108108070e+02
1.550540540540540633e+02 1.341824324324324209e+02 1.628108108108108070e+02
1.550540540540540633e+02 1.341824324324324209e+02 1.628108108108108070e+02
1.550540540540540633e+02 1.341824324324324209e+02 1.628108108108108070e+02
1.550540540540540633e+02 1.341824324324324209e+02 1.628108108108108070e+02
1.550540540540540633e+02 1.341824324324324209e+02 1.628108108108108070e+02
1.550540540540540633e+02 1.341824324324324209e+02 1.628108108108108070e+02
1.550540540540540633e+02 1.341824324324324209e+02 1.628108108108108070e+02
1.550540540540540633e+02 1.341824324324324209e+02 1.628108108108108070e+02
1.550540540540540633e+02 1.341824324324324209e+02 1.628108108108108070e+02
1.550540540540540633e+02 1.341824324324324209e+02 1.628108108108108070e+02
1.550540540540540633e+02 1.341824324324324209e+02 1.628108108108108070e+02
1.550540540540540633e+02 1.341824324324324209e+02 1.628108108108108070e+02
1.550540540540540633e+02 1.341824324324324209e+02 1.628108108108108070e+02
1.550540540540540633e+02 1.341824324324324209e+02 1.628108108108108070e+02
1.550540540540540633e+02 1.341824324324324209e+02 1.628108108108108070e+02
1.550540540540540633e+02 1.341824324324324209e+02 1.628108108108108070e+02
1.550540540540540633e+02 1.341824324324324209e+02 1.628108108108108070e+02
1.550540540540540633e+02 1.341824324324324209e+02 1.628108108108108070e+02
1.550540540540540633e+02 1.341824324324324209e+02 1.628108108108108070e+02
1.550540540540540633e+02 1.341824324324324209e+02 1.628108108108108070e+02
1.550540540540540633e+02 1.341824324324324209e+02 1.628108108108108070e+02
1.550540540540540633e+02 1.341824324324324209e+02 1.628108108108108070e+02
1.550540540540540633e+02 1.341824324324324209e+02 1.628108108108108070e+02
1.550540540540540633e+02 1.341824324324324209e+02 1.628108108108108070e+02
1.550540540540540633e+02 1.341824324324324209e+02 1.628108108108108070e+02
1.550540540540540633e+02 1.341824324324324209e+02 1.628108108108108070e+02
1.550540540540540633e+02 1.341824324324324209e+02 1.628108108108108070e+02
1.550540540540540633e+02 1.341824324324324209e+02 1.628108108108108070e+02
1.550540540540540633e+02 1.341824324324324209e+02 1.628108108108108070e+02
1.550540540540540633e+02 1.341824324324324209e+02 1.628108108108108070e+02
1.550540540540540633e+02 1.341824324324324209e+02 1.628108108108108070e+02
1.550540540540540633e+02 1.341824324324324209e+02 1.628108108108108070e+02
1.550540540540540633e+02 1.341824324324324209e+02 1.628108108108108070e+02
1.550540540540540633e+02 1.341824324324324209e+02 1.628108108108108070e+02
1.550540540540540633e+02 1.341824324324324209e+02 1.628108108108108070e+02
1.550540540540540633e+02 1.341824324324324209e+02 1.628108108108108070e+02
1.550540540540540633e+02 1.341824324324324209e+02 1.628108108108108070e+02
1.550540540540540633e+02 1.341824324324324209e+02 1.628108108108108070e+02
1.550540540540540633e+02 1.341824324324324209e+02 1.628108108108108070e+02
1.550540540540540633e+02 1.341824324324324209e+02 1.628108108108108070e+02
1.550540540540540633e+02 1.341824324324324209e+02 1.628108108108108070e+02
1.550540540540540633e+02 1.341824324324324209e+02 1.628108108108108070e+02
1.550540540540540633e+02 1.341824324324324209e+02 1.628108108108108070e+02
1.550540540540540633e+02 1.341824324324324209e+02 1.628108108108108070e+02
1.550540540540540633e+02 1.341824324324324209e+02 1.628108108108108070e+02
1.550540540540540633e+02 1.341824324324324209e+02 1.628108108108108070e+02
1.550540540540540633e+02 1.341824324324324209e+02 1.628108108108108070e+02
1.550540540540540633e+02 1.341824324324324209e+02 1.628108108108108070e+02
1.550540540540540633e+02 1.341824324324324209e+02 1.628108108108108070e+02
1.550540540540540633e+02 1.341824324324324209e+02 1.628108108108108070e+02
1.550540540540540633e+02 1.341824324324324209e+02 1.628108108108108070e+02
1.550540540540540633e+02 1.341824324324324209e+02 1.628108108108108070e+02
1.550540540540540633e+02 1.341824324324324209e+02 1.628108108108108070e+02
1.550540540540540633e+02 1.341824324324324209e+02 1.628108108108108070e+02
1.550540540540540633e+02 1.341824324324324209e+02 1.628108108108108070e+02
1.550540540540540633e+02 1.341824324324324209e+02 1.628108108108108070e+02
1.550540540540540633e+02 1.341824324324324209e+02 1.628108108108108070e+02
1.550540540540540633e+02 1.341824324324324209e+02 1.628108108108108070e+02
1.550540540540540633e+02 1.341824324324324209e+02 1.628108108108108070e+02
1.550540540540540633e+02 1.341824324324324209e+02 1.628108108108108070e+02
1.550540540540540633e+02 1.341824324324324209e+02 1.628108108108108070e+02
1.550540540540540633e+02 1.341824324324324209e+02 1.628108108108108070e+02
1.550540540540540633e+02 1.341824324324324209e+02 1.628108108108108070e+02
1.550540540540540633e+02 1.341824324324324209e+02 1.628108108108108070e+02
1.550540540540540633e+02 1.341824324324324209e+02 1.628108108108108070e+02
1.550540540540540633e+02 1.341824324324324209e+02 1.628108108108108070e+02
1.550540540540540633e+02 1.341824324324324209e+02 1.628108108108108070e+02
1.550540540540540633e+02 1.341824324324324209e+02 1.628108108108108070e+02
1.550540540540540633e+02 1.341824324324324209e+02 1.628108108108108070e+02
1.550540540540540633e+02 1.341824324324324209e+02 1.628108108108108070e+02
1.550540540540540633e+02 1.341824324324324209e+02 1.628108108108108070e+02
1.550540540540540633e+02 1.341824324324324209e+02 1.628108108108108070e+02
1.550540540540540633e+02 1.341824324324324209e+02 1.628108108108108070e+02
1.550540540540540633e+02 1.341824324324324209e+02 1.628108108108108070e+02
1.550540540540540633e+02 1.341824324324324209e+02 1.628108108108108070e+02
1.550540540540540633e+02 1.341824324324324209e+02 1.628108108108108070e+02
1.550540540540540633e+02 1.341824324324324209e+02 1.628108108108108070e+02
1.550540540540540633e+02 1.341824324324324209e+02 1.628108108108108070e+02
1.550540540540540633e+02 1.341824324324324209e+02 1.628108108108108070e+02
1.550540540540540633e+02 1.341824324324324209e+02 1.628108108108108070e+02
1.550540540540540633e+02 1.341824324324324209e+02 1.628108108108108070e+02
1.550540540540540633e+02 1.341824324324324209e+02 1.628108108108108070e+02
1.550540540540540633e+02 1.341824324324324209e+02 1.628108108108108070e+02
1.550540540540540633e+02 1.341824324324324209e+02 1.628108108108108070e+02
1.550540540540540633e+02 1.341824324324324209e+02 1.628108108108108070e+02
1.550540540540540633e+02 1.341824324324324209e+02 1.628108108108108070e+02
1.550540540540540633e+02 1.341824324324324209e+02 1.628108108108108070e+02
1.550540540540540633e+02 1.341824324324324209e+02 1.628108108108108070e+02
1.550540540540540633e+02 1.341824324324324209e+02 1.628108108108108070e+02
1.550540540540540633e+02 1.341824324324324209e+02 1.628108108108108070e+02
1.550540540540540633e+02 1.341824324324324209e+02 1.628108108108108070e+02
1.550540540540540633e+02 1.341824324324324209e+02 1.628108108108108070e+02
1.550540540540540633e+02 1.341824324324324209e+02 1.628108108108108070e+02
1.550540540540540633e+02 1.341824324324324209e+02 1.628108108108108070e+02
1.550540540540540633e+02 1.341824324324324209e+02 1.628108108108108070e+02
1.550540540540540633e+02 1.341824324324324209e+02 1.628108108108108070e+02
