1.282933333333333223e+02 1.276200000000000045e+02 1.287466666666666697e+02
1.283154362416107404e+02 1.272214765100671201e+02 1.293489932885906057e+02
1.288278145695364287e+02 1.272185430463576097e+02 1.291192052980132416e+02
1.287718120805369040e+02 1.272416107382550337e+02 1.290134228187919518e+02
1.290933333333333337e+02 1.270600000000000023e+02 1.289600000000000080e+02
1.291466666666666754e+02 1.271266666666666652e+02 1.287599999999999909e+02
1.290999999999999943e+02 1.272733333333333263e+02 1.287066666666666777e+02
1.291324503311258241e+02 1.273774834437086128e+02 1.290927152317880768e+02
1.292317880794701921e+02 1.272980132450331183e+02 1.288874172185430496e+02
1.293774834437085985e+02 1.273443708609271567e+02 1.291192052980132416e+02
1.293799999999999955e+02 1.272866666666666617e+02 1.293666666666666742e+02
1.292781456953642305e+02 1.274635761589403984e+02 1.291324503311258241e+02
1.292199999999999989e+02 1.275400000000000063e+02 1.292266666666666595e+02
1.287894736842105203e+02 1.274868421052631646e+02 1.295000000000000000e+02
1.286887417218543135e+02 1.276158940397350960e+02 1.296291390728476927e+02
1.282800000000000011e+02 1.277666666666666657e+02 1.295133333333333212e+02
1.278157894736842053e+02 1.279407894736842053e+02 1.292763157894736707e+02
1.277852348993288558e+02 1.282080536912751541e+02 1.297382550335570386e+02
1.278333333333333286e+02 1.284133333333333269e+02 1.299333333333333371e+02
1.275066666666666606e+02 1.282199999999999989e+02 1.301066666666666549e+02
1.273157894736842053e+02 1.283750000000000000e+02 1.298421052631578902e+02
1.276887417218542993e+02 1.284569536423840930e+02 1.299072847682119232e+02
1.275866666666666731e+02 1.282266666666666595e+02 1.299933333333333394e+02
1.275199999999999960e+02 1.281399999999999864e+02 1.300066666666666606e+02
1.274133333333333269e+02 1.280200000000000102e+02 1.302533333333333303e+02
1.272399999999999949e+02 1.281533333333333360e+02 1.304266666666666765e+02
1.271933333333333280e+02 1.284066666666666663e+02 1.306933333333333280e+02
1.269276315789473699e+02 1.286381578947368496e+02 1.304078947368421098e+02
1.269800000000000040e+02 1.287400000000000091e+02 1.303933333333333451e+02
1.270133333333333354e+02 1.286866666666666674e+02 1.303000000000000114e+02
1.269210526315789451e+02 1.287763157894736707e+02 1.302039473684210407e+02
1.264144736842105203e+02 1.288881578947368496e+02 1.302960526315789593e+02
1.266308724832214807e+02 1.290000000000000000e+02 1.306174496644295289e+02
1.265695364238410576e+02 1.290198675496688736e+02 1.310066225165562912e+02
1.267866666666666617e+02 1.295866666666666731e+02 1.310600000000000023e+02
1.271266666666666652e+02 1.299266666666666765e+02 1.311933333333333280e+02
1.272847682119205359e+02 1.301523178807946977e+02 1.309668874172185440e+02
1.272666666666666657e+02 1.303533333333333246e+02 1.310999999999999943e+02
1.275369127516778462e+02 1.304496644295302019e+02 1.312416107382550194e+02
1.273046357615894095e+02 1.306953642384106047e+02 1.315033112582781598e+02
1.271200000000000045e+02 1.313266666666666538e+02 1.313266666666666538e+02
1.270529801324503296e+02 1.314304635761589282e+02 1.312185430463576097e+02
1.269602649006622528e+02 1.316026490066225278e+02 1.312582781456953569e+02
1.270860927152317856e+02 1.318278145695364287e+02 1.314370860927152194e+02
1.270671140939597308e+02 1.319127516778523557e+02 1.317248322147650867e+02
1.270198675496688736e+02 1.315761589403973630e+02 1.320000000000000000e+02
1.268066666666666720e+02 1.314666666666666686e+02 1.321533333333333360e+02
1.266866666666666674e+02 1.313066666666666720e+02 1.323066666666666720e+02
1.265761589403973488e+02 1.315629139072847806e+02 1.323774834437085985e+02
1.269735099337748352e+02 1.319801324503311264e+02 1.324370860927152194e+02
1.270199999999999960e+02 1.320999999999999943e+02 1.324533333333333474e+02
1.271409395973154375e+02 1.323288590604026922e+02 1.325503355704697981e+02
1.273642384105960303e+02 1.324569536423840930e+02 1.326490066225165663e+02
1.272933333333333366e+02 1.325933333333333337e+02 1.325533333333333417e+02
1.273576158940397391e+02 1.327549668874172255e+02 1.325430463576159070e+02
1.274238410596026512e+02 1.329536423841059616e+02 1.322185430463576097e+02
1.273400000000000034e+02 1.330466666666666526e+02 1.322933333333333223e+02
1.274569536423841072e+02 1.332251655629139009e+02 1.324635761589403842e+02
1.274666666666666686e+02 1.328600000000000136e+02 1.322933333333333223e+02
1.275695364238410576e+02 1.326821192052980223e+02 1.323377483443708513e+02
1.277302631578947398e+02 1.327565789473684106e+02 1.321118421052631504e+02
1.274144736842105203e+02 1.326842105263157805e+02 1.320723684210526301e+02
1.273557046979865817e+02 1.325167785234899327e+02 1.320402684563758271e+02
1.272052980132450273e+02 1.323774834437085985e+02 1.320132450331125824e+02
1.273866666666666703e+02 1.326599999999999966e+02 1.321866666666666674e+02
1.274066666666666663e+02 1.328000000000000114e+02 1.322199999999999989e+02
1.274733333333333292e+02 1.331733333333333462e+02 1.320266666666666708e+02
1.276622516556291345e+02 1.336291390728476927e+02 1.324304635761589282e+02
1.277500000000000000e+02 1.338918918918919019e+02 1.324594594594594525e+02
1.278724832214765144e+02 1.339597315436241729e+02 1.326979865771812115e+02
1.276241610738255048e+02 1.343422818791946440e+02 1.330536912751677789e+02
1.276533333333333360e+02 1.345066666666666606e+02 1.333000000000000114e+02
1.278389261744966490e+02 1.348590604026845767e+02 1.333020134228187885e+02
1.278066666666666720e+02 1.351999999999999886e+02 1.335666666666666629e+02
1.281140939597315480e+02 1.352416107382550194e+02 1.336174496644295289e+02
1.279000000000000057e+02 1.356333333333333258e+02 1.339933333333333394e+02
1.277947019867549727e+02 1.362516556291390657e+02 1.338079470198675551e+02
1.279662162162162105e+02 1.363783783783783861e+02 1.339797297297297405e+02
1.278333333333333286e+02 1.367866666666666617e+02 1.339133333333333269e+02
1.275333333333333314e+02 1.367199999999999989e+02 1.339133333333333269e+02
1.272483221476510096e+02 1.367449664429530287e+02 1.337718120805369040e+02
1.273333333333333286e+02 1.366733333333333462e+02 1.338666666666666742e+02
1.275973154362416153e+02 1.367248322147650867e+02 1.339060402684563655e+02
1.270328947368421098e+02 1.364013157894736707e+02 1.339473684210526301e+02
1.269934210526315752e+02 1.364802631578947398e+02 1.341381578947368496e+02
1.268344370860927199e+02 1.364105960264900546e+02 1.342913907284768129e+02
1.266688741721854257e+02 1.361523178807946977e+02 1.341920529801324449e+02
1.267947019867549727e+02 1.362582781456953569e+02 1.343642384105960161e+02
1.265827814569536400e+02 1.364172185430463458e+02 1.342317880794701921e+02
1.265400000000000063e+02 1.365666666666666629e+02 1.344199999999999875e+02
1.264503311258278160e+02 1.362913907284768129e+02 1.344569536423840930e+02
1.262317880794701921e+02 1.361854304635761537e+02 1.345099337748344510e+02
1.263133333333333326e+02 1.357599999999999909e+02 1.348266666666666538e+02
1.260335570469798654e+02 1.357382550335570386e+02 1.348456375838926249e+02
1.253799999999999955e+02 1.354133333333333269e+02 1.350200000000000102e+02
1.250799999999999983e+02 1.353933333333333451e+02 1.353400000000000034e+02
1.251589403973509889e+02 1.351721854304635713e+02 1.355430463576159070e+02
1.251324503311258241e+02 1.350927152317880768e+02 1.355629139072847806e+02
1.247852348993288558e+02 1.347114093959731633e+02 1.352885906040268367e+02
1.249066666666666663e+02 1.345733333333333235e+02 1.353933333333333451e+02
1.247999999999999972e+02 1.345133333333333212e+02 1.355333333333333314e+02
1.248389261744966490e+02 1.343959731543624230e+02 1.356577181208053560e+02
1.248657718120805384e+02 1.341208053691275097e+02 1.358724832214765001e+02
1.244832214765100673e+02 1.338859060402684520e+02 1.360000000000000000e+02
1.246644295302013461e+02 1.341208053691275097e+02 1.359127516778523557e+02
1.247483443708609201e+02 1.340066225165562912e+02 1.360794701986754944e+02
1.247697368421052602e+02 1.338289473684210407e+02 1.358092105263157805e+02
1.244503311258278160e+02 1.337814569536423903e+02 1.360860927152317856e+02
1.242582781456953711e+02 1.335827814569536542e+02 1.362119205298013185e+02
1.242933333333333366e+02 1.335600000000000023e+02 1.365466666666666526e+02
1.238266666666666680e+02 1.336333333333333258e+02 1.368199999999999932e+02
1.238926174496644279e+02 1.337114093959731633e+02 1.365906040268456252e+02
1.235032679738562109e+02 1.334836601307189596e+02 1.365359477124183059e+02
1.231456953642384065e+02 1.335894039735099454e+02 1.365695364238410718e+02
1.227248322147651010e+02 1.338456375838926249e+02 1.364496644295302019e+02
1.223378378378378386e+02 1.336148648648648702e+02 1.366756756756756772e+02
1.223841059602649040e+02 1.334900662251655490e+02 1.366225165562914015e+02
1.222185430463576097e+02 1.334105960264900546e+02 1.365165562913907422e+02
1.219000000000000057e+02 1.335333333333333314e+02 1.368333333333333428e+02
1.216533333333333360e+02 1.335333333333333314e+02 1.368799999999999955e+02
1.217385620915032689e+02 1.334313725490196134e+02 1.367058823529411882e+02
1.215369127516778462e+02 1.337651006711409423e+02 1.363489932885906057e+02
1.213157894736842053e+02 1.338750000000000000e+02 1.363750000000000000e+02
1.212080536912751683e+02 1.339463087248322211e+02 1.364429530201342402e+02
1.210600000000000023e+02 1.339933333333333394e+02 1.363333333333333428e+02
1.209868421052631646e+02 1.339407894736842195e+02 1.360921052631578902e+02
1.205364238410596016e+02 1.339470198675496704e+02 1.358675496688741759e+02
1.202600000000000051e+02 1.337266666666666595e+02 1.359600000000000080e+02
1.201324503311258241e+02 1.335695364238410718e+02 1.361258278145695328e+02
1.199934640522875782e+02 1.332026143790849630e+02 1.360718954248366117e+02
1.198421052631578902e+02 1.328223684210526301e+02 1.360000000000000000e+02
1.196800000000000068e+02 1.326200000000000045e+02 1.359333333333333371e+02
1.198675496688741759e+02 1.324437086092715106e+02 1.358543046357615935e+02
1.198400000000000034e+02 1.322933333333333223e+02 1.361533333333333360e+02
1.195133333333333354e+02 1.320466666666666526e+02 1.361466666666666754e+02
1.196688741721854257e+02 1.321192052980132416e+02 1.360662251655629120e+02
1.196933333333333280e+02 1.325733333333333235e+02 1.359466666666666583e+02
1.197880794701986815e+02 1.324039735099337634e+02 1.358874172185430496e+02
1.200469798657718172e+02 1.320805369127516826e+02 1.359261744966443075e+02
1.201342281879194616e+02 1.317046979865771732e+02 1.356442953020134325e+02
1.203199999999999932e+02 1.315733333333333235e+02 1.352266666666666595e+02
1.202582781456953711e+02 1.310397350993377472e+02 1.350529801324503296e+02
1.201073825503355721e+02 1.308053691275167694e+02 1.350805369127516826e+02
1.200000000000000000e+02 1.301879194630872405e+02 1.348389261744966348e+02
1.201610738255033510e+02 1.301006711409395962e+02 1.346644295302013461e+02
1.202999999999999972e+02 1.298066666666666720e+02 1.347666666666666799e+02
1.205723684210526301e+02 1.300855263157894797e+02 1.348355263157894797e+02
1.202617449664429472e+02 1.296912751677852214e+02 1.345302013422818845e+02
1.201409395973154375e+02 1.299127516778523557e+02 1.348724832214765001e+02
1.199144736842105203e+02 1.298289473684210407e+02 1.346710526315789593e+02
1.202251655629139009e+02 1.298344370860927199e+02 1.346688741721854399e+02
1.202582781456953711e+02 1.297880794701986815e+02 1.345099337748344510e+02
1.204765100671140914e+02 1.300000000000000000e+02 1.345771812080537018e+02
1.207399999999999949e+02 1.300999999999999943e+02 1.342933333333333223e+02
1.209066666666666663e+02 1.301133333333333439e+02 1.344533333333333474e+02
1.210855263157894797e+02 1.301710526315789593e+02 1.345986842105263293e+02
1.213129251700680271e+02 1.304285714285714164e+02 1.342857142857142776e+02
1.215202702702702737e+02 1.302500000000000000e+02 1.343445945945945823e+02
1.218231292517006779e+02 1.300680272108843383e+02 1.340816326530612344e+02
1.223020134228187885e+02 1.297651006711409423e+02 1.340805369127516826e+02
1.227266666666666595e+02 1.295066666666666606e+02 1.340133333333333212e+02
1.232162162162162105e+02 1.297770270270270316e+02 1.342635135135135158e+02
1.232080536912751683e+02 1.294697986577181155e+02 1.344026845637583847e+02
1.233112582781457007e+02 1.295298013245033246e+02 1.341390728476821153e+02
1.232649006622516623e+02 1.295496688741721982e+02 1.345562913907284894e+02
1.234144736842105203e+02 1.295131578947368496e+02 1.342763157894736707e+02
1.233576158940397391e+02 1.298410596026490111e+02 1.343841059602648897e+02
1.235866666666666731e+02 1.302800000000000011e+02 1.342400000000000091e+02
1.237466666666666697e+02 1.299600000000000080e+02 1.342466666666666697e+02
1.243133333333333326e+02 1.301133333333333439e+02 1.342199999999999989e+02
1.244399999999999977e+02 1.301999999999999886e+02 1.342533333333333303e+02
1.244671052631578902e+02 1.300328947368421098e+02 1.342894736842105203e+02
1.250666666666666629e+02 1.300066666666666606e+02 1.345733333333333235e+02
1.253421052631578902e+02 1.297894736842105203e+02 1.344671052631578902e+02
1.256599999999999966e+02 1.299199999999999875e+02 1.344933333333333394e+02
1.257800000000000011e+02 1.296533333333333360e+02 1.347133333333333383e+02
1.260266666666666708e+02 1.298066666666666720e+02 1.345600000000000023e+02
1.258066666666666720e+02 1.302066666666666777e+02 1.348400000000000034e+02
1.259271523178807968e+02 1.301456953642384065e+02 1.347019867549668959e+02
1.261854304635761537e+02 1.304900662251655490e+02 1.348013245033112639e+02
1.266800000000000068e+02 1.305733333333333235e+02 1.350866666666666731e+02
1.271466666666666612e+02 1.306599999999999966e+02 1.352066666666666777e+02
1.270872483221476443e+02 1.307248322147650867e+02 1.355838926174496635e+02
1.271324503311258241e+02 1.306026490066225278e+02 1.358013245033112639e+02
1.270799999999999983e+02 1.308466666666666640e+02 1.357066666666666777e+02
1.271842105263157947e+02 1.306513157894736707e+02 1.359342105263157805e+02
1.275496688741721840e+02 1.303774834437085985e+02 1.360066225165562912e+02
1.275298013245033104e+02 1.303841059602648897e+02 1.362119205298013185e+02
1.277133333333333383e+02 1.306733333333333462e+02 1.361599999999999966e+02
1.276933333333333280e+02 1.308466666666666640e+02 1.362199999999999989e+02
1.273973509933774864e+02 1.307218543046357695e+02 1.362119205298013185e+02
1.274701986754966896e+02 1.302516556291390657e+02 1.361788079470198625e+02
1.274000000000000057e+02 1.302066666666666777e+02 1.362733333333333405e+02
1.274802631578947398e+02 1.303026315789473699e+02 1.360263157894736707e+02
1.275165562913907280e+02 1.300529801324503296e+02 1.365695364238410718e+02
1.276490066225165521e+02 1.303245033112582689e+02 1.370662251655629120e+02
1.276026490066225136e+02 1.307880794701986815e+02 1.372781456953642305e+02
1.279266666666666623e+02 1.307466666666666697e+02 1.373066666666666720e+02
1.281866666666666674e+02 1.308266666666666538e+02 1.373199999999999932e+02
1.284333333333333371e+02 1.305399999999999920e+02 1.375866666666666731e+02
1.290533333333333417e+02 1.304733333333333292e+02 1.381666666666666572e+02
1.293377483443708513e+02 1.301059602649006592e+02 1.381721854304635713e+02
1.291543624161073751e+02 1.299865771812080482e+02 1.385838926174496635e+02
1.290328947368421098e+02 1.298815789473684106e+02 1.389736842105263293e+02
1.290460526315789593e+02 1.296776315789473699e+02 1.388618421052631504e+02
1.290529801324503296e+02 1.290331125827814560e+02 1.387152317880794783e+02
1.287417218543046431e+02 1.288874172185430496e+02 1.387284768211920607e+02
1.290993377483443680e+02 1.288741721854304672e+02 1.385761589403973630e+02
1.294220779220779320e+02 1.285259740259740227e+02 1.387467532467532578e+02
1.297466666666666697e+02 1.285333333333333314e+02 1.387066666666666777e+02
1.299731543624160963e+02 1.283154362416107404e+02 1.385503355704697981e+02
1.300067114093959617e+02 1.282080536912751541e+02 1.384563758389261636e+02
1.298791946308724903e+02 1.282281879194630960e+02 1.384295302013422884e+02
1.299133333333333269e+02 1.284466666666666583e+02 1.383133333333333326e+02
1.300331125827814560e+02 1.284370860927152194e+02 1.386622516556291487e+02
1.302565789473684106e+02 1.281842105263157805e+02 1.386447368421052602e+02
1.306907894736842195e+02 1.281776315789473699e+02 1.384605263157894797e+02
1.306066666666666549e+02 1.284600000000000080e+02 1.386733333333333462e+02
1.304189189189189051e+02 1.283851351351351298e+02 1.387500000000000000e+02
1.304533333333333474e+02 1.284733333333333292e+02 1.386733333333333462e+02
1.305657894736842195e+02 1.286250000000000000e+02 1.384342105263157805e+02
1.306577181208053560e+02 1.287449664429530287e+02 1.386510067114093943e+02
1.310600000000000023e+02 1.288066666666666720e+02 1.393000000000000114e+02
1.311111111111111143e+02 1.289934640522875782e+02 1.394509803921568505e+02
1.310933333333333337e+02 1.286666666666666572e+02 1.392800000000000011e+02
1.313154362416107404e+02 1.285704697986577116e+02 1.390671140939597308e+02
1.318344370860927199e+02 1.284966887417218402e+02 1.391125827814569504e+02
1.323400000000000034e+02 1.285399999999999920e+02 1.393400000000000034e+02
1.327181208053691250e+02 1.288187919463087212e+02 1.397986577181208077e+02
1.329403973509933792e+02 1.288211920529801375e+02 1.399271523178807968e+02
1.330066666666666606e+02 1.286533333333333360e+02 1.398666666666666742e+02
1.333666666666666742e+02 1.284399999999999977e+02 1.397066666666666777e+02
1.334533333333333474e+02 1.285666666666666629e+02 1.391599999999999966e+02
1.335496688741721982e+02 1.288013245033112639e+02 1.390662251655629120e+02
1.333933333333333451e+02 1.285466666666666526e+02 1.389733333333333292e+02
1.334733333333333292e+02 1.287199999999999989e+02 1.386399999999999864e+02
1.337483443708609343e+02 1.289867549668874176e+02 1.384437086092715106e+02
1.337236842105263293e+02 1.290065789473684106e+02 1.383750000000000000e+02
1.334133333333333269e+02 1.289666666666666686e+02 1.382933333333333223e+02
1.333881578947368496e+02 1.287302631578947398e+02 1.383552631578947398e+02
1.337181208053691250e+02 1.289328859060402692e+02 1.382684563758389231e+02
1.337333333333333201e+02 1.291599999999999966e+02 1.381399999999999864e+02
1.337651006711409423e+02 1.293624161073825576e+02 1.380469798657718172e+02
1.333108108108108070e+02 1.295608108108108070e+02 1.378851351351351298e+02
1.333933333333333451e+02 1.297933333333333223e+02 1.377733333333333405e+02
1.335369127516778462e+02 1.296644295302013461e+02 1.377516778523489904e+02
1.334133333333333269e+02 1.300666666666666629e+02 1.374733333333333292e+02
1.335496688741721982e+02 1.300331125827814560e+02 1.373708609271523073e+02
1.334238410596026370e+02 1.302052980132450273e+02 1.373774834437085985e+02
1.331466666666666754e+02 1.300733333333333235e+02 1.372066666666666777e+02
1.330805369127516826e+02 1.299530201342281828e+02 1.375033557046979809e+02
1.328799999999999955e+02 1.301666666666666572e+02 1.377266666666666595e+02
1.324630872483221538e+02 1.301946308724832306e+02 1.377651006711409423e+02
1.322980132450331041e+02 1.303178807947019777e+02 1.377086092715231871e+02
1.318866666666666561e+02 1.308333333333333428e+02 1.375533333333333417e+02
1.316466666666666754e+02 1.307199999999999989e+02 1.376733333333333462e+02
1.314662162162161962e+02 1.312500000000000000e+02 1.375878378378378386e+02
1.311836734693877418e+02 1.313809523809524080e+02 1.375578231292517160e+02
1.308000000000000114e+02 1.316399999999999864e+02 1.373666666666666742e+02
1.307631578947368496e+02 1.317894736842105203e+02 1.372697368421052602e+02
1.307218543046357695e+02 1.316556291390728575e+02 1.370264900662251648e+02
1.304066666666666663e+02 1.317800000000000011e+02 1.372333333333333201e+02
1.301184210526315894e+02 1.314802631578947398e+02 1.375000000000000000e+02
1.300533333333333417e+02 1.315600000000000023e+02 1.375133333333333212e+02
1.298410596026490111e+02 1.314370860927152194e+02 1.374834437086092578e+02
1.296375838926174424e+02 1.314765100671141056e+02 1.373959731543624230e+02
1.295066666666666606e+02 1.315000000000000000e+02 1.375133333333333212e+02
1.291133333333333439e+02 1.312733333333333405e+02 1.374666666666666686e+02
1.287302631578947398e+02 1.313223684210526301e+02 1.375065789473684106e+02
1.286556291390728575e+02 1.312913907284768129e+02 1.372980132450331041e+02
1.286225165562914015e+02 1.311390728476821153e+02 1.375033112582781598e+02
1.282980132450331041e+02 1.310662251655629120e+02 1.374701986754966754e+02
1.279733333333333292e+02 1.312333333333333201e+02 1.377666666666666799e+02
1.278733333333333348e+02 1.312733333333333405e+02 1.378666666666666742e+02
1.275629139072847664e+02 1.312119205298013185e+02 1.376953642384106047e+02
1.273066666666666720e+02 1.314533333333333474e+02 1.379533333333333474e+02
1.276266666666666652e+02 1.312733333333333405e+02 1.377266666666666595e+02
1.274200000000000017e+02 1.313466666666666640e+02 1.379000000000000057e+02
1.274429530201342260e+02 1.313892617449664613e+02 1.378456375838926249e+02
1.270476190476190510e+02 1.313197278911564752e+02 1.377823129251700607e+02
1.264931506849315070e+02 1.314246575342465633e+02 1.375205479452054931e+02
1.263046357615894095e+02 1.317880794701986815e+02 1.376291390728476927e+02
1.260728476821192032e+02 1.318807947019867584e+02 1.376622516556291487e+02
1.261333333333333400e+02 1.318600000000000136e+02 1.377666666666666799e+02
1.259072847682119232e+02 1.324834437086092578e+02 1.379271523178807968e+02
1.258940397350993408e+02 1.328675496688741759e+02 1.379072847682119232e+02
1.258400000000000034e+02 1.327533333333333303e+02 1.379066666666666663e+02
1.255933333333333337e+02 1.327800000000000011e+02 1.379799999999999898e+02
1.251381578947368354e+02 1.329078947368421098e+02 1.380131578947368496e+02
1.251266666666666652e+02 1.328066666666666720e+02 1.380399999999999920e+02
1.251275167785234856e+02 1.327852348993288558e+02 1.379328859060402692e+02
1.250915032679738630e+02 1.333006535947712337e+02 1.375294117647058840e+02
1.251946308724832164e+02 1.336577181208053560e+02 1.375234899328858944e+02
1.248940397350993408e+02 1.335629139072847806e+02 1.375298013245033246e+02
1.250872483221476443e+02 1.337583892617449806e+02 1.377785234899328941e+02
1.249668874172185440e+02 1.336423841059602751e+02 1.378741721854304672e+02
1.247516778523489904e+02 1.335771812080537018e+02 1.379395973154362309e+02
1.249127516778523557e+02 1.340738255033556925e+02 1.380067114093959617e+02
1.247583892617449663e+02 1.339127516778523557e+02 1.384295302013422884e+02
1.249066666666666663e+02 1.339333333333333371e+02 1.384266666666666765e+02
1.251052631578947398e+02 1.336447368421052602e+02 1.388092105263157805e+02
1.253691275167785193e+02 1.338590604026845767e+02 1.390134228187919518e+02
1.259133333333333269e+02 1.339666666666666686e+02 1.393666666666666742e+02
1.258333333333333286e+02 1.339799999999999898e+02 1.391133333333333439e+02
1.255065789473684248e+02 1.339671052631578902e+02 1.393355263157894797e+02
1.251250000000000000e+02 1.340657894736842195e+02 1.394276315789473699e+02
1.254133333333333269e+02 1.340933333333333337e+02 1.393666666666666742e+02
1.254733333333333292e+02 1.337199999999999989e+02 1.394399999999999977e+02
1.254172185430463600e+02 1.338145695364238463e+02 1.394304635761589282e+02
1.253157894736842053e+02 1.339473684210526301e+02 1.395657894736842195e+02
1.254304635761589424e+02 1.343245033112582689e+02 1.399072847682119232e+02
1.254066666666666663e+02 1.345533333333333417e+02 1.400000000000000000e+02
1.256733333333333320e+02 1.348066666666666720e+02 1.400066666666666606e+02
1.257466666666666697e+02 1.352066666666666777e+02 1.401266666666666652e+02
1.260132450331125824e+02 1.354768211920529666e+02 1.402317880794701921e+02
1.262781456953642447e+02 1.356556291390728575e+02 1.404238410596026370e+02
1.263825503355704711e+02 1.358859060402684520e+02 1.403422818791946440e+02
1.262828947368421098e+02 1.355263157894736707e+02 1.406776315789473699e+02
1.265827814569536400e+02 1.355099337748344510e+02 1.408741721854304672e+02
1.263377483443708655e+02 1.356754966887417311e+02 1.407947019867549727e+02
1.266599999999999966e+02 1.359000000000000057e+02 1.406266666666666652e+02
1.269735099337748352e+02 1.361523178807946977e+02 1.408940397350993408e+02
1.272251655629139009e+02 1.365099337748344510e+02 1.412516556291390657e+02
1.269869281045751563e+02 1.369150326797385731e+02 1.411764705882353041e+02
1.271059602649006592e+02 1.368410596026490111e+02 1.411258278145695328e+02
1.271812080536912788e+02 1.368322147651006730e+02 1.412953020134228268e+02
1.268609271523178847e+02 1.367880794701986815e+02 1.414701986754966754e+02
1.270799999999999983e+02 1.368133333333333326e+02 1.415133333333333212e+02
1.273199999999999932e+02 1.366733333333333462e+02 1.415733333333333235e+02
1.272266666666666737e+02 1.364533333333333474e+02 1.416733333333333462e+02
1.273907284768211952e+02 1.364966887417218402e+02 1.418211920529801375e+02
1.273684210526315752e+02 1.365394736842105203e+02 1.418157894736842195e+02
1.272287581699346362e+02 1.363529411764705799e+02 1.418039215686274588e+02
1.272781456953642447e+02 1.362119205298013185e+02 1.418344370860927199e+02
1.271208053691275097e+02 1.358120805369127595e+02 1.417248322147650867e+02
1.274701986754966896e+02 1.358079470198675551e+02 1.416556291390728575e+02
1.274800000000000040e+02 1.355200000000000102e+02 1.420866666666666731e+02
1.279866666666666646e+02 1.352533333333333303e+02 1.414666666666666686e+02
1.283716216216216139e+02 1.347702702702702595e+02 1.416418918918918735e+02
1.283424657534246478e+02 1.345068493150685072e+02 1.416643835616438309e+02
1.286891891891891930e+02 1.346486486486486456e+02 1.417162162162162247e+02
1.289657534246575494e+02 1.345000000000000000e+02 1.419246575342465633e+02
1.289798657718120580e+02 1.345436241610738080e+02 1.419060402684563655e+02
1.292953020134228268e+02 1.344161073825503365e+02 1.419194630872483174e+02
1.296225165562914015e+02 1.340662251655629120e+02 1.417814569536423903e+02
1.299735099337748352e+02 1.342516556291390657e+02 1.418874172185430496e+02
1.302666666666666799e+02 1.340466666666666526e+02 1.413733333333333348e+02
1.302828947368421098e+02 1.341447368421052602e+02 1.413552631578947398e+02
1.306733333333333462e+02 1.343000000000000114e+02 1.413400000000000034e+02
1.308979591836734642e+02 1.343129251700680413e+02 1.411360544217687050e+02
1.309194630872483174e+02 1.340134228187919518e+02 1.411073825503355579e+02
1.308993288590604038e+02 1.335838926174496635e+02 1.407718120805369040e+02
1.311554054054054177e+02 1.332905405405405475e+02 1.407229729729729684e+02
1.312617449664429614e+02 1.329731543624160963e+02 1.403288590604026922e+02
1.308940397350993408e+02 1.329536423841059616e+02 1.403708609271523073e+02
1.311466666666666754e+02 1.330333333333333314e+02 1.406533333333333360e+02
1.315200000000000102e+02 1.330733333333333235e+02 1.407866666666666617e+02
1.315496688741721982e+02 1.330331125827814560e+02 1.406821192052980223e+02
1.315364238410596158e+02 1.331986754966887361e+02 1.405298013245033246e+02
1.316133333333333439e+02 1.329933333333333394e+02 1.403066666666666720e+02
1.315894039735099454e+02 1.330463576158940384e+02 1.402516556291390657e+02
1.309399999999999977e+02 1.327133333333333383e+02 1.399466666666666583e+02
1.310999999999999943e+02 1.329133333333333269e+02 1.402199999999999989e+02
1.313150684931506760e+02 1.325616438356164224e+02 1.402191780821917746e+02
1.314933333333333394e+02 1.325533333333333417e+02 1.399133333333333269e+02
1.315704697986577116e+02 1.325637583892617499e+02 1.396510067114093943e+02
1.318066666666666720e+02 1.326333333333333258e+02 1.396133333333333439e+02
1.319933333333333394e+02 1.324733333333333292e+02 1.397800000000000011e+02
1.322066666666666777e+02 1.323733333333333348e+02 1.395933333333333337e+02
1.323355263157894797e+02 1.326578947368421098e+02 1.396513157894736707e+02
1.328466666666666640e+02 1.325133333333333212e+02 1.393600000000000136e+02
1.328410596026490111e+02 1.321721854304635713e+02 1.390463576158940384e+02
1.331476510067114134e+02 1.321946308724832306e+02 1.387651006711409423e+02
1.331866666666666674e+02 1.317933333333333223e+02 1.384799999999999898e+02
1.328211920529801375e+02 1.316357615894039839e+02 1.384569536423840930e+02
1.325838926174496635e+02 1.315503355704697981e+02 1.381208053691275097e+02
1.325600000000000023e+02 1.314733333333333292e+02 1.382199999999999989e+02
1.325066666666666606e+02 1.314266666666666765e+02 1.381133333333333439e+02
1.323666666666666742e+02 1.309399999999999977e+02 1.381466666666666754e+02
1.323533333333333246e+02 1.309533333333333474e+02 1.377533333333333303e+02
1.325827814569536542e+02 1.306953642384106047e+02 1.374172185430463458e+02
1.323666666666666742e+02 1.306933333333333280e+02 1.371133333333333439e+02
1.321800000000000068e+02 1.311200000000000045e+02 1.371533333333333360e+02
1.322913907284768129e+02 1.309470198675496704e+02 1.367880794701986815e+02
1.318533333333333246e+02 1.302733333333333405e+02 1.364666666666666686e+02
1.318322147651006730e+02 1.301006711409395962e+02 1.365570469798657598e+02
1.320675675675675791e+02 1.300945945945945823e+02 1.360067567567567437e+02
1.324066666666666663e+02 1.298066666666666720e+02 1.362800000000000011e+02
1.324066666666666663e+02 1.297533333333333303e+02 1.361999999999999886e+02
1.328026315789473699e+02 1.294605263157894797e+02 1.362763157894736707e+02
1.330533333333333417e+02 1.292866666666666617e+02 1.361533333333333360e+02
1.332147651006711442e+02 1.290469798657718172e+02 1.361946308724832306e+02
1.326510067114093943e+02 1.288724832214765001e+02 1.363154362416107404e+02
1.326225165562914015e+02 1.288079470198675551e+02 1.359470198675496704e+02
1.323288590604026922e+02 1.287718120805369040e+02 1.356845637583892596e+02
1.324228187919462982e+02 1.285436241610738364e+02 1.354899328859060290e+02
1.324630872483221538e+02 1.284697986577181155e+02 1.354295302013422884e+02
1.329473684210526301e+02 1.282565789473684106e+02 1.354473684210526301e+02
1.331125827814569504e+02 1.282715231788079393e+02 1.356953642384106047e+02
1.329933333333333394e+02 1.279266666666666623e+02 1.355666666666666629e+02
1.330733333333333235e+02 1.275733333333333377e+02 1.356800000000000068e+02
1.331513157894736707e+02 1.274934210526315752e+02 1.354539473684210407e+02
1.330671140939597308e+02 1.275503355704697981e+02 1.352348993288590577e+02
1.335714285714285836e+02 1.273877551020408134e+02 1.348571428571428612e+02
1.337266666666666595e+02 1.272133333333333383e+02 1.349000000000000057e+02
1.337218543046357695e+02 1.273642384105960303e+02 1.348211920529801375e+02
1.341258278145695328e+02 1.270993377483443680e+02 1.347615894039735167e+02
1.340529801324503296e+02 1.268211920529801375e+02 1.345960264900662366e+02
1.338666666666666742e+02 1.265066666666666606e+02 1.348333333333333428e+02
1.340596026490066208e+02 1.263377483443708655e+02 1.350794701986754944e+02
1.340397350993377472e+02 1.263311258278145743e+02 1.351059602649006592e+02
1.341895424836601194e+02 1.260261437908496731e+02 1.347189542483660034e+02
1.340728476821192032e+02 1.258940397350993408e+02 1.348211920529801375e+02
1.343799999999999955e+02 1.257666666666666657e+02 1.347333333333333201e+02
1.344000000000000057e+02 1.258199999999999932e+02 1.348666666666666742e+02
1.342885906040268367e+02 1.258120805369127453e+02 1.350000000000000000e+02
1.342450331125827745e+02 1.258013245033112639e+02 1.352450331125827745e+02
1.343154362416107404e+02 1.258456375838926107e+02 1.350134228187919518e+02
1.344503311258278018e+02 1.258410596026490111e+02 1.348410596026490111e+02
1.344399999999999977e+02 1.261866666666666674e+02 1.346999999999999886e+02
1.343311258278145601e+02 1.260066225165562912e+02 1.346821192052980223e+02
1.343112582781456865e+02 1.261655629139072801e+02 1.348476821192053023e+02
1.342599999999999909e+02 1.259333333333333371e+02 1.349399999999999977e+02
1.343866666666666561e+02 1.256466666666666612e+02 1.349799999999999898e+02
1.346339869281045765e+02 1.253986928104575185e+02 1.347843137254901933e+02
1.346291390728476927e+02 1.249801324503311264e+02 1.345099337748344510e+02
1.348466666666666640e+02 1.248199999999999932e+02 1.344199999999999875e+02
1.352483660130718874e+02 1.248954248366013076e+02 1.345490196078431495e+02
1.356225165562914015e+02 1.245496688741721840e+02 1.344437086092715106e+02
1.361409395973154233e+02 1.242550335570469855e+02 1.341879194630872405e+02
1.364662162162162247e+02 1.238310810810810807e+02 1.340202702702702595e+02
1.363533333333333246e+02 1.238133333333333326e+02 1.338133333333333326e+02
1.365592105263157805e+02 1.237039473684210549e+02 1.334934210526315894e+02
1.366953642384106047e+02 1.236953642384105905e+02 1.334701986754966754e+02
1.369463087248322211e+02 1.237785234899328799e+02 1.335100671140939710e+02
1.368600000000000136e+02 1.235000000000000000e+02 1.332400000000000091e+02
1.373774834437085985e+02 1.236887417218542993e+02 1.333841059602648897e+02
1.371788079470198625e+02 1.236887417218542993e+02 1.332052980132450273e+02
1.374799999999999898e+02 1.239000000000000057e+02 1.330600000000000023e+02
1.375270270270270316e+02 1.241621621621621614e+02 1.330945945945945823e+02
1.379477124183006538e+02 1.238888888888888857e+02 1.328562091503268050e+02
1.383112582781456865e+02 1.237880794701986815e+02 1.329602649006622528e+02
1.383866666666666561e+02 1.241200000000000045e+02 1.323866666666666561e+02
1.383071895424836555e+02 1.241307189542483655e+02 1.322941176470588118e+02
1.381258278145695328e+02 1.243245033112582831e+02 1.321258278145695328e+02
1.381644736842105203e+02 1.241776315789473699e+02 1.319934210526315894e+02
1.381073825503355579e+02 1.243355704697986539e+02 1.317248322147650867e+02
1.380999999999999943e+02 1.240466666666666669e+02 1.316399999999999864e+02
1.379466666666666583e+02 1.241599999999999966e+02 1.314933333333333394e+02
1.379271523178807968e+02 1.240596026490066208e+02 1.314105960264900546e+02
1.377105263157894797e+02 1.240131578947368354e+02 1.311973684210526301e+02
1.378590604026845767e+02 1.242751677852348990e+02 1.309530201342281828e+02
1.373892617449664328e+02 1.242818791946308750e+02 1.305369127516778747e+02
1.372266666666666595e+02 1.245733333333333377e+02 1.302400000000000091e+02
1.370463576158940384e+02 1.245827814569536400e+02 1.302185430463576097e+02
1.370264900662251648e+02 1.247483443708609201e+02 1.300198675496688736e+02
1.368866666666666561e+02 1.247266666666666737e+02 1.299266666666666765e+02
1.365800000000000125e+02 1.247533333333333303e+02 1.301200000000000045e+02
1.365637583892617499e+02 1.249261744966442933e+02 1.300738255033556925e+02
1.367866666666666617e+02 1.251266666666666652e+02 1.300933333333333337e+02
1.367019867549668959e+02 1.251324503311258241e+02 1.297350993377483519e+02
1.366184210526315894e+02 1.250328947368421098e+02 1.296776315789473699e+02
1.364189189189189051e+02 1.252094594594594668e+02 1.295405405405405475e+02
1.363400000000000034e+02 1.252666666666666657e+02 1.295866666666666731e+02
1.359000000000000057e+02 1.253199999999999932e+02 1.295333333333333314e+02
1.356133333333333439e+02 1.254399999999999977e+02 1.293600000000000136e+02
1.357400000000000091e+02 1.256066666666666691e+02 1.295800000000000125e+02
1.353223684210526301e+02 1.259605263157894797e+02 1.296710526315789593e+02
1.354199999999999875e+02 1.258466666666666640e+02 1.298266666666666538e+02
1.353708609271523073e+02 1.261192052980132416e+02 1.296092715231788191e+02
1.352599999999999909e+02 1.261066666666666691e+02 1.294199999999999875e+02
1.350999999999999943e+02 1.260400000000000063e+02 1.294000000000000057e+02
1.349735099337748352e+02 1.255894039735099312e+02 1.292582781456953569e+02
1.345000000000000000e+02 1.254466666666666725e+02 1.293866666666666561e+02
1.343311258278145601e+02 1.253708609271523216e+02 1.293576158940397249e+02
1.339866666666666788e+02 1.254133333333333269e+02 1.296333333333333258e+02
1.340733333333333235e+02 1.258333333333333286e+02 1.292400000000000091e+02
1.340066666666666606e+02 1.259200000000000017e+02 1.292666666666666799e+02
1.338874172185430496e+02 1.259072847682119232e+02 1.289867549668874176e+02
1.339530201342281828e+02 1.257046979865771874e+02 1.290939597315436345e+02
1.339199999999999875e+02 1.254733333333333292e+02 1.290733333333333235e+02
1.335704697986577116e+02 1.251677852348993270e+02 1.291275167785234999e+02
1.331275167785234999e+02 1.250805369127516826e+02 1.288791946308724903e+02
1.331933333333333280e+02 1.245866666666666731e+02 1.290133333333333212e+02
1.329602649006622528e+02 1.245298013245033104e+02 1.291456953642384065e+02
1.327199999999999989e+02 1.244866666666666646e+02 1.295133333333333212e+02
1.326040268456375770e+02 1.241476510067114134e+02 1.292885906040268367e+02
1.322281879194630960e+02 1.242885906040268509e+02 1.292483221476510096e+02
1.321266666666666652e+02 1.244466666666666725e+02 1.294133333333333269e+02
1.320800000000000125e+02 1.243799999999999955e+02 1.294199999999999875e+02
1.317533333333333303e+02 1.241400000000000006e+02 1.290666666666666629e+02
1.317800000000000011e+02 1.241599999999999966e+02 1.290266666666666708e+02
1.316308724832214807e+02 1.240939597315436203e+02 1.292684563758389231e+02
1.318199999999999932e+02 1.237533333333333303e+02 1.294866666666666788e+02
1.319066666666666663e+02 1.234266666666666623e+02 1.297800000000000011e+02
1.318933333333333451e+02 1.234466666666666725e+02 1.299199999999999875e+02
1.313133333333333326e+02 1.232266666666666737e+02 1.301733333333333462e+02
1.311372549019607732e+02 1.228496732026143832e+02 1.303398692810457646e+02
1.310600000000000023e+02 1.226599999999999966e+02 1.305933333333333337e+02
1.311677852348993270e+02 1.223691275167785193e+02 1.306979865771812115e+02
