1.280533333333333417e+02 1.279000000000000057e+02 1.269266666666666623e+02
1.280733333333333235e+02 1.278199999999999932e+02 1.272533333333333303e+02
1.279477124183006538e+02 1.279281045751634025e+02 1.274967320261437891e+02
1.277933333333333366e+02 1.279200000000000017e+02 1.274266666666666623e+02
1.277763157894736850e+02 1.275789473684210549e+02 1.279539473684210549e+02
1.276405228758169983e+02 1.279150326797385588e+02 1.280000000000000000e+02
1.282348993288590577e+02 1.274429530201342260e+02 1.279798657718120865e+02
1.284466666666666583e+02 1.272933333333333366e+02 1.279666666666666686e+02
1.285333333333333314e+02 1.274933333333333394e+02 1.280000000000000000e+02
1.285986842105263293e+02 1.270131578947368354e+02 1.280460526315789593e+02
1.285695364238410718e+02 1.273443708609271567e+02 1.279602649006622528e+02
1.282258064516128968e+02 1.272322580645161310e+02 1.277032258064516128e+02
1.280789473684210407e+02 1.270000000000000000e+02 1.272763157894736850e+02
1.283618421052631504e+02 1.269407894736842053e+02 1.276513157894736850e+02
1.283133333333333326e+02 1.271466666666666612e+02 1.281599999999999966e+02
1.279664429530201346e+02 1.271073825503355721e+02 1.285704697986577116e+02
1.283783783783783861e+02 1.276148648648648702e+02 1.286824324324324209e+02
1.289346405228758101e+02 1.274313725490196134e+02 1.289477124183006538e+02
1.292933333333333223e+02 1.272466666666666697e+02 1.289199999999999875e+02
1.293419354838709694e+02 1.270645161290322562e+02 1.292516129032258050e+02
1.292500000000000000e+02 1.270789473684210549e+02 1.293684210526315894e+02
1.294333333333333371e+02 1.274800000000000040e+02 1.295399999999999920e+02
1.299602649006622528e+02 1.271523178807946977e+02 1.302649006622516481e+02
1.297466666666666697e+02 1.270866666666666731e+02 1.305466666666666526e+02
1.297800000000000011e+02 1.270933333333333337e+02 1.307466666666666697e+02
1.296973684210526301e+02 1.269078947368421098e+02 1.307368421052631504e+02
1.294133333333333269e+02 1.272399999999999949e+02 1.309933333333333394e+02
1.295771812080537018e+02 1.271610738255033510e+02 1.309798657718120865e+02
1.294466666666666583e+02 1.270933333333333337e+02 1.312400000000000091e+02
1.294799999999999898e+02 1.272399999999999949e+02 1.312933333333333223e+02
1.295472972972972912e+02 1.271351351351351298e+02 1.310810810810810949e+02
1.296887417218543135e+02 1.269470198675496704e+02 1.313907284768211809e+02
1.296081081081080981e+02 1.267567567567567579e+02 1.312905405405405475e+02
1.292617449664429614e+02 1.271275167785234856e+02 1.313020134228187885e+02
1.296535947712418420e+02 1.269869281045751563e+02 1.317516339869281126e+02
1.296622516556291487e+02 1.270000000000000000e+02 1.318079470198675551e+02
1.295695364238410718e+02 1.270596026490066208e+02 1.317615894039735167e+02
1.294172185430463458e+02 1.273973509933774864e+02 1.317152317880794783e+02
1.295629139072847806e+02 1.272913907284768271e+02 1.315165562913907422e+02
1.299399999999999977e+02 1.270266666666666708e+02 1.316866666666666674e+02
1.296754966887417311e+02 1.266688741721854257e+02 1.316092715231788191e+02
1.295200000000000102e+02 1.262866666666666617e+02 1.318666666666666742e+02
1.290000000000000000e+02 1.261241830065359437e+02 1.318169934640522740e+02
1.290939597315436345e+02 1.257651006711409423e+02 1.320805369127516826e+02
1.291733333333333462e+02 1.250066666666666606e+02 1.319533333333333474e+02
1.291986754966887361e+02 1.251589403973509889e+02 1.321788079470198625e+02
1.290939597315436345e+02 1.251275167785234856e+02 1.318590604026845767e+02
1.290397350993377472e+02 1.249403973509933792e+02 1.319602649006622528e+02
1.292185430463576097e+02 1.251721854304635713e+02 1.316821192052980223e+02
1.287770270270270316e+02 1.250067567567567579e+02 1.315945945945945823e+02
1.290728476821192032e+02 1.248476821192053023e+02 1.314635761589403842e+02
1.290066666666666606e+02 1.247333333333333343e+02 1.315200000000000102e+02
1.294333333333333371e+02 1.247333333333333343e+02 1.315333333333333314e+02
1.290000000000000000e+02 1.249006622516556320e+02 1.309470198675496704e+02
1.291655629139072801e+02 1.252516556291390799e+02 1.311456953642384065e+02
1.291133333333333439e+02 1.255066666666666606e+02 1.310733333333333235e+02
1.292214765100671059e+02 1.254429530201342260e+02 1.306577181208053560e+02
1.293933333333333451e+02 1.254866666666666646e+02 1.307933333333333223e+02
1.293026315789473699e+02 1.253684210526315752e+02 1.311776315789473699e+02
1.291935483870967687e+02 1.259548387096774178e+02 1.314258064516129139e+02
1.295921052631578902e+02 1.259407894736842053e+02 1.312500000000000000e+02
1.294933333333333394e+02 1.259333333333333371e+02 1.313400000000000034e+02
1.294666666666666686e+02 1.255933333333333337e+02 1.311133333333333439e+02
1.291633986928104605e+02 1.257843137254901933e+02 1.313464052287581580e+02
1.292171052631578902e+02 1.257302631578947398e+02 1.316315789473684106e+02
1.295657894736842195e+02 1.254802631578947398e+02 1.317236842105263293e+02
1.294866666666666788e+02 1.253599999999999994e+02 1.317933333333333223e+02
1.293866666666666561e+02 1.251133333333333297e+02 1.317266666666666595e+02
1.293245033112582689e+02 1.253774834437086128e+02 1.319470198675496704e+02
1.294324324324324209e+02 1.253783783783783718e+02 1.319391891891891930e+02
1.292894736842105203e+02 1.251250000000000000e+02 1.317828947368421098e+02
1.292066666666666777e+02 1.254333333333333371e+02 1.320333333333333314e+02
1.295751633986928084e+02 1.253660130718954235e+02 1.322941176470588118e+02
1.293841059602648897e+02 1.254370860927152336e+02 1.323973509933774722e+02
1.292418300653594656e+02 1.253986928104575185e+02 1.322549019607843093e+02
1.296907894736842195e+02 1.251118421052631646e+02 1.324078947368421098e+02
1.295234899328858944e+02 1.252013422818791923e+02 1.324295302013422884e+02
1.296133333333333439e+02 1.250333333333333314e+02 1.324333333333333371e+02
1.295779220779220680e+02 1.249220779220779178e+02 1.321948051948051841e+02
1.297046979865771732e+02 1.244697986577181155e+02 1.325234899328858944e+02
1.294210526315789593e+02 1.243421052631578902e+02 1.325131578947368496e+02
1.290600000000000023e+02 1.242066666666666634e+02 1.322199999999999989e+02
1.292781456953642305e+02 1.243576158940397391e+02 1.321986754966887361e+02
1.292466666666666697e+02 1.240933333333333337e+02 1.324866666666666788e+02
1.291133333333333439e+02 1.242733333333333263e+02 1.325733333333333235e+02
1.293618421052631504e+02 1.243750000000000000e+02 1.325197368421052602e+02
1.295960264900662366e+02 1.240662251655629120e+02 1.326092715231788191e+02
1.297599999999999909e+02 1.240199999999999960e+02 1.323066666666666720e+02
1.296442953020134325e+02 1.238322147651006730e+02 1.322147651006711442e+02
1.294266666666666765e+02 1.231466666666666612e+02 1.324799999999999898e+02
1.295666666666666629e+02 1.231666666666666714e+02 1.324533333333333474e+02
1.295733333333333235e+02 1.232266666666666737e+02 1.326533333333333360e+02
1.297880794701986815e+02 1.231324503311258241e+02 1.327549668874172255e+02
1.295399999999999920e+02 1.231466666666666612e+02 1.324133333333333269e+02
1.299078947368421098e+02 1.231447368421052602e+02 1.322105263157894797e+02
1.300733333333333235e+02 1.229333333333333371e+02 1.321066666666666549e+02
1.302649006622516481e+02 1.228874172185430496e+02 1.321523178807946977e+02
1.299399999999999977e+02 1.229066666666666663e+02 1.320266666666666708e+02
1.299799999999999898e+02 1.231066666666666691e+02 1.323666666666666742e+02
1.300860927152317856e+02 1.232980132450331183e+02 1.321192052980132416e+02
1.301710526315789593e+02 1.235526315789473699e+02 1.317894736842105203e+02
1.303825503355704711e+02 1.232751677852348990e+02 1.312550335570469713e+02
1.308523489932885866e+02 1.231140939597315480e+02 1.312080536912751541e+02
1.306797385620915009e+02 1.233267973856209210e+02 1.312026143790849630e+02
1.303378378378378386e+02 1.234324324324324351e+02 1.311283783783783861e+02
1.301973684210526301e+02 1.234473684210526301e+02 1.312434210526315894e+02
1.302781456953642305e+02 1.234370860927152336e+02 1.315231788079470334e+02
1.305466666666666526e+02 1.235133333333333354e+02 1.315133333333333212e+02
1.303552631578947398e+02 1.233421052631578902e+02 1.312236842105263293e+02
1.306399999999999864e+02 1.235000000000000000e+02 1.312866666666666617e+02
1.305933333333333337e+02 1.235999999999999943e+02 1.307133333333333383e+02
1.307368421052631504e+02 1.236447368421052602e+02 1.311315789473684106e+02
1.308199999999999932e+02 1.237466666666666697e+02 1.308466666666666640e+02
1.306200000000000045e+02 1.236200000000000045e+02 1.306266666666666652e+02
1.306866666666666674e+02 1.240133333333333354e+02 1.305933333333333337e+02
1.307516778523489904e+02 1.243422818791946298e+02 1.309932885906040383e+02
1.306133333333333439e+02 1.240533333333333275e+02 1.314533333333333474e+02
1.305789473684210407e+02 1.243157894736842053e+02 1.317828947368421098e+02
1.305855263157894797e+02 1.242763157894736850e+02 1.317236842105263293e+02
1.300738255033556925e+02 1.240134228187919518e+02 1.314026845637583847e+02
1.300457516339869244e+02 1.242679738562091529e+02 1.320392156862745026e+02
1.300133333333333212e+02 1.244666666666666686e+02 1.321533333333333360e+02
1.307919463087248459e+02 1.243624161073825434e+02 1.321744966442952887e+02
1.310466666666666526e+02 1.238866666666666703e+02 1.322599999999999909e+02
1.314768211920529666e+02 1.238344370860927199e+02 1.322516556291390657e+02
1.309084967320261512e+02 1.238562091503267908e+02 1.321437908496731950e+02
1.310872483221476443e+02 1.237718120805369182e+02 1.322483221476510096e+02
1.309802631578947398e+02 1.236578947368421098e+02 1.325657894736842195e+02
1.311133333333333439e+02 1.236400000000000006e+02 1.329666666666666686e+02
1.312550335570469713e+02 1.236845637583892596e+02 1.330805369127516826e+02
1.312857142857142776e+02 1.239155844155844193e+02 1.329220779220779320e+02
1.318322147651006730e+02 1.238322147651006730e+02 1.327315436241610769e+02
1.317972972972972912e+02 1.236824324324324351e+02 1.327364864864864842e+02
1.313881578947368496e+02 1.235197368421052602e+02 1.325921052631578902e+02
1.315165562913907422e+02 1.234635761589403984e+02 1.327549668874172255e+02
1.312582781456953569e+02 1.236158940397350960e+02 1.327350993377483519e+02
1.312333333333333201e+02 1.237866666666666617e+02 1.326599999999999966e+02
1.306999999999999886e+02 1.240000000000000000e+02 1.326999999999999886e+02
1.309866666666666788e+02 1.240466666666666669e+02 1.328666666666666742e+02
1.311543624161073751e+02 1.243020134228187885e+02 1.328120805369127595e+02
1.315234899328858944e+02 1.244966442953020191e+02 1.330268456375839037e+02
1.315657894736842195e+02 1.245263157894736850e+02 1.330789473684210407e+02
1.314220779220779320e+02 1.248246753246753258e+02 1.328636363636363740e+02
1.317450980392156907e+02 1.252418300653594798e+02 1.326535947712418420e+02
1.317181208053691250e+02 1.254161073825503365e+02 1.327516778523489904e+02
1.320512820512820440e+02 1.257820512820512846e+02 1.331923076923076792e+02
1.322039473684210407e+02 1.258157894736842053e+02 1.334407894736842195e+02
1.321125827814569504e+02 1.256357615894039697e+02 1.335231788079470334e+02
1.321399999999999864e+02 1.261066666666666691e+02 1.335133333333333212e+02
1.320718954248366117e+02 1.257124183006535958e+02 1.333921568627451109e+02
1.317666666666666799e+02 1.258266666666666680e+02 1.338266666666666538e+02
1.315266666666666708e+02 1.257866666666666617e+02 1.336133333333333439e+02
1.313026315789473699e+02 1.260657894736842053e+02 1.332960526315789593e+02
1.312066666666666777e+02 1.260333333333333314e+02 1.335999999999999943e+02
1.308562091503268050e+02 1.259542483660130756e+02 1.336209150326797328e+02
1.312156862745098067e+02 1.261830065359477118e+02 1.336993464052287663e+02
1.311372549019607732e+02 1.259477124183006538e+02 1.335947712418300739e+02
1.312941176470588118e+02 1.257450980392156907e+02 1.336209150326797328e+02
1.310662251655629120e+02 1.260331125827814560e+02 1.337152317880794783e+02
1.309801324503311264e+02 1.262052980132450273e+02 1.341523178807946977e+02
1.308823529411764639e+02 1.262941176470588260e+02 1.342156862745098067e+02
1.311854304635761537e+02 1.263112582781457007e+02 1.341920529801324449e+02
1.314039735099337634e+02 1.269072847682119232e+02 1.342384105960264833e+02
1.312368421052631504e+02 1.269934210526315752e+02 1.338947368421052602e+02
1.320463576158940384e+02 1.267483443708609201e+02 1.337284768211920607e+02
1.316466666666666754e+02 1.269666666666666686e+02 1.338866666666666561e+02
1.315733333333333235e+02 1.273533333333333388e+02 1.339133333333333269e+02
1.319542483660130756e+02 1.270392156862745168e+02 1.337385620915032689e+02
1.316225165562914015e+02 1.269403973509933792e+02 1.335165562913907422e+02
1.315723684210526301e+02 1.271973684210526301e+02 1.335592105263157805e+02
1.312913907284768129e+02 1.270397350993377472e+02 1.332516556291390657e+02
1.311125827814569504e+02 1.270529801324503296e+02 1.329536423841059616e+02
1.313289473684210407e+02 1.275065789473684248e+02 1.327631578947368496e+02
1.310592105263157805e+02 1.279868421052631646e+02 1.327302631578947398e+02
1.308657718120805384e+02 1.279865771812080482e+02 1.329731543624160963e+02
1.311948051948051841e+02 1.280129870129870255e+02 1.328896103896103966e+02
1.309470198675496704e+02 1.281258278145695328e+02 1.329867549668874176e+02
1.311118421052631504e+02 1.281250000000000000e+02 1.331973684210526301e+02
1.312715231788079393e+02 1.286490066225165663e+02 1.331589403973509889e+02
1.308881578947368496e+02 1.289078947368421098e+02 1.332171052631578902e+02
1.312091503267973849e+02 1.290980392156862706e+02 1.334313725490196134e+02
1.312400000000000091e+02 1.287400000000000091e+02 1.328600000000000136e+02
1.309066666666666663e+02 1.287866666666666617e+02 1.329733333333333292e+02
1.305000000000000000e+02 1.291381578947368496e+02 1.332039473684210407e+02
1.303333333333333428e+02 1.285933333333333337e+02 1.333000000000000114e+02
1.301333333333333258e+02 1.291733333333333462e+02 1.336266666666666652e+02
1.302119205298013185e+02 1.291258278145695328e+02 1.335562913907284894e+02
1.303684210526315894e+02 1.292039473684210407e+02 1.334407894736842195e+02
1.305666666666666629e+02 1.287400000000000091e+02 1.336800000000000068e+02
1.305234899328858944e+02 1.286510067114093943e+02 1.336241610738254906e+02
1.304362416107382501e+02 1.281208053691275097e+02 1.336778523489932979e+02
1.301315789473684106e+02 1.281381578947368496e+02 1.338289473684210407e+02
1.303154362416107404e+02 1.281006711409395962e+02 1.332885906040268367e+02
1.301456953642384065e+02 1.281324503311258241e+02 1.329337748344370880e+02
1.303289473684210407e+02 1.283486842105263293e+02 1.326052631578947398e+02
1.309536423841059616e+02 1.285298013245033246e+02 1.320529801324503296e+02
1.307785234899328941e+02 1.287852348993288558e+02 1.319597315436241729e+02
1.308410596026490111e+02 1.293907284768211809e+02 1.320662251655629120e+02
1.310268456375839037e+02 1.296241610738254906e+02 1.319328859060402692e+02
1.312599999999999909e+02 1.297199999999999989e+02 1.319533333333333474e+02
1.311192052980132416e+02 1.301986754966887361e+02 1.315430463576159070e+02
1.313133333333333326e+02 1.303666666666666742e+02 1.312533333333333303e+02
1.311456953642384065e+02 1.306158940397351103e+02 1.314370860927152194e+02
1.310000000000000000e+02 1.305999999999999943e+02 1.314466666666666583e+02
1.307466666666666697e+02 1.304799999999999898e+02 1.310266666666666708e+02
1.305657894736842195e+02 1.303947368421052602e+02 1.306315789473684106e+02
1.303223684210526301e+02 1.301381578947368496e+02 1.303289473684210407e+02
1.304799999999999898e+02 1.301666666666666572e+02 1.302066666666666777e+02
1.303973509933774722e+02 1.298410596026490111e+02 1.304701986754966754e+02
1.303000000000000114e+02 1.300133333333333212e+02 1.305933333333333337e+02
1.305430463576159070e+02 1.306622516556291487e+02 1.309072847682119232e+02
1.305133333333333212e+02 1.308133333333333326e+02 1.309933333333333394e+02
1.303133333333333326e+02 1.307400000000000091e+02 1.310133333333333212e+02
1.304333333333333371e+02 1.311466666666666754e+02 1.308600000000000136e+02
1.300131578947368496e+02 1.308026315789473699e+02 1.305131578947368496e+02
1.304836601307189596e+02 1.308300653594771177e+02 1.306862745098039227e+02
1.303684210526315894e+02 1.305000000000000000e+02 1.310328947368421098e+02
1.300066666666666606e+02 1.308199999999999932e+02 1.308733333333333348e+02
1.297615894039735167e+02 1.308807947019867584e+02 1.307947019867549727e+02
1.295496688741721982e+02 1.309205298013245056e+02 1.306556291390728575e+02
1.295430463576159070e+02 1.309801324503311264e+02 1.304304635761589282e+02
1.293708609271523073e+02 1.308940397350993408e+02 1.305165562913907422e+02
1.288609271523178847e+02 1.308145695364238463e+02 1.307483443708609343e+02
1.290927152317880768e+02 1.307019867549668959e+02 1.301258278145695328e+02
1.294133333333333269e+02 1.303000000000000114e+02 1.308666666666666742e+02
1.298116883116883002e+02 1.299415584415584419e+02 1.309610389610389518e+02
1.298066666666666720e+02 1.299866666666666788e+02 1.309866666666666788e+02
1.292599999999999909e+02 1.300533333333333417e+02 1.310933333333333337e+02
1.291986754966887361e+02 1.297682119205298079e+02 1.311324503311258241e+02
1.290733333333333235e+02 1.295399999999999920e+02 1.312933333333333223e+02
1.291895424836601194e+02 1.296797385620915009e+02 1.309738562091503127e+02
1.291677852348993270e+02 1.299798657718120865e+02 1.306845637583892596e+02
1.292953020134228268e+02 1.296711409395973078e+02 1.305100671140939710e+02
1.294362416107382501e+02 1.295436241610738364e+02 1.307919463087248459e+02
1.294437086092715106e+02 1.296490066225165663e+02 1.309337748344370880e+02
1.291250000000000000e+02 1.298026315789473699e+02 1.308421052631578902e+02
1.292763157894736707e+02 1.298947368421052602e+02 1.306447368421052602e+02
1.290866666666666731e+02 1.299933333333333394e+02 1.310666666666666629e+02
1.290723684210526301e+02 1.302039473684210407e+02 1.307894736842105203e+02
1.289133333333333269e+02 1.301999999999999886e+02 1.310666666666666629e+02
1.286821192052980223e+02 1.299867549668874176e+02 1.310662251655629120e+02
1.286381578947368496e+02 1.305131578947368496e+02 1.309671052631578902e+02
1.283841059602648897e+02 1.307152317880794783e+02 1.306026490066225278e+02
1.279261744966442933e+02 1.306375838926174424e+02 1.301543624161073751e+02
1.275562913907284752e+02 1.306556291390728575e+02 1.302715231788079393e+02
1.276357615894039697e+02 1.306225165562914015e+02 1.304966887417218402e+02
1.277565789473684248e+02 1.303486842105263293e+02 1.304736842105263293e+02
1.278400000000000034e+02 1.304799999999999898e+02 1.300800000000000125e+02
1.279013157894736850e+02 1.306250000000000000e+02 1.302236842105263293e+02
1.278400000000000034e+02 1.302733333333333405e+02 1.305399999999999920e+02
1.280065789473684106e+02 1.297960526315789593e+02 1.301842105263157805e+02
1.280529801324503296e+02 1.295761589403973630e+02 1.308807947019867584e+02
1.280394736842105203e+02 1.293618421052631504e+02 1.309013157894736707e+02
1.277105263157894797e+02 1.292500000000000000e+02 1.314144736842105203e+02
1.277019867549668817e+02 1.291523178807946977e+02 1.318013245033112639e+02
1.276778523489932837e+02 1.287785234899328941e+02 1.318120805369127595e+02
1.275733333333333377e+02 1.288533333333333246e+02 1.318466666666666640e+02
1.273533333333333388e+02 1.286466666666666754e+02 1.318000000000000114e+02
1.275294117647058840e+02 1.282614379084967311e+02 1.314640522875816941e+02
1.278013245033112639e+02 1.283311258278145601e+02 1.314701986754966754e+02
1.277284768211920465e+02 1.285695364238410718e+02 1.314834437086092578e+02
1.275165562913907280e+02 1.284437086092715106e+02 1.317350993377483519e+02
1.276266666666666652e+02 1.283066666666666720e+02 1.315999999999999943e+02
1.280133333333333212e+02 1.280999999999999943e+02 1.318466666666666640e+02
1.286266666666666652e+02 1.282800000000000011e+02 1.320266666666666708e+02
1.288692810457516202e+02 1.285032679738561967e+02 1.323333333333333428e+02
1.289266666666666765e+02 1.281399999999999864e+02 1.322733333333333405e+02
1.291973684210526301e+02 1.278026315789473699e+02 1.320986842105263293e+02
1.290066666666666606e+02 1.281999999999999886e+02 1.318333333333333428e+02
1.288476821192053023e+02 1.283907284768211809e+02 1.315231788079470334e+02
1.289677419354838719e+02 1.284903225806451701e+02 1.319677419354838719e+02
1.287748344370860991e+02 1.282384105960264833e+02 1.320860927152317856e+02
1.288026315789473699e+02 1.282960526315789593e+02 1.321118421052631504e+02
1.288187919463087212e+02 1.284765100671141056e+02 1.320536912751677789e+02
1.286688741721854399e+02 1.290927152317880768e+02 1.319735099337748352e+02
1.286754966887417311e+02 1.291324503311258241e+02 1.320397350993377472e+02
1.285827814569536542e+02 1.292980132450331041e+02 1.323907284768211809e+02
1.287697368421052602e+02 1.288750000000000000e+02 1.321184210526315894e+02
1.285723684210526301e+02 1.286315789473684106e+02 1.323486842105263293e+02
1.284635761589403842e+02 1.289801324503311264e+02 1.324039735099337634e+02
1.289869281045751563e+02 1.285359477124183059e+02 1.323137254901960773e+02
1.290397350993377472e+02 1.284900662251655490e+02 1.323774834437085985e+02
1.295328947368421098e+02 1.288157894736842195e+02 1.324276315789473699e+02
1.289333333333333371e+02 1.288000000000000114e+02 1.323933333333333451e+02
1.290533333333333417e+02 1.290466666666666526e+02 1.323799999999999955e+02
1.293311258278145601e+02 1.289536423841059616e+02 1.325430463576159070e+02
1.292402597402597451e+02 1.286233766233766289e+02 1.325129870129870255e+02
1.293701298701298583e+02 1.286038961038960906e+02 1.328636363636363740e+02
1.290728476821192032e+02 1.289072847682119232e+02 1.324569536423840930e+02
1.290779220779220680e+02 1.288181818181818130e+02 1.320389610389610482e+02
1.290000000000000000e+02 1.288486842105263293e+02 1.317631578947368496e+02
1.286291390728476927e+02 1.288874172185430496e+02 1.319536423841059616e+02
1.286066666666666549e+02 1.290800000000000125e+02 1.316133333333333439e+02
1.291283783783783861e+02 1.287702702702702595e+02 1.316216216216216139e+02
1.290261437908496873e+02 1.289803921568627345e+02 1.312352941176470722e+02
1.289735099337748352e+02 1.289139072847682144e+02 1.312450331125827745e+02
1.289399999999999977e+02 1.289533333333333474e+02 1.313666666666666742e+02
1.289013157894736707e+02 1.287236842105263293e+02 1.313552631578947398e+02
1.284444444444444571e+02 1.288039215686274588e+02 1.311437908496731950e+02
1.278741721854304672e+02 1.291258278145695328e+02 1.315165562913907422e+02
1.278533333333333388e+02 1.287933333333333223e+02 1.315000000000000000e+02
1.277828947368421098e+02 1.284934210526315894e+02 1.315394736842105203e+02
1.280463576158940384e+02 1.284304635761589282e+02 1.314569536423840930e+02
1.284161073825503365e+02 1.281208053691275097e+02 1.315369127516778462e+02
1.281842105263157805e+02 1.276513157894736850e+02 1.319802631578947398e+02
1.284701986754966754e+02 1.277284768211920465e+02 1.315695364238410718e+02
1.281753246753246742e+02 1.272662337662337677e+02 1.315454545454545325e+02
1.280728476821192032e+02 1.271324503311258241e+02 1.318675496688741759e+02
1.275562913907284752e+02 1.269602649006622528e+02 1.317880794701986815e+02
1.276733333333333320e+02 1.270733333333333377e+02 1.318000000000000114e+02
1.272922077922077904e+02 1.271688311688311757e+02 1.322402597402597451e+02
1.272133333333333383e+02 1.272333333333333343e+02 1.322400000000000091e+02
1.270328947368421098e+02 1.272500000000000000e+02 1.323026315789473699e+02
1.266081081081081123e+02 1.273716216216216282e+02 1.322162162162162247e+02
1.269000000000000057e+02 1.272533333333333303e+02 1.321999999999999886e+02
1.270134228187919518e+02 1.270872483221476443e+02 1.322080536912751541e+02
1.273333333333333286e+02 1.274533333333333331e+02 1.322733333333333405e+02
1.269933333333333394e+02 1.276266666666666652e+02 1.321800000000000068e+02
1.269006622516556320e+02 1.277549668874172255e+02 1.323509933774834337e+02
1.268888888888888857e+02 1.277254901960784252e+02 1.323137254901960773e+02
1.269536423841059616e+02 1.277086092715231729e+02 1.324039735099337634e+02
1.271610738255033510e+02 1.272885906040268509e+02 1.326979865771812115e+02
1.267852348993288558e+02 1.273221476510067163e+02 1.326174496644295289e+02
1.271788079470198625e+02 1.271324503311258241e+02 1.321125827814569504e+02
1.271933333333333280e+02 1.271466666666666612e+02 1.318133333333333326e+02
1.269473684210526301e+02 1.264144736842105203e+02 1.317171052631578902e+02
1.272368421052631646e+02 1.267960526315789451e+02 1.317828947368421098e+02
1.268926174496644279e+02 1.264630872483221538e+02 1.313489932885906057e+02
1.266733333333333320e+02 1.258933333333333309e+02 1.314600000000000080e+02
1.269133333333333269e+02 1.260133333333333354e+02 1.316399999999999864e+02
1.268476821192053023e+02 1.257218543046357553e+02 1.316291390728476927e+02
1.267999999999999972e+02 1.254933333333333394e+02 1.315333333333333314e+02
1.269194630872483174e+02 1.257651006711409423e+02 1.311476510067114134e+02
1.269072847682119232e+02 1.257019867549668817e+02 1.305827814569536542e+02
1.272000000000000028e+02 1.260999999999999943e+02 1.304133333333333269e+02
1.273774834437086128e+02 1.260066225165562912e+02 1.305430463576159070e+02
1.272763157894736850e+02 1.261973684210526301e+02 1.305855263157894797e+02
1.275199999999999960e+02 1.264599999999999937e+02 1.309199999999999875e+02
1.273046357615894095e+02 1.266092715231788048e+02 1.309536423841059616e+02
1.271666666666666714e+02 1.263266666666666680e+02 1.310399999999999920e+02
1.268389261744966490e+02 1.266644295302013461e+02 1.312281879194630960e+02
1.263464052287581723e+02 1.268496732026143832e+02 1.311764705882353041e+02
1.262013422818791923e+02 1.266510067114093943e+02 1.310872483221476443e+02
1.262133333333333383e+02 1.264200000000000017e+02 1.309133333333333269e+02
1.264640522875816941e+02 1.260915032679738630e+02 1.308496732026143832e+02
1.265167785234899327e+02 1.260067114093959759e+02 1.308926174496644421e+02
1.263199999999999932e+02 1.263733333333333348e+02 1.305533333333333417e+02
1.262266666666666737e+02 1.263666666666666600e+02 1.303733333333333348e+02
1.262333333333333343e+02 1.267733333333333263e+02 1.305999999999999943e+02
1.258807947019867584e+02 1.263708609271523216e+02 1.307682119205298079e+02
1.257919463087248317e+02 1.261073825503355721e+02 1.305100671140939710e+02
1.257615894039735167e+02 1.262582781456953711e+02 1.306490066225165663e+02
1.260397350993377472e+02 1.265562913907284752e+02 1.308079470198675551e+02
1.257666666666666657e+02 1.269533333333333331e+02 1.305933333333333337e+02
1.261390728476821153e+02 1.272582781456953711e+02 1.309668874172185440e+02
1.261721854304635713e+02 1.275099337748344368e+02 1.313576158940397249e+02
1.255827814569536400e+02 1.275629139072847664e+02 1.313443708609271425e+02
1.258933333333333309e+02 1.277266666666666737e+02 1.310999999999999943e+02
1.261866666666666674e+02 1.278466666666666640e+02 1.314466666666666583e+02
1.261052631578947398e+02 1.277302631578947398e+02 1.316447368421052602e+02
1.255133333333333354e+02 1.277600000000000051e+02 1.313000000000000114e+02
1.254800000000000040e+02 1.280933333333333337e+02 1.313799999999999955e+02
1.246052631578947398e+02 1.283421052631578902e+02 1.315065789473684106e+02
1.247500000000000000e+02 1.285197368421052602e+02 1.313881578947368496e+02
1.243066666666666720e+02 1.282400000000000091e+02 1.313466666666666640e+02
1.241623376623376629e+02 1.282337662337662323e+02 1.312467532467532578e+02
1.242384105960264833e+02 1.286225165562914015e+02 1.309271523178807968e+02
1.241818181818181870e+02 1.286233766233766289e+02 1.307597402597402549e+02
1.240728476821192032e+02 1.289536423841059616e+02 1.307814569536423903e+02
1.239261744966442933e+02 1.288187919463087212e+02 1.310201342281879135e+02
1.236066666666666691e+02 1.287599999999999909e+02 1.308266666666666538e+02
1.233533333333333388e+02 1.284733333333333292e+02 1.307400000000000091e+02
1.233576158940397391e+02 1.285761589403973630e+02 1.305033112582781598e+02
1.234539473684210549e+02 1.284210526315789593e+02 1.303355263157894797e+02
1.236821192052980081e+02 1.282516556291390657e+02 1.307682119205298079e+02
1.238940397350993408e+02 1.281059602649006592e+02 1.310066225165562912e+02
1.234599999999999937e+02 1.281733333333333462e+02 1.311866666666666674e+02
1.234304635761589424e+02 1.282781456953642305e+02 1.313708609271523073e+02
1.235263157894736850e+02 1.285921052631578902e+02 1.314671052631578902e+02
1.237350993377483377e+02 1.286821192052980223e+02 1.316092715231788191e+02
1.234533333333333331e+02 1.288133333333333326e+02 1.313533333333333246e+02
1.235328947368421098e+02 1.285197368421052602e+02 1.313750000000000000e+02
1.236688741721854257e+02 1.285033112582781598e+02 1.313509933774834337e+02
1.235483870967741922e+02 1.287483870967741950e+02 1.315161290322580783e+02
1.236466666666666612e+02 1.287733333333333405e+02 1.314666666666666686e+02
1.233311258278145743e+02 1.289668874172185440e+02 1.315761589403973630e+02
1.237000000000000028e+02 1.292466666666666697e+02 1.317599999999999909e+02
1.240526315789473699e+02 1.290328947368421098e+02 1.323750000000000000e+02
1.241381578947368354e+02 1.289671052631578902e+02 1.322697368421052602e+02
1.241466666666666612e+02 1.290333333333333314e+02 1.319466666666666583e+02
1.247417218543046289e+02 1.287350993377483519e+02 1.318410596026490111e+02
1.248933333333333309e+02 1.288066666666666720e+02 1.315999999999999943e+02
1.248926174496644279e+02 1.285570469798657598e+02 1.310738255033556925e+02
1.255328947368421098e+02 1.282763157894736707e+02 1.309671052631578902e+02
1.256842105263157947e+02 1.281644736842105203e+02 1.309078947368421098e+02
1.257133333333333383e+02 1.283199999999999932e+02 1.310200000000000102e+02
1.252697368421052602e+02 1.280526315789473699e+02 1.312368421052631504e+02
1.253311688311688243e+02 1.279155844155844193e+02 1.308506493506493484e+02
1.252066666666666634e+02 1.278599999999999994e+02 1.308666666666666742e+02
1.252666666666666657e+02 1.274733333333333292e+02 1.309000000000000057e+02
1.252039473684210549e+02 1.272894736842105203e+02 1.307960526315789593e+02
1.253020134228187885e+02 1.274966442953020191e+02 1.307583892617449806e+02
1.253509933774834479e+02 1.275894039735099312e+02 1.311655629139072801e+02
1.256599999999999966e+02 1.281599999999999966e+02 1.309933333333333394e+02
1.256733333333333320e+02 1.282533333333333303e+02 1.306866666666666674e+02
1.260264900662251648e+02 1.282450331125827745e+02 1.307483443708609343e+02
1.258881578947368354e+02 1.285394736842105203e+02 1.304736842105263293e+02
1.257718120805369040e+02 1.284563758389261636e+02 1.300000000000000000e+02
1.257763157894736850e+02 1.286118421052631504e+02 1.300000000000000000e+02
1.253866666666666703e+02 1.286200000000000045e+02 1.303533333333333246e+02
1.250714285714285694e+02 1.283506493506493484e+02 1.296818181818181870e+02
1.250264900662251648e+02 1.283841059602648897e+02 1.295033112582781598e+02
1.244054054054054035e+02 1.282905405405405475e+02 1.299121621621621614e+02
1.245228758169934622e+02 1.285228758169934622e+02 1.299673202614379193e+02
1.244533333333333331e+02 1.286200000000000045e+02 1.299066666666666663e+02
1.239399999999999977e+02 1.282133333333333383e+02 1.296333333333333258e+02
1.240526315789473699e+02 1.282500000000000000e+02 1.293552631578947398e+02
1.240789473684210549e+02 1.282302631578947398e+02 1.291842105263157805e+02
1.240866666666666731e+02 1.283333333333333428e+02 1.292066666666666777e+02
1.240258064516129082e+02 1.286129032258064626e+02 1.291096774193548526e+02
1.237516778523489904e+02 1.285704697986577116e+02 1.288791946308724903e+02
1.233959731543624230e+02 1.289261744966443075e+02 1.289060402684563655e+02
1.234966442953020191e+02 1.289932885906040383e+02 1.289261744966443075e+02
1.233178807947019919e+02 1.289735099337748352e+02 1.289072847682119232e+02
1.235298013245033104e+02 1.284635761589403842e+02 1.293311258278145601e+02
1.235430463576158928e+02 1.286423841059602751e+02 1.296225165562914015e+02
1.235163398692810404e+02 1.287581699346405344e+02 1.299607843137254974e+02
1.232828947368421098e+02 1.283947368421052602e+02 1.297105263157894797e+02
1.234000000000000057e+02 1.287400000000000091e+02 1.302733333333333405e+02
1.235266666666666708e+02 1.288799999999999955e+02 1.304799999999999898e+02
1.241533333333333360e+02 1.286733333333333462e+02 1.306266666666666652e+02
1.240866666666666731e+02 1.292933333333333223e+02 1.309866666666666788e+02
1.242384105960264833e+02 1.297549668874172255e+02 1.313509933774834337e+02
1.241599999999999966e+02 1.299733333333333292e+02 1.317133333333333383e+02
1.244900662251655632e+02 1.298410596026490111e+02 1.320397350993377472e+02
1.243422818791946298e+02 1.296308724832214807e+02 1.320067114093959617e+02
1.242614379084967311e+02 1.301503267973856168e+02 1.322745098039215748e+02
1.242450331125827745e+02 1.300529801324503296e+02 1.324039735099337634e+02
1.241059602649006592e+02 1.298410596026490111e+02 1.326291390728476927e+02
1.239328859060402692e+02 1.298590604026845767e+02 1.328724832214765001e+02
1.240999999999999943e+02 1.297199999999999989e+02 1.326800000000000068e+02
1.241933333333333280e+02 1.295999999999999943e+02 1.327733333333333405e+02
1.245098039215686327e+02 1.296013071895424957e+02 1.326993464052287663e+02
1.244933333333333394e+02 1.293066666666666720e+02 1.328666666666666742e+02
1.247866666666666617e+02 1.300066666666666606e+02 1.331133333333333439e+02
1.246733333333333320e+02 1.295800000000000125e+02 1.332733333333333405e+02
1.246308724832214807e+02 1.295637583892617499e+02 1.330134228187919518e+02
1.246577181208053702e+02 1.296510067114093943e+02 1.324765100671141056e+02
1.247467532467532436e+02 1.296688311688311614e+02 1.323831168831168839e+02
1.250529801324503296e+02 1.296622516556291487e+02 1.323046357615893953e+02
1.249599999999999937e+02 1.301133333333333439e+02 1.323733333333333348e+02
1.248933333333333309e+02 1.298933333333333451e+02 1.326933333333333280e+02
1.247449664429530145e+02 1.297248322147650867e+02 1.327046979865771732e+02
1.245600000000000023e+02 1.296399999999999864e+02 1.326800000000000068e+02
1.241866666666666674e+02 1.298933333333333451e+02 1.330933333333333337e+02
1.241599999999999966e+02 1.300399999999999920e+02 1.327733333333333405e+02
1.239735099337748352e+02 1.299536423841059616e+02 1.327284768211920607e+02
1.240201342281879135e+02 1.298187919463087212e+02 1.330469798657718172e+02
1.243243243243243228e+02 1.298716216216216139e+02 1.324662162162162247e+02
1.242733333333333263e+02 1.299266666666666765e+02 1.321933333333333280e+02
1.245733333333333377e+02 1.295733333333333235e+02 1.319333333333333371e+02
1.240526315789473699e+02 1.295065789473684106e+02 1.318815789473684106e+02
1.241059602649006592e+02 1.294834437086092578e+02 1.318874172185430496e+02
1.239210526315789451e+02 1.293092105263157805e+02 1.318223684210526301e+02
1.243799999999999955e+02 1.293799999999999955e+02 1.318466666666666640e+02
1.246535947712418277e+02 1.291241830065359579e+02 1.318758169934640421e+02
1.247947019867549727e+02 1.290728476821192032e+02 1.320728476821192032e+02
1.246250000000000000e+02 1.291578947368421098e+02 1.320592105263157805e+02
1.242582781456953711e+02 1.293708609271523073e+02 1.323576158940397249e+02
1.247718120805369182e+02 1.292147651006711442e+02 1.321275167785234999e+02
1.249666666666666686e+02 1.290999999999999943e+02 1.316866666666666674e+02
1.249337748344370880e+02 1.292516556291390657e+02 1.314635761589403842e+02
1.251307189542483655e+02 1.292352941176470722e+02 1.315686274509803866e+02
1.245324675324675354e+02 1.287077922077922096e+02 1.317987012987013031e+02
1.246274509803921546e+02 1.290915032679738488e+02 1.318823529411764639e+02
1.243157894736842053e+02 1.291710526315789593e+02 1.313552631578947398e+02
1.248400000000000034e+02 1.291466666666666754e+02 1.313199999999999932e+02
1.250999999999999943e+02 1.289933333333333394e+02 1.315399999999999920e+02
1.251258278145695328e+02 1.288476821192053023e+02 1.315165562913907422e+02
1.249256756756756772e+02 1.285472972972972912e+02 1.321013513513513544e+02
1.252684563758389231e+02 1.289932885906040383e+02 1.318523489932885866e+02
1.251933333333333280e+02 1.289799999999999898e+02 1.318933333333333451e+02
1.253907284768211952e+02 1.288609271523178847e+02 1.316622516556291487e+02
1.253051948051948017e+02 1.288376623376623513e+02 1.315844155844155807e+02
1.254362416107382501e+02 1.285973154362416153e+02 1.318456375838926249e+02
1.249869281045751563e+02 1.285228758169934622e+02 1.318039215686274588e+02
1.251589403973509889e+02 1.283046357615893953e+02 1.316026490066225278e+02
1.247933333333333366e+02 1.281533333333333360e+02 1.313066666666666720e+02
1.250199999999999960e+02 1.282066666666666777e+02 1.313466666666666640e+02
1.251623376623376629e+02 1.279025974025974079e+02 1.312467532467532578e+02
1.250592105263157947e+02 1.279605263157894797e+02 1.309539473684210407e+02
1.252052980132450273e+02 1.279933774834437088e+02 1.312251655629139009e+02
1.248933333333333309e+02 1.276466666666666612e+02 1.310866666666666731e+02
1.249803921568627487e+02 1.275686274509803866e+02 1.308300653594771177e+02
1.251812080536912788e+02 1.277046979865771874e+02 1.307986577181208077e+02
1.248476821192053023e+02 1.277615894039735167e+02 1.305364238410596158e+02
1.249271523178807968e+02 1.273311258278145743e+02 1.303311258278145601e+02
1.247631578947368354e+02 1.269013157894736850e+02 1.305000000000000000e+02
1.252516556291390799e+02 1.267483443708609201e+02 1.305430463576159070e+02
1.253790849673202672e+02 1.265882352941176521e+02 1.307320261437908471e+02
