1.279602649006622528e+02 1.287880794701986815e+02 1.283509933774834337e+02
1.277066666666666634e+02 1.287133333333333383e+02 1.285266666666666708e+02
1.275333333333333314e+02 1.286599999999999966e+02 1.286466666666666754e+02
1.276184210526315752e+02 1.288815789473684106e+02 1.286776315789473699e+02
1.275695364238410576e+02 1.284834437086092578e+02 1.293178807947019777e+02
1.275761589403973488e+02 1.291125827814569504e+02 1.294900662251655490e+02
1.274466666666666725e+02 1.292133333333333383e+02 1.293666666666666742e+02
1.269178082191780845e+02 1.300205479452054931e+02 1.298356164383561691e+02
1.266118421052631646e+02 1.307697368421052602e+02 1.304671052631578902e+02
1.264093959731543606e+02 1.314228187919462982e+02 1.307315436241610769e+02
1.264200000000000017e+02 1.321933333333333280e+02 1.309733333333333292e+02
1.263691275167785193e+02 1.327181208053691250e+02 1.316577181208053560e+02
1.269533333333333331e+02 1.332066666666666777e+02 1.316466666666666754e+02
1.267792207792207790e+02 1.340779220779220680e+02 1.315194805194805099e+02
1.269025974025974079e+02 1.342792207792207932e+02 1.312792207792207932e+02
1.274200000000000017e+02 1.348333333333333428e+02 1.308533333333333246e+02
1.277058823529411740e+02 1.354052287581699261e+02 1.310130718954248437e+02
1.279395973154362451e+02 1.362751677852349133e+02 1.307919463087248459e+02
1.282500000000000000e+02 1.364189189189189051e+02 1.304594594594594525e+02
1.278424657534246620e+02 1.370273972602739718e+02 1.302328767123287605e+02
1.270536912751677789e+02 1.382147651006711442e+02 1.303892617449664328e+02
1.272171052631578902e+02 1.388421052631578902e+02 1.307500000000000000e+02
1.270130718954248437e+02 1.393790849673202672e+02 1.311699346405228823e+02
1.275400000000000063e+02 1.403799999999999955e+02 1.310933333333333337e+02
1.277248322147651010e+02 1.402818791946308750e+02 1.304765100671141056e+02
1.279407894736842053e+02 1.408421052631578902e+02 1.310263157894736707e+02
1.274836601307189596e+02 1.413333333333333428e+02 1.314967320261438033e+02
1.279139072847682144e+02 1.414238410596026370e+02 1.319271523178807968e+02
1.285302013422818845e+02 1.418389261744966348e+02 1.325771812080537018e+02
1.293355704697986539e+02 1.428791946308724903e+02 1.333422818791946440e+02
1.299000000000000057e+02 1.434066666666666663e+02 1.335066666666666606e+02
1.299530201342281828e+02 1.434228187919462982e+02 1.341275167785234999e+02
1.304407894736842195e+02 1.433355263157894797e+02 1.343815789473684106e+02
1.309066666666666663e+02 1.434266666666666765e+02 1.347066666666666777e+02
1.314496644295302019e+02 1.439865771812080482e+02 1.351677852348993270e+02
1.313377483443708513e+02 1.446158940397351103e+02 1.350993377483443680e+02
1.315933333333333337e+02 1.452266666666666595e+02 1.352866666666666617e+02
1.312800000000000011e+02 1.451333333333333258e+02 1.360666666666666629e+02
1.316622516556291487e+02 1.448410596026490111e+02 1.369072847682119232e+02
1.322913907284768129e+02 1.451324503311258241e+02 1.374701986754966754e+02
1.322933333333333223e+02 1.451133333333333439e+02 1.375466666666666526e+02
1.324013157894736707e+02 1.454210526315789593e+02 1.380986842105263293e+02
1.328627450980392268e+02 1.447189542483660034e+02 1.384575163398692723e+02
1.334266666666666765e+02 1.438866666666666561e+02 1.389399999999999977e+02
1.339025974025973937e+02 1.438246753246753258e+02 1.394805194805194901e+02
1.344605263157894797e+02 1.435000000000000000e+02 1.397434210526315894e+02
1.345133333333333212e+02 1.429000000000000057e+02 1.404733333333333292e+02
1.348926174496644421e+02 1.426308724832214807e+02 1.407852348993288558e+02
1.356688741721854399e+02 1.418145695364238463e+02 1.404701986754966754e+02
1.363466666666666640e+02 1.414266666666666765e+02 1.408466666666666640e+02
1.368255033557047113e+02 1.412684563758389231e+02 1.412885906040268367e+02
1.372847682119205217e+02 1.406887417218543135e+02 1.414966887417218402e+02
1.374563758389261636e+02 1.408456375838926249e+02 1.414093959731543748e+02
1.379600000000000080e+02 1.408666666666666742e+02 1.418799999999999955e+02
1.385629139072847806e+02 1.406490066225165663e+02 1.421390728476821153e+02
1.390132450331125824e+02 1.401920529801324449e+02 1.420066225165562912e+02
1.398410596026490111e+02 1.395629139072847806e+02 1.415364238410596158e+02
1.402913907284768129e+02 1.393509933774834337e+02 1.408874172185430496e+02
1.407114093959731633e+02 1.389798657718120865e+02 1.407382550335570386e+02
1.409933774834437088e+02 1.388741721854304672e+02 1.404966887417218402e+02
1.415399999999999920e+02 1.384266666666666765e+02 1.403733333333333348e+02
1.420933333333333337e+02 1.379133333333333269e+02 1.409666666666666686e+02
1.423154362416107404e+02 1.373557046979865675e+02 1.413489932885906057e+02
1.428187919463087212e+02 1.365704697986577116e+02 1.413557046979865675e+02
1.428954248366013076e+02 1.362810457516339966e+02 1.415490196078431495e+02
1.424295302013422884e+02 1.357181208053691250e+02 1.420134228187919518e+02
1.424966887417218402e+02 1.353443708609271425e+02 1.423841059602648897e+02
1.427058823529411882e+02 1.343856209150326890e+02 1.429411764705882320e+02
1.428791946308724903e+02 1.339597315436241729e+02 1.429194630872483174e+02
1.427350993377483519e+02 1.328940397350993408e+02 1.430397350993377472e+02
1.427651006711409423e+02 1.319664429530201346e+02 1.431476510067114134e+02
1.428580645161290192e+02 1.314516129032257936e+02 1.434645161290322619e+02
1.432582781456953569e+02 1.310993377483443680e+02 1.438344370860927199e+02
1.434832214765100673e+02 1.310469798657718172e+02 1.443557046979865675e+02
1.438116883116883002e+02 1.305909090909090935e+02 1.450064935064935128e+02
1.441073825503355579e+02 1.304630872483221538e+02 1.451812080536912788e+02
1.453466666666666640e+02 1.306933333333333280e+02 1.458400000000000034e+02
1.464771241830065378e+02 1.314379084967320352e+02 1.461307189542483798e+02
1.471409395973154233e+02 1.317382550335570386e+02 1.460671140939597308e+02
1.472781456953642305e+02 1.321258278145695328e+02 1.463112582781456865e+02
1.475065789473684106e+02 1.326250000000000000e+02 1.472105263157894797e+02
1.476577181208053560e+02 1.328657718120805384e+02 1.476711409395973078e+02
1.476933333333333280e+02 1.327199999999999989e+02 1.477666666666666799e+02
1.476357615894039839e+02 1.328609271523178847e+02 1.483774834437085985e+02
1.476756756756756772e+02 1.329594594594594525e+02 1.492229729729729684e+02
1.476821192052980223e+02 1.332450331125827745e+02 1.495761589403973630e+02
1.476979865771812115e+02 1.335771812080537018e+02 1.501677852348993270e+02
1.466556291390728575e+02 1.338344370860927199e+02 1.514503311258278018e+02
1.466013071895424957e+02 1.339084967320261512e+02 1.524640522875816941e+02
1.462171052631578902e+02 1.346381578947368496e+02 1.527960526315789593e+02
1.457114093959731633e+02 1.350000000000000000e+02 1.526510067114093943e+02
1.455259740259740227e+02 1.355584415584415581e+02 1.523441558441558357e+02
1.449597315436241729e+02 1.360201342281879135e+02 1.524765100671141056e+02
1.441973684210526301e+02 1.364210526315789593e+02 1.530131578947368496e+02
1.437866666666666617e+02 1.364533333333333474e+02 1.535800000000000125e+02
1.434333333333333371e+02 1.364866666666666788e+02 1.535733333333333235e+02
1.430657894736842195e+02 1.371644736842105203e+02 1.537236842105263293e+02
1.425906040268456252e+02 1.378187919463087212e+02 1.536979865771812115e+02
1.424105960264900546e+02 1.381920529801324449e+02 1.541192052980132416e+02
1.419337748344370880e+02 1.385033112582781598e+02 1.540728476821192032e+02
1.411038961038960906e+02 1.394155844155844193e+02 1.543181818181818130e+02
1.406052631578947398e+02 1.393881578947368496e+02 1.547105263157894797e+02
1.401437908496731950e+02 1.400000000000000000e+02 1.546470588235294201e+02
1.406778523489932979e+02 1.404563758389261636e+02 1.548523489932885866e+02
1.400133333333333212e+02 1.404866666666666788e+02 1.551933333333333280e+02
1.397933333333333223e+02 1.409066666666666663e+02 1.556399999999999864e+02
1.399266666666666765e+02 1.417533333333333303e+02 1.560466666666666526e+02
1.395933333333333337e+02 1.419733333333333292e+02 1.561599999999999966e+02
1.389605263157894797e+02 1.419802631578947398e+02 1.565328947368421098e+02
1.385200000000000102e+02 1.422933333333333223e+02 1.569199999999999875e+02
1.382751677852349133e+02 1.428187919463087212e+02 1.574161073825503365e+02
1.384765100671141056e+02 1.436174496644295289e+02 1.572550335570469713e+02
1.378733333333333348e+02 1.440600000000000023e+02 1.570600000000000023e+02
1.376363636363636260e+02 1.444220779220779320e+02 1.569740259740259773e+02
1.373288590604026922e+02 1.447248322147650867e+02 1.570469798657718172e+02
1.369731543624160963e+02 1.451677852348993270e+02 1.574362416107382501e+02
1.360986842105263293e+02 1.455000000000000000e+02 1.578092105263157805e+02
1.356510067114093943e+02 1.458657718120805384e+02 1.585704697986577116e+02
1.352800000000000011e+02 1.460800000000000125e+02 1.580800000000000125e+02
1.347549668874172255e+02 1.463907284768211809e+02 1.583112582781456865e+02
1.352052980132450273e+02 1.466953642384106047e+02 1.587019867549668959e+02
1.348888888888888857e+02 1.470915032679738488e+02 1.587973856209150370e+02
1.346250000000000000e+02 1.478421052631578902e+02 1.584605263157894797e+02
1.348600000000000136e+02 1.484399999999999977e+02 1.586533333333333360e+02
1.350266666666666708e+02 1.492199999999999989e+02 1.591066666666666549e+02
1.355562913907284894e+02 1.500397350993377472e+02 1.594304635761589282e+02
1.356599999999999966e+02 1.507333333333333201e+02 1.592400000000000091e+02
1.363199999999999932e+02 1.508333333333333428e+02 1.588666666666666742e+02
1.363733333333333348e+02 1.511133333333333439e+02 1.593733333333333348e+02
1.371324503311258241e+02 1.511788079470198625e+02 1.596092715231788191e+02
1.379006622516556320e+02 1.511390728476821153e+02 1.595496688741721982e+02
1.381710526315789593e+02 1.514407894736842195e+02 1.599605263157894797e+02
1.386821192052980223e+02 1.511788079470198625e+02 1.608410596026490111e+02
1.394729729729729684e+02 1.510743243243243228e+02 1.616554054054054177e+02
1.400066225165562912e+02 1.511192052980132416e+02 1.619403973509933792e+02
1.407866666666666617e+02 1.510600000000000023e+02 1.622733333333333405e+02
1.410909090909090935e+02 1.511753246753246742e+02 1.621103896103896034e+02
1.412828947368421098e+02 1.512894736842105203e+02 1.616776315789473699e+02
1.422119205298013185e+02 1.514370860927152194e+02 1.618211920529801375e+02
1.427320261437908471e+02 1.510588235294117680e+02 1.617516339869281126e+02
1.436666666666666572e+02 1.511307189542483798e+02 1.621437908496731950e+02
1.443725490196078454e+02 1.513790849673202672e+02 1.621960784313725412e+02
1.452466666666666697e+02 1.510733333333333235e+02 1.620933333333333337e+02
1.461125827814569504e+02 1.510264900662251648e+02 1.628079470198675551e+02
1.469391891891891930e+02 1.512567567567567437e+02 1.620878378378378386e+02
1.473666666666666742e+02 1.510600000000000023e+02 1.621133333333333439e+02
1.475394736842105203e+02 1.515263157894736707e+02 1.625592105263157805e+02
1.480529801324503296e+02 1.519801324503311264e+02 1.623642384105960161e+02
1.483815789473684106e+02 1.519539473684210407e+02 1.619736842105263293e+02
1.493422818791946440e+02 1.516577181208053560e+02 1.616174496644295289e+02
1.493642384105960161e+02 1.513443708609271425e+02 1.613973509933774722e+02
1.502953020134228268e+02 1.510201342281879135e+02 1.613959731543624230e+02
1.513881578947368496e+02 1.508815789473684106e+02 1.616710526315789593e+02
1.521333333333333258e+02 1.504533333333333474e+02 1.610866666666666731e+02
1.524832214765100673e+02 1.499463087248322211e+02 1.609194630872483174e+02
1.522800000000000011e+02 1.497266666666666595e+02 1.611999999999999886e+02
1.532302631578947398e+02 1.494013157894736707e+02 1.610460526315789593e+02
1.539536423841059616e+02 1.494172185430463458e+02 1.606291390728476927e+02
1.543933333333333451e+02 1.486533333333333360e+02 1.602933333333333223e+02
1.551644736842105203e+02 1.482105263157894797e+02 1.599736842105263293e+02
1.558211920529801375e+02 1.476490066225165663e+02 1.604039735099337634e+02
1.565369127516778462e+02 1.472214765100671059e+02 1.612013422818791923e+02
1.568466666666666640e+02 1.469399999999999977e+02 1.608533333333333246e+02
1.573774834437085985e+02 1.468609271523178847e+02 1.602649006622516481e+02
1.578648648648648702e+02 1.468581081081080981e+02 1.597905405405405475e+02
1.589066666666666663e+02 1.469133333333333269e+02 1.596266666666666652e+02
1.597350993377483519e+02 1.468940397350993408e+02 1.596026490066225278e+02
1.606821192052980223e+02 1.459536423841059616e+02 1.598807947019867584e+02
1.607894736842105203e+02 1.455065789473684106e+02 1.592763157894736707e+02
1.618039215686274588e+02 1.455816993464052302e+02 1.591764705882353041e+02
1.618266666666666538e+02 1.453466666666666640e+02 1.589933333333333394e+02
1.622631578947368496e+02 1.454210526315789593e+02 1.578815789473684106e+02
1.628145695364238463e+02 1.459205298013245056e+02 1.573178807947019777e+02
1.631907894736842195e+02 1.463355263157894797e+02 1.568486842105263293e+02
1.639934210526315894e+02 1.463421052631578902e+02 1.564473684210526301e+02
1.646490066225165663e+02 1.464569536423840930e+02 1.562052980132450273e+02
1.650844155844155807e+02 1.460324675324675354e+02 1.560064935064935128e+02
1.657142857142857224e+02 1.457823129251700607e+02 1.560272108843537353e+02
1.659210526315789593e+02 1.455263157894736707e+02 1.559671052631578902e+02
1.666466666666666754e+02 1.453133333333333326e+02 1.553799999999999955e+02
1.670800000000000125e+02 1.443066666666666720e+02 1.552733333333333405e+02
1.670463576158940384e+02 1.440596026490066208e+02 1.552715231788079393e+02
1.675100671140939710e+02 1.434697986577181155e+02 1.553221476510067021e+02
1.680333333333333314e+02 1.432266666666666595e+02 1.552866666666666617e+02
1.688881578947368496e+02 1.430394736842105203e+02 1.556513157894736707e+02
1.690927152317880768e+02 1.426688741721854399e+02 1.557086092715231871e+02
1.695894039735099454e+02 1.428741721854304672e+02 1.556026490066225278e+02
1.700779220779220680e+02 1.424935064935064872e+02 1.564285714285714164e+02
1.710457516339869244e+02 1.421045751633986924e+02 1.571503267973856168e+02
1.715167785234899327e+02 1.422080536912751541e+02 1.568993288590604038e+02
1.722715231788079393e+02 1.423907284768211809e+02 1.572582781456953569e+02
1.728026315789473699e+02 1.426513157894736707e+02 1.577500000000000000e+02
1.730592105263157805e+02 1.427894736842105203e+02 1.577302631578947398e+02
1.736200000000000045e+02 1.432933333333333223e+02 1.574866666666666788e+02
1.748051948051948159e+02 1.438506493506493484e+02 1.576688311688311614e+02
1.751118421052631504e+02 1.437828947368421098e+02 1.574868421052631504e+02
1.754675324675324646e+02 1.437532467532467422e+02 1.578181818181818130e+02
1.761688311688311614e+02 1.445324675324675354e+02 1.574870129870129745e+02
1.762133333333333383e+02 1.450399999999999920e+02 1.568866666666666561e+02
1.771744966442952887e+02 1.453422818791946440e+02 1.563825503355704711e+02
1.779328859060402692e+02 1.451879194630872405e+02 1.559932885906040383e+02
1.782980132450331041e+02 1.457417218543046431e+02 1.556423841059602751e+02
1.784834437086092578e+02 1.462913907284768129e+02 1.560331125827814560e+02
1.788300653594771177e+02 1.467320261437908471e+02 1.564117647058823479e+02
1.789803921568627345e+02 1.470130718954248437e+02 1.567385620915032689e+02
1.791689189189189051e+02 1.467770270270270316e+02 1.568513513513513544e+02
1.794133333333333269e+02 1.472933333333333223e+02 1.567466666666666697e+02
1.802666666666666799e+02 1.471666666666666572e+02 1.580666666666666629e+02
1.810463576158940384e+02 1.472913907284768129e+02 1.582913907284768129e+02
1.819666666666666686e+02 1.475600000000000023e+02 1.588066666666666720e+02
1.824600000000000080e+02 1.475266666666666708e+02 1.590266666666666708e+02
1.829266666666666765e+02 1.478333333333333428e+02 1.586466666666666754e+02
1.837133333333333383e+02 1.480133333333333212e+02 1.585466666666666526e+02
1.842013422818791923e+02 1.482617449664429614e+02 1.580604026845637691e+02
1.842199999999999989e+02 1.484133333333333269e+02 1.576933333333333280e+02
1.843288590604026922e+02 1.481543624161073751e+02 1.575637583892617499e+02
1.850337837837837753e+02 1.480405405405405475e+02 1.573310810810810949e+02
1.857785234899328941e+02 1.482214765100671059e+02 1.573221476510067021e+02
1.864697986577181155e+02 1.483557046979865675e+02 1.572617449664429614e+02
1.873907284768211809e+02 1.482119205298013185e+02 1.579867549668874176e+02
1.879470198675496704e+02 1.480993377483443680e+02 1.579801324503311264e+02
1.883600000000000136e+02 1.480533333333333417e+02 1.582800000000000011e+02
1.889668874172185440e+02 1.481192052980132416e+02 1.575562913907284894e+02
1.899166666666666572e+02 1.482179487179487296e+02 1.574615384615384528e+02
1.906225165562914015e+02 1.480264900662251648e+02 1.572781456953642305e+02
1.911342281879194616e+02 1.480134228187919518e+02 1.572147651006711442e+02
1.917315436241610769e+02 1.481342281879194616e+02 1.578590604026845767e+02
1.920536912751677789e+02 1.481543624161073751e+02 1.578389261744966348e+02
1.930592105263157805e+02 1.477368421052631504e+02 1.582697368421052602e+02
1.933783783783783861e+02 1.481554054054054177e+02 1.586756756756756772e+02
1.936800000000000068e+02 1.484399999999999977e+02 1.586933333333333280e+02
1.938466666666666640e+02 1.487400000000000091e+02 1.591266666666666652e+02
1.939256756756756772e+02 1.495945945945945823e+02 1.594729729729729684e+02
1.943066666666666720e+02 1.498933333333333451e+02 1.600466666666666526e+02
1.953466666666666640e+02 1.498733333333333348e+02 1.609333333333333371e+02
1.953666666666666742e+02 1.498799999999999955e+02 1.615533333333333417e+02
1.954933333333333394e+02 1.499933333333333394e+02 1.618666666666666742e+02
1.959189189189189051e+02 1.504864864864864842e+02 1.622500000000000000e+02
1.957400000000000091e+02 1.506066666666666549e+02 1.625266666666666708e+02
1.962847682119205217e+02 1.503841059602648897e+02 1.633178807947019777e+02
1.961973684210526301e+02 1.505394736842105203e+02 1.637039473684210407e+02
1.961333333333333258e+02 1.505933333333333337e+02 1.645333333333333314e+02
1.963020134228187885e+02 1.504026845637583847e+02 1.651476510067114134e+02
1.961503267973856168e+02 1.508758169934640421e+02 1.657777777777777715e+02
1.958333333333333428e+02 1.511399999999999864e+02 1.665066666666666606e+02
1.957533333333333303e+02 1.505666666666666629e+02 1.672533333333333303e+02
1.956778523489932979e+02 1.510134228187919518e+02 1.678791946308724903e+02
1.963311688311688386e+02 1.514610389610389518e+02 1.685584415584415581e+02
1.965761589403973630e+02 1.514966887417218402e+02 1.689337748344370880e+02
1.971523178807946977e+02 1.523112582781456865e+02 1.696158940397351103e+02
1.972108843537415055e+02 1.523537414965986443e+02 1.699183673469387656e+02
1.975131578947368496e+02 1.523881578947368496e+02 1.706381578947368496e+02
1.978053691275167694e+02 1.519127516778523557e+02 1.711275167785234999e+02
1.975894039735099454e+02 1.524437086092715106e+02 1.716887417218543135e+02
1.978799999999999955e+02 1.527800000000000011e+02 1.721733333333333462e+02
1.977763157894736707e+02 1.536644736842105203e+02 1.731184210526315894e+02
1.978223684210526301e+02 1.537039473684210407e+02 1.733157894736842195e+02
1.982199999999999989e+02 1.536466666666666754e+02 1.739399999999999977e+02
1.982400000000000091e+02 1.537133333333333383e+02 1.742733333333333405e+02
1.980952380952381020e+02 1.535510204081632537e+02 1.749115646258503318e+02
1.982040816326530717e+02 1.538163265306122582e+02 1.753061224489795791e+02
1.988918918918919019e+02 1.534054054054054177e+02 1.762500000000000000e+02
1.986689189189189051e+02 1.533648648648648702e+02 1.769662162162162247e+02
1.984459459459459367e+02 1.528648648648648702e+02 1.775000000000000000e+02
1.982026143790849630e+02 1.524313725490196134e+02 1.776143790849673110e+02
1.981476510067114134e+02 1.518791946308724903e+02 1.780805369127516826e+02
1.987516778523489904e+02 1.512885906040268367e+02 1.787114093959731633e+02
1.983398692810457646e+02 1.507516339869281126e+02 1.790326797385620807e+02
1.989281045751633883e+02 1.497516339869281126e+02 1.789281045751633883e+02
1.993552631578947398e+02 1.495855263157894797e+02 1.788026315789473699e+02
1.994161073825503365e+02 1.487114093959731633e+02 1.787315436241610769e+02
1.986953642384106047e+02 1.482384105960264833e+02 1.782317880794701921e+02
1.979731543624160963e+02 1.473489932885906057e+02 1.785234899328858944e+02
1.978533333333333246e+02 1.468600000000000136e+02 1.785200000000000102e+02
1.980326797385620807e+02 1.468954248366013076e+02 1.787058823529411882e+02
1.980333333333333314e+02 1.461933333333333280e+02 1.792066666666666777e+02
1.976756756756756772e+02 1.455202702702702595e+02 1.800608108108108070e+02
1.962800000000000011e+02 1.451599999999999966e+02 1.800733333333333235e+02
1.959121621621621614e+02 1.448783783783783861e+02 1.798986486486486456e+02
1.958092105263157805e+02 1.439473684210526301e+02 1.796907894736842195e+02
1.953933333333333451e+02 1.435733333333333235e+02 1.796133333333333439e+02
1.951025641025641164e+02 1.429038461538461604e+02 1.794038461538461604e+02
1.951324503311258241e+02 1.428145695364238463e+02 1.792317880794701921e+02
1.945328947368421098e+02 1.423815789473684106e+02 1.790921052631578902e+02
1.944444444444444571e+02 1.414901960784313815e+02 1.793137254901960773e+02
1.943933333333333451e+02 1.409666666666666686e+02 1.787800000000000011e+02
1.936912751677852214e+02 1.404496644295302019e+02 1.791275167785234999e+02
1.932550335570469713e+02 1.397852348993288558e+02 1.798926174496644421e+02
1.932549019607843093e+02 1.392222222222222285e+02 1.804967320261438033e+02
1.931216216216216139e+02 1.382770270270270316e+02 1.808175675675675791e+02
1.931133333333333439e+02 1.377466666666666697e+02 1.805200000000000102e+02
1.930067114093959617e+02 1.375167785234899327e+02 1.809798657718120865e+02
1.923133333333333326e+02 1.369133333333333269e+02 1.816533333333333360e+02
1.917549668874172255e+02 1.359801324503311264e+02 1.816821192052980223e+02
1.917077922077922096e+02 1.353831168831168839e+02 1.819350649350649292e+02
1.914899328859060290e+02 1.350000000000000000e+02 1.820134228187919518e+02
1.906933333333333280e+02 1.348666666666666742e+02 1.822066666666666777e+02
1.904238410596026370e+02 1.345695364238410718e+02 1.820264900662251648e+02
1.901266666666666652e+02 1.348266666666666538e+02 1.820200000000000102e+02
1.904121621621621614e+02 1.354054054054054177e+02 1.826554054054054177e+02
1.904199999999999875e+02 1.355733333333333235e+02 1.836200000000000045e+02
1.905866666666666731e+02 1.355533333333333417e+02 1.850333333333333314e+02
1.912105263157894797e+02 1.359013157894736707e+02 1.854868421052631504e+02
1.910270270270270316e+02 1.362837837837837753e+02 1.861351351351351298e+02
1.907666666666666799e+02 1.360866666666666731e+02 1.863799999999999955e+02
1.900399999999999920e+02 1.363133333333333326e+02 1.869199999999999875e+02
1.895234899328858944e+02 1.365033557046979809e+02 1.874496644295302019e+02
1.893087248322147786e+02 1.372080536912751541e+02 1.882953020134228268e+02
1.886842105263157805e+02 1.379078947368421098e+02 1.886644736842105203e+02
1.891118421052631504e+02 1.382565789473684106e+02 1.890197368421052602e+02
1.882119205298013185e+02 1.385231788079470334e+02 1.887350993377483519e+02
1.876225165562914015e+02 1.383377483443708513e+02 1.892781456953642305e+02
1.871315789473684106e+02 1.389802631578947398e+02 1.900131578947368496e+02
1.865460526315789593e+02 1.393026315789473699e+02 1.903355263157894797e+02
1.861390728476821153e+02 1.397152317880794783e+02 1.911059602649006592e+02
1.857583892617449806e+02 1.401140939597315480e+02 1.913557046979865675e+02
1.853600000000000136e+02 1.404733333333333292e+02 1.913866666666666561e+02
1.858000000000000114e+02 1.410933333333333337e+02 1.912866666666666617e+02
1.857382550335570386e+02 1.412550335570469713e+02 1.918120805369127595e+02
1.856184210526315894e+02 1.415855263157894797e+02 1.919802631578947398e+02
1.849013157894736707e+02 1.419276315789473699e+02 1.917236842105263293e+02
1.842147651006711442e+02 1.424295302013422884e+02 1.918053691275167694e+02
1.835666666666666629e+02 1.427266666666666595e+02 1.915800000000000125e+02
1.829664429530201346e+02 1.432885906040268367e+02 1.923154362416107404e+02
1.826644736842105203e+02 1.439342105263157805e+02 1.925460526315789593e+02
1.823618421052631504e+02 1.442171052631578902e+02 1.927565789473684106e+02
1.817748344370860991e+02 1.441589403973509889e+02 1.932516556291390657e+02
1.817960526315789593e+02 1.447960526315789593e+02 1.937697368421052602e+02
1.816842105263157805e+02 1.450921052631578902e+02 1.940921052631578902e+02
1.811447368421052602e+02 1.457500000000000000e+02 1.944671052631578902e+02
1.810519480519480453e+02 1.460649350649350708e+02 1.950000000000000000e+02
1.806143790849673110e+02 1.465620915032679648e+02 1.950065359477124218e+02
1.798333333333333428e+02 1.469933333333333394e+02 1.947866666666666617e+02
1.794399999999999977e+02 1.472933333333333223e+02 1.948400000000000034e+02
1.786778523489932979e+02 1.480536912751677789e+02 1.952684563758389231e+02
1.785657894736842195e+02 1.489539473684210407e+02 1.951578947368421098e+02
1.782781456953642305e+02 1.492516556291390657e+02 1.954701986754966754e+02
1.773733333333333348e+02 1.495266666666666708e+02 1.958466666666666640e+02
1.769407894736842195e+02 1.488026315789473699e+02 1.959539473684210407e+02
1.761476510067114134e+02 1.491610738255033652e+02 1.964228187919462982e+02
1.754899328859060290e+02 1.492885906040268367e+02 1.965436241610738364e+02
1.749281045751633883e+02 1.486013071895424957e+02 1.966078431372548891e+02
1.747142857142857224e+02 1.481496598639455726e+02 1.970544217687074706e+02
1.732236842105263293e+02 1.473421052631578902e+02 1.968881578947368496e+02
1.726933333333333280e+02 1.471066666666666549e+02 1.967599999999999909e+02
1.722933333333333223e+02 1.469133333333333269e+02 1.970466666666666526e+02
1.711233766233766289e+02 1.471168831168831161e+02 1.968896103896103966e+02
1.708866666666666561e+02 1.468466666666666640e+02 1.967400000000000091e+02
1.701066666666666549e+02 1.472533333333333303e+02 1.967800000000000011e+02
1.697434210526315894e+02 1.474144736842105203e+02 1.966578947368421098e+02
1.688175675675675791e+02 1.471148648648648702e+02 1.963581081081080981e+02
1.681125827814569504e+02 1.469271523178807968e+02 1.963178807947019777e+02
1.673154362416107404e+02 1.465838926174496635e+02 1.961140939597315480e+02
1.665906040268456252e+02 1.460134228187919518e+02 1.960939597315436345e+02
1.657236842105263293e+02 1.457434210526315894e+02 1.963026315789473699e+02
1.652756410256410220e+02 1.458782051282051384e+02 1.966730769230769340e+02
1.645364238410596158e+02 1.453841059602648897e+02 1.975629139072847806e+02
1.643288590604026922e+02 1.450671140939597308e+02 1.973422818791946440e+02
1.642066666666666777e+02 1.449799999999999898e+02 1.973133333333333326e+02
1.639266666666666765e+02 1.450399999999999920e+02 1.972933333333333223e+02
1.634161073825503365e+02 1.449798657718120865e+02 1.968523489932885866e+02
1.624965986394557831e+02 1.455102040816326507e+02 1.972789115646258438e+02
1.618053691275167694e+02 1.453221476510067021e+02 1.971744966442952887e+02
1.610536912751677789e+02 1.451409395973154233e+02 1.968590604026845767e+02
1.602080536912751541e+02 1.456778523489932979e+02 1.967046979865771732e+02
1.599533333333333474e+02 1.456133333333333439e+02 1.964866666666666788e+02
1.592733333333333405e+02 1.458799999999999955e+02 1.967666666666666799e+02
1.591599999999999966e+02 1.463333333333333428e+02 1.971466666666666754e+02
1.584304635761589282e+02 1.465496688741721982e+02 1.964900662251655490e+02
1.578310810810810949e+02 1.464797297297297405e+02 1.956351351351351298e+02
1.569194630872483174e+02 1.464765100671141056e+02 1.951543624161073751e+02
1.560738255033556925e+02 1.460671140939597308e+02 1.951208053691275097e+02
1.558092105263157805e+02 1.463026315789473699e+02 1.948355263157894797e+02
1.551999999999999886e+02 1.463000000000000114e+02 1.944866666666666788e+02
1.549539473684210407e+02 1.467763157894736707e+02 1.938355263157894797e+02
1.544569536423840930e+02 1.467417218543046431e+02 1.934039735099337634e+02
1.543642384105960161e+02 1.471192052980132416e+02 1.929735099337748352e+02
1.535526315789473699e+02 1.470197368421052602e+02 1.926973684210526301e+02
1.530066666666666606e+02 1.471200000000000045e+02 1.926066666666666549e+02
1.526423841059602751e+02 1.476357615894039839e+02 1.920331125827814560e+02
1.520261437908496873e+02 1.478627450980392268e+02 1.918496732026143832e+02
1.515259740259740227e+02 1.479935064935064872e+02 1.915064935064935128e+02
1.505263157894736707e+02 1.477631578947368496e+02 1.912960526315789593e+02
1.500399999999999920e+02 1.470399999999999920e+02 1.907800000000000011e+02
1.497333333333333201e+02 1.466599999999999966e+02 1.905333333333333314e+02
1.492953020134228268e+02 1.462550335570469713e+02 1.902617449664429614e+02
1.486375838926174424e+02 1.459530201342281828e+02 1.894496644295302019e+02
1.482147651006711442e+02 1.454161073825503365e+02 1.897785234899328941e+02
1.475533333333333417e+02 1.449799999999999898e+02 1.896533333333333360e+02
1.470800000000000125e+02 1.450466666666666526e+02 1.895066666666666606e+02
1.462251655629139009e+02 1.454370860927152194e+02 1.900198675496688736e+02
1.460860927152317856e+02 1.455894039735099454e+02 1.903774834437085985e+02
1.453642384105960161e+02 1.454900662251655490e+02 1.911854304635761537e+02
1.444248366013071916e+02 1.461241830065359579e+02 1.908692810457516202e+02
1.438926174496644421e+02 1.466107382550335672e+02 1.912751677852349133e+02
1.434545454545454675e+02 1.468311688311688386e+02 1.914025974025973937e+02
1.422026143790849630e+02 1.470000000000000000e+02 1.907908496732026151e+02
1.415999999999999943e+02 1.471666666666666572e+02 1.905000000000000000e+02
1.412251655629139009e+02 1.466556291390728575e+02 1.903443708609271425e+02
1.407814569536423903e+02 1.469006622516556320e+02 1.905562913907284894e+02
1.400066666666666606e+02 1.468866666666666561e+02 1.904666666666666686e+02
1.393959731543624230e+02 1.465637583892617499e+02 1.907248322147650867e+02
1.385600000000000023e+02 1.467666666666666799e+02 1.906200000000000045e+02
1.385200000000000102e+02 1.475466666666666526e+02 1.909933333333333394e+02
1.380264900662251648e+02 1.481655629139072801e+02 1.921324503311258241e+02
1.377567567567567437e+02 1.476216216216216139e+02 1.920608108108108070e+02
1.373066666666666720e+02 1.477066666666666777e+02 1.920733333333333235e+02
1.368954248366013076e+02 1.487320261437908471e+02 1.924575163398692723e+02
1.360666666666666629e+02 1.493000000000000114e+02 1.926133333333333439e+02
1.357908496732026151e+02 1.498954248366013076e+02 1.929084967320261512e+02
1.350866666666666731e+02 1.503533333333333246e+02 1.929799999999999898e+02
1.340649350649350708e+02 1.504675324675324646e+02 1.928311688311688386e+02
1.337133333333333383e+02 1.514133333333333269e+02 1.930333333333333314e+02
1.336887417218543135e+02 1.515629139072847806e+02 1.940000000000000000e+02
1.337350993377483519e+02 1.521986754966887645e+02 1.943377483443708797e+02
1.339934640522875782e+02 1.521764705882353041e+02 1.950196078431372655e+02
1.338187919463087212e+02 1.520268456375839037e+02 1.956107382550335672e+02
1.331409395973154233e+02 1.529194630872483174e+02 1.962348993288590577e+02
1.331409395973154233e+02 1.534228187919462982e+02 1.964228187919462982e+02
1.337567567567567437e+02 1.540743243243243228e+02 1.969391891891891930e+02
1.339144736842105203e+02 1.547171052631578902e+02 1.970065789473684106e+02
1.348933333333333451e+02 1.548933333333333451e+02 1.974666666666666686e+02
1.355947712418300739e+02 1.552941176470588118e+02 1.977385620915032689e+02
1.354370860927152194e+02 1.560662251655629120e+02 1.977218543046357695e+02
1.354437086092715106e+02 1.562450331125827745e+02 1.978609271523178847e+02
1.351148648648648702e+02 1.566959459459459367e+02 1.982972972972972912e+02
1.354666666666666686e+02 1.566933333333333280e+02 1.985133333333333212e+02
1.358543046357615935e+02 1.571523178807946977e+02 1.987549668874172255e+02
1.360860927152317856e+02 1.577218543046357695e+02 1.991986754966887361e+02
1.365608108108108070e+02 1.581351351351351298e+02 1.998851351351351298e+02
1.375099337748344510e+02 1.582649006622516481e+02 2.005695364238410718e+02
1.368211920529801375e+02 1.582052980132450273e+02 2.011523178807946977e+02
1.371610738255033652e+02 1.579127516778523557e+02 2.017718120805369040e+02
1.374866666666666788e+02 1.575733333333333235e+02 2.021200000000000045e+02
1.373666666666666742e+02 1.578133333333333326e+02 2.027866666666666617e+02
1.374266666666666765e+02 1.573199999999999932e+02 2.034933333333333394e+02
1.375600000000000023e+02 1.569866666666666788e+02 2.038733333333333348e+02
1.379798657718120865e+02 1.568657718120805384e+02 2.041744966442952887e+02
1.382400000000000091e+02 1.566200000000000045e+02 2.048533333333333246e+02
1.385231788079470334e+02 1.568410596026490111e+02 2.053377483443708513e+02
1.392352941176470722e+02 1.570915032679738488e+02 2.063333333333333428e+02
1.396339869281045765e+02 1.572679738562091529e+02 2.066405228758169983e+02
1.397583892617449806e+02 1.575100671140939710e+02 2.073288590604026922e+02
1.400738255033556925e+02 1.569664429530201346e+02 2.081812080536912788e+02
1.400337837837837753e+02 1.563513513513513544e+02 2.083243243243243228e+02
1.398675496688741759e+02 1.566291390728476927e+02 2.091854304635761537e+02
1.402933333333333223e+02 1.563000000000000114e+02 2.098866666666666561e+02
1.406866666666666674e+02 1.568000000000000114e+02 2.105933333333333337e+02
1.404000000000000057e+02 1.561999999999999886e+02 2.105933333333333337e+02
1.403199999999999932e+02 1.557866666666666617e+02 2.113400000000000034e+02
1.400196078431372655e+02 1.554052287581699261e+02 2.117124183006535816e+02
1.396333333333333258e+02 1.542666666666666799e+02 2.120600000000000023e+02
1.389933774834437088e+02 1.534635761589403842e+02 2.119006622516556320e+02
1.391554054054054177e+02 1.530472972972972912e+02 2.123243243243243228e+02
1.394000000000000057e+02 1.525066666666666606e+02 2.128333333333333428e+02
1.397500000000000000e+02 1.519276315789473699e+02 2.129407894736842195e+02
1.397385620915032689e+02 1.512026143790849630e+02 2.135424836601307277e+02
1.399533333333333474e+02 1.502866666666666617e+02 2.137599999999999909e+02
1.400728476821192032e+02 1.496821192052980223e+02 2.142516556291390657e+02
1.395466666666666526e+02 1.490399999999999920e+02 2.141066666666666549e+02
1.398079470198675551e+02 1.483774834437085985e+02 2.142317880794701921e+02
1.402770270270270316e+02 1.483445945945945823e+02 2.145135135135135158e+02
1.405921052631578902e+02 1.477960526315789593e+02 2.148355263157894797e+02
1.409736842105263293e+02 1.473157894736842195e+02 2.154342105263157805e+02
1.409072847682119232e+02 1.463311258278145601e+02 2.160000000000000000e+02
1.409205298013245056e+02 1.452715231788079393e+02 2.162715231788079393e+02
1.412052980132450273e+02 1.449337748344370880e+02 2.164370860927152194e+02
1.414172185430463458e+02 1.442847682119205217e+02 2.166622516556291487e+02
1.418881578947368496e+02 1.437368421052631504e+02 2.165855263157894797e+02
1.421474358974358836e+02 1.431153846153846132e+02 2.155064102564102484e+02
1.422533333333333303e+02 1.427666666666666799e+02 2.154066666666666663e+02
1.426666666666666572e+02 1.428466666666666640e+02 2.155733333333333235e+02
1.434039735099337634e+02 1.427086092715231871e+02 2.158675496688741759e+02
1.433684210526315894e+02 1.421710526315789593e+02 2.163947368421052602e+02
1.440666666666666629e+02 1.412199999999999989e+02 2.166066666666666549e+02
1.449530201342281828e+02 1.412617449664429614e+02 2.166442953020134325e+02
1.453907284768211809e+02 1.410529801324503296e+02 2.166622516556291487e+02
1.463221476510067021e+02 1.413691275167785193e+02 2.167516778523489904e+02
1.472866666666666617e+02 1.414199999999999875e+02 2.168266666666666538e+02
1.474900662251655490e+02 1.419536423841059616e+02 2.168675496688741759e+02
1.476754966887417311e+02 1.419470198675496704e+02 2.170529801324503296e+02
1.485771812080537018e+02 1.413221476510067021e+02 2.170201342281879135e+02
1.493000000000000114e+02 1.405133333333333212e+02 2.166533333333333360e+02
1.497162162162162247e+02 1.401418918918919019e+02 2.171554054054054177e+02
1.507417218543046431e+02 1.401655629139072801e+02 2.173841059602648897e+02
1.512317880794701921e+02 1.397549668874172255e+02 2.175562913907284894e+02
1.517350993377483519e+02 1.399139072847682144e+02 2.177152317880794783e+02
1.521081081081080981e+02 1.399864864864864842e+02 2.182094594594594525e+02
1.524533333333333474e+02 1.399600000000000080e+02 2.184199999999999875e+02
1.529799999999999898e+02 1.397599999999999909e+02 2.188799999999999955e+02
1.534966442953020191e+02 1.395771812080537018e+02 2.186711409395973078e+02
1.541258278145695328e+02 1.397483443708609343e+02 2.190662251655629120e+02
1.551933333333333280e+02 1.394399999999999977e+02 2.193466666666666640e+02
1.558344370860927199e+02 1.397086092715231871e+02 2.194437086092715106e+02
1.558993288590604038e+02 1.396375838926174424e+02 2.200000000000000000e+02
1.565600000000000023e+02 1.401666666666666572e+02 2.206066666666666549e+02
1.571125827814569504e+02 1.401589403973509889e+02 2.211390728476821153e+02
1.572781456953642305e+02 1.408675496688741759e+02 2.210794701986754944e+02
1.577533333333333303e+02 1.412466666666666697e+02 2.211066666666666549e+02
1.588571428571428612e+02 1.422662337662337677e+02 2.212922077922077904e+02
