1.278933333333333309e+02 1.277666666666666657e+02 1.287466666666666697e+02
1.278266666666666680e+02 1.277199999999999989e+02 1.286133333333333439e+02
1.280800000000000125e+02 1.275400000000000063e+02 1.287133333333333383e+02
1.283178807947019777e+02 1.276556291390728433e+02 1.287748344370860991e+02
1.283733333333333348e+02 1.276666666666666714e+02 1.288000000000000114e+02
1.284765100671141056e+02 1.277785234899328799e+02 1.286711409395973078e+02
1.283666666666666742e+02 1.276666666666666714e+02 1.285533333333333417e+02
1.281733333333333462e+02 1.277000000000000028e+02 1.284799999999999898e+02
1.281266666666666652e+02 1.277333333333333343e+02 1.284000000000000057e+02
1.280397350993377472e+02 1.279205298013245056e+02 1.283443708609271425e+02
1.280333333333333314e+02 1.280000000000000000e+02 1.284466666666666583e+02
1.278466666666666640e+02 1.281666666666666572e+02 1.285266666666666708e+02
1.279533333333333331e+02 1.280600000000000023e+02 1.285200000000000102e+02
1.278133333333333326e+02 1.281200000000000045e+02 1.286466666666666754e+02
1.277631578947368354e+02 1.278815789473684248e+02 1.286381578947368496e+02
1.276066666666666691e+02 1.277733333333333263e+02 1.286666666666666572e+02
1.276066666666666691e+02 1.277466666666666697e+02 1.285600000000000023e+02
1.276912751677852356e+02 1.276845637583892596e+02 1.284832214765100673e+02
1.275234899328859086e+02 1.278859060402684520e+02 1.284832214765100673e+02
1.276066666666666691e+02 1.276599999999999966e+02 1.286399999999999864e+02
1.277615894039735167e+02 1.276556291390728433e+02 1.285364238410596158e+02
1.277866666666666617e+02 1.275199999999999960e+02 1.286200000000000045e+02
1.279333333333333371e+02 1.274866666666666646e+02 1.287333333333333201e+02
1.278666666666666600e+02 1.276933333333333280e+02 1.286800000000000068e+02
1.277199999999999989e+02 1.276066666666666691e+02 1.286999999999999886e+02
1.278120805369127453e+02 1.274697986577181155e+02 1.286711409395973078e+02
1.278807947019867584e+02 1.275298013245033104e+02 1.285496688741721982e+02
1.277266666666666737e+02 1.276400000000000006e+02 1.286533333333333360e+02
1.277382550335570528e+02 1.274899328859060432e+02 1.283959731543624230e+02
1.278199999999999932e+02 1.276466666666666612e+02 1.284066666666666663e+02
1.277000000000000028e+02 1.276933333333333280e+02 1.282733333333333405e+02
1.277666666666666657e+02 1.277399999999999949e+02 1.282733333333333405e+02
1.278333333333333286e+02 1.275666666666666629e+02 1.283066666666666720e+02
1.277986577181208077e+02 1.276711409395973220e+02 1.283825503355704711e+02
1.277999999999999972e+02 1.274133333333333269e+02 1.283666666666666742e+02
1.276933333333333280e+02 1.275666666666666629e+02 1.283466666666666640e+02
1.279266666666666623e+02 1.273799999999999955e+02 1.285200000000000102e+02
1.278476821192053023e+02 1.275231788079470192e+02 1.285827814569536542e+02
1.279733333333333292e+02 1.276333333333333400e+02 1.284733333333333292e+02
1.278333333333333286e+02 1.278599999999999994e+02 1.284466666666666583e+02
1.278684210526315752e+02 1.277171052631578902e+02 1.284671052631578902e+02
1.279133333333333269e+02 1.276266666666666652e+02 1.284066666666666663e+02
1.278389261744966490e+02 1.278322147651006730e+02 1.285302013422818845e+02
1.279133333333333269e+02 1.277800000000000011e+02 1.285533333333333417e+02
1.279666666666666686e+02 1.276800000000000068e+02 1.286466666666666754e+02
1.280066666666666606e+02 1.277266666666666737e+02 1.286599999999999966e+02
1.280000000000000000e+02 1.276133333333333297e+02 1.286666666666666572e+02
1.278476821192053023e+02 1.276754966887417169e+02 1.286092715231788191e+02
1.276866666666666674e+02 1.275466666666666669e+02 1.285999999999999943e+02
1.274635761589403984e+02 1.276953642384105905e+02 1.284768211920529666e+02
1.275234899328859086e+02 1.277785234899328799e+02 1.285167785234899327e+02
1.273666666666666600e+02 1.277800000000000011e+02 1.285999999999999943e+02
1.275533333333333275e+02 1.277199999999999989e+02 1.286666666666666572e+02
1.275231788079470192e+02 1.278476821192053023e+02 1.287814569536423903e+02
1.274569536423841072e+02 1.278675496688741759e+02 1.287947019867549727e+02
1.274765100671140914e+02 1.277718120805369182e+02 1.286979865771812115e+02
1.274133333333333269e+02 1.276800000000000068e+02 1.288266666666666538e+02
1.272384105960264833e+02 1.280132450331125824e+02 1.286291390728476927e+02
1.272199999999999989e+02 1.281466666666666754e+02 1.286399999999999864e+02
1.272199999999999989e+02 1.279000000000000057e+02 1.287400000000000091e+02
1.272913907284768271e+02 1.278940397350993408e+02 1.288013245033112639e+02
1.272333333333333343e+02 1.277466666666666697e+02 1.286933333333333280e+02
1.271333333333333400e+02 1.277199999999999989e+02 1.289133333333333269e+02
1.273866666666666703e+02 1.277533333333333303e+02 1.288466666666666640e+02
1.272781456953642447e+02 1.276622516556291345e+02 1.289205298013245056e+02
1.274473684210526301e+02 1.276907894736842053e+02 1.288289473684210407e+02
1.274437086092715248e+02 1.277615894039735167e+02 1.288344370860927199e+02
1.273026315789473699e+02 1.277500000000000000e+02 1.289342105263157805e+02
1.272516556291390799e+02 1.277417218543046289e+02 1.288278145695364287e+02
1.272866666666666617e+02 1.278266666666666680e+02 1.286999999999999886e+02
1.273133333333333326e+02 1.279800000000000040e+02 1.288400000000000034e+02
1.272266666666666737e+02 1.279733333333333292e+02 1.287866666666666617e+02
1.272733333333333263e+02 1.279933333333333394e+02 1.287333333333333201e+02
1.271933333333333280e+02 1.279599999999999937e+02 1.287333333333333201e+02
1.271666666666666714e+02 1.281533333333333360e+02 1.286933333333333280e+02
1.272266666666666737e+02 1.280866666666666731e+02 1.285666666666666629e+02
1.271800000000000068e+02 1.280866666666666731e+02 1.287400000000000091e+02
1.272251655629139009e+02 1.281920529801324449e+02 1.286490066225165663e+02
1.271400000000000006e+02 1.280733333333333235e+02 1.286333333333333258e+02
1.270662251655629120e+02 1.281721854304635713e+02 1.286026490066225278e+02
1.270794701986754944e+02 1.281721854304635713e+02 1.286490066225165663e+02
1.271599999999999966e+02 1.280399999999999920e+02 1.286466666666666754e+02
1.270993377483443680e+02 1.281324503311258241e+02 1.287748344370860991e+02
1.269664429530201346e+02 1.282483221476510096e+02 1.287651006711409423e+02
1.269735099337748352e+02 1.281258278145695328e+02 1.286225165562913730e+02
1.269205298013245056e+02 1.280397350993377472e+02 1.286026490066225278e+02
1.268266666666666680e+02 1.281866666666666674e+02 1.286333333333333258e+02
1.268933333333333309e+02 1.280466666666666526e+02 1.285933333333333337e+02
1.269060402684563797e+02 1.281744966442952887e+02 1.286174496644295289e+02
1.270738255033557067e+02 1.280671140939597308e+02 1.285369127516778462e+02
1.270397350993377472e+02 1.280000000000000000e+02 1.284635761589403842e+02
1.272052980132450273e+02 1.281721854304635713e+02 1.284768211920529666e+02
1.272800000000000011e+02 1.280666666666666629e+02 1.284333333333333371e+02
1.272080536912751683e+02 1.280536912751678074e+02 1.283288590604026638e+02
1.271733333333333320e+02 1.279933333333333394e+02 1.283866666666666561e+02
1.270662251655629120e+02 1.280794701986754944e+02 1.284437086092715106e+02
1.272066666666666634e+02 1.281666666666666856e+02 1.284866666666666788e+02
1.270333333333333314e+02 1.281933333333333564e+02 1.285933333333333337e+02
1.270536912751677789e+02 1.282013422818791923e+02 1.286241610738254906e+02
1.270264900662251648e+02 1.280529801324503296e+02 1.284966887417218402e+02
1.268859060402684520e+02 1.284026845637583847e+02 1.284429530201342402e+02
1.267199999999999989e+02 1.283199999999999932e+02 1.286599999999999966e+02
1.269328859060402692e+02 1.282818791946308750e+02 1.285704697986577116e+02
1.268476821192053023e+02 1.282847682119205217e+02 1.286423841059602751e+02
1.269000000000000057e+02 1.283066666666666720e+02 1.284600000000000080e+02
1.268799999999999955e+02 1.284333333333333371e+02 1.285000000000000000e+02
1.269466666666666725e+02 1.282466666666666697e+02 1.285533333333333417e+02
1.268344370860927199e+02 1.282052980132450273e+02 1.285960264900662366e+02
1.267852348993288700e+02 1.283355704697986539e+02 1.286174496644295289e+02
1.269337748344370880e+02 1.281655629139072801e+02 1.285364238410596158e+02
1.268599999999999994e+02 1.282466666666666697e+02 1.287066666666666777e+02
1.267382550335570528e+02 1.281610738255033652e+02 1.285973154362416153e+02
1.268199999999999932e+02 1.281333333333333258e+02 1.285933333333333337e+02
1.268791946308724761e+02 1.281610738255033652e+02 1.286241610738255190e+02
1.268187919463087212e+02 1.284362416107382501e+02 1.285436241610738364e+02
1.267800000000000011e+02 1.285733333333333235e+02 1.283266666666666538e+02
1.266912751677852356e+02 1.285704697986577116e+02 1.282013422818791923e+02
1.266953642384105905e+02 1.286291390728476927e+02 1.283642384105960161e+02
1.266266666666666652e+02 1.284533333333333474e+02 1.284733333333333292e+02
1.266174496644295289e+02 1.285838926174496635e+02 1.283691275167785193e+02
1.268053691275167836e+02 1.284563758389261636e+02 1.282013422818791923e+02
1.269399999999999977e+02 1.285200000000000102e+02 1.281333333333333258e+02
1.272399999999999949e+02 1.284066666666666663e+02 1.281933333333333280e+02
1.273046357615894095e+02 1.283907284768211809e+02 1.280794701986754944e+02
1.274635761589403984e+02 1.283907284768211809e+02 1.280132450331125824e+02
1.275099337748344368e+02 1.284834437086092578e+02 1.280794701986754944e+02
1.273466666666666640e+02 1.284199999999999875e+02 1.280933333333333337e+02
1.272133333333333383e+02 1.284866666666666788e+02 1.280933333333333337e+02
1.271390728476821153e+02 1.283841059602648897e+02 1.281390728476821153e+02
1.270872483221476443e+02 1.283557046979865675e+02 1.281812080536912788e+02
1.270533333333333275e+02 1.283466666666666640e+02 1.281533333333333360e+02
1.273466666666666640e+02 1.284333333333333371e+02 1.280933333333333337e+02
1.276133333333333297e+02 1.285600000000000023e+02 1.281999999999999886e+02
1.274266666666666623e+02 1.285266666666666708e+02 1.281266666666666652e+02
1.273466666666666640e+02 1.284666666666666686e+02 1.280933333333333337e+02
1.274093959731543606e+02 1.284832214765100673e+02 1.282147651006711442e+02
1.274399999999999977e+02 1.284533333333333474e+02 1.281933333333333280e+02
1.274066666666666663e+02 1.284666666666666686e+02 1.280000000000000000e+02
1.274733333333333292e+02 1.284733333333333292e+02 1.279933333333333394e+02
1.275133333333333354e+02 1.286133333333333439e+02 1.279333333333333371e+02
1.274933333333333394e+02 1.286133333333333439e+02 1.279000000000000057e+02
1.276733333333333320e+02 1.286800000000000068e+02 1.280466666666666526e+02
1.277417218543046289e+02 1.286026490066225278e+02 1.281192052980132416e+02
1.277333333333333343e+02 1.285733333333333235e+02 1.281333333333333258e+02
1.275629139072847664e+02 1.286754966887417311e+02 1.280529801324503296e+02
1.276442953020134183e+02 1.287248322147650867e+02 1.281342281879194616e+02
1.276133333333333297e+02 1.286666666666666572e+02 1.280733333333333235e+02
1.276200000000000045e+02 1.287466666666666697e+02 1.280600000000000023e+02
1.277533333333333303e+02 1.288333333333333428e+02 1.280933333333333337e+02
1.278199999999999932e+02 1.290399999999999920e+02 1.281266666666666652e+02
1.277866666666666617e+02 1.289133333333333269e+02 1.280600000000000023e+02
1.278410596026490111e+02 1.290264900662251648e+02 1.280728476821192032e+02
1.277733333333333263e+02 1.290200000000000102e+02 1.281200000000000045e+02
1.277046979865771874e+02 1.289798657718120865e+02 1.279395973154362451e+02
1.277733333333333263e+02 1.288666666666666742e+02 1.280733333333333235e+02
1.276291390728476784e+02 1.289801324503311264e+02 1.279933774834437088e+02
1.276533333333333360e+02 1.289466666666666583e+02 1.280133333333333212e+02
1.275761589403973488e+02 1.290728476821192032e+02 1.280794701986754944e+02
1.276266666666666652e+02 1.291133333333333439e+02 1.279133333333333269e+02
1.275600000000000023e+02 1.291733333333333462e+02 1.281466666666666754e+02
1.276577181208053702e+02 1.291476510067114134e+02 1.281543624161073751e+02
1.275199999999999960e+02 1.291733333333333462e+02 1.279866666666666646e+02
1.274370860927152336e+02 1.293907284768211809e+02 1.280198675496688736e+02
1.276291390728476784e+02 1.292649006622516481e+02 1.280860927152317856e+02
1.276266666666666652e+02 1.292666666666666799e+02 1.282066666666666777e+02
1.274333333333333371e+02 1.292733333333333405e+02 1.281999999999999886e+02
1.275600000000000023e+02 1.292066666666666777e+02 1.281599999999999966e+02
1.275133333333333354e+02 1.291533333333333360e+02 1.282733333333333405e+02
1.274630872483221538e+02 1.291275167785234999e+02 1.281946308724832306e+02
1.274000000000000057e+02 1.292466666666666697e+02 1.282333333333333201e+02
1.274105960264900688e+02 1.291721854304635713e+02 1.283245033112582689e+02
1.275733333333333377e+02 1.292733333333333405e+02 1.282333333333333201e+02
1.275600000000000023e+02 1.293066666666666720e+02 1.282800000000000011e+02
1.277350993377483377e+02 1.292052980132450273e+02 1.283443708609271425e+02
1.276174496644295289e+02 1.292281879194630960e+02 1.283691275167785193e+02
1.273533333333333388e+02 1.292866666666666617e+02 1.282599999999999909e+02
1.273509933774834479e+02 1.294370860927152194e+02 1.280463576158940384e+02
1.274200000000000017e+02 1.295066666666666606e+02 1.279599999999999937e+02
1.274533333333333331e+02 1.293799999999999955e+02 1.280266666666666708e+02
1.274093959731543606e+02 1.294429530201342402e+02 1.279395973154362451e+02
1.274933333333333394e+02 1.293000000000000114e+02 1.278733333333333348e+02
1.274666666666666686e+02 1.292066666666666777e+02 1.279399999999999977e+02
1.276026490066225136e+02 1.292185430463576097e+02 1.279403973509933792e+02
1.275400000000000063e+02 1.291999999999999886e+02 1.280933333333333337e+02
1.274866666666666646e+02 1.292800000000000011e+02 1.281933333333333280e+02
1.274800000000000040e+02 1.293733333333333348e+02 1.281333333333333258e+02
1.273666666666666600e+02 1.292733333333333405e+02 1.280866666666666731e+02
1.272800000000000011e+02 1.292933333333333223e+02 1.280466666666666526e+02
1.272199999999999989e+02 1.294066666666666663e+02 1.279599999999999937e+02
1.272251655629139009e+02 1.294569536423840930e+02 1.279668874172185440e+02
1.272733333333333263e+02 1.294399999999999977e+02 1.280333333333333314e+02
1.271599999999999966e+02 1.295399999999999920e+02 1.279133333333333269e+02
1.272333333333333343e+02 1.294000000000000057e+02 1.278266666666666680e+02
1.272119205298013185e+02 1.294304635761589282e+02 1.279006622516556320e+02
1.272649006622516623e+02 1.293973509933774722e+02 1.279006622516556320e+02
1.272600000000000051e+02 1.295000000000000000e+02 1.279533333333333331e+02
1.271933333333333280e+02 1.294333333333333371e+02 1.280000000000000000e+02
1.271866666666666674e+02 1.295933333333333337e+02 1.280066666666666606e+02
1.273221476510067163e+02 1.295167785234899327e+02 1.280604026845637691e+02
1.273758389261744952e+02 1.295302013422818845e+02 1.280738255033556925e+02
1.272000000000000028e+02 1.296800000000000068e+02 1.279133333333333269e+02
1.272666666666666657e+02 1.295399999999999920e+02 1.279333333333333371e+02
1.271200000000000045e+02 1.296133333333333439e+02 1.279333333333333371e+02
1.270666666666666629e+02 1.295466666666666526e+02 1.277399999999999949e+02
1.271986754966887361e+02 1.295761589403973630e+02 1.277019867549668817e+02
1.270266666666666708e+02 1.297666666666666799e+02 1.277000000000000028e+02
1.269600000000000080e+02 1.298266666666666822e+02 1.277533333333333303e+02
1.268657718120805384e+02 1.299194630872483174e+02 1.276510067114093943e+02
1.267702702702702595e+02 1.298513513513513544e+02 1.274932432432432421e+02
1.267852348993288558e+02 1.299127516778523557e+02 1.274228187919463124e+02
1.266979865771812115e+02 1.298993288590604038e+02 1.274295302013422884e+02
1.266375838926174566e+02 1.298590604026845483e+02 1.274295302013422884e+02
1.265838926174496635e+02 1.299463087248322211e+02 1.274093959731543606e+02
1.266778523489932837e+02 1.299731543624160963e+02 1.274496644295302019e+02
1.267364864864864842e+02 1.300135135135135158e+02 1.272702702702702737e+02
1.266802721088435391e+02 1.300544217687074990e+02 1.272721088435374099e+02
1.266283783783783718e+02 1.300608108108108070e+02 1.272162162162162247e+02
1.266554054054054177e+02 1.300067567567567437e+02 1.272432432432432421e+02
1.265578231292517017e+02 1.301020408163265358e+02 1.272653061224489903e+02
1.266013513513513544e+02 1.300608108108108070e+02 1.272702702702702737e+02
1.265675675675675649e+02 1.301081081081081265e+02 1.273243243243243228e+02
1.265838926174496635e+02 1.300536912751677789e+02 1.271946308724832164e+02
1.265878378378378386e+02 1.299121621621621614e+02 1.270000000000000000e+02
1.265878378378378386e+02 1.300067567567567437e+02 1.268986486486486598e+02
1.265771812080537018e+02 1.301342281879194616e+02 1.269664429530201346e+02
1.266107382550335529e+02 1.301409395973154233e+02 1.269127516778523415e+02
1.265878378378378386e+02 1.300405405405405475e+02 1.269662162162162247e+02
1.267027027027026946e+02 1.301148648648648702e+02 1.268918918918919019e+02
1.267891156462584945e+02 1.300000000000000000e+02 1.268911564625850446e+02
1.267770270270270316e+02 1.300000000000000000e+02 1.267837837837837895e+02
1.268581081081081123e+02 1.299527027027027088e+02 1.269256756756756772e+02
1.268378378378378386e+02 1.300743243243243228e+02 1.268378378378378386e+02
1.269127516778523415e+02 1.301677852348993270e+02 1.268053691275167836e+02
1.271148648648648702e+02 1.301824324324324493e+02 1.267635135135135016e+02
1.271351351351351298e+02 1.301418918918918735e+02 1.266824324324324351e+02
1.270352986113646097e+02 1.302147848214797818e+02 1.268190784842337848e+02
1.270887220800931203e+02 1.302133539199694496e+02 1.268940790752871379e+02
1.268259199774731201e+02 1.302688180173227579e+02 1.267380286904693492e+02
1.269137239207179420e+02 1.302620638678423575e+02 1.267245203915086194e+02
1.270540540540540491e+02 1.301824324324324493e+02 1.266216216216216139e+02
1.270355494998194956e+02 1.302230350883322387e+02 1.266614577354541780e+02
1.268326741269535063e+02 1.301810140740779502e+02 1.266164539998227099e+02
1.268731990238357099e+02 1.300864559813527706e+02 1.264678627112545684e+02
1.268136590159600701e+02 1.301395565125191069e+02 1.265720540245947774e+02
1.269199484929701924e+02 1.301482344368414772e+02 1.265526567878312818e+02
1.269403486706494704e+02 1.303182359175022498e+02 1.265458567286048748e+02
1.270168991113315542e+02 1.304179478647069175e+02 1.266704542719569133e+02
1.270967260760993156e+02 1.303250386385906836e+02 1.266138413496971253e+02
1.270640122999711963e+02 1.303139032868484719e+02 1.266051508700481349e+02
1.270572622279813970e+02 1.303476536467974825e+02 1.265241500061705580e+02
1.270775124439508090e+02 1.303679038627668945e+02 1.265309000781603572e+02
1.271120416434872311e+02 1.304927027114006819e+02 1.264937609979535011e+02
1.270848580628713194e+02 1.304859068162466826e+02 1.264665774173375894e+02
1.270100117240528306e+02 1.305974063104200127e+02 1.264836495742317766e+02
1.270100117240528306e+02 1.305771560944506007e+02 1.264971497182113467e+02
1.269695112921140350e+02 1.305906562384301992e+02 1.265444002221399558e+02
1.270370120120120134e+02 1.305636559504710021e+02 1.264566492862725795e+02
1.270644703774094069e+02 1.305266821871705361e+02 1.264393938367217061e+02
1.271783507435745122e+02 1.304882373981629655e+02 1.262194538857362431e+02
1.271787635237977838e+02 1.305029053025628514e+02 1.262068966226500493e+02
1.272192639557365652e+02 1.305029053025628514e+02 1.262541471265786299e+02
1.272260140277263503e+02 1.304826550865934394e+02 1.262608971985684292e+02
1.271568733020112489e+02 1.304579342027731172e+02 1.261504176856771835e+02
1.271307503289895067e+02 1.304270368651251033e+02 1.261446532342455100e+02
1.270899499736309366e+02 1.304746372797100946e+02 1.260834527012076620e+02
1.271771357504523507e+02 1.305254756975768089e+02 1.260085805465894140e+02
1.271864291150250068e+02 1.304847222222222172e+02 1.259197189606436211e+02
1.272123510397066610e+02 1.304882373981629655e+02 1.259202512797733391e+02
1.272055509804802398e+02 1.304950374573894294e+02 1.258998511020940612e+02
1.272055509804802398e+02 1.305290377535215498e+02 1.258182503913769068e+02
1.270695497959516445e+02 1.305494379312008562e+02 1.257910501544711934e+02
1.271179631441617772e+02 1.305737279843444298e+02 1.258101734072624538e+02
1.271460211192571137e+02 1.305810493484023880e+02 1.259568852807893222e+02
1.271247629478793755e+02 1.306986573902669591e+02 1.259166435270887234e+02
1.271247629478793755e+02 1.306986573902669591e+02 1.259166435270887234e+02
1.271596129095650554e+02 1.307305590417898600e+02 1.258753345389415870e+02
1.271732046998730254e+02 1.307373549369438308e+02 1.258957222244034995e+02
1.271324293289491578e+02 1.307237631466358891e+02 1.259093140147114838e+02
1.271171995755714619e+02 1.307074118151859068e+02 1.259037607387122648e+02
1.271265161474882461e+02 1.307560539876587882e+02 1.258539883888955728e+02
1.271324293289491578e+02 1.306693959854040656e+02 1.258685386437876161e+02
1.271045127319099919e+02 1.306446568143486218e+02 1.258896432391295406e+02
1.270644703774094069e+02 1.306150288241722421e+02 1.258481509583256610e+02
1.270910125879303934e+02 1.306041563824098262e+02 1.258423927352009457e+02
1.271382630918589882e+02 1.306379067423588083e+02 1.258153924472417629e+02
1.271675702112660531e+02 1.306397341402883114e+02 1.259224118285252558e+02
1.271664088047190404e+02 1.306014370338642721e+02 1.258889263292495428e+02
1.271664088047190404e+02 1.306014370338642721e+02 1.258889263292495428e+02
1.271664088047190404e+02 1.306014370338642721e+02 1.258889263292495428e+02
1.271664088047190404e+02 1.306014370338642721e+02 1.258889263292495428e+02
1.271664088047190404e+02 1.306014370338642721e+02 1.258889263292495428e+02
1.271664088047190404e+02 1.306014370338642721e+02 1.258889263292495428e+02
1.271664088047190404e+02 1.306014370338642721e+02 1.258889263292495428e+02
1.271664088047190404e+02 1.306014370338642721e+02 1.258889263292495428e+02
1.271664088047190404e+02 1.306014370338642721e+02 1.258889263292495428e+02
1.271664088047190404e+02 1.306014370338642721e+02 1.258889263292495428e+02
1.271664088047190404e+02 1.306014370338642721e+02 1.258889263292495428e+02
1.271664088047190404e+02 1.306014370338642721e+02 1.258889263292495428e+02
1.271664088047190404e+02 1.306014370338642721e+02 1.258889263292495428e+02
1.271664088047190404e+02 1.306014370338642721e+02 1.258889263292495428e+02
1.271664088047190404e+02 1.306014370338642721e+02 1.258889263292495428e+02
1.271664088047190404e+02 1.306014370338642721e+02 1.258889263292495428e+02
1.271664088047190404e+02 1.306014370338642721e+02 1.258889263292495428e+02
1.271664088047190404e+02 1.306014370338642721e+02 1.258889263292495428e+02
1.271664088047190404e+02 1.306014370338642721e+02 1.258889263292495428e+02
1.271664088047190404e+02 1.306014370338642721e+02 1.258889263292495428e+02
1.271664088047190404e+02 1.306014370338642721e+02 1.258889263292495428e+02
1.271664088047190404e+02 1.306014370338642721e+02 1.258889263292495428e+02
1.271664088047190404e+02 1.306014370338642721e+02 1.258889263292495428e+02
1.271664088047190404e+02 1.306014370338642721e+02 1.258889263292495428e+02
1.271664088047190404e+02 1.306014370338642721e+02 1.258889263292495428e+02
1.271664088047190404e+02 1.306014370338642721e+02 1.258889263292495428e+02
1.271664088047190404e+02 1.306014370338642721e+02 1.258889263292495428e+02
1.271664088047190404e+02 1.306014370338642721e+02 1.258889263292495428e+02
1.271664088047190404e+02 1.306014370338642721e+02 1.258889263292495428e+02
1.271664088047190404e+02 1.306014370338642721e+02 1.258889263292495428e+02
1.271664088047190404e+02 1.306014370338642721e+02 1.258889263292495428e+02
1.271664088047190404e+02 1.306014370338642721e+02 1.258889263292495428e+02
1.271664088047190404e+02 1.306014370338642721e+02 1.258889263292495428e+02
1.271664088047190404e+02 1.306014370338642721e+02 1.258889263292495428e+02
1.271664088047190404e+02 1.306014370338642721e+02 1.258889263292495428e+02
1.271664088047190404e+02 1.306014370338642721e+02 1.258889263292495428e+02
1.271664088047190404e+02 1.306014370338642721e+02 1.258889263292495428e+02
1.271664088047190404e+02 1.306014370338642721e+02 1.258889263292495428e+02
1.271664088047190404e+02 1.306014370338642721e+02 1.258889263292495428e+02
1.271664088047190404e+02 1.306014370338642721e+02 1.258889263292495428e+02
1.271664088047190404e+02 1.306014370338642721e+02 1.258889263292495428e+02
1.271664088047190404e+02 1.306014370338642721e+02 1.258889263292495428e+02
1.271664088047190404e+02 1.306014370338642721e+02 1.258889263292495428e+02
1.271664088047190404e+02 1.306014370338642721e+02 1.258889263292495428e+02
1.271664088047190404e+02 1.306014370338642721e+02 1.258889263292495428e+02
1.271664088047190404e+02 1.306014370338642721e+02 1.258889263292495428e+02
1.271664088047190404e+02 1.306014370338642721e+02 1.258889263292495428e+02
1.271664088047190404e+02 1.306014370338642721e+02 1.258889263292495428e+02
1.271664088047190404e+02 1.306014370338642721e+02 1.258889263292495428e+02
1.271664088047190404e+02 1.306014370338642721e+02 1.258889263292495428e+02
1.271664088047190404e+02 1.306014370338642721e+02 1.258889263292495428e+02
1.271664088047190404e+02 1.306014370338642721e+02 1.258889263292495428e+02
1.271664088047190404e+02 1.306014370338642721e+02 1.258889263292495428e+02
1.271664088047190404e+02 1.306014370338642721e+02 1.258889263292495428e+02
1.271664088047190404e+02 1.306014370338642721e+02 1.258889263292495428e+02
1.271664088047190404e+02 1.306014370338642721e+02 1.258889263292495428e+02
1.271664088047190404e+02 1.306014370338642721e+02 1.258889263292495428e+02
1.271664088047190404e+02 1.306014370338642721e+02 1.258889263292495428e+02
1.271664088047190404e+02 1.306014370338642721e+02 1.258889263292495428e+02
1.271664088047190404e+02 1.306014370338642721e+02 1.258889263292495428e+02
1.271664088047190404e+02 1.306014370338642721e+02 1.258889263292495428e+02
1.271664088047190404e+02 1.306014370338642721e+02 1.258889263292495428e+02
1.271664088047190404e+02 1.306014370338642721e+02 1.258889263292495428e+02
1.271664088047190404e+02 1.306014370338642721e+02 1.258889263292495428e+02
1.271664088047190404e+02 1.306014370338642721e+02 1.258889263292495428e+02
1.271664088047190404e+02 1.306014370338642721e+02 1.258889263292495428e+02
1.271664088047190404e+02 1.306014370338642721e+02 1.258889263292495428e+02
1.271664088047190404e+02 1.306014370338642721e+02 1.258889263292495428e+02
1.271664088047190404e+02 1.306014370338642721e+02 1.258889263292495428e+02
1.271664088047190404e+02 1.306014370338642721e+02 1.258889263292495428e+02
1.271664088047190404e+02 1.306014370338642721e+02 1.258889263292495428e+02
1.271664088047190404e+02 1.306014370338642721e+02 1.258889263292495428e+02
1.271664088047190404e+02 1.306014370338642721e+02 1.258889263292495428e+02
1.271664088047190404e+02 1.306014370338642721e+02 1.258889263292495428e+02
1.271664088047190404e+02 1.306014370338642721e+02 1.258889263292495428e+02
1.271664088047190404e+02 1.306014370338642721e+02 1.258889263292495428e+02
1.271664088047190404e+02 1.306014370338642721e+02 1.258889263292495428e+02
1.271664088047190404e+02 1.306014370338642721e+02 1.258889263292495428e+02
1.271664088047190404e+02 1.306014370338642721e+02 1.258889263292495428e+02
1.271664088047190404e+02 1.306014370338642721e+02 1.258889263292495428e+02
1.271664088047190404e+02 1.306014370338642721e+02 1.258889263292495428e+02
1.271664088047190404e+02 1.306014370338642721e+02 1.258889263292495428e+02
1.271664088047190404e+02 1.306014370338642721e+02 1.258889263292495428e+02
1.271664088047190404e+02 1.306014370338642721e+02 1.258889263292495428e+02
1.271664088047190404e+02 1.306014370338642721e+02 1.258889263292495428e+02
1.271664088047190404e+02 1.306014370338642721e+02 1.258889263292495428e+02
1.271664088047190404e+02 1.306014370338642721e+02 1.258889263292495428e+02
1.271664088047190404e+02 1.306014370338642721e+02 1.258889263292495428e+02
1.271664088047190404e+02 1.306014370338642721e+02 1.258889263292495428e+02
1.271664088047190404e+02 1.306014370338642721e+02 1.258889263292495428e+02
1.271664088047190404e+02 1.306014370338642721e+02 1.258889263292495428e+02
1.271664088047190404e+02 1.306014370338642721e+02 1.258889263292495428e+02
1.271664088047190404e+02 1.306014370338642721e+02 1.258889263292495428e+02
1.271664088047190404e+02 1.306014370338642721e+02 1.258889263292495428e+02
1.271664088047190404e+02 1.306014370338642721e+02 1.258889263292495428e+02
1.271664088047190404e+02 1.306014370338642721e+02 1.258889263292495428e+02
1.271664088047190404e+02 1.306014370338642721e+02 1.258889263292495428e+02
1.271664088047190404e+02 1.306014370338642721e+02 1.258889263292495428e+02
1.271664088047190404e+02 1.306014370338642721e+02 1.258889263292495428e+02
1.271664088047190404e+02 1.306014370338642721e+02 1.258889263292495428e+02
1.271664088047190404e+02 1.306014370338642721e+02 1.258889263292495428e+02
1.271664088047190404e+02 1.306014370338642721e+02 1.258889263292495428e+02
1.271664088047190404e+02 1.306014370338642721e+02 1.258889263292495428e+02
1.271664088047190404e+02 1.306014370338642721e+02 1.258889263292495428e+02
1.271664088047190404e+02 1.306014370338642721e+02 1.258889263292495428e+02
1.271664088047190404e+02 1.306014370338642721e+02 1.258889263292495428e+02
1.271664088047190404e+02 1.306014370338642721e+02 1.258889263292495428e+02
1.271664088047190404e+02 1.306014370338642721e+02 1.258889263292495428e+02
1.271664088047190404e+02 1.306014370338642721e+02 1.258889263292495428e+02
1.271664088047190404e+02 1.306014370338642721e+02 1.258889263292495428e+02
1.271664088047190404e+02 1.306014370338642721e+02 1.258889263292495428e+02
1.271664088047190404e+02 1.306014370338642721e+02 1.258889263292495428e+02
1.271664088047190404e+02 1.306014370338642721e+02 1.258889263292495428e+02
1.271664088047190404e+02 1.306014370338642721e+02 1.258889263292495428e+02
1.271664088047190404e+02 1.306014370338642721e+02 1.258889263292495428e+02
1.271664088047190404e+02 1.306014370338642721e+02 1.258889263292495428e+02
1.271664088047190404e+02 1.306014370338642721e+02 1.258889263292495428e+02
1.271664088047190404e+02 1.306014370338642721e+02 1.258889263292495428e+02
1.271664088047190404e+02 1.306014370338642721e+02 1.258889263292495428e+02
1.271664088047190404e+02 1.306014370338642721e+02 1.258889263292495428e+02
1.271664088047190404e+02 1.306014370338642721e+02 1.258889263292495428e+02
1.271664088047190404e+02 1.306014370338642721e+02 1.258889263292495428e+02
1.271664088047190404e+02 1.306014370338642721e+02 1.258889263292495428e+02
1.271664088047190404e+02 1.306014370338642721e+02 1.258889263292495428e+02
1.271664088047190404e+02 1.306014370338642721e+02 1.258889263292495428e+02
1.271664088047190404e+02 1.306014370338642721e+02 1.258889263292495428e+02
1.271664088047190404e+02 1.306014370338642721e+02 1.258889263292495428e+02
1.271664088047190404e+02 1.306014370338642721e+02 1.258889263292495428e+02
1.271664088047190404e+02 1.306014370338642721e+02 1.258889263292495428e+02
1.271664088047190404e+02 1.306014370338642721e+02 1.258889263292495428e+02
1.271664088047190404e+02 1.306014370338642721e+02 1.258889263292495428e+02
1.271664088047190404e+02 1.306014370338642721e+02 1.258889263292495428e+02
1.271664088047190404e+02 1.306014370338642721e+02 1.258889263292495428e+02
1.271664088047190404e+02 1.306014370338642721e+02 1.258889263292495428e+02
1.271664088047190404e+02 1.306014370338642721e+02 1.258889263292495428e+02
1.271664088047190404e+02 1.306014370338642721e+02 1.258889263292495428e+02
1.271664088047190404e+02 1.306014370338642721e+02 1.258889263292495428e+02
1.271664088047190404e+02 1.306014370338642721e+02 1.258889263292495428e+02
1.271664088047190404e+02 1.306014370338642721e+02 1.258889263292495428e+02
1.271664088047190404e+02 1.306014370338642721e+02 1.258889263292495428e+02
1.271664088047190404e+02 1.306014370338642721e+02 1.258889263292495428e+02
1.271664088047190404e+02 1.306014370338642721e+02 1.258889263292495428e+02
1.271664088047190404e+02 1.306014370338642721e+02 1.258889263292495428e+02
1.271664088047190404e+02 1.306014370338642721e+02 1.258889263292495428e+02
1.271664088047190404e+02 1.306014370338642721e+02 1.258889263292495428e+02
1.271664088047190404e+02 1.306014370338642721e+02 1.258889263292495428e+02
1.271664088047190404e+02 1.306014370338642721e+02 1.258889263292495428e+02
1.271664088047190404e+02 1.306014370338642721e+02 1.258889263292495428e+02
1.271664088047190404e+02 1.306014370338642721e+02 1.258889263292495428e+02
1.271664088047190404e+02 1.306014370338642721e+02 1.258889263292495428e+02
1.271664088047190404e+02 1.306014370338642721e+02 1.258889263292495428e+02
1.271664088047190404e+02 1.306014370338642721e+02 1.258889263292495428e+02
1.271664088047190404e+02 1.306014370338642721e+02 1.258889263292495428e+02
1.271664088047190404e+02 1.306014370338642721e+02 1.258889263292495428e+02
1.271664088047190404e+02 1.306014370338642721e+02 1.258889263292495428e+02
1.271664088047190404e+02 1.306014370338642721e+02 1.258889263292495428e+02
1.271664088047190404e+02 1.306014370338642721e+02 1.258889263292495428e+02
1.271664088047190404e+02 1.306014370338642721e+02 1.258889263292495428e+02
1.271664088047190404e+02 1.306014370338642721e+02 1.258889263292495428e+02
1.271664088047190404e+02 1.306014370338642721e+02 1.258889263292495428e+02
1.271664088047190404e+02 1.306014370338642721e+02 1.258889263292495428e+02
1.271664088047190404e+02 1.306014370338642721e+02 1.258889263292495428e+02
1.271664088047190404e+02 1.306014370338642721e+02 1.258889263292495428e+02
1.271664088047190404e+02 1.306014370338642721e+02 1.258889263292495428e+02
1.271664088047190404e+02 1.306014370338642721e+02 1.258889263292495428e+02
1.271664088047190404e+02 1.306014370338642721e+02 1.258889263292495428e+02
1.271664088047190404e+02 1.306014370338642721e+02 1.258889263292495428e+02
1.271664088047190404e+02 1.306014370338642721e+02 1.258889263292495428e+02
1.271664088047190404e+02 1.306014370338642721e+02 1.258889263292495428e+02
1.271664088047190404e+02 1.306014370338642721e+02 1.258889263292495428e+02
1.271664088047190404e+02 1.306014370338642721e+02 1.258889263292495428e+02
1.271664088047190404e+02 1.306014370338642721e+02 1.258889263292495428e+02
1.271664088047190404e+02 1.306014370338642721e+02 1.258889263292495428e+02
1.271664088047190404e+02 1.306014370338642721e+02 1.258889263292495428e+02
1.271664088047190404e+02 1.306014370338642721e+02 1.258889263292495428e+02
1.271664088047190404e+02 1.306014370338642721e+02 1.258889263292495428e+02
1.271664088047190404e+02 1.306014370338642721e+02 1.258889263292495428e+02
1.271664088047190404e+02 1.306014370338642721e+02 1.258889263292495428e+02
1.271664088047190404e+02 1.306014370338642721e+02 1.258889263292495428e+02
1.271664088047190404e+02 1.306014370338642721e+02 1.258889263292495428e+02
1.271664088047190404e+02 1.306014370338642721e+02 1.258889263292495428e+02
1.271664088047190404e+02 1.306014370338642721e+02 1.258889263292495428e+02
1.271664088047190404e+02 1.306014370338642721e+02 1.258889263292495428e+02
1.271664088047190404e+02 1.306014370338642721e+02 1.258889263292495428e+02
1.271664088047190404e+02 1.306014370338642721e+02 1.258889263292495428e+02
1.271664088047190404e+02 1.306014370338642721e+02 1.258889263292495428e+02
1.271664088047190404e+02 1.306014370338642721e+02 1.258889263292495428e+02
1.271664088047190404e+02 1.306014370338642721e+02 1.258889263292495428e+02
1.271664088047190404e+02 1.306014370338642721e+02 1.258889263292495428e+02
1.271664088047190404e+02 1.306014370338642721e+02 1.258889263292495428e+02
1.271664088047190404e+02 1.306014370338642721e+02 1.258889263292495428e+02
1.271664088047190404e+02 1.306014370338642721e+02 1.258889263292495428e+02
1.271664088047190404e+02 1.306014370338642721e+02 1.258889263292495428e+02
1.271664088047190404e+02 1.306014370338642721e+02 1.258889263292495428e+02
1.271664088047190404e+02 1.306014370338642721e+02 1.258889263292495428e+02
1.271664088047190404e+02 1.306014370338642721e+02 1.258889263292495428e+02
1.271664088047190404e+02 1.306014370338642721e+02 1.258889263292495428e+02
1.271664088047190404e+02 1.306014370338642721e+02 1.258889263292495428e+02
1.271664088047190404e+02 1.306014370338642721e+02 1.258889263292495428e+02
1.271664088047190404e+02 1.306014370338642721e+02 1.258889263292495428e+02
1.271664088047190404e+02 1.306014370338642721e+02 1.258889263292495428e+02
1.271664088047190404e+02 1.306014370338642721e+02 1.258889263292495428e+02
1.271664088047190404e+02 1.306014370338642721e+02 1.258889263292495428e+02
1.271664088047190404e+02 1.306014370338642721e+02 1.258889263292495428e+02
1.271664088047190404e+02 1.306014370338642721e+02 1.258889263292495428e+02
1.271664088047190404e+02 1.306014370338642721e+02 1.258889263292495428e+02
1.271664088047190404e+02 1.306014370338642721e+02 1.258889263292495428e+02
1.271664088047190404e+02 1.306014370338642721e+02 1.258889263292495428e+02
1.271664088047190404e+02 1.306014370338642721e+02 1.258889263292495428e+02
1.271664088047190404e+02 1.306014370338642721e+02 1.258889263292495428e+02
1.271664088047190404e+02 1.306014370338642721e+02 1.258889263292495428e+02
1.271664088047190404e+02 1.306014370338642721e+02 1.258889263292495428e+02
1.271664088047190404e+02 1.306014370338642721e+02 1.258889263292495428e+02
1.271664088047190404e+02 1.306014370338642721e+02 1.258889263292495428e+02
