1.267908496732026151e+02 1.275359477124183059e+02 1.275555555555555571e+02
1.263026315789473699e+02 1.276710526315789451e+02 1.275328947368421098e+02
1.265424836601307135e+02 1.279215686274509807e+02 1.273071895424836555e+02
1.265333333333333314e+02 1.277399999999999949e+02 1.274466666666666725e+02
1.272649006622516623e+02 1.280728476821192032e+02 1.269801324503311264e+02
1.270666666666666629e+02 1.277266666666666737e+02 1.267466666666666697e+02
1.268333333333333286e+02 1.278666666666666600e+02 1.273133333333333326e+02
1.266513157894736850e+02 1.284473684210526301e+02 1.271250000000000000e+02
1.264900662251655632e+02 1.282781456953642305e+02 1.274039735099337776e+02
1.258766233766233711e+02 1.282467532467532578e+02 1.276688311688311757e+02
1.265733333333333377e+02 1.285533333333333417e+02 1.276533333333333360e+02
1.267610062893081704e+02 1.281698113207547181e+02 1.270251572327044016e+02
1.270608108108108070e+02 1.282297297297297405e+02 1.271216216216216282e+02
1.271045751633986924e+02 1.283006535947712337e+02 1.270457516339869244e+02
1.273178807947019919e+02 1.282582781456953569e+02 1.269072847682119232e+02
1.271045751633986924e+02 1.287516339869281126e+02 1.268758169934640563e+02
1.274671052631578902e+02 1.290394736842105203e+02 1.272039473684210549e+02
1.275490196078431353e+02 1.293137254901960773e+02 1.270588235294117680e+02
1.271842105263157947e+02 1.297302631578947398e+02 1.270000000000000000e+02
1.272066666666666634e+02 1.304799999999999898e+02 1.268066666666666720e+02
1.274733333333333292e+02 1.309733333333333292e+02 1.266466666666666612e+02
1.281062499999999886e+02 1.316250000000000000e+02 1.270750000000000028e+02
1.284740259740259773e+02 1.317597402597402549e+02 1.273246753246753258e+02
1.286776315789473699e+02 1.319276315789473699e+02 1.270855263157894797e+02
1.285620915032679648e+02 1.320718954248366117e+02 1.264705882352941160e+02
1.284533333333333474e+02 1.318799999999999955e+02 1.262800000000000011e+02
1.287450980392156907e+02 1.318366013071895395e+02 1.260065359477124218e+02
1.285328947368421098e+02 1.313815789473684106e+02 1.262763157894736850e+02
1.283881578947368496e+02 1.313421052631578902e+02 1.260263157894736850e+02
1.280264900662251648e+02 1.309735099337748352e+02 1.259933774834437088e+02
1.281346153846153868e+02 1.306282051282051384e+02 1.259871794871794890e+02
1.277500000000000000e+02 1.307828947368421098e+02 1.254473684210526301e+02
1.273733333333333348e+02 1.300200000000000102e+02 1.254800000000000040e+02
1.276753246753246742e+02 1.298441558441558357e+02 1.250064935064935128e+02
1.280196078431372655e+02 1.296143790849673110e+02 1.249411764705882320e+02
1.278523489932885866e+02 1.292147651006711442e+02 1.248791946308724903e+02
1.281655629139072801e+02 1.294569536423840930e+02 1.252317880794701921e+02
1.279276315789473699e+02 1.297434210526315894e+02 1.250986842105263150e+02
1.276100628930817606e+02 1.299056603773584868e+02 1.250880503144654057e+02
1.275921052631578902e+02 1.302039473684210407e+02 1.252368421052631646e+02
1.277483443708609201e+02 1.301854304635761537e+02 1.255562913907284752e+02
1.277066666666666634e+02 1.303266666666666538e+02 1.255266666666666708e+02
1.279133333333333269e+02 1.303400000000000034e+02 1.255999999999999943e+02
1.280718954248366117e+02 1.304575163398692723e+02 1.259150326797385588e+02
1.280397350993377472e+02 1.302516556291390657e+02 1.266158940397350960e+02
1.282119205298013185e+02 1.301456953642384065e+02 1.271324503311258241e+02
1.284407894736842195e+02 1.300263157894736707e+02 1.273815789473684248e+02
1.285695364238410718e+02 1.293907284768211809e+02 1.277019867549668817e+02
1.285133333333333212e+02 1.290999999999999943e+02 1.280266666666666708e+02
1.290263157894736707e+02 1.292894736842105203e+02 1.278552631578947398e+02
1.287027027027027088e+02 1.294324324324324209e+02 1.278040540540540491e+02
1.290000000000000000e+02 1.291923076923076792e+02 1.275833333333333286e+02
1.292352941176470722e+02 1.288954248366013076e+02 1.283333333333333428e+02
1.291854304635761537e+02 1.291589403973509889e+02 1.284701986754966754e+02
1.294966887417218402e+02 1.290860927152317856e+02 1.286158940397351103e+02
1.296928104575163445e+02 1.289019607843137294e+02 1.289934640522875782e+02
1.300805369127516826e+02 1.288993288590604038e+02 1.291140939597315480e+02
1.296026490066225278e+02 1.287350993377483519e+02 1.296754966887417311e+02
1.297697368421052602e+02 1.285855263157894797e+02 1.293881578947368496e+02
1.299072847682119232e+02 1.290463576158940384e+02 1.289536423841059616e+02
1.299803921568627345e+02 1.286928104575163445e+02 1.284901960784313815e+02
1.299865771812080482e+02 1.287718120805369040e+02 1.284966442953020191e+02
1.298108108108108070e+02 1.288310810810810949e+02 1.285000000000000000e+02
1.297417218543046431e+02 1.290264900662251648e+02 1.290860927152317856e+02
1.296143790849673110e+02 1.291176470588235361e+02 1.296601307189542354e+02
1.297516339869281126e+02 1.290000000000000000e+02 1.295882352941176521e+02
1.292364864864864842e+02 1.292635135135135158e+02 1.297500000000000000e+02
1.296242038216560388e+02 1.291974522292993584e+02 1.299936305732483959e+02
1.293907284768211809e+02 1.286423841059602751e+02 1.297152317880794783e+02
1.291351351351351298e+02 1.288108108108108070e+02 1.296756756756756772e+02
1.292450331125827745e+02 1.288278145695364287e+02 1.294238410596026370e+02
1.291633986928104605e+02 1.286928104575163445e+02 1.296339869281045765e+02
1.294466666666666583e+02 1.285266666666666708e+02 1.296466666666666754e+02
1.293288590604026922e+02 1.285503355704697981e+02 1.296912751677852214e+02
1.290132450331125824e+02 1.286556291390728575e+02 1.298145695364238463e+02
1.288389261744966348e+02 1.280000000000000000e+02 1.292885906040268367e+02
1.287581699346405344e+02 1.277843137254901933e+02 1.290849673202614269e+02
1.288843537414965965e+02 1.275918367346938709e+02 1.288299319727891259e+02
1.288807947019867584e+02 1.274569536423841072e+02 1.286953642384106047e+02
1.284172185430463458e+02 1.271324503311258241e+02 1.286754966887417311e+02
1.281699346405228823e+02 1.267712418300653638e+02 1.285359477124183059e+02
1.285800000000000125e+02 1.263599999999999994e+02 1.283266666666666538e+02
1.286800000000000068e+02 1.255133333333333354e+02 1.289533333333333474e+02
1.287972972972972912e+02 1.257567567567567579e+02 1.284189189189189051e+02
1.287947019867549727e+02 1.254503311258278160e+02 1.282781456953642305e+02
1.287315436241610769e+02 1.261275167785234856e+02 1.283892617449664328e+02
1.290135135135135158e+02 1.256824324324324351e+02 1.280337837837837753e+02
1.291298701298701417e+02 1.250194805194805241e+02 1.276038961038961048e+02
1.288344370860927199e+02 1.250860927152317856e+02 1.280000000000000000e+02
1.288482758620689594e+02 1.254896551724137908e+02 1.272896551724137879e+02
1.287105263157894797e+02 1.254934210526315752e+02 1.275657894736842053e+02
1.290794701986754944e+02 1.257880794701986815e+02 1.270264900662251648e+02
1.292810457516339966e+02 1.256078431372549034e+02 1.273594771241830017e+02
1.291920529801324449e+02 1.254635761589403984e+02 1.272450331125827745e+02
1.291125827814569504e+02 1.253973509933774864e+02 1.272980132450331183e+02
1.300266666666666708e+02 1.253400000000000034e+02 1.269066666666666663e+02
1.301192052980132416e+02 1.253245033112582831e+02 1.264503311258278160e+02
1.301466666666666754e+02 1.250400000000000063e+02 1.266800000000000068e+02
1.299602649006622528e+02 1.250066225165562912e+02 1.262384105960264833e+02
1.300849673202614269e+02 1.250849673202614412e+02 1.257581699346405202e+02
1.300784313725490335e+02 1.256209150326797328e+02 1.256405228758169983e+02
1.299407894736842195e+02 1.257368421052631646e+02 1.257500000000000000e+02
1.300259740259740227e+02 1.254285714285714306e+02 1.259415584415584419e+02
1.301493506493506516e+02 1.252857142857142918e+02 1.263376623376623371e+02
1.305779220779220680e+02 1.253441558441558499e+02 1.264220779220779178e+02
1.309350649350649292e+02 1.253246753246753258e+02 1.262792207792207790e+02
1.310384615384615472e+02 1.256153846153846132e+02 1.264743589743589780e+02
1.310890410958904226e+02 1.259657534246575352e+02 1.267602739726027465e+02
1.317142857142857224e+02 1.256883116883116855e+02 1.272662337662337677e+02
1.315454545454545325e+02 1.253896103896103966e+02 1.270844155844155807e+02
1.316423841059602751e+02 1.255761589403973488e+02 1.273973509933774864e+02
1.324066666666666663e+02 1.254733333333333292e+02 1.275466666666666669e+02
1.323725490196078454e+02 1.252483660130719016e+02 1.274444444444444429e+02
1.323377483443708513e+02 1.249139072847682144e+02 1.268543046357615935e+02
1.328000000000000114e+02 1.250933333333333337e+02 1.267600000000000051e+02
1.327666666666666799e+02 1.252333333333333343e+02 1.270999999999999943e+02
1.323708609271523073e+02 1.249735099337748352e+02 1.272119205298013185e+02
1.321948051948051841e+02 1.249285714285714306e+02 1.267272727272727337e+02
1.324133333333333269e+02 1.251800000000000068e+02 1.268533333333333388e+02
1.325612903225806463e+02 1.251612903225806406e+02 1.268258064516129053e+02
1.320872483221476443e+02 1.254496644295302019e+02 1.268859060402684520e+02
1.318692810457516202e+02 1.257124183006535958e+02 1.270653594771241899e+02
1.317483443708609343e+02 1.258013245033112639e+02 1.274370860927152336e+02
1.315973154362416153e+02 1.260671140939597308e+02 1.276778523489932837e+02
1.319220779220779320e+02 1.259935064935064872e+02 1.273246753246753258e+02
1.319869281045751563e+02 1.259607843137254832e+02 1.269215686274509807e+02
1.322322580645161167e+02 1.256967741935483929e+02 1.269806451612903260e+02
1.324740259740259773e+02 1.256363636363636402e+02 1.267922077922077904e+02
1.327086092715231871e+02 1.260662251655629120e+02 1.266622516556291345e+02
1.329602649006622528e+02 1.261523178807946977e+02 1.259602649006622528e+02
1.327142857142857224e+02 1.265129870129870113e+02 1.260324675324675354e+02
1.339161290322580555e+02 1.267225806451612868e+02 1.260000000000000000e+02
1.335751633986928084e+02 1.266732026143790790e+02 1.265228758169934622e+02
1.328903225806451474e+02 1.269870967741935459e+02 1.266903225806451587e+02
1.327581699346405344e+02 1.267450980392156907e+02 1.266535947712418277e+02
1.333831168831168839e+02 1.267077922077922096e+02 1.267597402597402549e+02
1.335909090909090935e+02 1.264350649350649292e+02 1.266623376623376629e+02
1.334625850340136139e+02 1.265782312925170032e+02 1.263809523809523796e+02
1.332302631578947398e+02 1.266118421052631646e+02 1.264210526315789451e+02
1.335960264900662366e+02 1.269867549668874176e+02 1.264768211920529808e+02
1.333571428571428612e+02 1.269285714285714306e+02 1.259935064935064872e+02
1.333422818791946440e+02 1.272550335570469855e+02 1.264899328859060432e+02
1.338333333333333428e+02 1.278133333333333326e+02 1.263733333333333348e+02
1.339806451612903118e+02 1.279806451612903260e+02 1.266258064516129025e+02
1.340596026490066208e+02 1.276887417218542993e+02 1.269801324503311264e+02
1.338933333333333451e+02 1.277133333333333383e+02 1.264866666666666646e+02
1.340600000000000023e+02 1.280466666666666526e+02 1.266733333333333320e+02
1.347530864197530889e+02 1.281666666666666572e+02 1.266358024691357969e+02
1.350666666666666629e+02 1.285933333333333337e+02 1.274200000000000017e+02
1.352781456953642305e+02 1.288476821192053023e+02 1.272384105960264833e+02
1.347124183006535816e+02 1.288300653594771177e+02 1.273660130718954235e+02
1.346174496644295289e+02 1.289463087248322211e+02 1.272483221476510096e+02
1.340397350993377472e+02 1.291258278145695328e+02 1.273311258278145743e+02
1.338506493506493484e+02 1.292662337662337677e+02 1.270324675324675354e+02
1.338410596026490111e+02 1.291589403973509889e+02 1.270397350993377472e+02
1.342847682119205217e+02 1.293774834437085985e+02 1.267615894039735167e+02
1.340399999999999920e+02 1.290999999999999943e+02 1.270733333333333377e+02
1.338750000000000000e+02 1.291381578947368496e+02 1.270723684210526301e+02
1.339466666666666583e+02 1.293266666666666538e+02 1.273733333333333348e+02
1.339671052631578902e+02 1.289605263157894797e+02 1.272236842105263150e+02
1.339463087248322211e+02 1.283154362416107404e+02 1.271812080536912788e+02
1.341999999999999886e+02 1.286709677419354705e+02 1.275806451612903203e+02
1.343741935483870975e+02 1.288709677419354875e+02 1.279612903225806519e+02
1.339480519480519547e+02 1.290324675324675354e+02 1.278831168831168839e+02
1.345822784810126507e+02 1.290253164556962133e+02 1.287721518987341653e+02
1.344671052631578902e+02 1.289144736842105203e+02 1.287368421052631504e+02
1.341744966442952887e+02 1.287651006711409423e+02 1.284765100671141056e+02
1.342416107382550194e+02 1.288724832214765001e+02 1.281677852348993270e+02
1.341920529801324449e+02 1.290132450331125824e+02 1.284768211920529666e+02
1.341721854304635713e+02 1.290132450331125824e+02 1.281258278145695328e+02
1.339000000000000057e+02 1.291666666666666572e+02 1.275600000000000023e+02
1.341409395973154233e+02 1.295302013422818845e+02 1.274093959731543606e+02
1.344797297297297405e+02 1.291891891891891930e+02 1.282162162162162247e+02
1.343333333333333428e+02 1.292745098039215748e+02 1.280588235294117680e+02
1.348476821192053023e+02 1.292516556291390657e+02 1.278874172185430496e+02
1.350320512820512704e+02 1.290897435897435912e+02 1.275833333333333286e+02
1.352721088435374099e+02 1.285646258503401498e+02 1.278095238095238102e+02
1.353973509933774722e+02 1.286622516556291487e+02 1.278211920529801375e+02
1.351891891891891930e+02 1.290608108108108070e+02 1.281689189189189335e+02
1.351960784313725412e+02 1.296143790849673394e+02 1.283071895424836555e+02
1.347947019867549727e+02 1.302052980132450273e+02 1.283046357615893953e+02
1.343199999999999932e+02 1.303400000000000034e+02 1.284933333333333394e+02
1.340200000000000102e+02 1.306266666666666652e+02 1.286933333333333280e+02
1.336821192052980223e+02 1.305165562913907422e+02 1.288609271523178847e+02
1.332987012987013031e+02 1.309285714285714164e+02 1.295714285714285836e+02
1.329600000000000080e+02 1.314666666666666686e+02 1.304066666666666663e+02
1.332185430463576097e+02 1.315629139072847806e+02 1.304701986754966754e+02
1.333758389261745094e+02 1.319463087248322211e+02 1.306510067114093943e+02
1.333421052631578902e+02 1.316052631578947398e+02 1.310328947368421098e+02
1.326599999999999966e+02 1.320066666666666606e+02 1.306333333333333258e+02
1.325031847133757879e+02 1.323566878980891772e+02 1.307961783439490375e+02
1.326993464052287663e+02 1.324052287581699261e+02 1.304379084967320352e+02
1.326733333333333462e+02 1.325066666666666606e+02 1.304733333333333292e+02
1.323600000000000136e+02 1.326266666666666652e+02 1.305933333333333337e+02
1.322091503267973849e+02 1.329673202614379193e+02 1.302222222222222285e+02
1.320723684210526301e+02 1.334210526315789593e+02 1.299539473684210407e+02
1.319867549668874176e+02 1.334304635761589282e+02 1.299470198675496704e+02
1.318716216216216139e+02 1.333378378378378386e+02 1.298108108108108070e+02
1.314729729729729684e+02 1.334121621621621614e+02 1.298648648648648702e+02
1.315165562913907422e+02 1.334701986754966754e+02 1.298145695364238463e+02
1.313733333333333348e+02 1.335866666666666731e+02 1.302466666666666697e+02
1.309799999999999898e+02 1.332266666666666595e+02 1.306399999999999864e+02
1.309806451612903118e+02 1.328000000000000114e+02 1.304774193548387018e+02
1.314868421052631504e+02 1.329013157894736707e+02 1.302171052631578902e+02
1.318571428571428612e+02 1.331038961038960906e+02 1.307272727272727195e+02
1.318289473684210407e+02 1.329473684210526301e+02 1.303157894736842195e+02
1.310451612903225680e+02 1.331225806451612925e+02 1.307741935483871032e+02
1.311088435374149697e+02 1.329387755102040956e+02 1.308843537414965965e+02
1.315033557046979809e+02 1.322483221476510096e+02 1.314228187919462982e+02
1.312533333333333303e+02 1.323866666666666561e+02 1.314133333333333269e+02
1.312715231788079393e+02 1.324966887417218402e+02 1.312913907284768129e+02
1.312913907284768129e+02 1.322847682119205217e+02 1.306357615894039839e+02
1.312565789473684106e+02 1.321578947368421098e+02 1.310921052631578902e+02
1.312450331125827745e+02 1.318543046357615935e+02 1.303774834437085985e+02
1.311266666666666652e+02 1.315800000000000125e+02 1.304466666666666583e+02
1.308367346938775597e+02 1.318027210884353622e+02 1.299863945578231323e+02
1.310067567567567437e+02 1.312567567567567437e+02 1.298783783783783861e+02
1.307115384615384528e+02 1.311025641025641164e+02 1.294102564102564088e+02
1.309271523178807968e+02 1.315364238410596158e+02 1.298344370860927199e+02
1.307019867549668959e+02 1.314503311258278018e+02 1.299602649006622528e+02
1.304039735099337634e+02 1.316754966887417311e+02 1.295960264900662366e+02
1.299934640522875782e+02 1.321503267973856168e+02 1.290326797385620807e+02
1.299493670886076018e+02 1.320632911392405049e+02 1.290759493670886116e+02
1.295430463576159070e+02 1.317152317880794783e+02 1.294370860927152194e+02
1.295000000000000000e+02 1.317302631578947398e+02 1.296973684210526301e+02
1.293799999999999955e+02 1.320266666666666708e+02 1.293799999999999955e+02
1.292251655629139009e+02 1.323509933774834337e+02 1.295894039735099454e+02
1.291986754966887361e+02 1.327350993377483519e+02 1.291192052980132416e+02
1.294193548387096655e+02 1.330258064516129082e+02 1.290967741935483843e+02
1.288278145695364287e+02 1.332384105960264833e+02 1.294569536423840930e+02
1.289139072847682144e+02 1.331788079470198625e+02 1.295894039735099454e+02
1.289675324675324646e+02 1.329610389610389518e+02 1.294675324675324646e+02
1.291073825503355579e+02 1.329530201342281828e+02 1.296174496644295289e+02
1.288552631578947398e+02 1.332500000000000000e+02 1.297368421052631504e+02
1.288410596026490111e+02 1.334238410596026370e+02 1.295231788079470334e+02
1.288799999999999955e+02 1.336066666666666549e+02 1.298466666666666640e+02
1.289407894736842195e+02 1.338026315789473699e+02 1.297039473684210407e+02
1.292229729729729684e+02 1.335067567567567437e+02 1.295608108108108070e+02
1.289666666666666686e+02 1.335266666666666708e+02 1.293333333333333428e+02
1.288400000000000034e+02 1.337533333333333303e+02 1.291466666666666754e+02
1.289480519480519547e+02 1.333961038961039094e+02 1.288116883116883002e+02
1.290129032258064399e+02 1.332516129032258050e+02 1.283290322580645295e+02
1.289342105263157805e+02 1.335328947368421098e+02 1.283157894736842195e+02
1.288066666666666720e+02 1.333333333333333428e+02 1.288533333333333246e+02
1.289868421052631504e+02 1.334934210526315894e+02 1.290197368421052602e+02
1.286688741721854399e+02 1.332384105960264833e+02 1.292251655629139009e+02
1.292434210526315894e+02 1.331973684210526301e+02 1.293881578947368496e+02
1.291610738255033652e+02 1.334832214765100673e+02 1.298993288590604038e+02
1.290197368421052602e+02 1.337434210526315894e+02 1.300328947368421098e+02
1.288533333333333246e+02 1.338600000000000136e+02 1.303733333333333348e+02
1.290604026845637691e+02 1.340536912751677789e+02 1.304765100671141056e+02
1.292272727272727195e+02 1.343766233766233711e+02 1.302402597402597451e+02
1.290261437908496873e+02 1.340065359477124218e+02 1.304052287581699261e+02
1.285098039215686185e+02 1.342483660130718874e+02 1.301699346405228823e+02
1.283377483443708513e+02 1.343774834437085985e+02 1.297748344370860991e+02
1.280596026490066208e+02 1.342052980132450273e+02 1.302119205298013185e+02
1.281548387096774206e+02 1.341419354838709808e+02 1.307419354838709751e+02
1.283000000000000114e+02 1.337800000000000011e+02 1.305333333333333314e+02
1.284487179487179560e+02 1.332500000000000000e+02 1.305320512820512704e+02
1.288851351351351298e+02 1.329932432432432563e+02 1.309864864864864842e+02
1.291456953642384065e+02 1.328211920529801375e+02 1.307549668874172255e+02
1.291946308724832306e+02 1.327651006711409423e+02 1.309664429530201346e+02
1.296866666666666674e+02 1.333133333333333326e+02 1.308866666666666561e+02
1.295933333333333337e+02 1.330866666666666731e+02 1.309399999999999977e+02
1.301315789473684106e+02 1.331381578947368496e+02 1.308223684210526301e+02
1.305337837837837753e+02 1.326351351351351298e+02 1.310202702702702595e+02
1.303892617449664328e+02 1.325838926174496635e+02 1.311812080536912788e+02
1.301208053691275097e+02 1.323221476510067021e+02 1.314496644295302019e+02
1.300596026490066208e+02 1.316821192052980223e+02 1.309337748344370880e+02
1.299602649006622528e+02 1.317284768211920607e+02 1.305695364238410718e+02
1.304379084967320352e+02 1.312549019607843093e+02 1.300196078431372655e+02
1.303815789473684106e+02 1.313947368421052602e+02 1.303552631578947398e+02
1.309391891891891930e+02 1.314527027027026804e+02 1.307364864864864842e+02
1.309932432432432563e+02 1.315337837837837753e+02 1.311621621621621614e+02
1.311933333333333280e+02 1.313733333333333348e+02 1.313666666666666742e+02
1.309664429530201346e+02 1.311275167785234999e+02 1.315033557046979809e+02
1.306315789473684106e+02 1.314802631578947398e+02 1.313355263157894797e+02
1.308000000000000114e+02 1.311266666666666652e+02 1.311266666666666652e+02
1.312980132450331041e+02 1.311324503311258241e+02 1.311192052980132416e+02
1.313529411764705799e+02 1.310588235294117680e+02 1.308692810457516202e+02
1.311437908496731950e+02 1.305555555555555429e+02 1.311241830065359579e+02
1.310604026845637691e+02 1.304832214765100673e+02 1.317449664429530287e+02
1.309127516778523557e+02 1.301879194630872405e+02 1.311006711409395962e+02
1.311776315789473699e+02 1.297894736842105203e+02 1.310065789473684106e+02
1.306578947368421098e+02 1.298355263157894797e+02 1.309934210526315894e+02
1.309346405228758101e+02 1.291503267973856168e+02 1.308300653594771177e+02
1.309605263157894797e+02 1.283815789473684106e+02 1.315065789473684106e+02
1.310604026845637691e+02 1.287919463087248459e+02 1.312953020134228268e+02
1.308310810810810949e+02 1.291148648648648702e+02 1.311283783783783861e+02
1.307432432432432563e+02 1.290000000000000000e+02 1.311013513513513544e+02
1.308079470198675551e+02 1.289072847682119232e+02 1.306887417218543135e+02
1.308866666666666561e+02 1.288733333333333348e+02 1.311666666666666572e+02
1.308766233766233711e+02 1.289025974025973937e+02 1.307402597402597451e+02
1.309805194805194901e+02 1.288766233766233711e+02 1.308831168831168839e+02
1.309210526315789593e+02 1.289736842105263293e+02 1.312894736842105203e+02
1.309738562091503127e+02 1.287320261437908471e+02 1.310130718954248437e+02
1.310526315789473699e+02 1.286776315789473699e+02 1.310855263157894797e+02
1.310872483221476443e+02 1.286442953020134325e+02 1.312885906040268367e+02
1.308355263157894797e+02 1.285460526315789593e+02 1.316513157894736707e+02
1.312941176470588118e+02 1.290980392156862706e+02 1.323333333333333428e+02
1.315562913907284894e+02 1.287152317880794783e+02 1.316953642384106047e+02
1.315637583892617499e+02 1.288791946308724903e+02 1.316644295302013461e+02
1.315548387096774263e+02 1.292903225806451530e+02 1.317225806451612868e+02
1.319285714285714164e+02 1.297987012987013031e+02 1.314155844155844193e+02
1.316732026143790790e+02 1.305098039215686185e+02 1.309411764705882320e+02
1.314429530201342402e+02 1.304966442953020191e+02 1.315503355704697981e+02
1.306578947368421098e+02 1.305065789473684106e+02 1.318092105263157805e+02
1.308255033557047113e+02 1.311409395973154233e+02 1.321208053691275097e+02
1.303973509933774722e+02 1.317549668874172255e+02 1.315960264900662366e+02
1.302500000000000000e+02 1.315328947368421098e+02 1.317763157894736707e+02
1.303157894736842195e+02 1.318289473684210407e+02 1.318026315789473699e+02
1.303921568627451109e+02 1.318431372549019613e+02 1.314640522875816941e+02
1.297549668874172255e+02 1.319271523178807968e+02 1.316225165562914015e+02
1.298000000000000114e+02 1.319806451612903118e+02 1.318193548387096712e+02
1.293933333333333451e+02 1.318799999999999955e+02 1.314799999999999898e+02
1.291999999999999886e+02 1.319266666666666765e+02 1.315733333333333235e+02
1.289215686274509665e+02 1.320065359477124218e+02 1.312875816993464184e+02
1.286818181818181870e+02 1.317402597402597451e+02 1.305519480519480453e+02
1.290728476821192032e+02 1.309602649006622528e+02 1.304701986754966754e+02
1.289867549668874176e+02 1.305099337748344510e+02 1.304768211920529666e+02
1.284768211920529666e+02 1.303841059602648897e+02 1.302251655629139009e+02
1.280065789473684106e+02 1.305460526315789593e+02 1.300526315789473699e+02
1.279006622516556320e+02 1.302119205298013185e+02 1.301986754966887361e+02
1.278223684210526301e+02 1.305657894736842195e+02 1.299539473684210407e+02
1.276973684210526301e+02 1.311447368421052602e+02 1.300855263157894797e+02
1.281533333333333360e+02 1.312400000000000091e+02 1.302933333333333223e+02
1.280463576158940384e+02 1.318145695364238463e+02 1.298211920529801375e+02
1.287467532467532578e+02 1.320714285714285836e+02 1.295129870129870255e+02
1.292875816993464184e+02 1.315686274509803866e+02 1.295882352941176521e+02
1.292052980132450273e+02 1.318278145695364287e+02 1.291523178807946977e+02
1.297866666666666617e+02 1.320666666666666629e+02 1.292133333333333383e+02
1.298053691275167694e+02 1.321543624161073751e+02 1.299127516778523557e+02
1.304569536423840930e+02 1.320993377483443680e+02 1.298278145695364287e+02
1.307763157894736707e+02 1.318355263157894797e+02 1.304605263157894797e+02
1.312599999999999909e+02 1.321533333333333360e+02 1.307400000000000091e+02
1.310066225165562912e+02 1.321324503311258241e+02 1.303841059602648897e+02
1.313161290322580612e+02 1.324000000000000057e+02 1.298645161290322676e+02
1.315231788079470334e+02 1.317947019867549727e+02 1.298940397350993408e+02
1.316776315789473699e+02 1.317105263157894797e+02 1.297697368421052602e+02
1.323525641025641164e+02 1.316858974358974308e+02 1.299679487179487296e+02
1.327402597402597451e+02 1.317727272727272805e+02 1.298831168831168839e+02
1.332933333333333223e+02 1.317733333333333405e+02 1.299000000000000057e+02
1.331854304635761537e+02 1.314569536423840930e+02 1.301456953642384065e+02
1.329666666666666686e+02 1.312333333333333201e+02 1.305666666666666629e+02
1.335490196078431495e+02 1.312091503267973849e+02 1.301633986928104605e+02
1.336387096774193424e+02 1.318903225806451474e+02 1.303290322580645295e+02
1.334407894736842195e+02 1.321578947368421098e+02 1.301250000000000000e+02
1.333489932885906057e+02 1.323624161073825576e+02 1.297919463087248459e+02
1.334701986754966754e+02 1.320860927152317856e+02 1.294834437086092578e+02
1.330201342281879135e+02 1.316510067114093943e+02 1.300536912751677789e+02
1.328079470198675551e+02 1.312913907284768129e+02 1.303642384105960161e+02
1.321883116883116998e+02 1.314285714285714164e+02 1.303571428571428612e+02
1.322091503267973849e+02 1.313267973856209210e+02 1.308692810457516202e+02
1.322533333333333303e+02 1.312733333333333405e+02 1.313466666666666640e+02
1.323181818181818130e+02 1.309610389610389518e+02 1.309935064935064872e+02
1.326490066225165663e+02 1.310463576158940384e+02 1.306423841059602751e+02
1.325503355704697981e+02 1.310939597315436345e+02 1.304228187919462982e+02
1.327516778523489904e+02 1.308590604026845767e+02 1.302550335570469713e+02
1.331125827814569504e+02 1.305165562913907422e+02 1.303178807947019777e+02
1.328344370860927199e+02 1.300331125827814560e+02 1.307218543046357695e+02
1.325751633986928084e+02 1.298562091503268050e+02 1.304379084967320352e+02
1.321250000000000000e+02 1.301052631578947398e+02 1.307302631578947398e+02
1.322697368421052602e+02 1.300526315789473699e+02 1.308421052631578902e+02
1.329866666666666788e+02 1.298466666666666640e+02 1.307400000000000091e+02
1.331854304635761537e+02 1.298807947019867584e+02 1.305894039735099454e+02
1.326732026143790790e+02 1.297385620915032689e+02 1.310261437908496873e+02
1.327114093959731633e+02 1.299463087248322211e+02 1.311073825503355579e+02
1.332266666666666595e+02 1.305666666666666629e+02 1.316066666666666549e+02
1.337919463087248459e+02 1.305167785234899327e+02 1.321409395973154233e+02
1.333841059602648897e+02 1.310331125827814560e+02 1.319205298013245056e+02
1.331721854304635713e+02 1.307086092715231871e+02 1.321192052980132416e+02
1.336315789473684106e+02 1.310394736842105203e+02 1.323223684210526301e+02
1.339477124183006538e+02 1.310980392156862706e+02 1.321895424836601194e+02
1.345999999999999943e+02 1.310999999999999943e+02 1.322733333333333405e+02
1.340915032679738488e+02 1.311830065359477260e+02 1.326405228758169983e+02
1.342333333333333201e+02 1.308933333333333451e+02 1.328933333333333451e+02
1.343799999999999955e+02 1.306133333333333439e+02 1.324533333333333474e+02
1.340743243243243228e+02 1.308310810810810949e+02 1.328445945945945823e+02
1.341986754966887361e+02 1.301390728476821153e+02 1.326158940397351103e+02
1.340860927152317856e+02 1.307086092715231871e+02 1.321523178807946977e+02
1.337189542483660034e+02 1.308366013071895395e+02 1.318104575163398806e+02
1.342397260273972677e+02 1.300410958904109577e+02 1.318493150684931550e+02
1.337207792207792068e+02 1.298896103896103966e+02 1.319870129870129745e+02
1.342960526315789593e+02 1.297763157894736707e+02 1.325723684210526301e+02
1.343533333333333246e+02 1.299733333333333292e+02 1.328866666666666561e+02
1.337260273972602818e+02 1.297739726027397182e+02 1.329383561643835492e+02
1.337218543046357695e+02 1.298675496688741759e+02 1.330331125827814560e+02
1.339869281045751563e+02 1.304901960784313815e+02 1.329019607843137294e+02
1.345033112582781598e+02 1.305960264900662366e+02 1.328609271523178847e+02
1.343866666666666561e+02 1.303600000000000136e+02 1.327066666666666777e+02
1.344630872483221538e+02 1.300201342281879135e+02 1.325369127516778462e+02
1.348750000000000000e+02 1.305657894736842195e+02 1.326907894736842195e+02
1.344575163398692723e+02 1.305294117647058840e+02 1.328431372549019613e+02
1.338079470198675551e+02 1.309470198675496704e+02 1.328609271523178847e+02
1.337763157894736707e+02 1.309934210526315894e+02 1.325394736842105203e+02
1.337947019867549727e+02 1.307814569536423903e+02 1.325364238410596158e+02
1.331621621621621614e+02 1.309324324324324209e+02 1.321756756756756772e+02
1.333466666666666640e+02 1.302933333333333223e+02 1.318933333333333451e+02
1.332384105960264833e+02 1.304900662251655490e+02 1.318874172185430496e+02
1.327615894039735167e+02 1.306953642384106047e+02 1.315960264900662366e+02
1.326200000000000045e+02 1.305933333333333337e+02 1.311800000000000068e+02
1.322229729729729684e+02 1.307837837837837753e+02 1.307972972972972912e+02
1.325163398692810404e+02 1.309803921568627345e+02 1.310326797385620807e+02
1.330743243243243228e+02 1.312432432432432279e+02 1.312364864864864842e+02
1.332781456953642305e+02 1.311390728476821153e+02 1.315562913907284894e+02
1.328600000000000136e+02 1.314533333333333474e+02 1.306800000000000068e+02
1.325333333333333314e+02 1.307266666666666595e+02 1.310066666666666606e+02
1.323666666666666742e+02 1.305800000000000125e+02 1.306800000000000068e+02
1.330533333333333417e+02 1.300733333333333235e+02 1.310666666666666629e+02
1.330065789473684106e+02 1.306315789473684106e+02 1.310526315789473699e+02
1.330463576158940384e+02 1.307748344370860991e+02 1.308543046357615935e+02
1.333424657534246478e+02 1.305616438356164508e+02 1.306780821917808169e+02
1.334429530201342402e+02 1.307181208053691250e+02 1.303087248322147786e+02
1.338543046357615935e+02 1.308476821192053023e+02 1.303245033112582689e+02
1.333288590604026922e+02 1.304899328859060290e+02 1.303154362416107404e+02
1.331168831168831161e+02 1.298181818181818130e+02 1.299870129870129745e+02
1.331776315789473699e+02 1.295592105263157805e+02 1.295723684210526301e+02
1.331066666666666549e+02 1.293066666666666720e+02 1.297133333333333383e+02
1.330064935064935128e+02 1.294415584415584419e+02 1.298116883116883002e+02
1.327792207792207932e+02 1.300844155844155807e+02 1.302922077922077904e+02
1.331578947368421098e+02 1.298947368421052602e+02 1.301710526315789593e+02
1.338562091503268050e+02 1.301372549019607732e+02 1.303856209150326890e+02
1.337266666666666595e+02 1.297333333333333201e+02 1.302133333333333383e+02
1.333133333333333326e+02 1.299799999999999898e+02 1.302333333333333201e+02
1.332565789473684106e+02 1.293157894736842195e+02 1.302171052631578902e+02
1.339205298013245056e+02 1.300132450331125824e+02 1.303046357615893953e+02
1.339865771812080482e+02 1.301140939597315480e+02 1.297516778523489904e+02
1.347385620915032689e+02 1.300065359477124218e+02 1.296535947712418420e+02
1.349096774193548356e+02 1.301161290322580726e+02 1.298580645161290192e+02
1.346333333333333258e+02 1.298799999999999955e+02 1.302266666666666595e+02
1.351768707482993079e+02 1.296326530612244881e+02 1.305782312925170174e+02
1.351363636363636260e+02 1.298831168831168839e+02 1.305129870129870255e+02
1.351973684210526301e+02 1.300065789473684106e+02 1.299539473684210407e+02
1.353289473684210407e+02 1.299144736842105203e+02 1.295657894736842195e+02
1.354870129870129745e+02 1.296168831168831161e+02 1.288766233766233711e+02
1.358758169934640421e+02 1.297450980392156907e+02 1.290130718954248437e+02
1.358910256410256352e+02 1.294871794871794748e+02 1.289038461538461604e+02
1.357583892617449521e+02 1.299328859060402692e+02 1.289060402684563655e+02
1.360202702702702595e+02 1.296418918918919019e+02 1.289797297297297405e+02
1.358333333333333428e+02 1.297466666666666697e+02 1.290266666666666708e+02
1.361933333333333280e+02 1.299933333333333394e+02 1.289866666666666788e+02
1.363581081081080981e+02 1.301216216216216139e+02 1.287770270270270316e+02
1.364266666666666765e+02 1.307599999999999909e+02 1.283333333333333428e+02
1.365608108108108070e+02 1.302297297297297405e+02 1.283310810810810949e+02
1.369594594594594525e+02 1.306216216216216139e+02 1.289054054054054177e+02
1.368918918918919019e+02 1.305202702702702595e+02 1.289662162162162247e+02
1.370671140939597308e+02 1.304228187919462982e+02 1.289395973154362309e+02
1.371788079470198625e+02 1.306622516556291487e+02 1.293576158940397249e+02
1.371883116883116998e+02 1.306038961038960906e+02 1.291428571428571388e+02
1.368066666666666720e+02 1.300533333333333417e+02 1.298799999999999955e+02
1.373841059602648897e+02 1.303046357615893953e+02 1.298079470198675551e+02
1.372649006622516481e+02 1.302052980132450273e+02 1.301258278145695328e+02
1.372466666666666697e+02 1.299466666666666583e+02 1.299466666666666583e+02
1.376533333333333360e+02 1.296800000000000068e+02 1.303266666666666538e+02
1.373841059602648897e+02 1.294370860927152194e+02 1.306622516556291487e+02
1.370131578947368496e+02 1.300197368421052602e+02 1.305855263157894797e+02
1.374625850340136139e+02 1.301292517006802711e+02 1.304829931972789154e+02
1.377549668874172255e+02 1.297218543046357695e+02 1.302185430463576097e+02
1.381447368421052602e+02 1.296578947368421098e+02 1.307565789473684106e+02
1.389210526315789593e+02 1.299210526315789593e+02 1.310789473684210407e+02
1.391184210526315894e+02 1.299144736842105203e+02 1.311644736842105203e+02
1.392450331125827745e+02 1.296754966887417311e+02 1.310860927152317856e+02
1.391066666666666549e+02 1.299866666666666788e+02 1.309066666666666663e+02
1.389530201342281828e+02 1.296711409395973078e+02 1.303691275167785193e+02
1.388445945945945823e+02 1.296824324324324209e+02 1.307027027027027088e+02
1.388116883116883002e+02 1.299805194805194901e+02 1.306493506493506516e+02
1.387549668874172255e+02 1.302582781456953569e+02 1.306622516556291487e+02
1.385761589403973630e+02 1.303907284768211809e+02 1.303046357615893953e+02
1.384266666666666765e+02 1.307800000000000011e+02 1.299733333333333292e+02
1.383333333333333428e+02 1.304200000000000159e+02 1.297666666666666515e+02
1.386535947712418420e+02 1.307843137254901933e+02 1.298169934640522740e+02
1.389027777777777715e+02 1.305486111111111143e+02 1.295625000000000000e+02
1.386993464052287663e+02 1.300392156862745026e+02 1.298235294117646959e+02
1.383725490196078454e+02 1.297385620915032689e+02 1.299019607843137294e+02
1.382333333333333201e+02 1.296066666666666549e+02 1.296733333333333462e+02
1.377467532467532578e+02 1.300454545454545325e+02 1.301363636363636260e+02
1.378903225806451474e+02 1.299096774193548356e+02 1.298193548387096712e+02
1.380872483221476443e+02 1.302885906040268367e+02 1.300201342281879135e+02
1.376797385620915009e+02 1.305294117647058840e+02 1.299869281045751563e+02
1.378169934640522740e+02 1.307581699346405344e+02 1.300130718954248437e+02
1.383684210526315610e+02 1.303355263157894797e+02 1.303026315789473699e+02
1.385827814569536542e+02 1.303708609271523073e+02 1.299735099337748352e+02
1.386754966887417311e+02 1.300728476821192032e+02 1.302913907284768129e+02
1.391800000000000068e+02 1.298400000000000034e+02 1.305800000000000125e+02
1.389493670886076018e+02 1.301329113924050773e+02 1.305949367088607573e+02
1.389740259740259773e+02 1.309350649350649292e+02 1.305779220779220680e+02
1.384605263157894797e+02 1.308750000000000000e+02 1.309144736842105203e+02
1.384129032258064456e+02 1.308129032258064512e+02 1.311999999999999886e+02
1.381381578947368496e+02 1.307500000000000000e+02 1.314671052631578902e+02
1.373974358974358836e+02 1.308653846153846132e+02 1.319679487179487296e+02
1.373809523809523796e+02 1.316326530612244881e+02 1.317278911564625901e+02
1.375466666666666526e+02 1.317666666666666799e+02 1.321066666666666549e+02
1.379127516778523557e+02 1.320402684563758271e+02 1.319597315436241729e+02
1.379000000000000057e+02 1.317933333333333223e+02 1.318933333333333451e+02
1.381907894736842195e+02 1.319078947368421098e+02 1.320921052631578902e+02
1.381354838709677324e+02 1.316451612903225907e+02 1.325096774193548299e+02
1.384379084967320352e+02 1.319607843137254974e+02 1.328300653594771177e+02
1.385133333333333212e+02 1.319733333333333292e+02 1.331533333333333360e+02
1.385424836601307277e+02 1.317058823529411882e+02 1.330522875816993462e+02
1.385947712418300739e+02 1.320326797385620807e+02 1.328104575163398806e+02
