1.294533333333333474e+02 1.264466666666666725e+02 1.273400000000000034e+02
1.294733333333333292e+02 1.262666666666666657e+02 1.272999999999999972e+02
1.294533333333333474e+02 1.263733333333333348e+02 1.271266666666666652e+02
1.293866666666666561e+02 1.263066666666666720e+02 1.271599999999999966e+02
1.294199999999999875e+02 1.262266666666666737e+02 1.272800000000000011e+02
1.292800000000000011e+02 1.264466666666666725e+02 1.272000000000000028e+02
1.294105960264900546e+02 1.263046357615894095e+02 1.271059602649006592e+02
1.293333333333333428e+02 1.264466666666666725e+02 1.272733333333333263e+02
1.292800000000000011e+02 1.263533333333333388e+02 1.272000000000000028e+02
1.292333333333333201e+02 1.263466666666666640e+02 1.271200000000000045e+02
1.292800000000000011e+02 1.263933333333333309e+02 1.271333333333333400e+02
1.293245033112582689e+02 1.264172185430463600e+02 1.270529801324503296e+02
1.293199999999999932e+02 1.263599999999999994e+02 1.270999999999999943e+02
1.293199999999999932e+02 1.263599999999999994e+02 1.270999999999999943e+02
1.293199999999999932e+02 1.263599999999999994e+02 1.270999999999999943e+02
1.293199999999999932e+02 1.263599999999999994e+02 1.270999999999999943e+02
1.293199999999999932e+02 1.263599999999999994e+02 1.270999999999999943e+02
1.293199999999999932e+02 1.263599999999999994e+02 1.270999999999999943e+02
1.293199999999999932e+02 1.263599999999999994e+02 1.270999999999999943e+02
1.293199999999999932e+02 1.263599999999999994e+02 1.270999999999999943e+02
1.293199999999999932e+02 1.263599999999999994e+02 1.270999999999999943e+02
1.293199999999999932e+02 1.263599999999999994e+02 1.270999999999999943e+02
1.293199999999999932e+02 1.263599999999999994e+02 1.270999999999999943e+02
1.293199999999999932e+02 1.263599999999999994e+02 1.270999999999999943e+02
1.293199999999999932e+02 1.263599999999999994e+02 1.270999999999999943e+02
1.293199999999999932e+02 1.263599999999999994e+02 1.270999999999999943e+02
1.293199999999999932e+02 1.263599999999999994e+02 1.270999999999999943e+02
1.293199999999999932e+02 1.263599999999999994e+02 1.270999999999999943e+02
1.293199999999999932e+02 1.263599999999999994e+02 1.270999999999999943e+02
1.293199999999999932e+02 1.263599999999999994e+02 1.270999999999999943e+02
1.293199999999999932e+02 1.263599999999999994e+02 1.270999999999999943e+02
1.293199999999999932e+02 1.263599999999999994e+02 1.270999999999999943e+02
1.293199999999999932e+02 1.263599999999999994e+02 1.270999999999999943e+02
1.293199999999999932e+02 1.263599999999999994e+02 1.270999999999999943e+02
1.293199999999999932e+02 1.263599999999999994e+02 1.270999999999999943e+02
1.293199999999999932e+02 1.263599999999999994e+02 1.270999999999999943e+02
1.293199999999999932e+02 1.263599999999999994e+02 1.270999999999999943e+02
1.293199999999999932e+02 1.263599999999999994e+02 1.270999999999999943e+02
1.293199999999999932e+02 1.263599999999999994e+02 1.270999999999999943e+02
1.293199999999999932e+02 1.263599999999999994e+02 1.270999999999999943e+02
1.293199999999999932e+02 1.263599999999999994e+02 1.270999999999999943e+02
1.293199999999999932e+02 1.263599999999999994e+02 1.270999999999999943e+02
1.293199999999999932e+02 1.263599999999999994e+02 1.270999999999999943e+02
1.293199999999999932e+02 1.263599999999999994e+02 1.270999999999999943e+02
1.293199999999999932e+02 1.263599999999999994e+02 1.270999999999999943e+02
1.293199999999999932e+02 1.263599999999999994e+02 1.270999999999999943e+02
1.293199999999999932e+02 1.263599999999999994e+02 1.270999999999999943e+02
1.293199999999999932e+02 1.263599999999999994e+02 1.270999999999999943e+02
1.293199999999999932e+02 1.263599999999999994e+02 1.270999999999999943e+02
1.293199999999999932e+02 1.263599999999999994e+02 1.270999999999999943e+02
1.293199999999999932e+02 1.263599999999999994e+02 1.270999999999999943e+02
1.293199999999999932e+02 1.263599999999999994e+02 1.270999999999999943e+02
1.293199999999999932e+02 1.263599999999999994e+02 1.270999999999999943e+02
1.293199999999999932e+02 1.263599999999999994e+02 1.270999999999999943e+02
1.293199999999999932e+02 1.263599999999999994e+02 1.270999999999999943e+02
1.293199999999999932e+02 1.263599999999999994e+02 1.270999999999999943e+02
1.293199999999999932e+02 1.263599999999999994e+02 1.270999999999999943e+02
1.293199999999999932e+02 1.263599999999999994e+02 1.270999999999999943e+02
1.293199999999999932e+02 1.263599999999999994e+02 1.270999999999999943e+02
1.293199999999999932e+02 1.263599999999999994e+02 1.270999999999999943e+02
1.293199999999999932e+02 1.263599999999999994e+02 1.270999999999999943e+02
1.293199999999999932e+02 1.263599999999999994e+02 1.270999999999999943e+02
1.293199999999999932e+02 1.263599999999999994e+02 1.270999999999999943e+02
1.293199999999999932e+02 1.263599999999999994e+02 1.270999999999999943e+02
1.293199999999999932e+02 1.263599999999999994e+02 1.270999999999999943e+02
1.293199999999999932e+02 1.263599999999999994e+02 1.270999999999999943e+02
1.293199999999999932e+02 1.263599999999999994e+02 1.270999999999999943e+02
1.293199999999999932e+02 1.263599999999999994e+02 1.270999999999999943e+02
1.293199999999999932e+02 1.263599999999999994e+02 1.270999999999999943e+02
1.293199999999999932e+02 1.263599999999999994e+02 1.270999999999999943e+02
1.293199999999999932e+02 1.263599999999999994e+02 1.270999999999999943e+02
1.293199999999999932e+02 1.263599999999999994e+02 1.270999999999999943e+02
1.293199999999999932e+02 1.263599999999999994e+02 1.270999999999999943e+02
1.293199999999999932e+02 1.263599999999999994e+02 1.270999999999999943e+02
1.293199999999999932e+02 1.263599999999999994e+02 1.270999999999999943e+02
1.293199999999999932e+02 1.263599999999999994e+02 1.270999999999999943e+02
1.293199999999999932e+02 1.263599999999999994e+02 1.270999999999999943e+02
1.293199999999999932e+02 1.263599999999999994e+02 1.270999999999999943e+02
1.293199999999999932e+02 1.263599999999999994e+02 1.270999999999999943e+02
1.293199999999999932e+02 1.263599999999999994e+02 1.270999999999999943e+02
1.293199999999999932e+02 1.263599999999999994e+02 1.270999999999999943e+02
1.293199999999999932e+02 1.263599999999999994e+02 1.270999999999999943e+02
1.293199999999999932e+02 1.263599999999999994e+02 1.270999999999999943e+02
1.293199999999999932e+02 1.263599999999999994e+02 1.270999999999999943e+02
1.293199999999999932e+02 1.263599999999999994e+02 1.270999999999999943e+02
1.293199999999999932e+02 1.263599999999999994e+02 1.270999999999999943e+02
1.293199999999999932e+02 1.263599999999999994e+02 1.270999999999999943e+02
1.293199999999999932e+02 1.263599999999999994e+02 1.270999999999999943e+02
1.293199999999999932e+02 1.263599999999999994e+02 1.270999999999999943e+02
1.293199999999999932e+02 1.263599999999999994e+02 1.270999999999999943e+02
1.293199999999999932e+02 1.263599999999999994e+02 1.270999999999999943e+02
1.293199999999999932e+02 1.263599999999999994e+02 1.270999999999999943e+02
1.293199999999999932e+02 1.263599999999999994e+02 1.270999999999999943e+02
1.293199999999999932e+02 1.263599999999999994e+02 1.270999999999999943e+02
1.293199999999999932e+02 1.263599999999999994e+02 1.270999999999999943e+02
1.293199999999999932e+02 1.263599999999999994e+02 1.270999999999999943e+02
1.293199999999999932e+02 1.263599999999999994e+02 1.270999999999999943e+02
1.293199999999999932e+02 1.263599999999999994e+02 1.270999999999999943e+02
1.293199999999999932e+02 1.263599999999999994e+02 1.270999999999999943e+02
1.293199999999999932e+02 1.263599999999999994e+02 1.270999999999999943e+02
1.293199999999999932e+02 1.263599999999999994e+02 1.270999999999999943e+02
1.293199999999999932e+02 1.263599999999999994e+02 1.270999999999999943e+02
1.293199999999999932e+02 1.263599999999999994e+02 1.270999999999999943e+02
1.293199999999999932e+02 1.263599999999999994e+02 1.270999999999999943e+02
1.293199999999999932e+02 1.263599999999999994e+02 1.270999999999999943e+02
1.293199999999999932e+02 1.263599999999999994e+02 1.270999999999999943e+02
1.293199999999999932e+02 1.263599999999999994e+02 1.270999999999999943e+02
1.293199999999999932e+02 1.263599999999999994e+02 1.270999999999999943e+02
1.293199999999999932e+02 1.263599999999999994e+02 1.270999999999999943e+02
1.293199999999999932e+02 1.263599999999999994e+02 1.270999999999999943e+02
1.293199999999999932e+02 1.263599999999999994e+02 1.270999999999999943e+02
1.293199999999999932e+02 1.263599999999999994e+02 1.270999999999999943e+02
1.293199999999999932e+02 1.263599999999999994e+02 1.270999999999999943e+02
1.293199999999999932e+02 1.263599999999999994e+02 1.270999999999999943e+02
1.293199999999999932e+02 1.263599999999999994e+02 1.270999999999999943e+02
1.293199999999999932e+02 1.263599999999999994e+02 1.270999999999999943e+02
1.293199999999999932e+02 1.263599999999999994e+02 1.270999999999999943e+02
1.293199999999999932e+02 1.263599999999999994e+02 1.270999999999999943e+02
1.293199999999999932e+02 1.263599999999999994e+02 1.270999999999999943e+02
1.293199999999999932e+02 1.263599999999999994e+02 1.270999999999999943e+02
1.293199999999999932e+02 1.263599999999999994e+02 1.270999999999999943e+02
1.293199999999999932e+02 1.263599999999999994e+02 1.270999999999999943e+02
1.293199999999999932e+02 1.263599999999999994e+02 1.270999999999999943e+02
1.293199999999999932e+02 1.263599999999999994e+02 1.270999999999999943e+02
1.293199999999999932e+02 1.263599999999999994e+02 1.270999999999999943e+02
1.293199999999999932e+02 1.263599999999999994e+02 1.270999999999999943e+02
1.293199999999999932e+02 1.263599999999999994e+02 1.270999999999999943e+02
1.293199999999999932e+02 1.263599999999999994e+02 1.270999999999999943e+02
1.293199999999999932e+02 1.263599999999999994e+02 1.270999999999999943e+02
1.293199999999999932e+02 1.263599999999999994e+02 1.270999999999999943e+02
1.293199999999999932e+02 1.263599999999999994e+02 1.270999999999999943e+02
1.293199999999999932e+02 1.263599999999999994e+02 1.270999999999999943e+02
1.293199999999999932e+02 1.263599999999999994e+02 1.270999999999999943e+02
1.293199999999999932e+02 1.263599999999999994e+02 1.270999999999999943e+02
1.293199999999999932e+02 1.263599999999999994e+02 1.270999999999999943e+02
1.293199999999999932e+02 1.263599999999999994e+02 1.270999999999999943e+02
1.293199999999999932e+02 1.263599999999999994e+02 1.270999999999999943e+02
1.293199999999999932e+02 1.263599999999999994e+02 1.270999999999999943e+02
1.293199999999999932e+02 1.263599999999999994e+02 1.270999999999999943e+02
1.293199999999999932e+02 1.263599999999999994e+02 1.270999999999999943e+02
1.293199999999999932e+02 1.263599999999999994e+02 1.270999999999999943e+02
1.293199999999999932e+02 1.263599999999999994e+02 1.270999999999999943e+02
1.293199999999999932e+02 1.263599999999999994e+02 1.270999999999999943e+02
1.293199999999999932e+02 1.263599999999999994e+02 1.270999999999999943e+02
1.293199999999999932e+02 1.263599999999999994e+02 1.270999999999999943e+02
1.293199999999999932e+02 1.263599999999999994e+02 1.270999999999999943e+02
1.293199999999999932e+02 1.263599999999999994e+02 1.270999999999999943e+02
1.293199999999999932e+02 1.263599999999999994e+02 1.270999999999999943e+02
1.293199999999999932e+02 1.263599999999999994e+02 1.270999999999999943e+02
1.293199999999999932e+02 1.263599999999999994e+02 1.270999999999999943e+02
1.293199999999999932e+02 1.263599999999999994e+02 1.270999999999999943e+02
1.293199999999999932e+02 1.263599999999999994e+02 1.270999999999999943e+02
1.293199999999999932e+02 1.263599999999999994e+02 1.270999999999999943e+02
1.293199999999999932e+02 1.263599999999999994e+02 1.270999999999999943e+02
1.293199999999999932e+02 1.263599999999999994e+02 1.270999999999999943e+02
1.293199999999999932e+02 1.263599999999999994e+02 1.270999999999999943e+02
1.293199999999999932e+02 1.263599999999999994e+02 1.270999999999999943e+02
1.293199999999999932e+02 1.263599999999999994e+02 1.270999999999999943e+02
1.293199999999999932e+02 1.263599999999999994e+02 1.270999999999999943e+02
1.293199999999999932e+02 1.263599999999999994e+02 1.270999999999999943e+02
1.293199999999999932e+02 1.263599999999999994e+02 1.270999999999999943e+02
1.293199999999999932e+02 1.263599999999999994e+02 1.270999999999999943e+02
1.293199999999999932e+02 1.263599999999999994e+02 1.270999999999999943e+02
1.293199999999999932e+02 1.263599999999999994e+02 1.270999999999999943e+02
1.293199999999999932e+02 1.263599999999999994e+02 1.270999999999999943e+02
1.293199999999999932e+02 1.263599999999999994e+02 1.270999999999999943e+02
1.293199999999999932e+02 1.263599999999999994e+02 1.270999999999999943e+02
1.293199999999999932e+02 1.263599999999999994e+02 1.270999999999999943e+02
1.293199999999999932e+02 1.263599999999999994e+02 1.270999999999999943e+02
1.293199999999999932e+02 1.263599999999999994e+02 1.270999999999999943e+02
1.293199999999999932e+02 1.263599999999999994e+02 1.270999999999999943e+02
1.293199999999999932e+02 1.263599999999999994e+02 1.270999999999999943e+02
1.293199999999999932e+02 1.263599999999999994e+02 1.270999999999999943e+02
1.293199999999999932e+02 1.263599999999999994e+02 1.270999999999999943e+02
1.293199999999999932e+02 1.263599999999999994e+02 1.270999999999999943e+02
1.293199999999999932e+02 1.263599999999999994e+02 1.270999999999999943e+02
1.293199999999999932e+02 1.263599999999999994e+02 1.270999999999999943e+02
1.293199999999999932e+02 1.263599999999999994e+02 1.270999999999999943e+02
1.293199999999999932e+02 1.263599999999999994e+02 1.270999999999999943e+02
1.293199999999999932e+02 1.263599999999999994e+02 1.270999999999999943e+02
1.293199999999999932e+02 1.263599999999999994e+02 1.270999999999999943e+02
1.293199999999999932e+02 1.263599999999999994e+02 1.270999999999999943e+02
1.293199999999999932e+02 1.263599999999999994e+02 1.270999999999999943e+02
1.293199999999999932e+02 1.263599999999999994e+02 1.270999999999999943e+02
1.293199999999999932e+02 1.263599999999999994e+02 1.270999999999999943e+02
1.293199999999999932e+02 1.263599999999999994e+02 1.270999999999999943e+02
1.293199999999999932e+02 1.263599999999999994e+02 1.270999999999999943e+02
1.293199999999999932e+02 1.263599999999999994e+02 1.270999999999999943e+02
1.293199999999999932e+02 1.263599999999999994e+02 1.270999999999999943e+02
1.293199999999999932e+02 1.263599999999999994e+02 1.270999999999999943e+02
1.293199999999999932e+02 1.263599999999999994e+02 1.270999999999999943e+02
1.293199999999999932e+02 1.263599999999999994e+02 1.270999999999999943e+02
1.293199999999999932e+02 1.263599999999999994e+02 1.270999999999999943e+02
1.293199999999999932e+02 1.263599999999999994e+02 1.270999999999999943e+02
1.293199999999999932e+02 1.263599999999999994e+02 1.270999999999999943e+02
1.293199999999999932e+02 1.263599999999999994e+02 1.270999999999999943e+02
1.293199999999999932e+02 1.263599999999999994e+02 1.270999999999999943e+02
1.293199999999999932e+02 1.263599999999999994e+02 1.270999999999999943e+02
1.293199999999999932e+02 1.263599999999999994e+02 1.270999999999999943e+02
1.293199999999999932e+02 1.263599999999999994e+02 1.270999999999999943e+02
1.293199999999999932e+02 1.263599999999999994e+02 1.270999999999999943e+02
1.293199999999999932e+02 1.263599999999999994e+02 1.270999999999999943e+02
1.293199999999999932e+02 1.263599999999999994e+02 1.270999999999999943e+02
1.293199999999999932e+02 1.263599999999999994e+02 1.270999999999999943e+02
1.293199999999999932e+02 1.263599999999999994e+02 1.270999999999999943e+02
1.293199999999999932e+02 1.263599999999999994e+02 1.270999999999999943e+02
1.293199999999999932e+02 1.263599999999999994e+02 1.270999999999999943e+02
1.293199999999999932e+02 1.263599999999999994e+02 1.270999999999999943e+02
1.293199999999999932e+02 1.263599999999999994e+02 1.270999999999999943e+02
1.293199999999999932e+02 1.263599999999999994e+02 1.270999999999999943e+02
1.293199999999999932e+02 1.263599999999999994e+02 1.270999999999999943e+02
1.293199999999999932e+02 1.263599999999999994e+02 1.270999999999999943e+02
1.293199999999999932e+02 1.263599999999999994e+02 1.270999999999999943e+02
1.293199999999999932e+02 1.263599999999999994e+02 1.270999999999999943e+02
1.293199999999999932e+02 1.263599999999999994e+02 1.270999999999999943e+02
1.293199999999999932e+02 1.263599999999999994e+02 1.270999999999999943e+02
1.293199999999999932e+02 1.263599999999999994e+02 1.270999999999999943e+02
1.293199999999999932e+02 1.263599999999999994e+02 1.270999999999999943e+02
1.293199999999999932e+02 1.263599999999999994e+02 1.270999999999999943e+02
1.293199999999999932e+02 1.263599999999999994e+02 1.270999999999999943e+02
1.293199999999999932e+02 1.263599999999999994e+02 1.270999999999999943e+02
1.293199999999999932e+02 1.263599999999999994e+02 1.270999999999999943e+02
1.293199999999999932e+02 1.263599999999999994e+02 1.270999999999999943e+02
1.293199999999999932e+02 1.263599999999999994e+02 1.270999999999999943e+02
1.293199999999999932e+02 1.263599999999999994e+02 1.270999999999999943e+02
1.293199999999999932e+02 1.263599999999999994e+02 1.270999999999999943e+02
1.293199999999999932e+02 1.263599999999999994e+02 1.270999999999999943e+02
1.293199999999999932e+02 1.263599999999999994e+02 1.270999999999999943e+02
1.293199999999999932e+02 1.263599999999999994e+02 1.270999999999999943e+02
1.293199999999999932e+02 1.263599999999999994e+02 1.270999999999999943e+02
1.293199999999999932e+02 1.263599999999999994e+02 1.270999999999999943e+02
1.293199999999999932e+02 1.263599999999999994e+02 1.270999999999999943e+02
1.293199999999999932e+02 1.263599999999999994e+02 1.270999999999999943e+02
1.293199999999999932e+02 1.263599999999999994e+02 1.270999999999999943e+02
1.293199999999999932e+02 1.263599999999999994e+02 1.270999999999999943e+02
1.293199999999999932e+02 1.263599999999999994e+02 1.270999999999999943e+02
1.293199999999999932e+02 1.263599999999999994e+02 1.270999999999999943e+02
1.293199999999999932e+02 1.263599999999999994e+02 1.270999999999999943e+02
1.293199999999999932e+02 1.263599999999999994e+02 1.270999999999999943e+02
1.293199999999999932e+02 1.263599999999999994e+02 1.270999999999999943e+02
1.293199999999999932e+02 1.263599999999999994e+02 1.270999999999999943e+02
1.293199999999999932e+02 1.263599999999999994e+02 1.270999999999999943e+02
1.293199999999999932e+02 1.263599999999999994e+02 1.270999999999999943e+02
1.293199999999999932e+02 1.263599999999999994e+02 1.270999999999999943e+02
1.293199999999999932e+02 1.263599999999999994e+02 1.270999999999999943e+02
1.293199999999999932e+02 1.263599999999999994e+02 1.270999999999999943e+02
1.293199999999999932e+02 1.263599999999999994e+02 1.270999999999999943e+02
1.293199999999999932e+02 1.263599999999999994e+02 1.270999999999999943e+02
1.293199999999999932e+02 1.263599999999999994e+02 1.270999999999999943e+02
1.293199999999999932e+02 1.263599999999999994e+02 1.270999999999999943e+02
1.293199999999999932e+02 1.263599999999999994e+02 1.270999999999999943e+02
1.293199999999999932e+02 1.263599999999999994e+02 1.270999999999999943e+02
1.293199999999999932e+02 1.263599999999999994e+02 1.270999999999999943e+02
1.293199999999999932e+02 1.263599999999999994e+02 1.270999999999999943e+02
1.293199999999999932e+02 1.263599999999999994e+02 1.270999999999999943e+02
1.293199999999999932e+02 1.263599999999999994e+02 1.270999999999999943e+02
1.293199999999999932e+02 1.263599999999999994e+02 1.270999999999999943e+02
1.293199999999999932e+02 1.263599999999999994e+02 1.270999999999999943e+02
1.293199999999999932e+02 1.263599999999999994e+02 1.270999999999999943e+02
1.293199999999999932e+02 1.263599999999999994e+02 1.270999999999999943e+02
1.293199999999999932e+02 1.263599999999999994e+02 1.270999999999999943e+02
1.293199999999999932e+02 1.263599999999999994e+02 1.270999999999999943e+02
1.293199999999999932e+02 1.263599999999999994e+02 1.270999999999999943e+02
1.293199999999999932e+02 1.263599999999999994e+02 1.270999999999999943e+02
1.293199999999999932e+02 1.263599999999999994e+02 1.270999999999999943e+02
1.293199999999999932e+02 1.263599999999999994e+02 1.270999999999999943e+02
1.293199999999999932e+02 1.263599999999999994e+02 1.270999999999999943e+02
1.293199999999999932e+02 1.263599999999999994e+02 1.270999999999999943e+02
1.293199999999999932e+02 1.263599999999999994e+02 1.270999999999999943e+02
1.293199999999999932e+02 1.263599999999999994e+02 1.270999999999999943e+02
1.293199999999999932e+02 1.263599999999999994e+02 1.270999999999999943e+02
1.293199999999999932e+02 1.263599999999999994e+02 1.270999999999999943e+02
1.293199999999999932e+02 1.263599999999999994e+02 1.270999999999999943e+02
1.293199999999999932e+02 1.263599999999999994e+02 1.270999999999999943e+02
1.293199999999999932e+02 1.263599999999999994e+02 1.270999999999999943e+02
1.293199999999999932e+02 1.263599999999999994e+02 1.270999999999999943e+02
1.293199999999999932e+02 1.263599999999999994e+02 1.270999999999999943e+02
1.293199999999999932e+02 1.263599999999999994e+02 1.270999999999999943e+02
1.293199999999999932e+02 1.263599999999999994e+02 1.270999999999999943e+02
1.293199999999999932e+02 1.263599999999999994e+02 1.270999999999999943e+02
1.293199999999999932e+02 1.263599999999999994e+02 1.270999999999999943e+02
1.293199999999999932e+02 1.263599999999999994e+02 1.270999999999999943e+02
1.293199999999999932e+02 1.263599999999999994e+02 1.270999999999999943e+02
1.293199999999999932e+02 1.263599999999999994e+02 1.270999999999999943e+02
1.293199999999999932e+02 1.263599999999999994e+02 1.270999999999999943e+02
1.293199999999999932e+02 1.263599999999999994e+02 1.270999999999999943e+02
1.293199999999999932e+02 1.263599999999999994e+02 1.270999999999999943e+02
1.293199999999999932e+02 1.263599999999999994e+02 1.270999999999999943e+02
1.293199999999999932e+02 1.263599999999999994e+02 1.270999999999999943e+02
1.293199999999999932e+02 1.263599999999999994e+02 1.270999999999999943e+02
1.293199999999999932e+02 1.263599999999999994e+02 1.270999999999999943e+02
1.293199999999999932e+02 1.263599999999999994e+02 1.270999999999999943e+02
1.293199999999999932e+02 1.263599999999999994e+02 1.270999999999999943e+02
1.293199999999999932e+02 1.263599999999999994e+02 1.270999999999999943e+02
1.293199999999999932e+02 1.263599999999999994e+02 1.270999999999999943e+02
1.293199999999999932e+02 1.263599999999999994e+02 1.270999999999999943e+02
1.293199999999999932e+02 1.263599999999999994e+02 1.270999999999999943e+02
1.293199999999999932e+02 1.263599999999999994e+02 1.270999999999999943e+02
1.293199999999999932e+02 1.263599999999999994e+02 1.270999999999999943e+02
1.293199999999999932e+02 1.263599999999999994e+02 1.270999999999999943e+02
1.293199999999999932e+02 1.263599999999999994e+02 1.270999999999999943e+02
1.293199999999999932e+02 1.263599999999999994e+02 1.270999999999999943e+02
1.293199999999999932e+02 1.263599999999999994e+02 1.270999999999999943e+02
1.293199999999999932e+02 1.263599999999999994e+02 1.270999999999999943e+02
1.293199999999999932e+02 1.263599999999999994e+02 1.270999999999999943e+02
1.293199999999999932e+02 1.263599999999999994e+02 1.270999999999999943e+02
1.293199999999999932e+02 1.263599999999999994e+02 1.270999999999999943e+02
1.293199999999999932e+02 1.263599999999999994e+02 1.270999999999999943e+02
1.293199999999999932e+02 1.263599999999999994e+02 1.270999999999999943e+02
1.293199999999999932e+02 1.263599999999999994e+02 1.270999999999999943e+02
1.293199999999999932e+02 1.263599999999999994e+02 1.270999999999999943e+02
1.293199999999999932e+02 1.263599999999999994e+02 1.270999999999999943e+02
1.293199999999999932e+02 1.263599999999999994e+02 1.270999999999999943e+02
1.293199999999999932e+02 1.263599999999999994e+02 1.270999999999999943e+02
1.293199999999999932e+02 1.263599999999999994e+02 1.270999999999999943e+02
1.293199999999999932e+02 1.263599999999999994e+02 1.270999999999999943e+02
1.293199999999999932e+02 1.263599999999999994e+02 1.270999999999999943e+02
1.293199999999999932e+02 1.263599999999999994e+02 1.270999999999999943e+02
1.293199999999999932e+02 1.263599999999999994e+02 1.270999999999999943e+02
1.293199999999999932e+02 1.263599999999999994e+02 1.270999999999999943e+02
1.293199999999999932e+02 1.263599999999999994e+02 1.270999999999999943e+02
1.293199999999999932e+02 1.263599999999999994e+02 1.270999999999999943e+02
1.293199999999999932e+02 1.263599999999999994e+02 1.270999999999999943e+02
1.293199999999999932e+02 1.263599999999999994e+02 1.270999999999999943e+02
1.293199999999999932e+02 1.263599999999999994e+02 1.270999999999999943e+02
1.293199999999999932e+02 1.263599999999999994e+02 1.270999999999999943e+02
1.293199999999999932e+02 1.263599999999999994e+02 1.270999999999999943e+02
1.293199999999999932e+02 1.263599999999999994e+02 1.270999999999999943e+02
1.293199999999999932e+02 1.263599999999999994e+02 1.270999999999999943e+02
1.293199999999999932e+02 1.263599999999999994e+02 1.270999999999999943e+02
1.293199999999999932e+02 1.263599999999999994e+02 1.270999999999999943e+02
1.293199999999999932e+02 1.263599999999999994e+02 1.270999999999999943e+02
1.293199999999999932e+02 1.263599999999999994e+02 1.270999999999999943e+02
1.293199999999999932e+02 1.263599999999999994e+02 1.270999999999999943e+02
1.293199999999999932e+02 1.263599999999999994e+02 1.270999999999999943e+02
1.293199999999999932e+02 1.263599999999999994e+02 1.270999999999999943e+02
1.293199999999999932e+02 1.263599999999999994e+02 1.270999999999999943e+02
1.293199999999999932e+02 1.263599999999999994e+02 1.270999999999999943e+02
1.293199999999999932e+02 1.263599999999999994e+02 1.270999999999999943e+02
1.293199999999999932e+02 1.263599999999999994e+02 1.270999999999999943e+02
1.293199999999999932e+02 1.263599999999999994e+02 1.270999999999999943e+02
1.293199999999999932e+02 1.263599999999999994e+02 1.270999999999999943e+02
1.293199999999999932e+02 1.263599999999999994e+02 1.270999999999999943e+02
1.293199999999999932e+02 1.263599999999999994e+02 1.270999999999999943e+02
1.293199999999999932e+02 1.263599999999999994e+02 1.270999999999999943e+02
1.293199999999999932e+02 1.263599999999999994e+02 1.270999999999999943e+02
1.293199999999999932e+02 1.263599999999999994e+02 1.270999999999999943e+02
1.293199999999999932e+02 1.263599999999999994e+02 1.270999999999999943e+02
1.293199999999999932e+02 1.263599999999999994e+02 1.270999999999999943e+02
1.293199999999999932e+02 1.263599999999999994e+02 1.270999999999999943e+02
1.293199999999999932e+02 1.263599999999999994e+02 1.270999999999999943e+02
1.293199999999999932e+02 1.263599999999999994e+02 1.270999999999999943e+02
1.293199999999999932e+02 1.263599999999999994e+02 1.270999999999999943e+02
1.293199999999999932e+02 1.263599999999999994e+02 1.270999999999999943e+02
1.293199999999999932e+02 1.263599999999999994e+02 1.270999999999999943e+02
1.293199999999999932e+02 1.263599999999999994e+02 1.270999999999999943e+02
1.293199999999999932e+02 1.263599999999999994e+02 1.270999999999999943e+02
1.293199999999999932e+02 1.263599999999999994e+02 1.270999999999999943e+02
1.293199999999999932e+02 1.263599999999999994e+02 1.270999999999999943e+02
1.293199999999999932e+02 1.263599999999999994e+02 1.270999999999999943e+02
1.293199999999999932e+02 1.263599999999999994e+02 1.270999999999999943e+02
1.293199999999999932e+02 1.263599999999999994e+02 1.270999999999999943e+02
1.293199999999999932e+02 1.263599999999999994e+02 1.270999999999999943e+02
1.293199999999999932e+02 1.263599999999999994e+02 1.270999999999999943e+02
1.293199999999999932e+02 1.263599999999999994e+02 1.270999999999999943e+02
1.293199999999999932e+02 1.263599999999999994e+02 1.270999999999999943e+02
1.293199999999999932e+02 1.263599999999999994e+02 1.270999999999999943e+02
1.293199999999999932e+02 1.263599999999999994e+02 1.270999999999999943e+02
1.293199999999999932e+02 1.263599999999999994e+02 1.270999999999999943e+02
1.293199999999999932e+02 1.263599999999999994e+02 1.270999999999999943e+02
1.293199999999999932e+02 1.263599999999999994e+02 1.270999999999999943e+02
1.293199999999999932e+02 1.263599999999999994e+02 1.270999999999999943e+02
1.293199999999999932e+02 1.263599999999999994e+02 1.270999999999999943e+02
1.293199999999999932e+02 1.263599999999999994e+02 1.270999999999999943e+02
1.293199999999999932e+02 1.263599999999999994e+02 1.270999999999999943e+02
1.293199999999999932e+02 1.263599999999999994e+02 1.270999999999999943e+02
1.293199999999999932e+02 1.263599999999999994e+02 1.270999999999999943e+02
1.293199999999999932e+02 1.263599999999999994e+02 1.270999999999999943e+02
1.293199999999999932e+02 1.263599999999999994e+02 1.270999999999999943e+02
1.293199999999999932e+02 1.263599999999999994e+02 1.270999999999999943e+02
1.293199999999999932e+02 1.263599999999999994e+02 1.270999999999999943e+02
1.293199999999999932e+02 1.263599999999999994e+02 1.270999999999999943e+02
1.293199999999999932e+02 1.263599999999999994e+02 1.270999999999999943e+02
1.293199999999999932e+02 1.263599999999999994e+02 1.270999999999999943e+02
1.293199999999999932e+02 1.263599999999999994e+02 1.270999999999999943e+02
1.293199999999999932e+02 1.263599999999999994e+02 1.270999999999999943e+02
1.293199999999999932e+02 1.263599999999999994e+02 1.270999999999999943e+02
1.293199999999999932e+02 1.263599999999999994e+02 1.270999999999999943e+02
1.293199999999999932e+02 1.263599999999999994e+02 1.270999999999999943e+02
1.293199999999999932e+02 1.263599999999999994e+02 1.270999999999999943e+02
1.293199999999999932e+02 1.263599999999999994e+02 1.270999999999999943e+02
1.293199999999999932e+02 1.263599999999999994e+02 1.270999999999999943e+02
1.293199999999999932e+02 1.263599999999999994e+02 1.270999999999999943e+02
1.293199999999999932e+02 1.263599999999999994e+02 1.270999999999999943e+02
1.293199999999999932e+02 1.263599999999999994e+02 1.270999999999999943e+02
1.293199999999999932e+02 1.263599999999999994e+02 1.270999999999999943e+02
1.293199999999999932e+02 1.263599999999999994e+02 1.270999999999999943e+02
1.293199999999999932e+02 1.263599999999999994e+02 1.270999999999999943e+02
1.293199999999999932e+02 1.263599999999999994e+02 1.270999999999999943e+02
1.293199999999999932e+02 1.263599999999999994e+02 1.270999999999999943e+02
1.293199999999999932e+02 1.263599999999999994e+02 1.270999999999999943e+02
1.293199999999999932e+02 1.263599999999999994e+02 1.270999999999999943e+02
1.293199999999999932e+02 1.263599999999999994e+02 1.270999999999999943e+02
1.293199999999999932e+02 1.263599999999999994e+02 1.270999999999999943e+02
1.293199999999999932e+02 1.263599999999999994e+02 1.270999999999999943e+02
1.293199999999999932e+02 1.263599999999999994e+02 1.270999999999999943e+02
1.293199999999999932e+02 1.263599999999999994e+02 1.270999999999999943e+02
1.293199999999999932e+02 1.263599999999999994e+02 1.270999999999999943e+02
1.293199999999999932e+02 1.263599999999999994e+02 1.270999999999999943e+02
1.293199999999999932e+02 1.263599999999999994e+02 1.270999999999999943e+02
1.293199999999999932e+02 1.263599999999999994e+02 1.270999999999999943e+02
1.293199999999999932e+02 1.263599999999999994e+02 1.270999999999999943e+02
1.293199999999999932e+02 1.263599999999999994e+02 1.270999999999999943e+02
1.293199999999999932e+02 1.263599999999999994e+02 1.270999999999999943e+02
1.293199999999999932e+02 1.263599999999999994e+02 1.270999999999999943e+02
1.293199999999999932e+02 1.263599999999999994e+02 1.270999999999999943e+02
1.293199999999999932e+02 1.263599999999999994e+02 1.270999999999999943e+02
1.293199999999999932e+02 1.263599999999999994e+02 1.270999999999999943e+02
1.293199999999999932e+02 1.263599999999999994e+02 1.270999999999999943e+02
1.293199999999999932e+02 1.263599999999999994e+02 1.270999999999999943e+02
1.293199999999999932e+02 1.263599999999999994e+02 1.270999999999999943e+02
1.293199999999999932e+02 1.263599999999999994e+02 1.270999999999999943e+02
1.293199999999999932e+02 1.263599999999999994e+02 1.270999999999999943e+02
1.293199999999999932e+02 1.263599999999999994e+02 1.270999999999999943e+02
1.293199999999999932e+02 1.263599999999999994e+02 1.270999999999999943e+02
1.293199999999999932e+02 1.263599999999999994e+02 1.270999999999999943e+02
1.293199999999999932e+02 1.263599999999999994e+02 1.270999999999999943e+02
1.293199999999999932e+02 1.263599999999999994e+02 1.270999999999999943e+02
1.293199999999999932e+02 1.263599999999999994e+02 1.270999999999999943e+02
1.293199999999999932e+02 1.263599999999999994e+02 1.270999999999999943e+02
1.293199999999999932e+02 1.263599999999999994e+02 1.270999999999999943e+02
1.293199999999999932e+02 1.263599999999999994e+02 1.270999999999999943e+02
1.293199999999999932e+02 1.263599999999999994e+02 1.270999999999999943e+02
1.293199999999999932e+02 1.263599999999999994e+02 1.270999999999999943e+02
1.293199999999999932e+02 1.263599999999999994e+02 1.270999999999999943e+02
1.293199999999999932e+02 1.263599999999999994e+02 1.270999999999999943e+02
1.293199999999999932e+02 1.263599999999999994e+02 1.270999999999999943e+02
1.293199999999999932e+02 1.263599999999999994e+02 1.270999999999999943e+02
1.293199999999999932e+02 1.263599999999999994e+02 1.270999999999999943e+02
1.293199999999999932e+02 1.263599999999999994e+02 1.270999999999999943e+02
1.293199999999999932e+02 1.263599999999999994e+02 1.270999999999999943e+02
1.293199999999999932e+02 1.263599999999999994e+02 1.270999999999999943e+02
1.293199999999999932e+02 1.263599999999999994e+02 1.270999999999999943e+02
1.293199999999999932e+02 1.263599999999999994e+02 1.270999999999999943e+02
1.293199999999999932e+02 1.263599999999999994e+02 1.270999999999999943e+02
1.293199999999999932e+02 1.263599999999999994e+02 1.270999999999999943e+02
1.293199999999999932e+02 1.263599999999999994e+02 1.270999999999999943e+02
1.293199999999999932e+02 1.263599999999999994e+02 1.270999999999999943e+02
1.293199999999999932e+02 1.263599999999999994e+02 1.270999999999999943e+02
1.293199999999999932e+02 1.263599999999999994e+02 1.270999999999999943e+02
1.293199999999999932e+02 1.263599999999999994e+02 1.270999999999999943e+02
1.293199999999999932e+02 1.263599999999999994e+02 1.270999999999999943e+02
1.293199999999999932e+02 1.263599999999999994e+02 1.270999999999999943e+02
1.293199999999999932e+02 1.263599999999999994e+02 1.270999999999999943e+02
1.293199999999999932e+02 1.263599999999999994e+02 1.270999999999999943e+02
1.293199999999999932e+02 1.263599999999999994e+02 1.270999999999999943e+02
1.293199999999999932e+02 1.263599999999999994e+02 1.270999999999999943e+02
1.293199999999999932e+02 1.263599999999999994e+02 1.270999999999999943e+02
1.293199999999999932e+02 1.263599999999999994e+02 1.270999999999999943e+02
1.293199999999999932e+02 1.263599999999999994e+02 1.270999999999999943e+02
1.293199999999999932e+02 1.263599999999999994e+02 1.270999999999999943e+02
1.293199999999999932e+02 1.263599999999999994e+02 1.270999999999999943e+02
1.293199999999999932e+02 1.263599999999999994e+02 1.270999999999999943e+02
1.293199999999999932e+02 1.263599999999999994e+02 1.270999999999999943e+02
1.293199999999999932e+02 1.263599999999999994e+02 1.270999999999999943e+02
1.293199999999999932e+02 1.263599999999999994e+02 1.270999999999999943e+02
1.293199999999999932e+02 1.263599999999999994e+02 1.270999999999999943e+02
1.293199999999999932e+02 1.263599999999999994e+02 1.270999999999999943e+02
1.293199999999999932e+02 1.263599999999999994e+02 1.270999999999999943e+02
1.293199999999999932e+02 1.263599999999999994e+02 1.270999999999999943e+02
1.293199999999999932e+02 1.263599999999999994e+02 1.270999999999999943e+02
1.293199999999999932e+02 1.263599999999999994e+02 1.270999999999999943e+02
1.293199999999999932e+02 1.263599999999999994e+02 1.270999999999999943e+02
1.293199999999999932e+02 1.263599999999999994e+02 1.270999999999999943e+02
1.293199999999999932e+02 1.263599999999999994e+02 1.270999999999999943e+02
1.293199999999999932e+02 1.263599999999999994e+02 1.270999999999999943e+02
1.293199999999999932e+02 1.263599999999999994e+02 1.270999999999999943e+02
1.293199999999999932e+02 1.263599999999999994e+02 1.270999999999999943e+02
1.293199999999999932e+02 1.263599999999999994e+02 1.270999999999999943e+02
1.293199999999999932e+02 1.263599999999999994e+02 1.270999999999999943e+02
1.293199999999999932e+02 1.263599999999999994e+02 1.270999999999999943e+02
1.293199999999999932e+02 1.263599999999999994e+02 1.270999999999999943e+02
1.293199999999999932e+02 1.263599999999999994e+02 1.270999999999999943e+02
1.293199999999999932e+02 1.263599999999999994e+02 1.270999999999999943e+02
1.293199999999999932e+02 1.263599999999999994e+02 1.270999999999999943e+02
1.293199999999999932e+02 1.263599999999999994e+02 1.270999999999999943e+02
1.293199999999999932e+02 1.263599999999999994e+02 1.270999999999999943e+02
1.293199999999999932e+02 1.263599999999999994e+02 1.270999999999999943e+02
1.293199999999999932e+02 1.263599999999999994e+02 1.270999999999999943e+02
1.293199999999999932e+02 1.263599999999999994e+02 1.270999999999999943e+02
1.293199999999999932e+02 1.263599999999999994e+02 1.270999999999999943e+02
1.293199999999999932e+02 1.263599999999999994e+02 1.270999999999999943e+02
1.293199999999999932e+02 1.263599999999999994e+02 1.270999999999999943e+02
1.293199999999999932e+02 1.263599999999999994e+02 1.270999999999999943e+02
1.293199999999999932e+02 1.263599999999999994e+02 1.270999999999999943e+02
1.293199999999999932e+02 1.263599999999999994e+02 1.270999999999999943e+02
1.293199999999999932e+02 1.263599999999999994e+02 1.270999999999999943e+02
1.293199999999999932e+02 1.263599999999999994e+02 1.270999999999999943e+02
1.293199999999999932e+02 1.263599999999999994e+02 1.270999999999999943e+02
1.293199999999999932e+02 1.263599999999999994e+02 1.270999999999999943e+02
