1.278609271523178847e+02 1.298278145695364287e+02 1.274503311258278160e+02
1.277908496732026151e+02 1.300784313725490335e+02 1.279673202614379051e+02
1.278199999999999932e+02 1.304666666666666686e+02 1.283600000000000136e+02
1.280000000000000000e+02 1.304105960264900546e+02 1.278278145695364287e+02
1.278421052631578902e+02 1.306315789473684106e+02 1.283750000000000000e+02
1.276133333333333297e+02 1.308133333333333326e+02 1.280200000000000102e+02
1.273691275167785193e+02 1.309463087248322211e+02 1.280402684563758271e+02
1.274161073825503365e+02 1.305838926174496635e+02 1.279664429530201346e+02
1.274304635761589424e+02 1.307086092715231871e+02 1.280529801324503296e+02
1.275882352941176521e+02 1.309607843137254974e+02 1.280196078431372655e+02
1.274868421052631646e+02 1.309473684210526301e+02 1.282039473684210407e+02
1.272866666666666617e+02 1.306999999999999886e+02 1.281200000000000045e+02
1.270933333333333337e+02 1.309799999999999898e+02 1.286266666666666652e+02
1.270133333333333354e+02 1.308933333333333451e+02 1.286599999999999966e+02
1.267266666666666737e+02 1.311599999999999966e+02 1.287333333333333201e+02
1.269533333333333331e+02 1.313133333333333326e+02 1.288933333333333451e+02
1.267315436241610769e+02 1.320067114093959617e+02 1.290604026845637691e+02
1.269668874172185440e+02 1.321788079470198625e+02 1.291390728476821153e+02
1.268807947019867584e+02 1.322450331125827745e+02 1.291523178807946977e+02
1.270132450331125824e+02 1.321059602649006592e+02 1.290596026490066208e+02
1.271140939597315480e+02 1.318053691275167694e+02 1.290604026845637691e+02
1.271733333333333320e+02 1.315933333333333337e+02 1.288933333333333451e+02
1.273087248322147644e+02 1.317449664429530287e+02 1.286644295302013461e+02
1.274800000000000040e+02 1.321399999999999864e+02 1.287266666666666595e+02
1.273774834437086128e+02 1.320264900662251648e+02 1.288675496688741759e+02
1.271543624161073893e+02 1.323355704697986539e+02 1.284295302013422884e+02
1.274172185430463600e+02 1.319403973509933792e+02 1.280397350993377472e+02
1.274238410596026512e+02 1.318145695364238463e+02 1.278013245033112639e+02
1.274701986754966896e+02 1.320794701986754944e+02 1.276887417218542993e+02
1.274599999999999937e+02 1.325066666666666606e+02 1.276666666666666714e+02
1.274258064516128997e+02 1.323548387096774093e+02 1.276129032258064484e+02
1.274967320261437891e+02 1.324052287581699261e+02 1.280065359477124218e+02
1.276442953020134183e+02 1.325771812080537018e+02 1.281342281879194616e+02
1.281523178807946977e+02 1.324966887417218402e+02 1.284503311258278018e+02
1.284000000000000057e+02 1.322266666666666595e+02 1.282066666666666777e+02
1.288322147651006730e+02 1.325503355704697981e+02 1.284563758389261636e+02
1.287417218543046431e+02 1.324701986754966754e+02 1.287417218543046431e+02
1.290000000000000000e+02 1.329333333333333371e+02 1.285600000000000023e+02
1.291241830065359579e+02 1.327516339869281126e+02 1.289607843137254974e+02
1.291307189542483798e+02 1.332418300653594656e+02 1.290130718954248437e+02
1.293133333333333326e+02 1.331800000000000068e+02 1.290733333333333235e+02
1.294066666666666663e+02 1.332333333333333201e+02 1.294600000000000080e+02
1.299473684210526301e+02 1.332697368421052602e+02 1.291184210526315894e+02
1.298543046357615935e+02 1.334304635761589282e+02 1.291788079470198625e+02
1.299867549668874176e+02 1.331986754966887361e+02 1.290596026490066208e+02
1.295986842105263293e+02 1.333618421052631504e+02 1.287302631578947398e+02
1.294966887417218402e+02 1.334966887417218402e+02 1.290264900662251648e+02
1.292402597402597451e+02 1.337142857142857224e+02 1.289675324675324646e+02
1.292533333333333303e+02 1.337733333333333405e+02 1.287333333333333201e+02
1.291476510067114134e+02 1.338657718120805384e+02 1.283489932885906057e+02
1.289133333333333269e+02 1.340066666666666606e+02 1.280800000000000125e+02
1.286800000000000068e+02 1.338600000000000136e+02 1.281999999999999886e+02
1.286490066225165663e+02 1.340993377483443680e+02 1.283841059602648897e+02
1.285399999999999920e+02 1.343266666666666538e+02 1.278400000000000034e+02
1.289934210526315894e+02 1.343289473684210407e+02 1.275855263157894797e+02
1.293533333333333246e+02 1.343466666666666640e+02 1.275466666666666669e+02
1.291589403973509889e+02 1.348741721854304672e+02 1.279668874172185440e+02
1.291258278145695328e+02 1.347019867549668959e+02 1.280264900662251648e+02
1.288431372549019613e+02 1.348039215686274588e+02 1.281960784313725412e+02
1.290066666666666606e+02 1.349466666666666583e+02 1.280066666666666606e+02
1.289127516778523557e+02 1.349530201342281828e+02 1.281744966442952887e+02
1.286510067114093943e+02 1.347986577181208077e+02 1.280805369127516826e+02
1.284133333333333269e+02 1.348266666666666538e+02 1.285066666666666606e+02
1.283486842105263293e+02 1.348355263157894797e+02 1.283618421052631504e+02
1.279664429530201346e+02 1.346040268456375770e+02 1.281275167785234999e+02
1.280131578947368496e+02 1.343223684210526301e+02 1.281842105263157805e+02
1.277152317880794641e+02 1.344834437086092578e+02 1.281854304635761537e+02
1.275666666666666629e+02 1.343133333333333326e+02 1.282199999999999989e+02
1.270000000000000000e+02 1.342266666666666595e+02 1.284600000000000080e+02
1.268223684210526301e+02 1.340657894736842195e+02 1.288223684210526301e+02
1.267385620915032689e+02 1.342026143790849630e+02 1.290130718954248437e+02
1.267919463087248317e+02 1.341073825503355579e+02 1.290939597315436345e+02
1.265657894736842053e+02 1.337105263157894797e+02 1.290263157894736707e+02
1.264736842105263150e+02 1.335592105263157805e+02 1.291447368421052602e+02
1.268116883116883145e+02 1.330844155844155807e+02 1.293116883116883002e+02
1.272905405405405475e+02 1.329054054054054177e+02 1.291891891891891930e+02
1.273266666666666680e+02 1.327199999999999989e+02 1.291866666666666674e+02
1.274533333333333331e+02 1.319666666666666686e+02 1.295999999999999943e+02
1.271543624161073893e+02 1.321677852348993270e+02 1.298187919463087212e+02
1.270872483221476443e+02 1.323825503355704711e+02 1.296979865771812115e+02
1.272214765100671201e+02 1.323221476510067021e+02 1.297718120805369040e+02
1.274266666666666623e+02 1.318866666666666561e+02 1.296466666666666754e+02
1.272533333333333303e+02 1.322400000000000091e+02 1.299333333333333371e+02
1.271599999999999966e+02 1.321266666666666652e+02 1.297533333333333303e+02
1.272702702702702737e+02 1.323310810810810949e+02 1.301689189189189051e+02
1.269139072847682144e+02 1.320331125827814560e+02 1.303311258278145601e+02
1.270066666666666606e+02 1.317133333333333383e+02 1.305933333333333337e+02
1.267973856209150370e+02 1.311830065359477260e+02 1.306078431372548891e+02
1.269735099337748352e+02 1.316291390728476927e+02 1.308013245033112639e+02
1.274238410596026512e+02 1.316821192052980223e+02 1.312450331125827745e+02
1.273947368421052602e+02 1.317434210526315894e+02 1.314407894736842195e+02
1.275098039215686327e+02 1.315490196078431495e+02 1.312287581699346504e+02
1.278993288590604038e+02 1.313288590604026922e+02 1.311073825503355579e+02
1.282500000000000000e+02 1.312894736842105203e+02 1.314144736842105203e+02
1.282847682119205217e+02 1.313112582781456865e+02 1.313112582781456865e+02
1.280974025974026063e+02 1.312207792207792068e+02 1.316298701298701417e+02
1.282828947368421098e+02 1.309736842105263293e+02 1.319539473684210407e+02
1.287483443708609343e+02 1.308211920529801375e+02 1.319072847682119232e+02
1.292847682119205217e+02 1.309801324503311264e+02 1.318807947019867584e+02
1.294189189189189051e+02 1.310472972972972912e+02 1.319662162162162247e+02
1.304105960264900546e+02 1.310529801324503296e+02 1.323642384105960161e+02
1.304503311258278018e+02 1.308543046357615935e+02 1.326158940397351103e+02
1.302199999999999989e+02 1.309133333333333269e+02 1.333133333333333326e+02
1.301866666666666674e+02 1.308933333333333451e+02 1.334199999999999875e+02
1.303642384105960161e+02 1.311390728476821153e+02 1.335761589403973630e+02
1.306291390728476927e+02 1.312781456953642305e+02 1.337615894039735167e+02
1.309066666666666663e+02 1.312800000000000011e+02 1.339600000000000080e+02
1.307583892617449806e+02 1.312885906040268367e+02 1.338657718120805384e+02
1.308410596026490111e+02 1.314635761589403842e+02 1.337880794701986815e+02
1.306107382550335672e+02 1.313422818791946440e+02 1.339328859060402692e+02
1.306308724832214807e+02 1.314228187919462982e+02 1.337852348993288558e+02
1.306953642384106047e+02 1.314503311258278018e+02 1.335960264900662366e+02
1.308874172185430496e+02 1.310794701986754944e+02 1.336556291390728575e+02
1.308157894736842195e+02 1.308552631578947398e+02 1.337894736842105203e+02
1.310402684563758271e+02 1.305637583892617499e+02 1.341140939597315480e+02
1.310331125827814560e+02 1.307086092715231871e+02 1.342715231788079393e+02
1.309006622516556320e+02 1.308278145695364287e+02 1.341192052980132416e+02
1.307105263157894797e+02 1.305131578947368496e+02 1.341052631578947398e+02
1.307171052631578902e+02 1.304407894736842195e+02 1.339144736842105203e+02
1.305933333333333337e+02 1.305200000000000102e+02 1.335733333333333235e+02
1.303684210526315894e+02 1.303618421052631504e+02 1.337171052631578902e+02
1.302866666666666617e+02 1.301733333333333462e+02 1.338733333333333348e+02
1.300000000000000000e+02 1.300600000000000023e+02 1.338266666666666538e+02
1.300266666666666708e+02 1.301599999999999966e+02 1.338133333333333326e+02
1.299399999999999977e+02 1.301666666666666572e+02 1.340866666666666731e+02
1.298181818181818130e+02 1.301298701298701417e+02 1.339285714285714164e+02
1.298400000000000034e+02 1.305733333333333235e+02 1.339866666666666788e+02
1.300135135135135158e+02 1.309459459459459367e+02 1.345608108108108070e+02
1.298053691275167694e+02 1.310402684563758271e+02 1.345033557046979809e+02
1.301854304635761537e+02 1.312516556291390657e+02 1.342847682119205217e+02
1.302384105960264833e+02 1.310463576158940384e+02 1.339668874172185440e+02
1.302751677852349133e+02 1.309127516778523557e+02 1.338120805369127595e+02
1.301733333333333462e+02 1.309333333333333371e+02 1.340866666666666731e+02
1.297417218543046431e+02 1.307682119205298079e+02 1.342913907284768129e+02
1.300000000000000000e+02 1.308533333333333246e+02 1.342800000000000011e+02
1.302066666666666777e+02 1.310733333333333235e+02 1.341999999999999886e+02
1.299194630872483174e+02 1.313691275167785193e+02 1.338053691275167694e+02
1.297114093959731633e+02 1.312885906040268367e+02 1.341006711409395962e+02
1.302763157894736707e+02 1.311118421052631504e+02 1.340657894736842195e+02
1.304666666666666686e+02 1.315133333333333212e+02 1.339199999999999875e+02
1.306092715231788191e+02 1.315827814569536542e+02 1.335761589403973630e+02
1.308600000000000136e+02 1.319266666666666765e+02 1.335866666666666731e+02
1.309407894736842195e+02 1.320460526315789593e+02 1.330789473684210407e+02
1.310066666666666606e+02 1.322066666666666777e+02 1.328066666666666720e+02
1.309934640522875782e+02 1.319542483660130756e+02 1.328562091503268050e+02
1.311800000000000068e+02 1.320999999999999943e+02 1.327400000000000091e+02
1.312599999999999909e+02 1.322400000000000091e+02 1.325933333333333337e+02
1.312649006622516481e+02 1.323443708609271425e+02 1.323178807947019777e+02
1.311125827814569504e+02 1.319602649006622528e+02 1.320728476821192032e+02
1.311192052980132416e+02 1.320264900662251648e+02 1.316688741721854399e+02
1.307615894039735167e+02 1.322781456953642305e+02 1.318145695364238463e+02
1.306999999999999886e+02 1.321933333333333280e+02 1.313866666666666561e+02
1.307770270270270316e+02 1.321824324324324209e+02 1.313040540540540633e+02
1.308476821192053023e+02 1.323642384105960161e+02 1.312185430463576097e+02
1.309403973509933792e+02 1.320066225165562912e+02 1.314900662251655490e+02
1.309666666666666686e+02 1.319333333333333371e+02 1.313866666666666561e+02
1.308684210526315894e+02 1.320657894736842195e+02 1.312500000000000000e+02
1.308733333333333348e+02 1.319733333333333292e+02 1.311266666666666652e+02
1.308636363636363740e+02 1.313701298701298583e+02 1.306168831168831161e+02
1.309000000000000057e+02 1.314733333333333292e+02 1.305733333333333235e+02
1.310399999999999920e+02 1.311800000000000068e+02 1.307533333333333303e+02
1.307290322580645068e+02 1.309548387096774320e+02 1.306193548387096826e+02
1.306200000000000045e+02 1.309933333333333394e+02 1.303799999999999955e+02
1.304662162162162247e+02 1.313851351351351298e+02 1.304324324324324209e+02
1.307718120805369040e+02 1.309664429530201346e+02 1.302214765100671059e+02
1.307449664429530287e+02 1.305302013422818845e+02 1.298657718120805384e+02
1.305592105263157805e+02 1.305460526315789593e+02 1.298355263157894797e+02
1.304437086092715106e+02 1.303576158940397249e+02 1.295960264900662366e+02
1.299933774834437088e+02 1.301788079470198625e+02 1.296291390728476927e+02
1.298066666666666720e+02 1.301466666666666754e+02 1.296399999999999864e+02
1.298223684210526301e+02 1.298289473684210407e+02 1.295328947368421098e+02
1.293774834437085985e+02 1.297880794701986815e+02 1.296423841059602751e+02
1.288823529411764639e+02 1.299869281045751563e+02 1.298235294117646959e+02
1.292800000000000011e+02 1.293400000000000034e+02 1.298799999999999955e+02
1.292666666666666799e+02 1.295600000000000023e+02 1.298600000000000136e+02
1.297583892617449806e+02 1.295167785234899327e+02 1.298657718120805384e+02
1.297697368421052602e+02 1.297105263157894797e+02 1.294868421052631504e+02
1.299403973509933792e+02 1.292715231788079393e+02 1.293642384105960161e+02
1.296533333333333360e+02 1.293933333333333451e+02 1.297133333333333383e+02
1.296466666666666754e+02 1.295800000000000125e+02 1.299466666666666583e+02
1.300463576158940384e+02 1.296357615894039839e+02 1.298609271523178847e+02
1.306423841059602751e+02 1.292251655629139009e+02 1.300132450331125824e+02
1.303552631578947398e+02 1.291250000000000000e+02 1.302039473684210407e+02
1.305163398692810404e+02 1.287973856209150370e+02 1.305555555555555429e+02
1.307350993377483519e+02 1.289337748344370880e+02 1.308278145695364287e+02
1.307533333333333303e+02 1.291466666666666754e+02 1.312199999999999989e+02
1.305333333333333314e+02 1.295266666666666708e+02 1.311266666666666652e+02
1.306490066225165663e+02 1.294900662251655490e+02 1.313973509933774722e+02
1.306510067114093943e+02 1.291342281879194616e+02 1.311946308724832306e+02
1.306200000000000045e+02 1.291599999999999966e+02 1.308533333333333246e+02
1.307597402597402549e+02 1.294870129870129745e+02 1.305129870129870255e+02
1.311589403973509889e+02 1.291589403973509889e+02 1.307152317880794783e+02
1.310980392156862706e+02 1.292614379084967311e+02 1.305620915032679648e+02
1.309798657718120865e+02 1.291409395973154233e+02 1.307315436241610769e+02
1.309600000000000080e+02 1.295066666666666606e+02 1.299266666666666765e+02
1.310133333333333212e+02 1.291333333333333258e+02 1.301266666666666652e+02
1.311200000000000045e+02 1.288933333333333451e+02 1.300600000000000023e+02
1.316092715231788191e+02 1.288543046357615935e+02 1.300728476821192032e+02
1.313178807947019777e+02 1.290662251655629120e+02 1.301125827814569504e+02
1.312818791946308750e+02 1.286711409395973078e+02 1.297583892617449806e+02
1.314768211920529666e+02 1.289139072847682144e+02 1.300331125827814560e+02
1.316291390728476927e+02 1.286423841059602751e+02 1.299470198675496704e+02
1.315394736842105203e+02 1.287105263157894797e+02 1.297631578947368496e+02
1.314533333333333474e+02 1.285666666666666629e+02 1.295933333333333337e+02
1.317248322147650867e+02 1.286174496644295289e+02 1.296577181208053560e+02
1.320065789473684106e+02 1.288881578947368496e+02 1.293552631578947398e+02
1.320671140939597308e+02 1.287651006711409423e+02 1.293758389261745094e+02
1.322133333333333383e+02 1.288466666666666640e+02 1.296399999999999864e+02
1.320399999999999920e+02 1.292400000000000091e+02 1.296733333333333462e+02
1.319668874172185440e+02 1.294701986754966754e+02 1.295695364238410718e+02
1.320657894736842195e+02 1.297828947368421098e+02 1.296250000000000000e+02
1.321184210526315894e+02 1.298881578947368496e+02 1.297236842105263293e+02
1.320131578947368496e+02 1.297828947368421098e+02 1.293552631578947398e+02
1.319733333333333292e+02 1.301133333333333439e+02 1.294466666666666583e+02
1.325637583892617499e+02 1.299664429530201346e+02 1.292818791946308750e+02
1.327417218543046431e+02 1.300264900662251648e+02 1.290993377483443680e+02
1.325999999999999943e+02 1.297741935483871032e+02 1.290645161290322562e+02
1.324064516129032256e+02 1.295096774193548299e+02 1.288451612903225794e+02
1.322933333333333223e+02 1.295133333333333212e+02 1.291200000000000045e+02
1.323178807947019777e+02 1.295894039735099454e+02 1.288609271523178847e+02
1.321578947368421098e+02 1.294407894736842195e+02 1.287039473684210407e+02
1.319738562091503127e+02 1.295163398692810404e+02 1.287777777777777715e+02
1.317500000000000000e+02 1.294144736842105203e+02 1.286644736842105203e+02
1.315999999999999943e+02 1.291399999999999864e+02 1.283066666666666720e+02
1.315620915032679648e+02 1.297385620915032689e+02 1.280784313725490335e+02
1.317449664429530287e+02 1.296510067114093943e+02 1.280469798657718172e+02
1.318609271523178847e+02 1.298211920529801375e+02 1.279403973509933792e+02
1.316291390728476927e+02 1.296688741721854399e+02 1.278410596026490111e+02
1.317333333333333201e+02 1.297733333333333405e+02 1.277666666666666657e+02
1.315394736842105203e+02 1.297039473684210407e+02 1.277105263157894797e+02
1.320666666666666629e+02 1.297866666666666617e+02 1.280200000000000102e+02
1.319399999999999977e+02 1.293466666666666640e+02 1.278866666666666703e+02
1.320588235294117680e+02 1.287777777777777715e+02 1.276666666666666714e+02
1.321666666666666572e+02 1.285266666666666708e+02 1.276733333333333320e+02
1.323799999999999955e+02 1.284666666666666686e+02 1.274533333333333331e+02
1.326510067114093943e+02 1.284765100671141056e+02 1.273557046979865817e+02
1.325133333333333212e+02 1.284799999999999898e+02 1.271400000000000006e+02
1.326052631578947398e+02 1.280460526315789593e+02 1.274802631578947398e+02
1.324701986754966754e+02 1.276423841059602609e+02 1.275761589403973488e+02
1.326556291390728575e+02 1.272582781456953711e+02 1.270397350993377472e+02
1.327171052631578902e+02 1.274078947368421098e+02 1.272236842105263150e+02
1.327333333333333201e+02 1.275133333333333354e+02 1.274200000000000017e+02
1.329205298013245056e+02 1.273642384105960303e+02 1.278344370860927199e+02
1.330939597315436345e+02 1.274093959731543606e+02 1.279731543624161105e+02
1.333092105263157805e+02 1.273092105263157947e+02 1.280855263157894797e+02
1.336241610738254906e+02 1.273959731543624230e+02 1.283221476510067021e+02
1.339799999999999898e+02 1.277000000000000028e+02 1.288799999999999955e+02
1.343600000000000136e+02 1.280800000000000125e+02 1.289133333333333269e+02
1.340933333333333337e+02 1.281333333333333258e+02 1.287800000000000011e+02
1.339337748344370880e+02 1.278476821192053023e+02 1.286622516556291487e+02
1.341788079470198625e+02 1.277019867549668817e+02 1.287152317880794783e+02
1.343533333333333246e+02 1.275133333333333354e+02 1.287533333333333303e+02
1.343509933774834337e+02 1.276688741721854257e+02 1.289470198675496704e+02
1.341533333333333360e+02 1.273466666666666640e+02 1.292533333333333303e+02
1.342384105960264833e+02 1.269006622516556320e+02 1.291523178807946977e+02
1.345266666666666708e+02 1.269866666666666646e+02 1.294266666666666765e+02
1.343733333333333348e+02 1.270733333333333377e+02 1.301066666666666549e+02
1.345526315789473699e+02 1.272697368421052602e+02 1.300986842105263293e+02
1.346357615894039839e+02 1.273509933774834479e+02 1.298675496688741759e+02
1.346903225806451587e+02 1.270516129032258021e+02 1.299290322580645238e+02
1.340065789473684106e+02 1.275526315789473699e+02 1.300394736842105203e+02
1.339210526315789593e+02 1.272960526315789451e+02 1.303618421052631504e+02
1.339868421052631504e+02 1.271907894736842053e+02 1.309342105263157805e+02
1.344276315789473699e+02 1.268289473684210549e+02 1.311644736842105203e+02
1.341399999999999864e+02 1.266666666666666714e+02 1.309000000000000057e+02
1.341699346405228823e+02 1.265424836601307135e+02 1.308366013071895395e+02
1.339084967320261512e+02 1.261111111111111143e+02 1.306797385620915009e+02
1.337533333333333303e+02 1.258799999999999955e+02 1.307666666666666799e+02
1.327483443708609343e+02 1.258278145695364287e+02 1.312847682119205217e+02
1.321589403973509889e+02 1.258211920529801375e+02 1.314105960264900546e+02
1.318013245033112639e+02 1.258543046357615935e+02 1.313245033112582689e+02
1.316225165562914015e+02 1.262384105960264833e+02 1.311456953642384065e+02
1.314399999999999977e+02 1.263666666666666600e+02 1.311399999999999864e+02
1.316733333333333462e+02 1.264399999999999977e+02 1.312066666666666777e+02
1.311842105263157805e+02 1.266644736842105203e+02 1.308355263157894797e+02
1.312781456953642305e+02 1.266158940397350960e+02 1.307284768211920607e+02
1.307350993377483519e+02 1.264966887417218544e+02 1.310728476821192032e+02
1.309271523178807968e+02 1.264834437086092720e+02 1.309337748344370880e+02
1.309333333333333371e+02 1.266400000000000006e+02 1.307599999999999909e+02
1.306333333333333258e+02 1.267066666666666634e+02 1.306133333333333439e+02
1.304295302013422884e+02 1.266845637583892596e+02 1.303892617449664328e+02
1.302960526315789593e+02 1.267631578947368354e+02 1.300921052631578902e+02
1.301866666666666674e+02 1.269866666666666646e+02 1.301666666666666572e+02
1.303266666666666538e+02 1.271466666666666612e+02 1.301866666666666674e+02
1.304466666666666583e+02 1.271133333333333297e+02 1.302733333333333405e+02
1.301999999999999886e+02 1.275999999999999943e+02 1.300666666666666629e+02
1.302333333333333201e+02 1.282199999999999989e+02 1.298533333333333246e+02
1.298466666666666640e+02 1.280933333333333337e+02 1.297466666666666697e+02
1.298799999999999955e+02 1.278333333333333286e+02 1.295666666666666629e+02
1.300065789473684106e+02 1.282368421052631504e+02 1.292500000000000000e+02
1.298562091503268050e+02 1.285490196078431495e+02 1.296013071895424957e+02
1.298145695364238463e+02 1.286754966887417311e+02 1.295033112582781598e+02
1.298344370860927199e+02 1.293642384105960161e+02 1.296423841059602751e+02
1.295200000000000102e+02 1.294466666666666583e+02 1.297599999999999909e+02
1.297777777777777715e+02 1.299803921568627345e+02 1.291568627450980387e+02
1.295973154362416153e+02 1.302885906040268367e+02 1.290402684563758271e+02
1.293000000000000114e+02 1.306466666666666754e+02 1.289066666666666663e+02
1.291788079470198625e+02 1.310198675496688736e+02 1.286754966887417311e+02
1.292818791946308750e+02 1.306577181208053560e+02 1.282550335570469713e+02
1.293799999999999955e+02 1.306666666666666572e+02 1.280933333333333337e+02
1.292236842105263293e+02 1.305000000000000000e+02 1.283026315789473699e+02
1.293576158940397249e+02 1.302781456953642305e+02 1.283841059602648897e+02
1.290666666666666629e+02 1.302599999999999909e+02 1.283733333333333348e+02
1.294304635761589282e+02 1.299205298013245056e+02 1.279867549668874176e+02
1.291543624161073751e+02 1.297852348993288558e+02 1.280201342281879135e+02
1.291513157894736707e+02 1.298289473684210407e+02 1.284276315789473699e+02
1.291456953642384065e+02 1.298145695364238463e+02 1.279536423841059616e+02
1.291513157894736707e+02 1.297302631578947398e+02 1.279078947368421098e+02
1.295844155844155807e+02 1.297532467532467422e+02 1.278636363636363598e+02
1.296601307189542354e+02 1.295228758169934622e+02 1.277189542483660176e+02
1.293000000000000114e+02 1.292266666666666595e+02 1.278933333333333309e+02
1.295533333333333417e+02 1.292133333333333383e+02 1.277666666666666657e+02
1.295882352941176521e+02 1.293790849673202672e+02 1.277320261437908471e+02
1.295231788079470334e+02 1.292119205298013185e+02 1.279602649006622528e+02
1.298758169934640421e+02 1.293594771241830017e+02 1.281437908496731950e+02
1.301324503311258241e+02 1.291986754966887361e+02 1.280662251655629120e+02
1.304666666666666686e+02 1.289266666666666765e+02 1.279200000000000017e+02
1.303552631578947398e+02 1.283157894736842195e+02 1.279407894736842053e+02
1.304370860927152194e+02 1.284437086092715106e+02 1.276490066225165521e+02
1.312715231788079393e+02 1.285827814569536542e+02 1.277483443708609201e+02
1.316999999999999886e+02 1.284399999999999977e+02 1.280133333333333212e+02
1.320198675496688736e+02 1.285364238410596158e+02 1.277748344370860991e+02
1.325496688741721982e+02 1.286622516556291487e+02 1.277019867549668817e+02
1.328791946308724903e+02 1.289932885906040383e+02 1.276510067114093943e+02
1.327947019867549727e+02 1.291456953642384065e+02 1.272649006622516623e+02
1.329933774834437088e+02 1.290331125827814560e+02 1.273443708609271567e+02
1.326174496644295289e+02 1.294496644295302019e+02 1.273758389261744952e+02
1.330067114093959617e+02 1.294429530201342402e+02 1.272483221476510096e+02
1.330399999999999920e+02 1.291533333333333360e+02 1.269733333333333292e+02
1.328783783783783861e+02 1.291689189189189051e+02 1.263310810810810807e+02
1.332287581699346504e+02 1.297385620915032689e+02 1.262352941176470580e+02
1.334899328859060290e+02 1.295167785234899327e+02 1.263087248322147644e+02
1.336118421052631504e+02 1.297828947368421098e+02 1.263289473684210549e+02
1.335200000000000102e+02 1.296866666666666674e+02 1.261666666666666714e+02
1.335866666666666731e+02 1.295866666666666731e+02 1.256599999999999966e+02
1.338266666666666538e+02 1.295999999999999943e+02 1.258866666666666703e+02
1.338993288590604038e+02 1.298590604026845767e+02 1.257986577181208077e+02
1.336200000000000045e+02 1.301733333333333462e+02 1.258733333333333348e+02
1.331933333333333280e+02 1.304133333333333269e+02 1.259599999999999937e+02
1.329337748344370880e+02 1.302450331125827745e+02 1.259867549668874176e+02
1.325789473684210407e+02 1.305789473684210407e+02 1.256842105263157947e+02
1.325399999999999920e+02 1.308533333333333246e+02 1.255533333333333275e+02
1.323684210526315894e+02 1.310986842105263293e+02 1.251513157894736850e+02
1.322105263157894797e+02 1.311315789473684106e+02 1.253092105263157947e+02
1.323178807947019777e+02 1.313509933774834337e+02 1.256622516556291345e+02
1.325866666666666731e+02 1.311266666666666652e+02 1.260733333333333377e+02
1.325657894736842195e+02 1.309802631578947398e+02 1.261315789473684248e+02
1.328466666666666640e+02 1.309133333333333269e+02 1.263599999999999994e+02
1.327631578947368496e+02 1.307171052631578902e+02 1.267368421052631646e+02
1.326013513513513544e+02 1.307567567567567437e+02 1.266216216216216282e+02
1.328552631578947398e+02 1.311315789473684106e+02 1.262500000000000000e+02
1.322649006622516481e+02 1.312582781456953853e+02 1.259403973509933792e+02
1.320533333333333417e+02 1.311266666666666652e+02 1.261333333333333400e+02
1.319932432432432563e+02 1.312229729729729684e+02 1.264189189189189193e+02
1.317615894039735167e+02 1.308278145695364287e+02 1.267814569536423903e+02
1.316184210526315894e+02 1.307039473684210407e+02 1.270394736842105203e+02
1.315600000000000023e+02 1.303133333333333326e+02 1.268333333333333286e+02
1.318823529411764639e+02 1.296535947712418420e+02 1.267058823529411740e+02
1.316622516556291487e+02 1.297218543046357695e+02 1.271192052980132416e+02
1.319533333333333474e+02 1.297800000000000011e+02 1.269333333333333371e+02
1.317828947368421098e+02 1.296710526315789593e+02 1.271052631578947398e+02
1.313933333333333451e+02 1.296333333333333258e+02 1.272733333333333263e+02
1.307615894039735167e+02 1.300264900662251648e+02 1.276953642384105905e+02
1.306644736842105203e+02 1.302368421052631504e+02 1.277697368421052602e+02
1.302631578947368496e+02 1.303026315789473699e+02 1.277960526315789451e+02
1.297682119205298079e+02 1.302317880794701921e+02 1.274238410596026512e+02
1.294701986754966754e+02 1.303377483443708513e+02 1.270794701986754944e+02
1.294503311258278018e+02 1.301655629139072801e+02 1.271788079470198625e+02
1.297500000000000000e+02 1.302105263157894797e+02 1.275197368421052602e+02
1.293178807947019777e+02 1.302913907284768129e+02 1.281854304635761537e+02
1.292960526315789593e+02 1.302039473684210407e+02 1.283750000000000000e+02
1.294407894736842195e+02 1.300592105263157805e+02 1.286447368421052602e+02
1.295328947368421098e+02 1.301052631578947398e+02 1.287565789473684106e+02
1.295266666666666708e+02 1.300733333333333235e+02 1.289733333333333292e+02
1.297371794871794748e+02 1.302179487179487296e+02 1.290192307692307736e+02
1.298733333333333348e+02 1.303000000000000114e+02 1.293000000000000114e+02
1.300849673202614269e+02 1.305032679738561967e+02 1.292026143790849630e+02
1.300200000000000102e+02 1.304666666666666686e+02 1.293199999999999932e+02
1.301589403973509889e+02 1.300066225165562912e+02 1.298344370860927199e+02
1.303046357615893953e+02 1.299337748344370880e+02 1.299470198675496704e+02
1.300460526315789593e+02 1.299868421052631504e+02 1.296710526315789593e+02
1.300399999999999920e+02 1.302066666666666777e+02 1.297266666666666595e+02
1.300860927152317856e+02 1.300529801324503296e+02 1.297814569536423903e+02
1.304333333333333371e+02 1.299866666666666788e+02 1.298066666666666720e+02
1.302199999999999989e+02 1.304333333333333371e+02 1.302400000000000091e+02
1.302550335570469713e+02 1.303489932885906057e+02 1.304630872483221538e+02
1.305364238410596158e+02 1.302251655629139009e+02 1.302052980132450273e+02
1.303533333333333246e+02 1.300800000000000125e+02 1.300200000000000102e+02
1.301999999999999886e+02 1.300709677419354762e+02 1.300709677419354762e+02
1.298799999999999955e+02 1.294733333333333292e+02 1.297533333333333303e+02
1.294799999999999898e+02 1.292733333333333405e+02 1.296333333333333258e+02
1.294662162162162247e+02 1.292364864864864842e+02 1.295743243243243228e+02
1.299013157894736707e+02 1.292171052631578902e+02 1.291315789473684106e+02
1.297066666666666777e+02 1.291999999999999886e+02 1.291533333333333360e+02
1.297199999999999989e+02 1.287666666666666799e+02 1.291866666666666674e+02
1.300000000000000000e+02 1.289127516778523557e+02 1.290939597315436345e+02
1.300397350993377472e+02 1.289205298013245056e+02 1.294370860927152194e+02
1.296821192052980223e+02 1.289205298013245056e+02 1.297615894039735167e+02
1.297058823529411882e+02 1.288692810457516202e+02 1.299738562091503127e+02
1.298741721854304672e+02 1.287284768211920607e+02 1.301456953642384065e+02
1.294701986754966754e+02 1.285099337748344510e+02 1.300331125827814560e+02
1.294705882352941160e+02 1.285620915032679648e+02 1.303137254901960773e+02
1.293774834437085985e+02 1.286821192052980223e+02 1.302715231788079393e+02
1.293841059602648897e+02 1.286357615894039839e+02 1.302649006622516481e+02
1.294635761589403842e+02 1.287417218543046431e+02 1.301192052980132416e+02
1.292617449664429614e+02 1.289194630872483174e+02 1.302483221476510096e+02
1.289025974025973937e+02 1.287402597402597451e+02 1.300064935064935128e+02
1.286375838926174424e+02 1.286711409395973078e+02 1.299731543624160963e+02
1.286711409395973078e+02 1.283288590604026922e+02 1.297852348993288558e+02
1.289533333333333474e+02 1.286733333333333462e+02 1.299600000000000080e+02
1.289466666666666583e+02 1.283466666666666640e+02 1.301999999999999886e+02
1.287733333333333405e+02 1.279866666666666646e+02 1.300399999999999920e+02
1.291721854304635713e+02 1.277682119205298079e+02 1.296821192052980223e+02
1.289866666666666788e+02 1.275133333333333354e+02 1.298466666666666640e+02
1.288733333333333348e+02 1.272600000000000051e+02 1.296866666666666674e+02
1.286200000000000045e+02 1.271533333333333360e+02 1.293000000000000114e+02
1.290986842105263293e+02 1.266973684210526301e+02 1.295065789473684106e+02
1.291125827814569504e+02 1.266158940397350960e+02 1.291788079470198625e+02
1.293223684210526301e+02 1.266842105263157947e+02 1.291842105263157805e+02
1.290866666666666731e+02 1.265799999999999983e+02 1.292666666666666799e+02
1.290132450331125824e+02 1.262649006622516623e+02 1.285761589403973630e+02
1.289668874172185440e+02 1.262251655629139009e+02 1.284900662251655490e+02
1.286315789473684106e+02 1.261447368421052602e+02 1.284342105263157805e+02
1.284868421052631504e+02 1.261118421052631646e+02 1.284934210526315894e+02
1.283223684210526301e+02 1.261710526315789451e+02 1.285526315789473699e+02
1.282066666666666777e+02 1.259333333333333371e+02 1.284466666666666583e+02
1.283509933774834337e+02 1.263642384105960303e+02 1.283973509933774722e+02
1.281543624161073751e+02 1.263355704697986539e+02 1.284630872483221538e+02
1.281315789473684106e+02 1.261907894736842053e+02 1.283618421052631504e+02
1.277908496732026151e+02 1.261895424836601336e+02 1.283006535947712337e+02
1.276845637583892596e+02 1.262281879194630818e+02 1.278187919463087212e+02
1.280198675496688736e+02 1.259933774834437088e+02 1.271854304635761537e+02
1.281776315789473699e+02 1.260065789473684248e+02 1.269276315789473699e+02
1.283708609271523073e+02 1.255298013245033104e+02 1.269072847682119232e+02
1.283684210526315894e+02 1.250921052631578902e+02 1.267565789473684248e+02
1.287785234899328941e+02 1.254563758389261778e+02 1.268926174496644279e+02
1.292108843537415055e+02 1.253945578231292473e+02 1.267006802721088405e+02
1.293133333333333326e+02 1.253333333333333286e+02 1.270866666666666731e+02
1.292933333333333223e+02 1.250733333333333377e+02 1.270799999999999983e+02
1.292199999999999989e+02 1.248533333333333388e+02 1.271933333333333280e+02
1.291644736842105203e+02 1.251315789473684248e+02 1.270526315789473699e+02
1.292565789473684106e+02 1.249802631578947398e+02 1.270197368421052602e+02
1.293841059602648897e+02 1.250132450331125824e+02 1.274437086092715248e+02
1.291466666666666754e+02 1.250400000000000063e+02 1.270866666666666731e+02
1.292091503267973849e+02 1.250980392156862706e+02 1.272679738562091529e+02
1.296953642384106047e+02 1.251125827814569504e+02 1.278874172185430496e+02
1.298666666666666742e+02 1.249266666666666623e+02 1.286733333333333462e+02
1.292666666666666799e+02 1.249066666666666663e+02 1.289399999999999977e+02
1.290604026845637691e+02 1.245033557046979809e+02 1.290536912751677789e+02
1.288888888888888857e+02 1.244901960784313673e+02 1.289934640522875782e+02
1.292980132450331041e+02 1.244503311258278160e+02 1.289403973509933792e+02
1.293266666666666538e+02 1.242266666666666737e+02 1.289266666666666765e+02
1.297039473684210407e+02 1.240986842105263150e+02 1.293486842105263293e+02
1.297500000000000000e+02 1.243815789473684248e+02 1.296250000000000000e+02
1.297466666666666697e+02 1.245600000000000023e+02 1.297733333333333405e+02
1.294966442953020191e+02 1.243825503355704711e+02 1.294429530201342402e+02
1.292885906040268367e+02 1.246375838926174566e+02 1.295906040268456252e+02
1.292080536912751541e+02 1.244966442953020191e+02 1.296308724832214807e+02
1.293815789473684106e+02 1.243223684210526301e+02 1.297697368421052602e+02
1.289933333333333394e+02 1.244733333333333292e+02 1.300266666666666708e+02
1.289000000000000057e+02 1.241066666666666691e+02 1.302266666666666595e+02
1.289466666666666583e+02 1.244133333333333269e+02 1.302733333333333405e+02
1.287266666666666595e+02 1.245199999999999960e+02 1.302933333333333508e+02
1.290933333333333337e+02 1.250933333333333337e+02 1.302866666666666617e+02
1.287866666666666617e+02 1.252999999999999972e+02 1.304866666666666788e+02
1.287400000000000091e+02 1.256333333333333400e+02 1.300466666666666526e+02
1.291066666666666549e+02 1.256266666666666652e+02 1.300066666666666606e+02
1.292599999999999909e+02 1.257333333333333343e+02 1.298466666666666640e+02
1.295666666666666629e+02 1.258333333333333286e+02 1.296133333333333439e+02
1.296979865771812115e+02 1.255771812080536876e+02 1.294765100671141056e+02
1.297651006711409423e+02 1.259530201342281828e+02 1.300939597315436345e+02
1.297450980392156907e+02 1.261241830065359437e+02 1.299281045751633883e+02
1.297599999999999909e+02 1.262800000000000011e+02 1.300200000000000102e+02
1.300533333333333417e+02 1.264000000000000057e+02 1.299600000000000080e+02
1.297039473684210407e+02 1.259605263157894797e+02 1.297500000000000000e+02
1.293841059602648897e+02 1.258278145695364287e+02 1.295099337748344510e+02
1.295637583892617499e+02 1.254966442953020191e+02 1.289932885906040383e+02
1.297346938775510239e+02 1.254285714285714306e+02 1.292176870748299393e+02
1.298733333333333348e+02 1.254866666666666646e+02 1.290399999999999920e+02
1.298410596026490111e+02 1.255033112582781456e+02 1.287880794701986815e+02
1.298278145695364287e+02 1.259470198675496704e+02 1.288278145695364287e+02
1.300132450331125824e+02 1.259933774834437088e+02 1.287549668874172255e+02
1.301533333333333360e+02 1.258733333333333348e+02 1.288000000000000114e+02
1.303157894736842195e+02 1.256644736842105203e+02 1.288486842105263293e+02
1.302550335570469713e+02 1.257919463087248317e+02 1.288187919463087212e+02
1.299867549668874176e+02 1.256225165562913872e+02 1.286357615894039839e+02
1.300198675496688736e+02 1.257218543046357553e+02 1.286225165562914015e+02
1.297368421052631504e+02 1.258092105263157947e+02 1.284605263157894797e+02
1.300264900662251648e+02 1.258940397350993408e+02 1.285761589403973630e+02
1.302933333333333223e+02 1.258199999999999932e+02 1.286266666666666652e+02
1.302013422818791923e+02 1.260268456375838895e+02 1.288926174496644421e+02
1.303799999999999955e+02 1.261333333333333400e+02 1.290733333333333235e+02
1.301118421052631504e+02 1.262828947368421098e+02 1.292631578947368496e+02
1.299205298013245056e+02 1.263841059602649040e+02 1.292052980132450273e+02
1.294105960264900546e+02 1.264304635761589424e+02 1.294437086092715106e+02
1.291578947368421098e+02 1.269605263157894797e+02 1.293815789473684106e+02
1.291644736842105203e+02 1.272828947368421098e+02 1.292500000000000000e+02
1.291073825503355579e+02 1.273355704697986539e+02 1.296778523489932979e+02
1.284362416107382501e+02 1.276375838926174566e+02 1.296375838926174424e+02
1.281333333333333258e+02 1.276800000000000068e+02 1.290333333333333314e+02
