1.275733333333333377e+02 1.269333333333333371e+02 1.291666666666666572e+02
1.279066666666666663e+02 1.267199999999999989e+02 1.288600000000000136e+02
1.281111111111111143e+02 1.268692810457516345e+02 1.282483660130718874e+02
1.283400000000000034e+02 1.265133333333333354e+02 1.283666666666666742e+02
1.284868421052631504e+02 1.265723684210526301e+02 1.278947368421052602e+02
1.286845637583892596e+02 1.260134228187919518e+02 1.277718120805369182e+02
1.284605263157894797e+02 1.256842105263157947e+02 1.272894736842105203e+02
1.289006622516556320e+02 1.255562913907284752e+02 1.268874172185430496e+02
1.291184210526315894e+02 1.252500000000000000e+02 1.263881578947368354e+02
1.286107382550335672e+02 1.251342281879194616e+02 1.267785234899328799e+02
1.283288590604026922e+02 1.253087248322147644e+02 1.269463087248322211e+02
1.288243243243243228e+02 1.253648648648648702e+02 1.265000000000000000e+02
1.292133333333333383e+02 1.251666666666666714e+02 1.266133333333333297e+02
1.292702702702702595e+02 1.249391891891891930e+02 1.262702702702702737e+02
1.300529801324503296e+02 1.251324503311258241e+02 1.265364238410596016e+02
1.298954248366013076e+02 1.249803921568627487e+02 1.263071895424836555e+02
1.300872483221476443e+02 1.247651006711409423e+02 1.260268456375838895e+02
1.304078947368421098e+02 1.247763157894736850e+02 1.256052631578947398e+02
1.305933333333333337e+02 1.245400000000000063e+02 1.255799999999999983e+02
1.307702702702702595e+02 1.249662162162162105e+02 1.258851351351351298e+02
1.311533333333333360e+02 1.250600000000000023e+02 1.253066666666666720e+02
1.316241610738254906e+02 1.249865771812080482e+02 1.252080536912751683e+02
1.321409395973154233e+02 1.245838926174496635e+02 1.252483221476510096e+02
1.319199999999999875e+02 1.250666666666666629e+02 1.252399999999999949e+02
1.319933774834437088e+02 1.251258278145695328e+02 1.247417218543046289e+02
1.320261437908496873e+02 1.247254901960784252e+02 1.247254901960784252e+02
1.317933333333333223e+02 1.250666666666666629e+02 1.246933333333333280e+02
1.325933333333333337e+02 1.257800000000000011e+02 1.248799999999999955e+02
1.326081081081080981e+02 1.266621621621621614e+02 1.249594594594594525e+02
1.332302631578947398e+02 1.266842105263157947e+02 1.255131578947368354e+02
1.327894736842105203e+02 1.270065789473684248e+02 1.250657894736842053e+02
1.331456953642384065e+02 1.272582781456953711e+02 1.252450331125827745e+02
1.339536423841059616e+02 1.275562913907284752e+02 1.254039735099337776e+02
1.339600000000000080e+02 1.277933333333333366e+02 1.253666666666666600e+02
1.342384105960264833e+02 1.280198675496688736e+02 1.253841059602649040e+02
1.341192052980132416e+02 1.279536423841059616e+02 1.254503311258278160e+02
1.341733333333333462e+02 1.283266666666666538e+02 1.255999999999999943e+02
1.343441558441558357e+02 1.279545454545454533e+02 1.258506493506493484e+02
1.349673202614379193e+02 1.284575163398692723e+02 1.259281045751634025e+02
1.349933333333333394e+02 1.284399999999999977e+02 1.259466666666666725e+02
1.351476510067114134e+02 1.278456375838926107e+02 1.262818791946308750e+02
1.349602649006622528e+02 1.277814569536423903e+02 1.260927152317880768e+02
1.347086092715231871e+02 1.277549668874172255e+02 1.261986754966887361e+02
1.349415584415584419e+02 1.276558441558441501e+02 1.260064935064935128e+02
1.350533333333333417e+02 1.276533333333333360e+02 1.261200000000000045e+02
1.352352941176470722e+02 1.272941176470588260e+02 1.265882352941176521e+02
1.357748344370860991e+02 1.278476821192053023e+02 1.267483443708609201e+02
1.360980392156862706e+02 1.286470588235294201e+02 1.271111111111111143e+02
1.360866666666666731e+02 1.288466666666666640e+02 1.269533333333333331e+02
1.359466666666666583e+02 1.288400000000000034e+02 1.270266666666666708e+02
1.367315436241610769e+02 1.288657718120805384e+02 1.268657718120805384e+02
1.367702702702702595e+02 1.283648648648648702e+02 1.269054054054054035e+02
1.374635761589403842e+02 1.287483443708609343e+02 1.271854304635761537e+02
1.377162162162162247e+02 1.282567567567567437e+02 1.268918918918918877e+02
1.382751677852349133e+02 1.280604026845637691e+02 1.272281879194630818e+02
1.385761589403973630e+02 1.276688741721854257e+02 1.270000000000000000e+02
1.384768211920529666e+02 1.275364238410596016e+02 1.271721854304635713e+02
1.386821192052980223e+02 1.277284768211920465e+02 1.271059602649006592e+02
1.387400000000000091e+02 1.271266666666666652e+02 1.264800000000000040e+02
1.394238410596026370e+02 1.268476821192053023e+02 1.263377483443708655e+02
1.394635761589403842e+02 1.267019867549668817e+02 1.260463576158940384e+02
1.397171052631578902e+02 1.265328947368421098e+02 1.257105263157894797e+02
1.400794701986754944e+02 1.263509933774834479e+02 1.254503311258278160e+02
1.394765100671141056e+02 1.262080536912751683e+02 1.253087248322147644e+02
1.395065789473684106e+02 1.260263157894736850e+02 1.256447368421052602e+02
1.392582781456953569e+02 1.255827814569536400e+02 1.261589403973509889e+02
1.395466666666666526e+02 1.255066666666666606e+02 1.265199999999999960e+02
1.396842105263157805e+02 1.250394736842105203e+02 1.263618421052631646e+02
1.397843137254901933e+02 1.245228758169934622e+02 1.262745098039215748e+02
1.396556291390728575e+02 1.242450331125827745e+02 1.261390728476821153e+02
1.399466666666666583e+02 1.240999999999999943e+02 1.260066666666666606e+02
1.405894039735099454e+02 1.240264900662251648e+02 1.258741721854304672e+02
1.408013245033112639e+02 1.241324503311258241e+02 1.260198675496688736e+02
1.407748344370860991e+02 1.242649006622516623e+02 1.264701986754966896e+02
1.411599999999999966e+02 1.251866666666666674e+02 1.268199999999999932e+02
1.411699346405228823e+02 1.256078431372549034e+02 1.269346405228758101e+02
1.410728476821192032e+02 1.251721854304635713e+02 1.264701986754966896e+02
1.411666666666666572e+02 1.253333333333333286e+02 1.262333333333333343e+02
1.420860927152317856e+02 1.257748344370860991e+02 1.262847682119205359e+02
1.422281879194630960e+02 1.256308724832214807e+02 1.262684563758389231e+02
1.430132450331125824e+02 1.259867549668874176e+02 1.262715231788079535e+02
1.435894039735099454e+02 1.266291390728476784e+02 1.253576158940397391e+02
1.434600000000000080e+02 1.266533333333333360e+02 1.254866666666666646e+02
1.438815789473684106e+02 1.268355263157894797e+02 1.250328947368421098e+02
1.433815789473684106e+02 1.264934210526315752e+02 1.250526315789473699e+02
1.429072847682119232e+02 1.267483443708609201e+02 1.247019867549668817e+02
1.427960526315789593e+02 1.263815789473684248e+02 1.245263157894736850e+02
1.429210526315789593e+02 1.262763157894736850e+02 1.246052631578947398e+02
1.433552631578947398e+02 1.264078947368421098e+02 1.247763157894736850e+02
1.428701298701298583e+02 1.264675324675324646e+02 1.252077922077922096e+02
1.430529801324503296e+02 1.265033112582781456e+02 1.251324503311258241e+02
1.435170068027210846e+02 1.264829931972789154e+02 1.255646258503401356e+02
1.443066666666666720e+02 1.264599999999999937e+02 1.256266666666666652e+02
1.446821192052980223e+02 1.271192052980132416e+02 1.255761589403973488e+02
1.450600000000000023e+02 1.281866666666666674e+02 1.255466666666666669e+02
1.451891891891891930e+02 1.288040540540540633e+02 1.256148648648648702e+02
1.450065789473684106e+02 1.292105263157894797e+02 1.260065789473684248e+02
1.451192052980132416e+02 1.291721854304635713e+02 1.269139072847682144e+02
1.451753246753246742e+02 1.299285714285714164e+02 1.267207792207792210e+02
1.454133333333333269e+02 1.300133333333333212e+02 1.263533333333333388e+02
1.450392156862745026e+02 1.296862745098039227e+02 1.261960784313725554e+02
1.454304635761589282e+02 1.296026490066225278e+02 1.268410596026490111e+02
1.463026315789473699e+02 1.295592105263157805e+02 1.266776315789473699e+02
1.458344370860927199e+02 1.297549668874172255e+02 1.258940397350993408e+02
1.456486486486486456e+02 1.295743243243243228e+02 1.258108108108108070e+02
1.461456953642384065e+02 1.302649006622516481e+02 1.254701986754966896e+02
1.462066666666666777e+02 1.303466666666666640e+02 1.253266666666666680e+02
1.468851351351351298e+02 1.307567567567567437e+02 1.258175675675675649e+02
1.470805369127516826e+02 1.308724832214765001e+02 1.259328859060402692e+02
1.472818791946308750e+02 1.309127516778523557e+02 1.264161073825503365e+02
1.478838709677419274e+02 1.310451612903225680e+02 1.262838709677419331e+02
1.479666666666666686e+02 1.310333333333333314e+02 1.263733333333333348e+02
1.473466666666666640e+02 1.307466666666666697e+02 1.263466666666666640e+02
1.472199999999999989e+02 1.307466666666666697e+02 1.262199999999999989e+02
1.472466666666666697e+02 1.309933333333333394e+02 1.265999999999999943e+02
1.473557046979865675e+02 1.312214765100671059e+02 1.264429530201342260e+02
1.474705882352941160e+02 1.313398692810457646e+02 1.258366013071895395e+02
1.476174496644295289e+02 1.320268456375839037e+02 1.255503355704697981e+02
1.484210526315789593e+02 1.321710526315789593e+02 1.255197368421052602e+02
1.485600000000000023e+02 1.325866666666666731e+02 1.254133333333333269e+02
1.486200000000000045e+02 1.330666666666666629e+02 1.253533333333333388e+02
1.483289473684210407e+02 1.328486842105263293e+02 1.251184210526315752e+02
1.484569536423840930e+02 1.335165562913907422e+02 1.253112582781457007e+02
1.482251655629139009e+02 1.334437086092715106e+02 1.251721854304635713e+02
1.482774193548387132e+02 1.330645161290322562e+02 1.250129032258064541e+02
1.479733333333333292e+02 1.333666666666666742e+02 1.252999999999999972e+02
1.477549668874172255e+02 1.337814569536423903e+02 1.250132450331125824e+02
1.478750000000000000e+02 1.340526315789473699e+02 1.250526315789473699e+02
1.479865771812080482e+02 1.340671140939597308e+02 1.249127516778523557e+02
1.485704697986577116e+02 1.345033557046979809e+02 1.255100671140939568e+02
1.483469387755102105e+02 1.350816326530612344e+02 1.252517006802721085e+02
1.482810457516339966e+02 1.351241830065359579e+02 1.256601307189542496e+02
1.484013157894736707e+02 1.352697368421052602e+02 1.260460526315789451e+02
1.484539473684210407e+02 1.355526315789473699e+02 1.261907894736842053e+02
1.485827814569536542e+02 1.356887417218543135e+02 1.264105960264900688e+02
1.489324324324324209e+02 1.362027027027027088e+02 1.259932432432432421e+02
1.486928104575163445e+02 1.361176470588235361e+02 1.262026143790849630e+02
1.482866666666666617e+02 1.359199999999999875e+02 1.262800000000000011e+02
1.475472972972972912e+02 1.363648648648648702e+02 1.264459459459459509e+02
1.473421052631578902e+02 1.360131578947368496e+02 1.269210526315789451e+02
1.471059602649006592e+02 1.360198675496688736e+02 1.268543046357615935e+02
1.471699346405228823e+02 1.361045751633986924e+02 1.272418300653594798e+02
1.468000000000000114e+02 1.362266666666666595e+02 1.264333333333333371e+02
1.469276315789473699e+02 1.361447368421052602e+02 1.262105263157894797e+02
1.471324503311258241e+02 1.361788079470198625e+02 1.257350993377483377e+02
1.473571428571428612e+02 1.364415584415584419e+02 1.255649350649350708e+02
1.472352941176470722e+02 1.360915032679738488e+02 1.252875816993464042e+02
1.475686274509803866e+02 1.365686274509803866e+02 1.249150326797385588e+02
1.471733333333333462e+02 1.364866666666666788e+02 1.245933333333333337e+02
1.470451612903225680e+02 1.364838709677419217e+02 1.244064516129032256e+02
1.466423841059602751e+02 1.372847682119205217e+02 1.242582781456953711e+02
1.467152317880794783e+02 1.372516556291390657e+02 1.238675496688741759e+02
1.462875816993464184e+02 1.372549019607843093e+02 1.240784313725490193e+02
1.458400000000000034e+02 1.374399999999999977e+02 1.236733333333333320e+02
1.459066666666666663e+02 1.374600000000000080e+02 1.236599999999999966e+02
1.458355263157894797e+02 1.372631578947368496e+02 1.238355263157894797e+02
1.459054054054054177e+02 1.368445945945945823e+02 1.236013513513513544e+02
1.459731543624160963e+02 1.370469798657718172e+02 1.235436241610738222e+02
1.454866666666666788e+02 1.367533333333333303e+02 1.239066666666666663e+02
1.454480519480519547e+02 1.363311688311688386e+02 1.240389610389610340e+02
1.453684210526315894e+02 1.362171052631578902e+02 1.238815789473684248e+02
1.455526315789473699e+02 1.358684210526315894e+02 1.231513157894736850e+02
1.453026315789473699e+02 1.361250000000000000e+02 1.233947368421052602e+02
1.457152317880794783e+02 1.359867549668874176e+02 1.231721854304635713e+02
1.459133333333333269e+02 1.357800000000000011e+02 1.227666666666666657e+02
1.463815789473684106e+02 1.353157894736842195e+02 1.220065789473684248e+02
1.463684210526315894e+02 1.355789473684210407e+02 1.220986842105263150e+02
1.468026315789473699e+02 1.356776315789473699e+02 1.220789473684210549e+02
1.473870967741935374e+02 1.357548387096774150e+02 1.217741935483871032e+02
1.473624161073825576e+02 1.361677852348993270e+02 1.214429530201342260e+02
1.478807947019867584e+02 1.358675496688741759e+02 1.210993377483443680e+02
1.483856209150326890e+02 1.357712418300653496e+02 1.212026143790849630e+02
1.486907894736842195e+02 1.360789473684210407e+02 1.211578947368421098e+02
1.490866666666666731e+02 1.359466666666666583e+02 1.212000000000000028e+02
1.494333333333333371e+02 1.359466666666666583e+02 1.216666666666666714e+02
1.498266666666666538e+02 1.361333333333333258e+02 1.214599999999999937e+02
1.501523178807946977e+02 1.360000000000000000e+02 1.214768211920529808e+02
1.498733333333333348e+02 1.358866666666666561e+02 1.214866666666666646e+02
1.495496688741721982e+02 1.353245033112582973e+02 1.215165562913907280e+02
1.490671140939597308e+02 1.347382550335570386e+02 1.218590604026845625e+02
1.490268456375839037e+02 1.350738255033556925e+02 1.217986577181208077e+02
1.485165562913907422e+02 1.349205298013245056e+02 1.224105960264900688e+02
1.481800000000000068e+02 1.347133333333333383e+02 1.230533333333333275e+02
1.478533333333333246e+02 1.341200000000000045e+02 1.237466666666666697e+02
1.476556291390728575e+02 1.338807947019867584e+02 1.239205298013245056e+02
1.475100671140939710e+02 1.341543624161073751e+02 1.246711409395973220e+02
1.474864864864864842e+02 1.341013513513513544e+02 1.244121621621621614e+02
1.475163398692810404e+02 1.334183006535947698e+02 1.245947712418300597e+02
1.471059602649006592e+02 1.329933774834437088e+02 1.244172185430463600e+02
1.473486842105263293e+02 1.333092105263157805e+02 1.239407894736842053e+02
1.474399999999999977e+02 1.334533333333333474e+02 1.237333333333333343e+02
1.475629139072847806e+02 1.332913907284768129e+02 1.232052980132450273e+02
1.473333333333333428e+02 1.326797385620915009e+02 1.231764705882352899e+02
1.475290322580645181e+02 1.329290322580645238e+02 1.228451612903225794e+02
1.479536423841059616e+02 1.332119205298013185e+02 1.224701986754966896e+02
1.484000000000000057e+02 1.329399999999999977e+02 1.225600000000000023e+02
1.484527027027027088e+02 1.324594594594594525e+02 1.228986486486486456e+02
1.487189542483660034e+02 1.321241830065359579e+02 1.229607843137254832e+02
1.484701986754966754e+02 1.320927152317880768e+02 1.229139072847682144e+02
1.486599999999999966e+02 1.322599999999999909e+02 1.229599999999999937e+02
1.482119205298013185e+02 1.318874172185430496e+02 1.230662251655629120e+02
1.485723684210526301e+02 1.316842105263157805e+02 1.228552631578947398e+02
1.488609271523178847e+02 1.311324503311258241e+02 1.232251655629139009e+02
1.484496644295302019e+02 1.302885906040268367e+02 1.227852348993288558e+02
1.490065359477124218e+02 1.300849673202614269e+02 1.229215686274509807e+02
1.491052631578947398e+02 1.296447368421052602e+02 1.224407894736842053e+02
1.486778523489932979e+02 1.291543624161073751e+02 1.224161073825503365e+02
1.489605263157894797e+02 1.290723684210526301e+02 1.226250000000000000e+02
1.486143790849673110e+02 1.288104575163398806e+02 1.219281045751634025e+02
1.489271523178807968e+02 1.289337748344370880e+02 1.220198675496688736e+02
1.489530201342281828e+02 1.288389261744966348e+02 1.214966442953020191e+02
1.491399999999999864e+02 1.286466666666666754e+02 1.206733333333333320e+02
1.489615384615384528e+02 1.288269230769230660e+02 1.204423076923076934e+02
1.488874172185430496e+02 1.286556291390728575e+02 1.200860927152317856e+02
1.490328947368421098e+02 1.287960526315789593e+02 1.196250000000000000e+02
1.492533333333333303e+02 1.291533333333333360e+02 1.193400000000000034e+02
1.497581699346405344e+02 1.290065359477124218e+02 1.189869281045751563e+02
1.498609271523178847e+02 1.292847682119205217e+02 1.192119205298013185e+02
1.496821192052980223e+02 1.285430463576159070e+02 1.192185430463576097e+02
1.500779220779220680e+02 1.279545454545454533e+02 1.192922077922077904e+02
1.505466666666666526e+02 1.281533333333333360e+02 1.194333333333333371e+02
1.507852348993288558e+02 1.283758389261745094e+02 1.193624161073825434e+02
1.506490066225165663e+02 1.285695364238410718e+02 1.190529801324503296e+02
1.509463087248322211e+02 1.288590604026845767e+02 1.188187919463087212e+02
1.512077922077922096e+02 1.292207792207792068e+02 1.185000000000000000e+02
1.513660130718954235e+02 1.294248366013071916e+02 1.183333333333333286e+02
1.509736842105263293e+02 1.296578947368421098e+02 1.185657894736842053e+02
1.505333333333333314e+02 1.297866666666666617e+02 1.186200000000000045e+02
1.503288590604026922e+02 1.301073825503355579e+02 1.190134228187919518e+02
1.500860927152317856e+02 1.304238410596026370e+02 1.191324503311258241e+02
1.504276315789473699e+02 1.305197368421052602e+02 1.192105263157894797e+02
1.504238410596026370e+02 1.307284768211920607e+02 1.193907284768211952e+02
1.504238410596026370e+02 1.304238410596026370e+02 1.197682119205298079e+02
1.507066666666666777e+02 1.303666666666666742e+02 1.197199999999999989e+02
1.510533333333333417e+02 1.305200000000000102e+02 1.200533333333333275e+02
1.515838926174496635e+02 1.306912751677852214e+02 1.198926174496644279e+02
1.515032679738561967e+02 1.307581699346405344e+02 1.200849673202614412e+02
1.515100671140939710e+02 1.306577181208053560e+02 1.200402684563758413e+02
1.510662251655629120e+02 1.310860927152317856e+02 1.204768211920529808e+02
1.516225165562914015e+02 1.316754966887417311e+02 1.202251655629139009e+02
1.519006622516556320e+02 1.318741721854304672e+02 1.204437086092715248e+02
1.515256410256410220e+02 1.320384615384615472e+02 1.204423076923076934e+02
1.516103896103896034e+02 1.322662337662337677e+02 1.207987012987013031e+02
1.514199999999999875e+02 1.320466666666666526e+02 1.205199999999999960e+02
1.518866666666666561e+02 1.321133333333333439e+02 1.199733333333333292e+02
1.518954248366013076e+02 1.321111111111111143e+02 1.199084967320261370e+02
1.517666666666666799e+02 1.325533333333333417e+02 1.196066666666666691e+02
1.517565789473684106e+02 1.325131578947368496e+02 1.200592105263157947e+02
1.517483443708609343e+02 1.330066225165562912e+02 1.205960264900662224e+02
1.514832214765100673e+02 1.333154362416107404e+02 1.200469798657718172e+02
1.514144736842105203e+02 1.337105263157894797e+02 1.195789473684210549e+02
1.513506493506493484e+02 1.341948051948051841e+02 1.192792207792207790e+02
1.511854304635761537e+02 1.339668874172185440e+02 1.192251655629139009e+02
1.515555555555555429e+02 1.341830065359477260e+02 1.195228758169934622e+02
1.512781456953642305e+02 1.344105960264900546e+02 1.197615894039735167e+02
1.508609271523178847e+02 1.346423841059602751e+02 1.201125827814569504e+02
1.504013157894736707e+02 1.344736842105263293e+02 1.199210526315789451e+02
1.503154362416107404e+02 1.350939597315436345e+02 1.201208053691275097e+02
1.501800000000000068e+02 1.356933333333333280e+02 1.205333333333333314e+02
1.500328947368421098e+02 1.351513157894736707e+02 1.205065789473684248e+02
1.500466666666666526e+02 1.352133333333333383e+02 1.205000000000000000e+02
1.500000000000000000e+02 1.354503311258278018e+02 1.201390728476821153e+02
1.501589403973509889e+02 1.352649006622516481e+02 1.205894039735099312e+02
1.504533333333333474e+02 1.355399999999999920e+02 1.207333333333333343e+02
1.501589403973509889e+02 1.358741721854304672e+02 1.209271523178807968e+02
1.503851351351351298e+02 1.357837837837837753e+02 1.207027027027027088e+02
1.499735099337748352e+02 1.361589403973509889e+02 1.209602649006622528e+02
1.494199999999999875e+02 1.366266666666666652e+02 1.210799999999999983e+02
1.494635761589403842e+02 1.366556291390728575e+02 1.213377483443708655e+02
1.493758389261745094e+02 1.368389261744966348e+02 1.215771812080536876e+02
1.486730769230769340e+02 1.374294871794871824e+02 1.217820512820512846e+02
1.485810810810810949e+02 1.373378378378378386e+02 1.220337837837837895e+02
1.487959183673469283e+02 1.374489795918367463e+02 1.222585034013605423e+02
1.483557046979865675e+02 1.373892617449664328e+02 1.220604026845637549e+02
1.478940397350993408e+02 1.372913907284768129e+02 1.216622516556291345e+02
1.477894736842105203e+02 1.372828947368421098e+02 1.216578947368421098e+02
1.475584415584415581e+02 1.367207792207792068e+02 1.213181818181818130e+02
1.478289473684210407e+02 1.365197368421052602e+02 1.212105263157894797e+02
1.481842105263157805e+02 1.361381578947368496e+02 1.206907894736842053e+02
1.478888888888888857e+02 1.359607843137254974e+02 1.202614379084967311e+02
1.477533333333333303e+02 1.360200000000000102e+02 1.198666666666666600e+02
1.474133333333333269e+02 1.360000000000000000e+02 1.195799999999999983e+02
1.473266666666666538e+02 1.359866666666666788e+02 1.195466666666666669e+02
1.474415584415584419e+02 1.364480519480519547e+02 1.197402597402597451e+02
1.477199999999999989e+02 1.368933333333333451e+02 1.191466666666666612e+02
1.474966887417218402e+02 1.369602649006622528e+02 1.195827814569536400e+02
1.477434210526315894e+02 1.370855263157894797e+02 1.201250000000000000e+02
1.477565789473684106e+02 1.373026315789473699e+02 1.199802631578947398e+02
1.468040540540540633e+02 1.375878378378378386e+02 1.197094594594594525e+02
1.470723684210526301e+02 1.370328947368421098e+02 1.206710526315789451e+02
1.471381578947368496e+02 1.365460526315789593e+02 1.206776315789473699e+02
1.463092105263157805e+02 1.364013157894736707e+02 1.205855263157894797e+02
1.456577181208053560e+02 1.364630872483221538e+02 1.209194630872483174e+02
1.459869281045751563e+02 1.362810457516339966e+02 1.208823529411764639e+02
1.455806451612903345e+02 1.360774193548386961e+02 1.210258064516129082e+02
1.453355704697986539e+02 1.360134228187919518e+02 1.208053691275167836e+02
1.452434210526315894e+02 1.360526315789473699e+02 1.208618421052631646e+02
1.449867549668874176e+02 1.361986754966887361e+02 1.209271523178807968e+02
1.448506493506493484e+02 1.361493506493506516e+02 1.208246753246753258e+02
1.440466666666666526e+02 1.359733333333333292e+02 1.208133333333333326e+02
1.439150326797385731e+02 1.361111111111111143e+02 1.206993464052287521e+02
1.429281045751633883e+02 1.361568627450980387e+02 1.201111111111111143e+02
1.427152317880794783e+02 1.359735099337748352e+02 1.202185430463576097e+02
1.424834437086092578e+02 1.360728476821192032e+02 1.197350993377483377e+02
1.425000000000000000e+02 1.363376623376623513e+02 1.196623376623376629e+02
1.422119205298013185e+02 1.366622516556291487e+02 1.194966887417218544e+02
1.422781456953642305e+02 1.361721854304635713e+02 1.192119205298013185e+02
1.421513157894736707e+02 1.358947368421052602e+02 1.192894736842105203e+02
1.426644295302013461e+02 1.360268456375839037e+02 1.193355704697986539e+02
1.427986577181208077e+02 1.363489932885906057e+02 1.190402684563758413e+02
1.427114093959731633e+02 1.362550335570469713e+02 1.189530201342281828e+02
1.424333333333333371e+02 1.359133333333333269e+02 1.185600000000000023e+02
1.422052980132450273e+02 1.361192052980132416e+02 1.181390728476821153e+02
1.422885906040268367e+02 1.362348993288590577e+02 1.184765100671140914e+02
1.418918918918919019e+02 1.358310810810810949e+02 1.183378378378378386e+02
1.423799999999999955e+02 1.357333333333333201e+02 1.179399999999999977e+02
1.423708609271523073e+02 1.361125827814569504e+02 1.178874172185430496e+02
1.426052631578947398e+02 1.361513157894736707e+02 1.174736842105263150e+02
1.428199999999999932e+02 1.360200000000000102e+02 1.173266666666666680e+02
1.420592105263157805e+02 1.361052631578947398e+02 1.174013157894736850e+02
1.415165562913907422e+02 1.359006622516556320e+02 1.168079470198675551e+02
1.417880794701986815e+02 1.365827814569536542e+02 1.168344370860927199e+02
1.413400000000000034e+02 1.363533333333333246e+02 1.166266666666666652e+02
1.410986842105263293e+02 1.365526315789473699e+02 1.157105263157894797e+02
1.409933774834437088e+02 1.364701986754966754e+02 1.152980132450331183e+02
1.407933333333333223e+02 1.367333333333333201e+02 1.149266666666666623e+02
1.412384105960264833e+02 1.369072847682119232e+02 1.149668874172185440e+02
1.415399999999999920e+02 1.369733333333333292e+02 1.150066666666666606e+02
1.412684563758389231e+02 1.371677852348993270e+02 1.149798657718120865e+02
1.415200000000000102e+02 1.380200000000000102e+02 1.148066666666666720e+02
1.415394736842105203e+02 1.382236842105263293e+02 1.146973684210526301e+02
1.420794701986754944e+02 1.381854304635761537e+02 1.146423841059602609e+02
1.422039473684210407e+02 1.384934210526315894e+02 1.145131578947368354e+02
1.423618421052631504e+02 1.388618421052631504e+02 1.141907894736842053e+02
1.426754966887417311e+02 1.392582781456953569e+02 1.145629139072847664e+02
1.426513157894736707e+02 1.395592105263157805e+02 1.145000000000000000e+02
1.423509933774834337e+02 1.398410596026490111e+02 1.143708609271523216e+02
1.422418300653594656e+02 1.399019607843137294e+02 1.146274509803921546e+02
1.425945945945945823e+02 1.406148648648648702e+02 1.145810810810810807e+02
1.421764705882353041e+02 1.405620915032679648e+02 1.148562091503267908e+02
1.428774193548387075e+02 1.403096774193548413e+02 1.152709677419354790e+02
1.432774193548387132e+02 1.399870967741935601e+02 1.153548387096774235e+02
1.434802631578947398e+02 1.407565789473684106e+02 1.155131578947368354e+02
1.429006622516556320e+02 1.411523178807946977e+02 1.158344370860927199e+02
1.429333333333333371e+02 1.410066666666666606e+02 1.160000000000000000e+02
1.435714285714285836e+02 1.409545454545454390e+02 1.165584415584415581e+02
1.440000000000000000e+02 1.412567567567567437e+02 1.167027027027027088e+02
1.443137254901960773e+02 1.404575163398692723e+02 1.172679738562091529e+02
1.448410596026490111e+02 1.401986754966887361e+02 1.174569536423841072e+02
1.449545454545454675e+02 1.400519480519480453e+02 1.176103896103896034e+02
1.450000000000000000e+02 1.400974025974026063e+02 1.173441558441558499e+02
1.451360544217687050e+02 1.398843537414965965e+02 1.170476190476190510e+02
1.450999999999999943e+02 1.398199999999999932e+02 1.171533333333333360e+02
1.449466666666666583e+02 1.392199999999999989e+02 1.174733333333333292e+02
1.448815789473684106e+02 1.390394736842105203e+02 1.180197368421052602e+02
1.448552631578947398e+02 1.385065789473684106e+02 1.182368421052631646e+02
1.448815789473684106e+02 1.384736842105263293e+02 1.183815789473684248e+02
1.448026315789473699e+02 1.383947368421052602e+02 1.184013157894736850e+02
1.447814569536423903e+02 1.380397350993377472e+02 1.179602649006622528e+02
1.448741721854304672e+02 1.384503311258278018e+02 1.181854304635761537e+02
1.448684210526315894e+02 1.389736842105263293e+02 1.189802631578947398e+02
1.454671052631578902e+02 1.391513157894736707e+02 1.192302631578947398e+02
1.451381578947368496e+02 1.388815789473684106e+02 1.199342105263157947e+02
1.454635761589403842e+02 1.388013245033112639e+02 1.203774834437086128e+02
1.458807947019867584e+02 1.384569536423840930e+02 1.202516556291390799e+02
1.456601307189542354e+02 1.383333333333333428e+02 1.204183006535947698e+02
1.456490066225165663e+02 1.381788079470198625e+02 1.198609271523178847e+02
1.456622516556291487e+02 1.375761589403973630e+02 1.195562913907284752e+02
1.457792207792207932e+02 1.373766233766233711e+02 1.196623376623376629e+02
1.457973856209150370e+02 1.375686274509803866e+02 1.197973856209150370e+02
1.459801324503311264e+02 1.370331125827814560e+02 1.195430463576158928e+02
1.460387096774193481e+02 1.367225806451612868e+02 1.201225806451612925e+02
1.462582781456953569e+02 1.366688741721854399e+02 1.199867549668874176e+02
1.458874172185430496e+02 1.366423841059602751e+02 1.206821192052980081e+02
1.452866666666666617e+02 1.368666666666666742e+02 1.209733333333333292e+02
1.449735099337748352e+02 1.369735099337748352e+02 1.207814569536423903e+02
1.446291390728476927e+02 1.374238410596026370e+02 1.208609271523178847e+02
1.440000000000000000e+02 1.373537414965986443e+02 1.209251700680272137e+02
1.433377483443708513e+02 1.369602649006622528e+02 1.214701986754966896e+02
1.433421052631578902e+02 1.375065789473684106e+02 1.215526315789473699e+02
1.431342281879194616e+02 1.376040268456375770e+02 1.214161073825503365e+02
1.426732026143790790e+02 1.369934640522875782e+02 1.211111111111111143e+02
1.422222222222222285e+02 1.372875816993464184e+02 1.207843137254901933e+02
1.418874172185430496e+02 1.371920529801324449e+02 1.207284768211920465e+02
1.420999999999999943e+02 1.370866666666666731e+02 1.209066666666666663e+02
1.420743243243243228e+02 1.370337837837837753e+02 1.211621621621621614e+02
1.420331125827814560e+02 1.371523178807946977e+02 1.215430463576158928e+02
1.415263157894736707e+02 1.372302631578947398e+02 1.214473684210526301e+02
1.410878378378378386e+02 1.374391891891891930e+02 1.211689189189189193e+02
1.409870129870129745e+02 1.375714285714285836e+02 1.209220779220779178e+02
1.410328947368421098e+02 1.378815789473684106e+02 1.212434210526315752e+02
1.410331125827814560e+02 1.376754966887417311e+02 1.207682119205298079e+02
1.406733333333333462e+02 1.382533333333333303e+02 1.199000000000000057e+02
1.408187919463087212e+02 1.381543624161073751e+02 1.194966442953020191e+02
1.410600000000000023e+02 1.381133333333333439e+02 1.193866666666666703e+02
1.408807947019867584e+02 1.379933774834437088e+02 1.193841059602649040e+02
1.410657894736842195e+02 1.376842105263157805e+02 1.191644736842105203e+02
1.411533333333333360e+02 1.371800000000000068e+02 1.190199999999999960e+02
1.410197368421052602e+02 1.371381578947368496e+02 1.189078947368421098e+02
1.412599999999999909e+02 1.369266666666666765e+02 1.186933333333333280e+02
1.415761589403973630e+02 1.365629139072847806e+02 1.189006622516556320e+02
1.419220779220779320e+02 1.368116883116883002e+02 1.191688311688311757e+02
1.425133333333333212e+02 1.362666666666666799e+02 1.190866666666666731e+02
1.425933333333333337e+02 1.360600000000000023e+02 1.188466666666666640e+02
1.427880794701986815e+02 1.358344370860927199e+02 1.190331125827814560e+02
1.435067567567567437e+02 1.359054054054054177e+02 1.190000000000000000e+02
1.431118421052631504e+02 1.355460526315789593e+02 1.185065789473684248e+02
1.431111111111111143e+02 1.356535947712418420e+02 1.182614379084967311e+02
1.432933333333333223e+02 1.349733333333333292e+02 1.179466666666666725e+02
1.434172185430463458e+02 1.346688741721854399e+02 1.176622516556291345e+02
1.433333333333333428e+02 1.342599999999999909e+02 1.172999999999999972e+02
1.432434210526315894e+02 1.340131578947368496e+02 1.172368421052631646e+02
1.438609271523178847e+02 1.337880794701986815e+02 1.171854304635761537e+02
1.439668874172185440e+02 1.339006622516556320e+02 1.167748344370860991e+02
1.438145695364238463e+02 1.343576158940397249e+02 1.161854304635761537e+02
1.439210526315789593e+02 1.344605263157894797e+02 1.165460526315789451e+02
1.438079470198675551e+02 1.344039735099337634e+02 1.158344370860927199e+02
1.439867549668874176e+02 1.340198675496688736e+02 1.157350993377483377e+02
1.445894039735099454e+02 1.339006622516556320e+02 1.160132450331125824e+02
1.448562091503268050e+02 1.340392156862745026e+02 1.161503267973856168e+02
1.453020134228187885e+02 1.341744966442952887e+02 1.162885906040268509e+02
1.454199999999999875e+02 1.343933333333333451e+02 1.162600000000000051e+02
1.456821192052980223e+02 1.345496688741721982e+02 1.160331125827814560e+02
1.457615894039735167e+02 1.344370860927152194e+02 1.157814569536423903e+02
1.459602649006622528e+02 1.341390728476821153e+02 1.156026490066225136e+02
1.462684563758389231e+02 1.343422818791946440e+02 1.153154362416107404e+02
1.467777777777777715e+02 1.337647058823529278e+02 1.152679738562091529e+02
1.470974025974026063e+02 1.338896103896103966e+02 1.151363636363636402e+02
1.466375838926174424e+02 1.340268456375839037e+02 1.146979865771812115e+02
1.471333333333333258e+02 1.337333333333333201e+02 1.138133333333333326e+02
1.478733333333333348e+02 1.337533333333333303e+02 1.134933333333333394e+02
1.481466666666666754e+02 1.337599999999999909e+02 1.132000000000000028e+02
1.476556291390728575e+02 1.341523178807946977e+02 1.130860927152317856e+02
1.475723684210526301e+02 1.339605263157894797e+02 1.129473684210526301e+02
1.484768211920529666e+02 1.333841059602648897e+02 1.123377483443708655e+02
1.486866666666666674e+02 1.333466666666666640e+02 1.117999999999999972e+02
1.491800000000000068e+02 1.331133333333333439e+02 1.117333333333333343e+02
1.490800000000000125e+02 1.335000000000000000e+02 1.117533333333333303e+02
1.487697368421052602e+02 1.334013157894736707e+02 1.116513157894736850e+02
1.491342281879194616e+02 1.332684563758389231e+02 1.111140939597315480e+02
1.497039473684210407e+02 1.329210526315789593e+02 1.108684210526315752e+02
1.499803921568627345e+02 1.327712418300653496e+02 1.108758169934640563e+02
1.499868421052631504e+02 1.330065789473684106e+02 1.103026315789473699e+02
1.503445945945945823e+02 1.331283783783783861e+02 1.103040540540540491e+02
1.503557046979865675e+02 1.331208053691275097e+02 1.106040268456375770e+02
1.501315789473684106e+02 1.324671052631578902e+02 1.105855263157894797e+02
1.504901960784313815e+02 1.325686274509803866e+02 1.109281045751634025e+02
1.504935064935064872e+02 1.326818181818181870e+02 1.110909090909090935e+02
1.509483870967741836e+02 1.323032258064516213e+02 1.112193548387096769e+02
1.511059602649006592e+02 1.322847682119205217e+02 1.113046357615894095e+02
1.513376623376623513e+02 1.317987012987013031e+02 1.111688311688311757e+02
1.511266666666666652e+02 1.320200000000000102e+02 1.108733333333333348e+02
1.510866666666666731e+02 1.320333333333333314e+02 1.108799999999999955e+02
1.518807947019867584e+02 1.318675496688741759e+02 1.104569536423841072e+02
1.520519480519480453e+02 1.313961038961039094e+02 1.102012987012986969e+02
1.520399999999999920e+02 1.310066666666666606e+02 1.102800000000000011e+02
1.521523178807946977e+02 1.305364238410596158e+02 1.097019867549668817e+02
1.518476821192053023e+02 1.308344370860927199e+02 1.098278145695364287e+02
1.524799999999999898e+02 1.299799999999999898e+02 1.091599999999999966e+02
1.525629139072847806e+02 1.302185430463576097e+02 1.087152317880794641e+02
1.528881578947368496e+02 1.300855263157894797e+02 1.084013157894736850e+02
1.529733333333333292e+02 1.301266666666666652e+02 1.080333333333333314e+02
1.530800000000000125e+02 1.303666666666666742e+02 1.076466666666666612e+02
1.536200000000000045e+02 1.301599999999999966e+02 1.080000000000000000e+02
1.540201342281879135e+02 1.302751677852349133e+02 1.076040268456375770e+02
1.538026315789473699e+02 1.303618421052631504e+02 1.076907894736842053e+02
1.535629139072847806e+02 1.302582781456953569e+02 1.072052980132450273e+02
1.534304635761589282e+02 1.304635761589403842e+02 1.070198675496688736e+02
1.535460526315789593e+02 1.305789473684210407e+02 1.067171052631578902e+02
1.535714285714285836e+02 1.305324675324675354e+02 1.069740259740259773e+02
1.539000000000000057e+02 1.306933333333333280e+02 1.063599999999999994e+02
1.540198675496688736e+02 1.309337748344370880e+02 1.064238410596026512e+02
1.544370860927152194e+02 1.313907284768211809e+02 1.063576158940397391e+02
1.545129870129870255e+02 1.313181818181818130e+02 1.062532467532467564e+02
1.544966442953020191e+02 1.314026845637583847e+02 1.060805369127516826e+02
1.547272727272727195e+02 1.315909090909090935e+02 1.058051948051948017e+02
1.548079470198675551e+02 1.318476821192053023e+02 1.052582781456953711e+02
1.552013422818791923e+02 1.322080536912751541e+02 1.053422818791946298e+02
1.555165562913907422e+02 1.323443708609271425e+02 1.051523178807946977e+02
1.557697368421052602e+02 1.320328947368421098e+02 1.056184210526315752e+02
1.561986754966887361e+02 1.325629139072847806e+02 1.059735099337748352e+02
1.557533333333333303e+02 1.328866666666666561e+02 1.056866666666666674e+02
1.562763157894736707e+02 1.323486842105263293e+02 1.056447368421052602e+02
1.560399999999999920e+02 1.326866666666666674e+02 1.062733333333333263e+02
1.558581081081080981e+02 1.327297297297297405e+02 1.063716216216216282e+02
1.555789473684210407e+02 1.324078947368421098e+02 1.063552631578947398e+02
1.555540540540540633e+02 1.325337837837837753e+02 1.056689189189189193e+02
1.555270270270270316e+02 1.321486486486486456e+02 1.054459459459459509e+02
1.557382550335570386e+02 1.318523489932885866e+02 1.051812080536912788e+02
1.557254901960784252e+02 1.320326797385620807e+02 1.050980392156862706e+02
1.559333333333333371e+02 1.323466666666666640e+02 1.044733333333333292e+02
1.564466666666666583e+02 1.320000000000000000e+02 1.035866666666666731e+02
1.569536423841059616e+02 1.318344370860927199e+02 1.034701986754966896e+02
1.568199999999999932e+02 1.319600000000000080e+02 1.032000000000000028e+02
1.570986842105263293e+02 1.319802631578947398e+02 1.027039473684210549e+02
1.570000000000000000e+02 1.317162162162162247e+02 1.025540540540540491e+02
1.571208053691275097e+02 1.314630872483221538e+02 1.025906040268456394e+02
1.569333333333333371e+02 1.315466666666666526e+02 1.025933333333333337e+02
1.571644736842105203e+02 1.315197368421052602e+02 1.023355263157894797e+02
1.574503311258278018e+02 1.314900662251655490e+02 1.017880794701986815e+02
