1.290000000000000000e+02 1.279072847682119232e+02 1.281456953642384065e+02
1.288079470198675551e+02 1.279735099337748352e+02 1.281125827814569504e+02
1.289933333333333394e+02 1.279133333333333269e+02 1.280866666666666731e+02
1.289865771812080482e+02 1.280201342281879135e+02 1.279530201342281828e+02
1.290000000000000000e+02 1.280662251655629120e+02 1.278609271523178847e+02
1.291610738255033652e+02 1.278456375838926107e+02 1.277718120805369182e+02
1.289072847682119232e+02 1.280529801324503296e+02 1.279006622516556320e+02
1.289006622516556320e+02 1.279139072847682144e+02 1.279006622516556320e+02
1.289933774834437088e+02 1.280463576158940384e+02 1.278145695364238463e+02
1.289199999999999875e+02 1.278799999999999955e+02 1.277066666666666634e+02
1.288543046357615935e+02 1.278476821192053023e+02 1.276887417218542993e+02
1.289333333333333371e+02 1.278400000000000034e+02 1.277666666666666657e+02
1.290201342281879135e+02 1.277852348993288558e+02 1.278120805369127453e+02
1.290927152317880768e+02 1.276821192052980081e+02 1.279536423841059616e+02
1.289337748344370880e+02 1.277086092715231729e+02 1.278410596026490111e+02
1.290000000000000000e+02 1.276866666666666674e+02 1.276733333333333320e+02
1.290794701986754944e+02 1.275695364238410576e+02 1.279072847682119232e+02
1.289466666666666583e+02 1.275600000000000023e+02 1.279000000000000057e+02
1.291466666666666754e+02 1.273533333333333388e+02 1.280399999999999920e+02
1.293066666666666720e+02 1.272333333333333343e+02 1.282533333333333303e+02
1.293907284768211809e+02 1.270927152317880768e+02 1.280463576158940384e+02
1.293046357615893953e+02 1.271788079470198625e+02 1.280596026490066208e+02
1.291866666666666674e+02 1.271266666666666652e+02 1.281466666666666754e+02
1.290066666666666606e+02 1.272999999999999972e+02 1.281733333333333462e+02
1.290800000000000125e+02 1.274866666666666646e+02 1.282199999999999989e+02
1.288600000000000136e+02 1.276066666666666691e+02 1.280466666666666526e+02
1.288933333333333451e+02 1.277133333333333383e+02 1.283333333333333428e+02
1.288590604026845767e+02 1.276442953020134183e+02 1.281812080536912788e+02
1.288926174496644421e+02 1.275570469798657740e+02 1.282416107382550194e+02
1.287615894039735167e+02 1.276622516556291345e+02 1.282582781456953569e+02
1.287466666666666697e+02 1.276533333333333360e+02 1.283400000000000034e+02
1.287133333333333383e+02 1.276599999999999966e+02 1.283266666666666538e+02
1.287133333333333383e+02 1.275933333333333337e+02 1.283933333333333451e+02
1.286466666666666754e+02 1.276533333333333360e+02 1.284133333333333269e+02
1.286866666666666674e+02 1.276133333333333297e+02 1.284066666666666663e+02
1.287599999999999909e+02 1.276066666666666691e+02 1.283666666666666742e+02
1.287599999999999909e+02 1.276200000000000045e+02 1.284133333333333269e+02
1.287666666666666799e+02 1.276333333333333400e+02 1.284199999999999875e+02
1.288000000000000114e+02 1.276800000000000068e+02 1.284533333333333474e+02
1.287866666666666617e+02 1.276866666666666674e+02 1.284666666666666686e+02
1.287666666666666799e+02 1.276866666666666674e+02 1.284733333333333292e+02
1.287666666666666799e+02 1.276866666666666674e+02 1.284733333333333292e+02
1.287666666666666799e+02 1.276866666666666674e+02 1.284733333333333292e+02
1.287666666666666799e+02 1.276866666666666674e+02 1.284733333333333292e+02
1.287666666666666799e+02 1.276866666666666674e+02 1.284733333333333292e+02
1.287666666666666799e+02 1.276866666666666674e+02 1.284733333333333292e+02
1.287666666666666799e+02 1.276866666666666674e+02 1.284733333333333292e+02
1.287666666666666799e+02 1.276866666666666674e+02 1.284733333333333292e+02
1.287666666666666799e+02 1.276866666666666674e+02 1.284733333333333292e+02
1.287666666666666799e+02 1.276866666666666674e+02 1.284733333333333292e+02
1.287666666666666799e+02 1.276866666666666674e+02 1.284733333333333292e+02
1.287666666666666799e+02 1.276866666666666674e+02 1.284733333333333292e+02
1.287666666666666799e+02 1.276866666666666674e+02 1.284733333333333292e+02
1.287666666666666799e+02 1.276866666666666674e+02 1.284733333333333292e+02
1.287666666666666799e+02 1.276866666666666674e+02 1.284733333333333292e+02
1.287666666666666799e+02 1.276866666666666674e+02 1.284733333333333292e+02
1.287666666666666799e+02 1.276866666666666674e+02 1.284733333333333292e+02
1.287666666666666799e+02 1.276866666666666674e+02 1.284733333333333292e+02
1.287666666666666799e+02 1.276866666666666674e+02 1.284733333333333292e+02
1.287666666666666799e+02 1.276866666666666674e+02 1.284733333333333292e+02
1.287666666666666799e+02 1.276866666666666674e+02 1.284733333333333292e+02
1.287666666666666799e+02 1.276866666666666674e+02 1.284733333333333292e+02
1.287666666666666799e+02 1.276866666666666674e+02 1.284733333333333292e+02
1.287666666666666799e+02 1.276866666666666674e+02 1.284733333333333292e+02
1.287666666666666799e+02 1.276866666666666674e+02 1.284733333333333292e+02
1.287666666666666799e+02 1.276866666666666674e+02 1.284733333333333292e+02
1.287666666666666799e+02 1.276866666666666674e+02 1.284733333333333292e+02
1.287666666666666799e+02 1.276866666666666674e+02 1.284733333333333292e+02
1.287666666666666799e+02 1.276866666666666674e+02 1.284733333333333292e+02
1.287666666666666799e+02 1.276866666666666674e+02 1.284733333333333292e+02
1.287666666666666799e+02 1.276866666666666674e+02 1.284733333333333292e+02
1.287666666666666799e+02 1.276866666666666674e+02 1.284733333333333292e+02
1.287666666666666799e+02 1.276866666666666674e+02 1.284733333333333292e+02
1.287666666666666799e+02 1.276866666666666674e+02 1.284733333333333292e+02
1.287666666666666799e+02 1.276866666666666674e+02 1.284733333333333292e+02
1.287666666666666799e+02 1.276866666666666674e+02 1.284733333333333292e+02
1.287666666666666799e+02 1.276866666666666674e+02 1.284733333333333292e+02
1.287666666666666799e+02 1.276866666666666674e+02 1.284733333333333292e+02
1.287666666666666799e+02 1.276866666666666674e+02 1.284733333333333292e+02
1.287666666666666799e+02 1.276866666666666674e+02 1.284733333333333292e+02
1.287666666666666799e+02 1.276866666666666674e+02 1.284733333333333292e+02
1.287666666666666799e+02 1.276866666666666674e+02 1.284733333333333292e+02
1.287666666666666799e+02 1.276866666666666674e+02 1.284733333333333292e+02
1.287666666666666799e+02 1.276866666666666674e+02 1.284733333333333292e+02
1.287666666666666799e+02 1.276866666666666674e+02 1.284733333333333292e+02
1.287666666666666799e+02 1.276866666666666674e+02 1.284733333333333292e+02
1.287666666666666799e+02 1.276866666666666674e+02 1.284733333333333292e+02
1.287666666666666799e+02 1.276866666666666674e+02 1.284733333333333292e+02
1.287666666666666799e+02 1.276866666666666674e+02 1.284733333333333292e+02
1.287666666666666799e+02 1.276866666666666674e+02 1.284733333333333292e+02
1.287666666666666799e+02 1.276866666666666674e+02 1.284733333333333292e+02
1.287666666666666799e+02 1.276866666666666674e+02 1.284733333333333292e+02
1.287666666666666799e+02 1.276866666666666674e+02 1.284733333333333292e+02
1.287666666666666799e+02 1.276866666666666674e+02 1.284733333333333292e+02
1.287666666666666799e+02 1.276866666666666674e+02 1.284733333333333292e+02
1.287666666666666799e+02 1.276866666666666674e+02 1.284733333333333292e+02
1.287666666666666799e+02 1.276866666666666674e+02 1.284733333333333292e+02
1.287666666666666799e+02 1.276866666666666674e+02 1.284733333333333292e+02
1.287666666666666799e+02 1.276866666666666674e+02 1.284733333333333292e+02
1.287666666666666799e+02 1.276866666666666674e+02 1.284733333333333292e+02
1.287666666666666799e+02 1.276866666666666674e+02 1.284733333333333292e+02
1.287666666666666799e+02 1.276866666666666674e+02 1.284733333333333292e+02
1.287666666666666799e+02 1.276866666666666674e+02 1.284733333333333292e+02
1.287666666666666799e+02 1.276866666666666674e+02 1.284733333333333292e+02
1.287666666666666799e+02 1.276866666666666674e+02 1.284733333333333292e+02
1.287666666666666799e+02 1.276866666666666674e+02 1.284733333333333292e+02
1.287666666666666799e+02 1.276866666666666674e+02 1.284733333333333292e+02
1.287666666666666799e+02 1.276866666666666674e+02 1.284733333333333292e+02
1.287666666666666799e+02 1.276866666666666674e+02 1.284733333333333292e+02
1.287666666666666799e+02 1.276866666666666674e+02 1.284733333333333292e+02
1.287666666666666799e+02 1.276866666666666674e+02 1.284733333333333292e+02
1.287666666666666799e+02 1.276866666666666674e+02 1.284733333333333292e+02
1.287666666666666799e+02 1.276866666666666674e+02 1.284733333333333292e+02
1.287666666666666799e+02 1.276866666666666674e+02 1.284733333333333292e+02
1.287666666666666799e+02 1.276866666666666674e+02 1.284733333333333292e+02
1.287666666666666799e+02 1.276866666666666674e+02 1.284733333333333292e+02
1.287666666666666799e+02 1.276866666666666674e+02 1.284733333333333292e+02
1.287666666666666799e+02 1.276866666666666674e+02 1.284733333333333292e+02
1.287666666666666799e+02 1.276866666666666674e+02 1.284733333333333292e+02
1.287666666666666799e+02 1.276866666666666674e+02 1.284733333333333292e+02
1.287666666666666799e+02 1.276866666666666674e+02 1.284733333333333292e+02
1.287666666666666799e+02 1.276866666666666674e+02 1.284733333333333292e+02
1.287666666666666799e+02 1.276866666666666674e+02 1.284733333333333292e+02
1.287666666666666799e+02 1.276866666666666674e+02 1.284733333333333292e+02
1.287666666666666799e+02 1.276866666666666674e+02 1.284733333333333292e+02
1.287666666666666799e+02 1.276866666666666674e+02 1.284733333333333292e+02
1.287666666666666799e+02 1.276866666666666674e+02 1.284733333333333292e+02
1.287666666666666799e+02 1.276866666666666674e+02 1.284733333333333292e+02
1.287666666666666799e+02 1.276866666666666674e+02 1.284733333333333292e+02
1.287666666666666799e+02 1.276866666666666674e+02 1.284733333333333292e+02
1.287666666666666799e+02 1.276866666666666674e+02 1.284733333333333292e+02
1.287666666666666799e+02 1.276866666666666674e+02 1.284733333333333292e+02
1.287666666666666799e+02 1.276866666666666674e+02 1.284733333333333292e+02
1.287666666666666799e+02 1.276866666666666674e+02 1.284733333333333292e+02
1.287666666666666799e+02 1.276866666666666674e+02 1.284733333333333292e+02
1.287666666666666799e+02 1.276866666666666674e+02 1.284733333333333292e+02
1.287666666666666799e+02 1.276866666666666674e+02 1.284733333333333292e+02
1.287666666666666799e+02 1.276866666666666674e+02 1.284733333333333292e+02
1.287666666666666799e+02 1.276866666666666674e+02 1.284733333333333292e+02
1.287666666666666799e+02 1.276866666666666674e+02 1.284733333333333292e+02
1.287666666666666799e+02 1.276866666666666674e+02 1.284733333333333292e+02
1.287666666666666799e+02 1.276866666666666674e+02 1.284733333333333292e+02
1.287666666666666799e+02 1.276866666666666674e+02 1.284733333333333292e+02
1.287666666666666799e+02 1.276866666666666674e+02 1.284733333333333292e+02
1.287666666666666799e+02 1.276866666666666674e+02 1.284733333333333292e+02
1.287666666666666799e+02 1.276866666666666674e+02 1.284733333333333292e+02
1.287666666666666799e+02 1.276866666666666674e+02 1.284733333333333292e+02
1.287666666666666799e+02 1.276866666666666674e+02 1.284733333333333292e+02
1.287666666666666799e+02 1.276866666666666674e+02 1.284733333333333292e+02
1.287666666666666799e+02 1.276866666666666674e+02 1.284733333333333292e+02
1.287666666666666799e+02 1.276866666666666674e+02 1.284733333333333292e+02
1.287666666666666799e+02 1.276866666666666674e+02 1.284733333333333292e+02
1.287666666666666799e+02 1.276866666666666674e+02 1.284733333333333292e+02
1.287666666666666799e+02 1.276866666666666674e+02 1.284733333333333292e+02
1.287666666666666799e+02 1.276866666666666674e+02 1.284733333333333292e+02
1.287666666666666799e+02 1.276866666666666674e+02 1.284733333333333292e+02
1.287666666666666799e+02 1.276866666666666674e+02 1.284733333333333292e+02
1.287666666666666799e+02 1.276866666666666674e+02 1.284733333333333292e+02
1.287666666666666799e+02 1.276866666666666674e+02 1.284733333333333292e+02
1.287666666666666799e+02 1.276866666666666674e+02 1.284733333333333292e+02
1.287666666666666799e+02 1.276866666666666674e+02 1.284733333333333292e+02
1.287666666666666799e+02 1.276866666666666674e+02 1.284733333333333292e+02
1.287666666666666799e+02 1.276866666666666674e+02 1.284733333333333292e+02
1.287666666666666799e+02 1.276866666666666674e+02 1.284733333333333292e+02
1.287666666666666799e+02 1.276866666666666674e+02 1.284733333333333292e+02
1.287666666666666799e+02 1.276866666666666674e+02 1.284733333333333292e+02
1.287666666666666799e+02 1.276866666666666674e+02 1.284733333333333292e+02
1.287666666666666799e+02 1.276866666666666674e+02 1.284733333333333292e+02
1.287666666666666799e+02 1.276866666666666674e+02 1.284733333333333292e+02
1.287666666666666799e+02 1.276866666666666674e+02 1.284733333333333292e+02
1.287666666666666799e+02 1.276866666666666674e+02 1.284733333333333292e+02
1.287666666666666799e+02 1.276866666666666674e+02 1.284733333333333292e+02
1.287666666666666799e+02 1.276866666666666674e+02 1.284733333333333292e+02
1.287666666666666799e+02 1.276866666666666674e+02 1.284733333333333292e+02
1.287666666666666799e+02 1.276866666666666674e+02 1.284733333333333292e+02
1.287666666666666799e+02 1.276866666666666674e+02 1.284733333333333292e+02
1.287666666666666799e+02 1.276866666666666674e+02 1.284733333333333292e+02
1.287666666666666799e+02 1.276866666666666674e+02 1.284733333333333292e+02
1.287666666666666799e+02 1.276866666666666674e+02 1.284733333333333292e+02
1.287666666666666799e+02 1.276866666666666674e+02 1.284733333333333292e+02
1.287666666666666799e+02 1.276866666666666674e+02 1.284733333333333292e+02
1.287666666666666799e+02 1.276866666666666674e+02 1.284733333333333292e+02
1.287666666666666799e+02 1.276866666666666674e+02 1.284733333333333292e+02
1.287666666666666799e+02 1.276866666666666674e+02 1.284733333333333292e+02
1.287666666666666799e+02 1.276866666666666674e+02 1.284733333333333292e+02
1.287666666666666799e+02 1.276866666666666674e+02 1.284733333333333292e+02
1.287666666666666799e+02 1.276866666666666674e+02 1.284733333333333292e+02
1.287666666666666799e+02 1.276866666666666674e+02 1.284733333333333292e+02
1.287666666666666799e+02 1.276866666666666674e+02 1.284733333333333292e+02
1.287666666666666799e+02 1.276866666666666674e+02 1.284733333333333292e+02
1.287666666666666799e+02 1.276866666666666674e+02 1.284733333333333292e+02
1.287666666666666799e+02 1.276866666666666674e+02 1.284733333333333292e+02
1.287666666666666799e+02 1.276866666666666674e+02 1.284733333333333292e+02
1.287666666666666799e+02 1.276866666666666674e+02 1.284733333333333292e+02
1.287666666666666799e+02 1.276866666666666674e+02 1.284733333333333292e+02
1.287666666666666799e+02 1.276866666666666674e+02 1.284733333333333292e+02
1.287666666666666799e+02 1.276866666666666674e+02 1.284733333333333292e+02
1.287666666666666799e+02 1.276866666666666674e+02 1.284733333333333292e+02
1.287666666666666799e+02 1.276866666666666674e+02 1.284733333333333292e+02
1.287666666666666799e+02 1.276866666666666674e+02 1.284733333333333292e+02
1.287666666666666799e+02 1.276866666666666674e+02 1.284733333333333292e+02
1.287666666666666799e+02 1.276866666666666674e+02 1.284733333333333292e+02
1.287666666666666799e+02 1.276866666666666674e+02 1.284733333333333292e+02
1.287666666666666799e+02 1.276866666666666674e+02 1.284733333333333292e+02
1.287666666666666799e+02 1.276866666666666674e+02 1.284733333333333292e+02
1.287666666666666799e+02 1.276866666666666674e+02 1.284733333333333292e+02
1.287666666666666799e+02 1.276866666666666674e+02 1.284733333333333292e+02
1.287666666666666799e+02 1.276866666666666674e+02 1.284733333333333292e+02
1.287666666666666799e+02 1.276866666666666674e+02 1.284733333333333292e+02
1.287666666666666799e+02 1.276866666666666674e+02 1.284733333333333292e+02
1.287666666666666799e+02 1.276866666666666674e+02 1.284733333333333292e+02
1.287666666666666799e+02 1.276866666666666674e+02 1.284733333333333292e+02
1.287666666666666799e+02 1.276866666666666674e+02 1.284733333333333292e+02
1.287666666666666799e+02 1.276866666666666674e+02 1.284733333333333292e+02
1.287666666666666799e+02 1.276866666666666674e+02 1.284733333333333292e+02
1.287666666666666799e+02 1.276866666666666674e+02 1.284733333333333292e+02
1.287666666666666799e+02 1.276866666666666674e+02 1.284733333333333292e+02
1.287666666666666799e+02 1.276866666666666674e+02 1.284733333333333292e+02
1.287666666666666799e+02 1.276866666666666674e+02 1.284733333333333292e+02
1.287666666666666799e+02 1.276866666666666674e+02 1.284733333333333292e+02
1.287666666666666799e+02 1.276866666666666674e+02 1.284733333333333292e+02
1.287666666666666799e+02 1.276866666666666674e+02 1.284733333333333292e+02
1.287666666666666799e+02 1.276866666666666674e+02 1.284733333333333292e+02
1.287666666666666799e+02 1.276866666666666674e+02 1.284733333333333292e+02
1.287666666666666799e+02 1.276866666666666674e+02 1.284733333333333292e+02
1.287666666666666799e+02 1.276866666666666674e+02 1.284733333333333292e+02
1.287666666666666799e+02 1.276866666666666674e+02 1.284733333333333292e+02
1.287666666666666799e+02 1.276866666666666674e+02 1.284733333333333292e+02
1.287666666666666799e+02 1.276866666666666674e+02 1.284733333333333292e+02
1.287666666666666799e+02 1.276866666666666674e+02 1.284733333333333292e+02
1.287666666666666799e+02 1.276866666666666674e+02 1.284733333333333292e+02
1.287666666666666799e+02 1.276866666666666674e+02 1.284733333333333292e+02
1.287666666666666799e+02 1.276866666666666674e+02 1.284733333333333292e+02
1.287666666666666799e+02 1.276866666666666674e+02 1.284733333333333292e+02
1.287666666666666799e+02 1.276866666666666674e+02 1.284733333333333292e+02
1.287666666666666799e+02 1.276866666666666674e+02 1.284733333333333292e+02
1.287666666666666799e+02 1.276866666666666674e+02 1.284733333333333292e+02
1.287666666666666799e+02 1.276866666666666674e+02 1.284733333333333292e+02
1.287666666666666799e+02 1.276866666666666674e+02 1.284733333333333292e+02
1.287666666666666799e+02 1.276866666666666674e+02 1.284733333333333292e+02
1.287666666666666799e+02 1.276866666666666674e+02 1.284733333333333292e+02
1.287666666666666799e+02 1.276866666666666674e+02 1.284733333333333292e+02
1.287666666666666799e+02 1.276866666666666674e+02 1.284733333333333292e+02
1.287666666666666799e+02 1.276866666666666674e+02 1.284733333333333292e+02
1.287666666666666799e+02 1.276866666666666674e+02 1.284733333333333292e+02
1.287666666666666799e+02 1.276866666666666674e+02 1.284733333333333292e+02
1.287666666666666799e+02 1.276866666666666674e+02 1.284733333333333292e+02
1.287666666666666799e+02 1.276866666666666674e+02 1.284733333333333292e+02
1.287666666666666799e+02 1.276866666666666674e+02 1.284733333333333292e+02
1.287666666666666799e+02 1.276866666666666674e+02 1.284733333333333292e+02
1.287666666666666799e+02 1.276866666666666674e+02 1.284733333333333292e+02
1.287666666666666799e+02 1.276866666666666674e+02 1.284733333333333292e+02
1.287666666666666799e+02 1.276866666666666674e+02 1.284733333333333292e+02
1.287666666666666799e+02 1.276866666666666674e+02 1.284733333333333292e+02
1.287666666666666799e+02 1.276866666666666674e+02 1.284733333333333292e+02
1.287666666666666799e+02 1.276866666666666674e+02 1.284733333333333292e+02
1.287666666666666799e+02 1.276866666666666674e+02 1.284733333333333292e+02
1.287666666666666799e+02 1.276866666666666674e+02 1.284733333333333292e+02
1.287666666666666799e+02 1.276866666666666674e+02 1.284733333333333292e+02
1.287666666666666799e+02 1.276866666666666674e+02 1.284733333333333292e+02
1.287666666666666799e+02 1.276866666666666674e+02 1.284733333333333292e+02
1.287666666666666799e+02 1.276866666666666674e+02 1.284733333333333292e+02
1.287666666666666799e+02 1.276866666666666674e+02 1.284733333333333292e+02
1.287666666666666799e+02 1.276866666666666674e+02 1.284733333333333292e+02
1.287666666666666799e+02 1.276866666666666674e+02 1.284733333333333292e+02
1.287666666666666799e+02 1.276866666666666674e+02 1.284733333333333292e+02
1.287666666666666799e+02 1.276866666666666674e+02 1.284733333333333292e+02
1.287666666666666799e+02 1.276866666666666674e+02 1.284733333333333292e+02
1.287666666666666799e+02 1.276866666666666674e+02 1.284733333333333292e+02
1.287666666666666799e+02 1.276866666666666674e+02 1.284733333333333292e+02
1.287666666666666799e+02 1.276866666666666674e+02 1.284733333333333292e+02
1.287666666666666799e+02 1.276866666666666674e+02 1.284733333333333292e+02
1.287666666666666799e+02 1.276866666666666674e+02 1.284733333333333292e+02
1.287666666666666799e+02 1.276866666666666674e+02 1.284733333333333292e+02
1.287666666666666799e+02 1.276866666666666674e+02 1.284733333333333292e+02
1.287666666666666799e+02 1.276866666666666674e+02 1.284733333333333292e+02
1.287666666666666799e+02 1.276866666666666674e+02 1.284733333333333292e+02
1.287666666666666799e+02 1.276866666666666674e+02 1.284733333333333292e+02
1.287666666666666799e+02 1.276866666666666674e+02 1.284733333333333292e+02
1.287666666666666799e+02 1.276866666666666674e+02 1.284733333333333292e+02
1.287666666666666799e+02 1.276866666666666674e+02 1.284733333333333292e+02
1.287666666666666799e+02 1.276866666666666674e+02 1.284733333333333292e+02
1.287666666666666799e+02 1.276866666666666674e+02 1.284733333333333292e+02
1.287666666666666799e+02 1.276866666666666674e+02 1.284733333333333292e+02
1.287666666666666799e+02 1.276866666666666674e+02 1.284733333333333292e+02
1.287666666666666799e+02 1.276866666666666674e+02 1.284733333333333292e+02
1.287666666666666799e+02 1.276866666666666674e+02 1.284733333333333292e+02
1.287666666666666799e+02 1.276866666666666674e+02 1.284733333333333292e+02
1.287666666666666799e+02 1.276866666666666674e+02 1.284733333333333292e+02
1.287666666666666799e+02 1.276866666666666674e+02 1.284733333333333292e+02
1.287666666666666799e+02 1.276866666666666674e+02 1.284733333333333292e+02
1.287666666666666799e+02 1.276866666666666674e+02 1.284733333333333292e+02
1.287666666666666799e+02 1.276866666666666674e+02 1.284733333333333292e+02
1.287666666666666799e+02 1.276866666666666674e+02 1.284733333333333292e+02
1.287666666666666799e+02 1.276866666666666674e+02 1.284733333333333292e+02
1.287666666666666799e+02 1.276866666666666674e+02 1.284733333333333292e+02
1.287666666666666799e+02 1.276866666666666674e+02 1.284733333333333292e+02
1.287666666666666799e+02 1.276866666666666674e+02 1.284733333333333292e+02
1.287666666666666799e+02 1.276866666666666674e+02 1.284733333333333292e+02
1.287666666666666799e+02 1.276866666666666674e+02 1.284733333333333292e+02
1.287666666666666799e+02 1.276866666666666674e+02 1.284733333333333292e+02
1.287666666666666799e+02 1.276866666666666674e+02 1.284733333333333292e+02
1.287666666666666799e+02 1.276866666666666674e+02 1.284733333333333292e+02
1.287666666666666799e+02 1.276866666666666674e+02 1.284733333333333292e+02
1.287666666666666799e+02 1.276866666666666674e+02 1.284733333333333292e+02
1.287666666666666799e+02 1.276866666666666674e+02 1.284733333333333292e+02
1.287666666666666799e+02 1.276866666666666674e+02 1.284733333333333292e+02
1.287666666666666799e+02 1.276866666666666674e+02 1.284733333333333292e+02
1.287666666666666799e+02 1.276866666666666674e+02 1.284733333333333292e+02
1.287666666666666799e+02 1.276866666666666674e+02 1.284733333333333292e+02
1.287666666666666799e+02 1.276866666666666674e+02 1.284733333333333292e+02
1.287666666666666799e+02 1.276866666666666674e+02 1.284733333333333292e+02
1.287666666666666799e+02 1.276866666666666674e+02 1.284733333333333292e+02
1.287666666666666799e+02 1.276866666666666674e+02 1.284733333333333292e+02
1.287666666666666799e+02 1.276866666666666674e+02 1.284733333333333292e+02
1.287666666666666799e+02 1.276866666666666674e+02 1.284733333333333292e+02
1.287666666666666799e+02 1.276866666666666674e+02 1.284733333333333292e+02
1.287666666666666799e+02 1.276866666666666674e+02 1.284733333333333292e+02
1.287666666666666799e+02 1.276866666666666674e+02 1.284733333333333292e+02
1.287666666666666799e+02 1.276866666666666674e+02 1.284733333333333292e+02
1.287666666666666799e+02 1.276866666666666674e+02 1.284733333333333292e+02
1.287666666666666799e+02 1.276866666666666674e+02 1.284733333333333292e+02
1.287666666666666799e+02 1.276866666666666674e+02 1.284733333333333292e+02
1.287666666666666799e+02 1.276866666666666674e+02 1.284733333333333292e+02
1.287666666666666799e+02 1.276866666666666674e+02 1.284733333333333292e+02
1.287666666666666799e+02 1.276866666666666674e+02 1.284733333333333292e+02
1.287666666666666799e+02 1.276866666666666674e+02 1.284733333333333292e+02
1.287666666666666799e+02 1.276866666666666674e+02 1.284733333333333292e+02
1.287666666666666799e+02 1.276866666666666674e+02 1.284733333333333292e+02
1.287666666666666799e+02 1.276866666666666674e+02 1.284733333333333292e+02
1.287666666666666799e+02 1.276866666666666674e+02 1.284733333333333292e+02
1.287666666666666799e+02 1.276866666666666674e+02 1.284733333333333292e+02
1.287666666666666799e+02 1.276866666666666674e+02 1.284733333333333292e+02
1.287666666666666799e+02 1.276866666666666674e+02 1.284733333333333292e+02
1.287666666666666799e+02 1.276866666666666674e+02 1.284733333333333292e+02
1.287666666666666799e+02 1.276866666666666674e+02 1.284733333333333292e+02
1.287666666666666799e+02 1.276866666666666674e+02 1.284733333333333292e+02
1.287666666666666799e+02 1.276866666666666674e+02 1.284733333333333292e+02
1.287666666666666799e+02 1.276866666666666674e+02 1.284733333333333292e+02
1.287666666666666799e+02 1.276866666666666674e+02 1.284733333333333292e+02
1.287666666666666799e+02 1.276866666666666674e+02 1.284733333333333292e+02
1.287666666666666799e+02 1.276866666666666674e+02 1.284733333333333292e+02
1.287666666666666799e+02 1.276866666666666674e+02 1.284733333333333292e+02
1.287666666666666799e+02 1.276866666666666674e+02 1.284733333333333292e+02
1.287666666666666799e+02 1.276866666666666674e+02 1.284733333333333292e+02
1.287666666666666799e+02 1.276866666666666674e+02 1.284733333333333292e+02
1.287666666666666799e+02 1.276866666666666674e+02 1.284733333333333292e+02
1.287666666666666799e+02 1.276866666666666674e+02 1.284733333333333292e+02
1.287666666666666799e+02 1.276866666666666674e+02 1.284733333333333292e+02
1.287666666666666799e+02 1.276866666666666674e+02 1.284733333333333292e+02
1.287666666666666799e+02 1.276866666666666674e+02 1.284733333333333292e+02
1.287666666666666799e+02 1.276866666666666674e+02 1.284733333333333292e+02
1.287666666666666799e+02 1.276866666666666674e+02 1.284733333333333292e+02
1.287666666666666799e+02 1.276866666666666674e+02 1.284733333333333292e+02
1.287666666666666799e+02 1.276866666666666674e+02 1.284733333333333292e+02
1.287666666666666799e+02 1.276866666666666674e+02 1.284733333333333292e+02
1.287666666666666799e+02 1.276866666666666674e+02 1.284733333333333292e+02
1.287666666666666799e+02 1.276866666666666674e+02 1.284733333333333292e+02
1.287666666666666799e+02 1.276866666666666674e+02 1.284733333333333292e+02
1.287666666666666799e+02 1.276866666666666674e+02 1.284733333333333292e+02
1.287666666666666799e+02 1.276866666666666674e+02 1.284733333333333292e+02
1.287666666666666799e+02 1.276866666666666674e+02 1.284733333333333292e+02
1.287666666666666799e+02 1.276866666666666674e+02 1.284733333333333292e+02
1.287666666666666799e+02 1.276866666666666674e+02 1.284733333333333292e+02
1.287666666666666799e+02 1.276866666666666674e+02 1.284733333333333292e+02
1.287666666666666799e+02 1.276866666666666674e+02 1.284733333333333292e+02
1.287666666666666799e+02 1.276866666666666674e+02 1.284733333333333292e+02
1.287666666666666799e+02 1.276866666666666674e+02 1.284733333333333292e+02
1.287666666666666799e+02 1.276866666666666674e+02 1.284733333333333292e+02
1.287666666666666799e+02 1.276866666666666674e+02 1.284733333333333292e+02
1.287666666666666799e+02 1.276866666666666674e+02 1.284733333333333292e+02
1.287666666666666799e+02 1.276866666666666674e+02 1.284733333333333292e+02
1.287666666666666799e+02 1.276866666666666674e+02 1.284733333333333292e+02
1.287666666666666799e+02 1.276866666666666674e+02 1.284733333333333292e+02
1.287666666666666799e+02 1.276866666666666674e+02 1.284733333333333292e+02
1.287666666666666799e+02 1.276866666666666674e+02 1.284733333333333292e+02
1.287666666666666799e+02 1.276866666666666674e+02 1.284733333333333292e+02
1.287666666666666799e+02 1.276866666666666674e+02 1.284733333333333292e+02
1.287666666666666799e+02 1.276866666666666674e+02 1.284733333333333292e+02
1.287666666666666799e+02 1.276866666666666674e+02 1.284733333333333292e+02
1.287666666666666799e+02 1.276866666666666674e+02 1.284733333333333292e+02
1.287666666666666799e+02 1.276866666666666674e+02 1.284733333333333292e+02
1.287666666666666799e+02 1.276866666666666674e+02 1.284733333333333292e+02
1.287666666666666799e+02 1.276866666666666674e+02 1.284733333333333292e+02
1.287666666666666799e+02 1.276866666666666674e+02 1.284733333333333292e+02
1.287666666666666799e+02 1.276866666666666674e+02 1.284733333333333292e+02
1.287666666666666799e+02 1.276866666666666674e+02 1.284733333333333292e+02
1.287666666666666799e+02 1.276866666666666674e+02 1.284733333333333292e+02
1.287666666666666799e+02 1.276866666666666674e+02 1.284733333333333292e+02
1.287666666666666799e+02 1.276866666666666674e+02 1.284733333333333292e+02
1.287666666666666799e+02 1.276866666666666674e+02 1.284733333333333292e+02
1.287666666666666799e+02 1.276866666666666674e+02 1.284733333333333292e+02
1.287666666666666799e+02 1.276866666666666674e+02 1.284733333333333292e+02
1.287666666666666799e+02 1.276866666666666674e+02 1.284733333333333292e+02
1.287666666666666799e+02 1.276866666666666674e+02 1.284733333333333292e+02
1.287666666666666799e+02 1.276866666666666674e+02 1.284733333333333292e+02
1.287666666666666799e+02 1.276866666666666674e+02 1.284733333333333292e+02
1.287666666666666799e+02 1.276866666666666674e+02 1.284733333333333292e+02
1.287666666666666799e+02 1.276866666666666674e+02 1.284733333333333292e+02
1.287666666666666799e+02 1.276866666666666674e+02 1.284733333333333292e+02
1.287666666666666799e+02 1.276866666666666674e+02 1.284733333333333292e+02
1.287666666666666799e+02 1.276866666666666674e+02 1.284733333333333292e+02
1.287666666666666799e+02 1.276866666666666674e+02 1.284733333333333292e+02
1.287666666666666799e+02 1.276866666666666674e+02 1.284733333333333292e+02
1.287666666666666799e+02 1.276866666666666674e+02 1.284733333333333292e+02
1.287666666666666799e+02 1.276866666666666674e+02 1.284733333333333292e+02
1.287666666666666799e+02 1.276866666666666674e+02 1.284733333333333292e+02
1.287666666666666799e+02 1.276866666666666674e+02 1.284733333333333292e+02
1.287666666666666799e+02 1.276866666666666674e+02 1.284733333333333292e+02
1.287666666666666799e+02 1.276866666666666674e+02 1.284733333333333292e+02
1.287666666666666799e+02 1.276866666666666674e+02 1.284733333333333292e+02
1.287666666666666799e+02 1.276866666666666674e+02 1.284733333333333292e+02
1.287666666666666799e+02 1.276866666666666674e+02 1.284733333333333292e+02
1.287666666666666799e+02 1.276866666666666674e+02 1.284733333333333292e+02
1.287666666666666799e+02 1.276866666666666674e+02 1.284733333333333292e+02
1.287666666666666799e+02 1.276866666666666674e+02 1.284733333333333292e+02
1.287666666666666799e+02 1.276866666666666674e+02 1.284733333333333292e+02
1.287666666666666799e+02 1.276866666666666674e+02 1.284733333333333292e+02
1.287666666666666799e+02 1.276866666666666674e+02 1.284733333333333292e+02
1.287666666666666799e+02 1.276866666666666674e+02 1.284733333333333292e+02
1.287666666666666799e+02 1.276866666666666674e+02 1.284733333333333292e+02
1.287666666666666799e+02 1.276866666666666674e+02 1.284733333333333292e+02
1.287666666666666799e+02 1.276866666666666674e+02 1.284733333333333292e+02
1.287666666666666799e+02 1.276866666666666674e+02 1.284733333333333292e+02
1.287666666666666799e+02 1.276866666666666674e+02 1.284733333333333292e+02
1.287666666666666799e+02 1.276866666666666674e+02 1.284733333333333292e+02
1.287666666666666799e+02 1.276866666666666674e+02 1.284733333333333292e+02
1.287666666666666799e+02 1.276866666666666674e+02 1.284733333333333292e+02
1.287666666666666799e+02 1.276866666666666674e+02 1.284733333333333292e+02
1.287666666666666799e+02 1.276866666666666674e+02 1.284733333333333292e+02
1.287666666666666799e+02 1.276866666666666674e+02 1.284733333333333292e+02
1.287666666666666799e+02 1.276866666666666674e+02 1.284733333333333292e+02
1.287666666666666799e+02 1.276866666666666674e+02 1.284733333333333292e+02
1.287666666666666799e+02 1.276866666666666674e+02 1.284733333333333292e+02
1.287666666666666799e+02 1.276866666666666674e+02 1.284733333333333292e+02
1.287666666666666799e+02 1.276866666666666674e+02 1.284733333333333292e+02
1.287666666666666799e+02 1.276866666666666674e+02 1.284733333333333292e+02
1.287666666666666799e+02 1.276866666666666674e+02 1.284733333333333292e+02
1.287666666666666799e+02 1.276866666666666674e+02 1.284733333333333292e+02
1.287666666666666799e+02 1.276866666666666674e+02 1.284733333333333292e+02
1.287666666666666799e+02 1.276866666666666674e+02 1.284733333333333292e+02
1.287666666666666799e+02 1.276866666666666674e+02 1.284733333333333292e+02
1.287666666666666799e+02 1.276866666666666674e+02 1.284733333333333292e+02
1.287666666666666799e+02 1.276866666666666674e+02 1.284733333333333292e+02
1.287666666666666799e+02 1.276866666666666674e+02 1.284733333333333292e+02
1.287666666666666799e+02 1.276866666666666674e+02 1.284733333333333292e+02
1.287666666666666799e+02 1.276866666666666674e+02 1.284733333333333292e+02
1.287666666666666799e+02 1.276866666666666674e+02 1.284733333333333292e+02
1.287666666666666799e+02 1.276866666666666674e+02 1.284733333333333292e+02
1.287666666666666799e+02 1.276866666666666674e+02 1.284733333333333292e+02
1.287666666666666799e+02 1.276866666666666674e+02 1.284733333333333292e+02
1.287666666666666799e+02 1.276866666666666674e+02 1.284733333333333292e+02
1.287666666666666799e+02 1.276866666666666674e+02 1.284733333333333292e+02
1.287666666666666799e+02 1.276866666666666674e+02 1.284733333333333292e+02
1.287666666666666799e+02 1.276866666666666674e+02 1.284733333333333292e+02
1.287666666666666799e+02 1.276866666666666674e+02 1.284733333333333292e+02
1.287666666666666799e+02 1.276866666666666674e+02 1.284733333333333292e+02
1.287666666666666799e+02 1.276866666666666674e+02 1.284733333333333292e+02
1.287666666666666799e+02 1.276866666666666674e+02 1.284733333333333292e+02
1.287666666666666799e+02 1.276866666666666674e+02 1.284733333333333292e+02
1.287666666666666799e+02 1.276866666666666674e+02 1.284733333333333292e+02
1.287666666666666799e+02 1.276866666666666674e+02 1.284733333333333292e+02
1.287666666666666799e+02 1.276866666666666674e+02 1.284733333333333292e+02
1.287666666666666799e+02 1.276866666666666674e+02 1.284733333333333292e+02
1.287666666666666799e+02 1.276866666666666674e+02 1.284733333333333292e+02
1.287666666666666799e+02 1.276866666666666674e+02 1.284733333333333292e+02
1.287666666666666799e+02 1.276866666666666674e+02 1.284733333333333292e+02
1.287666666666666799e+02 1.276866666666666674e+02 1.284733333333333292e+02
1.287666666666666799e+02 1.276866666666666674e+02 1.284733333333333292e+02
1.287666666666666799e+02 1.276866666666666674e+02 1.284733333333333292e+02
1.287666666666666799e+02 1.276866666666666674e+02 1.284733333333333292e+02
1.287666666666666799e+02 1.276866666666666674e+02 1.284733333333333292e+02
1.287666666666666799e+02 1.276866666666666674e+02 1.284733333333333292e+02
1.287666666666666799e+02 1.276866666666666674e+02 1.284733333333333292e+02
1.287666666666666799e+02 1.276866666666666674e+02 1.284733333333333292e+02
1.287666666666666799e+02 1.276866666666666674e+02 1.284733333333333292e+02
1.287666666666666799e+02 1.276866666666666674e+02 1.284733333333333292e+02
1.287666666666666799e+02 1.276866666666666674e+02 1.284733333333333292e+02
1.287666666666666799e+02 1.276866666666666674e+02 1.284733333333333292e+02
1.287666666666666799e+02 1.276866666666666674e+02 1.284733333333333292e+02
1.287666666666666799e+02 1.276866666666666674e+02 1.284733333333333292e+02
1.287666666666666799e+02 1.276866666666666674e+02 1.284733333333333292e+02
1.287666666666666799e+02 1.276866666666666674e+02 1.284733333333333292e+02
1.287666666666666799e+02 1.276866666666666674e+02 1.284733333333333292e+02
1.287666666666666799e+02 1.276866666666666674e+02 1.284733333333333292e+02
1.287666666666666799e+02 1.276866666666666674e+02 1.284733333333333292e+02
1.287666666666666799e+02 1.276866666666666674e+02 1.284733333333333292e+02
1.287666666666666799e+02 1.276866666666666674e+02 1.284733333333333292e+02
1.287666666666666799e+02 1.276866666666666674e+02 1.284733333333333292e+02
1.287666666666666799e+02 1.276866666666666674e+02 1.284733333333333292e+02
1.287666666666666799e+02 1.276866666666666674e+02 1.284733333333333292e+02
1.287666666666666799e+02 1.276866666666666674e+02 1.284733333333333292e+02
1.287666666666666799e+02 1.276866666666666674e+02 1.284733333333333292e+02
1.287666666666666799e+02 1.276866666666666674e+02 1.284733333333333292e+02
1.287666666666666799e+02 1.276866666666666674e+02 1.284733333333333292e+02
1.287666666666666799e+02 1.276866666666666674e+02 1.284733333333333292e+02
1.287666666666666799e+02 1.276866666666666674e+02 1.284733333333333292e+02
1.287666666666666799e+02 1.276866666666666674e+02 1.284733333333333292e+02
1.287666666666666799e+02 1.276866666666666674e+02 1.284733333333333292e+02
1.287666666666666799e+02 1.276866666666666674e+02 1.284733333333333292e+02
