1.289133333333333269e+02 1.282266666666666595e+02 1.285466666666666526e+02
1.288874172185430496e+02 1.281920529801324449e+02 1.285496688741721982e+02
1.289733333333333292e+02 1.281733333333333462e+02 1.286133333333333439e+02
1.289866666666666788e+02 1.281866666666666674e+02 1.285066666666666606e+02
1.288933333333333451e+02 1.281933333333333280e+02 1.284733333333333292e+02
1.290999999999999943e+02 1.282666666666666799e+02 1.285333333333333314e+02
1.291999999999999886e+02 1.282866666666666617e+02 1.286599999999999966e+02
1.292185430463576097e+02 1.282649006622516481e+02 1.286158940397351103e+02
1.291733333333333462e+02 1.282933333333333223e+02 1.286800000000000068e+02
1.292800000000000011e+02 1.283133333333333326e+02 1.285800000000000125e+02
1.292533333333333303e+02 1.282266666666666595e+02 1.285200000000000102e+02
1.292818791946308750e+02 1.280671140939597308e+02 1.286174496644295289e+02
1.292400000000000091e+02 1.280266666666666708e+02 1.285866666666666731e+02
1.293642384105960161e+02 1.280132450331125824e+02 1.285364238410596158e+02
1.292400000000000091e+02 1.280133333333333212e+02 1.285133333333333212e+02
1.292333333333333201e+02 1.280133333333333212e+02 1.286066666666666549e+02
1.293466666666666640e+02 1.277800000000000011e+02 1.287599999999999909e+02
1.292251655629139009e+02 1.279536423841059616e+02 1.287019867549668959e+02
1.292866666666666617e+02 1.280733333333333235e+02 1.287666666666666799e+02
1.294399999999999977e+02 1.280666666666666629e+02 1.287133333333333383e+02
1.293959731543623946e+02 1.280604026845637406e+02 1.287986577181208077e+02
1.294362416107382501e+02 1.280268456375838753e+02 1.288791946308724619e+02
1.294533333333333474e+02 1.280733333333333235e+02 1.286266666666666652e+02
1.295466666666666526e+02 1.279333333333333371e+02 1.286399999999999864e+02
1.295800000000000125e+02 1.279066666666666663e+02 1.287800000000000011e+02
1.296466666666666754e+02 1.279666666666666686e+02 1.287800000000000011e+02
1.294496644295302019e+02 1.278590604026845625e+02 1.287583892617449806e+02
1.293933333333333451e+02 1.279599999999999937e+02 1.286466666666666754e+02
1.293691275167785193e+02 1.279194630872483174e+02 1.286442953020134325e+02
1.293066666666666720e+02 1.280066666666666606e+02 1.286599999999999966e+02
1.294768211920529666e+02 1.279470198675496704e+02 1.287417218543046431e+02
1.292933333333333223e+02 1.277933333333333366e+02 1.286066666666666549e+02
1.293933333333333451e+02 1.279066666666666663e+02 1.287266666666666595e+02
1.294437086092715106e+02 1.279337748344370880e+02 1.287748344370860991e+02
1.293466666666666640e+02 1.279133333333333269e+02 1.286933333333333280e+02
1.294266666666666765e+02 1.279066666666666663e+02 1.287266666666666595e+02
1.293000000000000114e+02 1.280866666666666731e+02 1.287133333333333383e+02
1.293266666666666538e+02 1.280133333333333212e+02 1.287333333333333201e+02
1.293799999999999955e+02 1.279266666666666623e+02 1.288400000000000034e+02
1.294933333333333394e+02 1.279666666666666686e+02 1.288000000000000114e+02
1.294733333333333292e+02 1.278799999999999955e+02 1.288466666666666640e+02
1.295733333333333235e+02 1.278400000000000034e+02 1.287866666666666617e+02
1.295133333333333212e+02 1.280333333333333314e+02 1.287599999999999909e+02
1.295133333333333212e+02 1.279599999999999937e+02 1.286399999999999864e+02
1.294933333333333394e+02 1.280466666666666526e+02 1.286800000000000068e+02
1.295533333333333417e+02 1.279866666666666646e+02 1.286933333333333280e+02
1.294199999999999875e+02 1.278799999999999955e+02 1.287333333333333201e+02
1.293841059602648897e+02 1.277549668874172255e+02 1.288145695364238463e+02
1.293311258278145601e+02 1.278675496688741759e+02 1.287483443708609343e+02
1.293377483443708513e+02 1.278741721854304672e+02 1.288609271523178847e+02
1.292866666666666617e+02 1.278933333333333309e+02 1.288133333333333326e+02
1.292133333333333383e+02 1.279800000000000040e+02 1.288533333333333246e+02
1.291324503311258241e+02 1.279337748344370880e+02 1.286556291390728575e+02
1.291200000000000045e+02 1.279000000000000057e+02 1.286866666666666674e+02
1.291933333333333280e+02 1.278933333333333309e+02 1.286066666666666549e+02
1.292649006622516481e+02 1.278741721854304672e+02 1.286158940397351103e+02
1.292800000000000011e+02 1.277399999999999949e+02 1.285533333333333417e+02
1.291866666666666674e+02 1.276533333333333360e+02 1.286066666666666549e+02
1.292866666666666617e+02 1.277399999999999949e+02 1.286133333333333439e+02
1.292847682119205217e+02 1.278675496688741759e+02 1.285099337748344510e+02
1.292933333333333223e+02 1.278400000000000034e+02 1.285333333333333314e+02
1.294000000000000057e+02 1.278533333333333388e+02 1.286333333333333258e+02
1.294600000000000080e+02 1.279066666666666663e+02 1.285000000000000000e+02
1.294000000000000057e+02 1.277800000000000011e+02 1.284866666666666788e+02
1.292466666666666697e+02 1.279399999999999977e+02 1.283666666666666742e+02
1.292781456953642305e+02 1.279735099337748352e+02 1.283576158940397249e+02
1.291258278145695328e+02 1.280132450331125824e+02 1.283907284768211809e+02
1.291466666666666754e+02 1.278333333333333286e+02 1.283733333333333348e+02
1.292980132450331041e+02 1.277284768211920465e+02 1.283112582781456865e+02
1.293333333333333428e+02 1.275600000000000023e+02 1.283533333333333246e+02
1.293000000000000114e+02 1.277266666666666737e+02 1.283466666666666640e+02
1.292333333333333201e+02 1.277666666666666657e+02 1.284066666666666663e+02
1.291324503311258241e+02 1.278211920529801375e+02 1.284503311258278018e+02
1.290666666666666629e+02 1.277199999999999989e+02 1.282066666666666777e+02
1.290466666666666526e+02 1.277666666666666657e+02 1.283066666666666720e+02
1.290397350993377472e+02 1.278344370860927199e+02 1.282649006622516481e+02
1.290666666666666629e+02 1.278733333333333348e+02 1.282199999999999989e+02
1.289600000000000080e+02 1.278866666666666703e+02 1.281200000000000045e+02
1.288266666666666538e+02 1.277600000000000051e+02 1.280666666666666629e+02
1.288445945945946107e+02 1.276824324324324209e+02 1.281891891891891930e+02
1.288389261744966348e+02 1.277583892617449663e+02 1.282214765100671059e+02
1.288133333333333326e+02 1.278066666666666720e+02 1.282066666666666777e+02
1.288523489932885866e+02 1.278120805369127453e+02 1.281006711409395962e+02
1.288476821192053023e+02 1.277947019867549727e+02 1.281721854304635713e+02
1.288993288590604038e+02 1.277449664429530145e+02 1.281543624161073751e+02
1.289536423841059616e+02 1.277549668874172255e+02 1.281986754966887361e+02
1.289536423841059616e+02 1.278145695364238463e+02 1.281456953642384065e+02
1.291200000000000045e+02 1.277466666666666697e+02 1.282400000000000091e+02
1.290662251655629120e+02 1.278874172185430496e+02 1.281258278145695328e+02
1.289199999999999875e+02 1.276733333333333320e+02 1.282133333333333383e+02
1.290799999999999841e+02 1.277533333333333303e+02 1.283199999999999932e+02
1.289933333333333394e+02 1.277933333333333366e+02 1.283400000000000034e+02
1.290333333333333314e+02 1.276933333333333280e+02 1.283133333333333326e+02
1.291523178807946977e+02 1.277086092715231729e+02 1.282715231788079393e+02
1.290933333333333337e+02 1.277600000000000051e+02 1.283266666666666538e+02
1.291333333333333258e+02 1.277466666666666697e+02 1.283266666666666538e+02
1.292516556291390657e+02 1.277549668874172255e+02 1.283443708609271425e+02
1.290600000000000023e+02 1.277999999999999972e+02 1.282666666666666799e+02
1.292599999999999909e+02 1.276266666666666652e+02 1.282800000000000011e+02
1.291066666666666549e+02 1.277866666666666617e+02 1.282599999999999909e+02
1.289399999999999977e+02 1.276800000000000068e+02 1.282599999999999909e+02
1.290866666666666731e+02 1.276533333333333360e+02 1.283799999999999955e+02
1.291589403973509889e+02 1.276556291390728433e+02 1.283708609271523073e+02
1.291733333333333462e+02 1.275799999999999983e+02 1.283199999999999932e+02
1.291733333333333462e+02 1.275933333333333337e+02 1.283933333333333451e+02
1.292133333333333383e+02 1.275333333333333314e+02 1.284333333333333371e+02
1.291999999999999886e+02 1.277333333333333343e+02 1.284799999999999898e+02
1.291066666666666549e+02 1.277333333333333343e+02 1.284600000000000080e+02
1.290738255033556925e+02 1.278523489932885866e+02 1.283489932885906057e+02
1.289799999999999898e+02 1.277466666666666697e+02 1.282599999999999909e+02
1.290600000000000023e+02 1.278266666666666680e+02 1.283000000000000114e+02
1.289266666666666765e+02 1.278066666666666720e+02 1.282733333333333405e+02
1.291200000000000045e+02 1.279266666666666623e+02 1.282800000000000011e+02
1.290264900662251648e+02 1.278079470198675551e+02 1.284238410596026370e+02
1.289866666666666788e+02 1.277800000000000011e+02 1.283933333333333451e+02
1.290466666666666526e+02 1.276599999999999966e+02 1.284600000000000080e+02
1.290402684563758271e+02 1.278523489932885866e+02 1.284161073825503365e+02
1.290733333333333235e+02 1.279399999999999977e+02 1.282866666666666617e+02
1.290999999999999943e+02 1.277466666666666697e+02 1.283666666666666742e+02
1.291192052980132416e+02 1.277880794701986815e+02 1.285033112582781598e+02
1.291933333333333280e+02 1.277733333333333263e+02 1.284799999999999898e+02
1.293000000000000114e+02 1.277866666666666617e+02 1.285000000000000000e+02
1.292933333333333223e+02 1.276266666666666652e+02 1.285999999999999943e+02
1.293066666666666720e+02 1.277800000000000011e+02 1.285266666666666708e+02
1.293133333333333326e+02 1.277199999999999989e+02 1.286266666666666652e+02
1.292533333333333303e+02 1.277066666666666634e+02 1.285466666666666526e+02
1.292533333333333303e+02 1.277466666666666697e+02 1.285600000000000023e+02
1.292599999999999909e+02 1.277533333333333303e+02 1.285999999999999943e+02
1.292533333333333303e+02 1.277666666666666657e+02 1.285266666666666708e+02
1.293825503355704711e+02 1.278053691275167836e+02 1.287181208053691250e+02
1.293288590604026922e+02 1.279060402684563797e+02 1.287718120805369040e+02
1.291800000000000068e+02 1.279000000000000057e+02 1.286933333333333280e+02
1.293199999999999932e+02 1.277533333333333303e+02 1.287533333333333303e+02
1.293199999999999932e+02 1.277066666666666634e+02 1.287199999999999989e+02
1.292666666666666799e+02 1.277133333333333383e+02 1.287733333333333405e+02
1.293600000000000136e+02 1.276733333333333320e+02 1.289066666666666663e+02
1.292533333333333303e+02 1.277533333333333303e+02 1.288866666666666561e+02
1.293000000000000114e+02 1.278199999999999932e+02 1.288466666666666640e+02
1.292617449664429614e+02 1.278322147651006730e+02 1.287583892617449806e+02
1.293533333333333246e+02 1.279866666666666646e+02 1.288066666666666720e+02
1.293000000000000114e+02 1.280333333333333314e+02 1.288266666666666538e+02
1.292800000000000011e+02 1.279599999999999937e+02 1.288866666666666561e+02
1.293199999999999932e+02 1.279933333333333394e+02 1.287400000000000091e+02
1.293266666666666538e+02 1.280133333333333212e+02 1.288266666666666538e+02
1.293666666666666742e+02 1.280333333333333314e+02 1.288600000000000136e+02
1.294066666666666663e+02 1.280000000000000000e+02 1.287199999999999989e+02
1.293799999999999955e+02 1.280666666666666629e+02 1.287733333333333405e+02
1.293666666666666742e+02 1.280000000000000000e+02 1.286999999999999886e+02
1.293866666666666561e+02 1.279466666666666725e+02 1.287266666666666595e+02
1.293600000000000136e+02 1.279933333333333394e+02 1.286999999999999886e+02
1.294199999999999875e+02 1.279533333333333331e+02 1.287133333333333383e+02
1.295733333333333235e+02 1.278733333333333348e+02 1.288799999999999955e+02
1.295399999999999920e+02 1.278599999999999994e+02 1.289000000000000057e+02
1.295533333333333417e+02 1.278866666666666703e+02 1.288533333333333246e+02
1.295533333333333417e+02 1.280066666666666606e+02 1.289466666666666583e+02
1.295866666666666731e+02 1.280200000000000102e+02 1.289466666666666583e+02
1.295333333333333314e+02 1.278666666666666600e+02 1.289333333333333371e+02
1.296241610738254906e+02 1.278657718120805384e+02 1.290872483221476443e+02
1.294304635761589282e+02 1.278609271523178847e+02 1.290264900662251648e+02
1.296066666666666833e+02 1.277800000000000011e+02 1.290200000000000102e+02
1.296437965512518247e+02 1.277254405395576384e+02 1.290131350295267225e+02
1.296979865771812115e+02 1.277315436241610769e+02 1.290134228187919518e+02
1.296912751677852498e+02 1.276442953020134325e+02 1.290536912751678074e+02
1.297248322147650867e+02 1.276845637583892596e+02 1.290067114093959617e+02
1.297266666666666595e+02 1.276533333333333360e+02 1.289600000000000080e+02
1.296442953020134041e+02 1.276510067114093943e+02 1.290067114093959617e+02
1.295266666666666708e+02 1.276400000000000006e+02 1.288266666666666538e+02
1.295666666666666629e+02 1.275866666666666731e+02 1.289000000000000057e+02
1.295999999999999943e+02 1.276400000000000006e+02 1.288333333333333428e+02
1.297449664429530003e+02 1.276845637583892596e+02 1.288993288590604038e+02
1.297583892617449521e+02 1.276778523489932837e+02 1.288724832214765001e+02
1.297651006711409138e+02 1.276375838926174424e+02 1.288456375838926249e+02
1.297785234899328941e+02 1.277382550335570386e+02 1.289127516778523272e+02
1.295999999999999943e+02 1.277999999999999972e+02 1.289066666666666663e+02
1.295600000000000023e+02 1.277666666666666657e+02 1.289399999999999977e+02
1.295600000000000023e+02 1.277399999999999949e+02 1.288933333333333451e+02
1.295666666666666629e+02 1.277733333333333263e+02 1.289666666666666686e+02
1.293509933774834337e+02 1.277748344370860991e+02 1.288874172185430496e+02
1.293333333333333428e+02 1.278400000000000034e+02 1.288133333333333326e+02
1.292866666666666617e+02 1.278533333333333388e+02 1.288000000000000114e+02
1.291666666666666572e+02 1.278466666666666640e+02 1.287666666666666799e+02
1.290200000000000102e+02 1.279399999999999977e+02 1.286933333333333280e+02
1.291266666666666652e+02 1.279800000000000040e+02 1.287599999999999909e+02
1.291788079470198625e+02 1.278940397350993408e+02 1.287947019867549727e+02
1.291200000000000045e+02 1.278866666666666703e+02 1.288199999999999932e+02
1.291133333333333439e+02 1.278733333333333348e+02 1.288466666666666640e+02
1.290800000000000125e+02 1.278599999999999994e+02 1.288733333333333348e+02
1.291200000000000045e+02 1.278466666666666640e+02 1.288600000000000136e+02
1.292119205298013185e+02 1.278807947019867584e+02 1.288278145695364287e+02
1.290866666666666731e+02 1.279000000000000057e+02 1.286800000000000068e+02
1.290866666666666731e+02 1.280066666666666606e+02 1.286599999999999966e+02
1.291466666666666754e+02 1.279533333333333331e+02 1.286466666666666754e+02
1.291266666666666652e+02 1.279933333333333394e+02 1.286866666666666674e+02
1.291721854304635713e+02 1.279801324503311264e+02 1.287682119205298079e+02
1.291599999999999966e+02 1.279666666666666686e+02 1.288333333333333428e+02
1.292199999999999989e+02 1.279066666666666663e+02 1.289399999999999977e+02
1.292933333333333223e+02 1.278066666666666720e+02 1.289866666666666788e+02
1.293400000000000034e+02 1.277999999999999972e+02 1.289799999999999898e+02
1.294066666666666663e+02 1.278933333333333309e+02 1.290000000000000000e+02
1.294066666666666663e+02 1.279066666666666663e+02 1.290000000000000000e+02
1.294666666666666686e+02 1.278866666666666703e+02 1.289666666666666686e+02
1.294533333333333474e+02 1.278733333333333348e+02 1.289733333333333292e+02
1.294466666666666583e+02 1.279333333333333371e+02 1.289799999999999898e+02
1.294133333333333269e+02 1.279533333333333331e+02 1.289466666666666583e+02
1.294133333333333269e+02 1.279533333333333331e+02 1.289466666666666583e+02
1.294333333333333371e+02 1.279466666666666725e+02 1.289666666666666686e+02
1.294333333333333371e+02 1.279466666666666725e+02 1.289666666666666686e+02
1.294266666666666765e+02 1.279599999999999937e+02 1.289000000000000057e+02
1.293933333333333451e+02 1.279933333333333394e+02 1.289266666666666765e+02
1.294133333333333269e+02 1.279466666666666725e+02 1.289799999999999898e+02
1.294066666666666663e+02 1.279066666666666663e+02 1.289666666666666686e+02
1.294066666666666663e+02 1.278933333333333309e+02 1.289666666666666686e+02
1.294000000000000057e+02 1.278466666666666640e+02 1.290000000000000000e+02
1.294199999999999875e+02 1.278599999999999994e+02 1.289600000000000080e+02
1.294466666666666583e+02 1.279000000000000057e+02 1.290533333333333417e+02
1.294533333333333474e+02 1.278599999999999994e+02 1.290533333333333417e+02
1.294399999999999977e+02 1.279266666666666623e+02 1.289733333333333292e+02
1.294333333333333371e+02 1.279333333333333371e+02 1.290000000000000000e+02
1.293933333333333451e+02 1.280133333333333212e+02 1.289466666666666583e+02
1.293866666666666561e+02 1.280200000000000102e+02 1.289466666666666583e+02
1.294333333333333371e+02 1.280533333333333417e+02 1.290399999999999920e+02
1.294133333333333269e+02 1.280600000000000023e+02 1.290600000000000023e+02
1.294133333333333269e+02 1.280600000000000023e+02 1.290533333333333417e+02
1.294266666666666765e+02 1.280800000000000125e+02 1.290266666666666708e+02
1.294466666666666583e+02 1.280600000000000023e+02 1.290933333333333337e+02
1.294066666666666663e+02 1.280666666666666629e+02 1.290466666666666526e+02
1.293866666666666561e+02 1.280466666666666526e+02 1.290399999999999920e+02
1.293799999999999955e+02 1.280600000000000023e+02 1.290266666666666708e+02
1.293799999999999955e+02 1.280600000000000023e+02 1.290266666666666708e+02
1.293799999999999955e+02 1.280600000000000023e+02 1.290266666666666708e+02
1.293799999999999955e+02 1.280600000000000023e+02 1.290266666666666708e+02
1.294266666666666765e+02 1.280666666666666629e+02 1.290133333333333212e+02
1.293933333333333451e+02 1.280733333333333235e+02 1.289866666666666788e+02
1.293933333333333451e+02 1.280733333333333235e+02 1.289866666666666788e+02
1.293933333333333451e+02 1.280733333333333235e+02 1.289866666666666788e+02
1.293866666666666561e+02 1.280666666666666629e+02 1.289933333333333394e+02
1.294133333333333269e+02 1.280999999999999943e+02 1.289600000000000080e+02
1.293799999999999955e+02 1.281066666666666549e+02 1.289199999999999875e+02
1.293733333333333348e+02 1.280999999999999943e+02 1.289399999999999977e+02
1.293733333333333348e+02 1.280999999999999943e+02 1.289399999999999977e+02
1.293733333333333348e+02 1.280999999999999943e+02 1.289399999999999977e+02
1.293733333333333348e+02 1.280999999999999943e+02 1.289399999999999977e+02
1.293933333333333451e+02 1.281133333333333439e+02 1.289600000000000080e+02
1.293733333333333348e+02 1.281133333333333439e+02 1.289866666666666788e+02
1.294000000000000057e+02 1.280733333333333235e+02 1.290133333333333212e+02
1.293866666666666561e+02 1.280999999999999943e+02 1.290333333333333314e+02
1.293866666666666561e+02 1.280999999999999943e+02 1.290333333333333314e+02
1.293866666666666561e+02 1.280999999999999943e+02 1.290333333333333314e+02
1.293866666666666561e+02 1.280999999999999943e+02 1.290333333333333314e+02
1.293866666666666561e+02 1.280866666666666731e+02 1.290133333333333212e+02
1.293933333333333451e+02 1.281133333333333439e+02 1.289866666666666788e+02
1.293933333333333451e+02 1.281133333333333439e+02 1.289866666666666788e+02
1.293933333333333451e+02 1.281133333333333439e+02 1.289866666666666788e+02
1.293933333333333451e+02 1.281133333333333439e+02 1.289866666666666788e+02
1.293933333333333451e+02 1.281133333333333439e+02 1.289866666666666788e+02
1.293933333333333451e+02 1.281133333333333439e+02 1.289866666666666788e+02
1.293933333333333451e+02 1.281133333333333439e+02 1.289866666666666788e+02
1.294533333333333474e+02 1.280999999999999943e+02 1.290000000000000000e+02
1.294765100671141056e+02 1.281208053691275097e+02 1.290067114093959617e+02
1.294199999999999875e+02 1.281266666666666652e+02 1.290000000000000000e+02
1.294133333333333269e+02 1.281266666666666652e+02 1.290066666666666606e+02
1.294199999999999875e+02 1.281466666666666754e+02 1.289933333333333394e+02
1.294266666666666765e+02 1.280800000000000125e+02 1.290066666666666606e+02
1.294266666666666765e+02 1.280800000000000125e+02 1.290066666666666606e+02
1.294066666666666663e+02 1.280999999999999943e+02 1.290266666666666708e+02
1.294066666666666663e+02 1.280733333333333235e+02 1.290133333333333212e+02
1.294066666666666663e+02 1.280733333333333235e+02 1.290133333333333212e+02
1.294066666666666663e+02 1.280733333333333235e+02 1.290133333333333212e+02
1.294066666666666663e+02 1.280733333333333235e+02 1.290133333333333212e+02
1.294000000000000057e+02 1.281066666666666549e+02 1.290133333333333212e+02
1.294000000000000057e+02 1.281066666666666549e+02 1.290133333333333212e+02
1.294000000000000057e+02 1.281066666666666549e+02 1.290133333333333212e+02
1.294000000000000057e+02 1.281066666666666549e+02 1.290133333333333212e+02
1.294133333333333269e+02 1.281066666666666549e+02 1.290133333333333212e+02
1.294133333333333269e+02 1.281066666666666549e+02 1.290133333333333212e+02
1.294066666666666663e+02 1.280999999999999943e+02 1.290200000000000102e+02
1.293933333333333451e+02 1.281333333333333258e+02 1.290266666666666708e+02
1.293933333333333451e+02 1.281333333333333258e+02 1.290266666666666708e+02
1.293933333333333451e+02 1.281333333333333258e+02 1.290266666666666708e+02
1.293933333333333451e+02 1.281333333333333258e+02 1.290266666666666708e+02
1.293933333333333451e+02 1.281333333333333258e+02 1.290266666666666708e+02
1.293933333333333451e+02 1.281333333333333258e+02 1.290266666666666708e+02
1.293933333333333451e+02 1.281333333333333258e+02 1.290266666666666708e+02
1.293933333333333451e+02 1.281333333333333258e+02 1.290266666666666708e+02
1.293933333333333451e+02 1.281333333333333258e+02 1.290266666666666708e+02
1.293933333333333451e+02 1.281333333333333258e+02 1.290266666666666708e+02
1.293933333333333451e+02 1.281333333333333258e+02 1.290266666666666708e+02
1.293933333333333451e+02 1.281333333333333258e+02 1.290266666666666708e+02
1.293933333333333451e+02 1.281333333333333258e+02 1.290266666666666708e+02
1.293933333333333451e+02 1.281333333333333258e+02 1.290266666666666708e+02
1.293933333333333451e+02 1.281333333333333258e+02 1.290266666666666708e+02
1.293933333333333451e+02 1.281333333333333258e+02 1.290266666666666708e+02
1.293933333333333451e+02 1.281333333333333258e+02 1.290266666666666708e+02
1.293933333333333451e+02 1.281333333333333258e+02 1.290266666666666708e+02
1.293933333333333451e+02 1.281333333333333258e+02 1.290266666666666708e+02
1.293933333333333451e+02 1.281333333333333258e+02 1.290266666666666708e+02
1.293933333333333451e+02 1.281333333333333258e+02 1.290266666666666708e+02
1.293933333333333451e+02 1.281333333333333258e+02 1.290266666666666708e+02
1.293933333333333451e+02 1.281333333333333258e+02 1.290266666666666708e+02
1.293933333333333451e+02 1.281333333333333258e+02 1.290266666666666708e+02
1.293933333333333451e+02 1.281333333333333258e+02 1.290266666666666708e+02
1.293933333333333451e+02 1.281333333333333258e+02 1.290266666666666708e+02
1.293933333333333451e+02 1.281333333333333258e+02 1.290266666666666708e+02
1.293933333333333451e+02 1.281333333333333258e+02 1.290266666666666708e+02
1.293933333333333451e+02 1.281333333333333258e+02 1.290266666666666708e+02
1.293933333333333451e+02 1.281333333333333258e+02 1.290266666666666708e+02
1.293933333333333451e+02 1.281333333333333258e+02 1.290266666666666708e+02
1.293933333333333451e+02 1.281333333333333258e+02 1.290266666666666708e+02
1.293933333333333451e+02 1.281333333333333258e+02 1.290266666666666708e+02
1.293933333333333451e+02 1.281333333333333258e+02 1.290266666666666708e+02
1.293933333333333451e+02 1.281333333333333258e+02 1.290266666666666708e+02
1.293933333333333451e+02 1.281333333333333258e+02 1.290266666666666708e+02
1.293933333333333451e+02 1.281333333333333258e+02 1.290266666666666708e+02
1.293933333333333451e+02 1.281333333333333258e+02 1.290266666666666708e+02
1.293933333333333451e+02 1.281333333333333258e+02 1.290266666666666708e+02
1.293933333333333451e+02 1.281333333333333258e+02 1.290266666666666708e+02
1.293933333333333451e+02 1.281333333333333258e+02 1.290266666666666708e+02
1.293933333333333451e+02 1.281333333333333258e+02 1.290266666666666708e+02
1.293933333333333451e+02 1.281333333333333258e+02 1.290266666666666708e+02
1.293933333333333451e+02 1.281333333333333258e+02 1.290266666666666708e+02
1.293933333333333451e+02 1.281333333333333258e+02 1.290266666666666708e+02
1.293933333333333451e+02 1.281333333333333258e+02 1.290266666666666708e+02
1.293933333333333451e+02 1.281333333333333258e+02 1.290266666666666708e+02
1.293933333333333451e+02 1.281333333333333258e+02 1.290266666666666708e+02
1.293933333333333451e+02 1.281333333333333258e+02 1.290266666666666708e+02
1.293933333333333451e+02 1.281333333333333258e+02 1.290266666666666708e+02
1.293933333333333451e+02 1.281333333333333258e+02 1.290266666666666708e+02
1.293933333333333451e+02 1.281333333333333258e+02 1.290266666666666708e+02
1.293933333333333451e+02 1.281333333333333258e+02 1.290266666666666708e+02
1.293933333333333451e+02 1.281333333333333258e+02 1.290266666666666708e+02
1.293933333333333451e+02 1.281333333333333258e+02 1.290266666666666708e+02
1.293933333333333451e+02 1.281333333333333258e+02 1.290266666666666708e+02
1.293933333333333451e+02 1.281333333333333258e+02 1.290266666666666708e+02
1.293933333333333451e+02 1.281333333333333258e+02 1.290266666666666708e+02
1.293933333333333451e+02 1.281333333333333258e+02 1.290266666666666708e+02
1.293933333333333451e+02 1.281333333333333258e+02 1.290266666666666708e+02
1.293933333333333451e+02 1.281333333333333258e+02 1.290266666666666708e+02
1.293933333333333451e+02 1.281333333333333258e+02 1.290266666666666708e+02
1.293933333333333451e+02 1.281333333333333258e+02 1.290266666666666708e+02
1.293933333333333451e+02 1.281333333333333258e+02 1.290266666666666708e+02
1.293933333333333451e+02 1.281333333333333258e+02 1.290266666666666708e+02
1.293933333333333451e+02 1.281333333333333258e+02 1.290266666666666708e+02
1.293933333333333451e+02 1.281333333333333258e+02 1.290266666666666708e+02
1.293933333333333451e+02 1.281333333333333258e+02 1.290266666666666708e+02
1.293933333333333451e+02 1.281333333333333258e+02 1.290266666666666708e+02
1.293933333333333451e+02 1.281333333333333258e+02 1.290266666666666708e+02
1.293933333333333451e+02 1.281333333333333258e+02 1.290266666666666708e+02
1.293933333333333451e+02 1.281333333333333258e+02 1.290266666666666708e+02
1.293933333333333451e+02 1.281333333333333258e+02 1.290266666666666708e+02
1.293933333333333451e+02 1.281333333333333258e+02 1.290266666666666708e+02
1.293933333333333451e+02 1.281333333333333258e+02 1.290266666666666708e+02
1.293933333333333451e+02 1.281333333333333258e+02 1.290266666666666708e+02
1.293933333333333451e+02 1.281333333333333258e+02 1.290266666666666708e+02
1.293933333333333451e+02 1.281333333333333258e+02 1.290266666666666708e+02
1.293933333333333451e+02 1.281333333333333258e+02 1.290266666666666708e+02
1.293933333333333451e+02 1.281333333333333258e+02 1.290266666666666708e+02
1.293933333333333451e+02 1.281333333333333258e+02 1.290266666666666708e+02
1.293933333333333451e+02 1.281333333333333258e+02 1.290266666666666708e+02
1.293933333333333451e+02 1.281333333333333258e+02 1.290266666666666708e+02
1.293933333333333451e+02 1.281333333333333258e+02 1.290266666666666708e+02
1.293933333333333451e+02 1.281333333333333258e+02 1.290266666666666708e+02
1.293933333333333451e+02 1.281333333333333258e+02 1.290266666666666708e+02
1.293933333333333451e+02 1.281333333333333258e+02 1.290266666666666708e+02
1.293933333333333451e+02 1.281333333333333258e+02 1.290266666666666708e+02
1.293933333333333451e+02 1.281333333333333258e+02 1.290266666666666708e+02
1.293933333333333451e+02 1.281333333333333258e+02 1.290266666666666708e+02
1.293933333333333451e+02 1.281333333333333258e+02 1.290266666666666708e+02
1.293933333333333451e+02 1.281333333333333258e+02 1.290266666666666708e+02
1.293933333333333451e+02 1.281333333333333258e+02 1.290266666666666708e+02
1.293933333333333451e+02 1.281333333333333258e+02 1.290266666666666708e+02
1.293933333333333451e+02 1.281333333333333258e+02 1.290266666666666708e+02
1.293933333333333451e+02 1.281333333333333258e+02 1.290266666666666708e+02
1.293933333333333451e+02 1.281333333333333258e+02 1.290266666666666708e+02
1.293933333333333451e+02 1.281333333333333258e+02 1.290266666666666708e+02
1.293933333333333451e+02 1.281333333333333258e+02 1.290266666666666708e+02
1.293933333333333451e+02 1.281333333333333258e+02 1.290266666666666708e+02
1.293933333333333451e+02 1.281333333333333258e+02 1.290266666666666708e+02
1.293933333333333451e+02 1.281333333333333258e+02 1.290266666666666708e+02
1.293933333333333451e+02 1.281333333333333258e+02 1.290266666666666708e+02
1.293933333333333451e+02 1.281333333333333258e+02 1.290266666666666708e+02
1.293933333333333451e+02 1.281333333333333258e+02 1.290266666666666708e+02
1.293933333333333451e+02 1.281333333333333258e+02 1.290266666666666708e+02
1.293933333333333451e+02 1.281333333333333258e+02 1.290266666666666708e+02
1.293933333333333451e+02 1.281333333333333258e+02 1.290266666666666708e+02
1.293933333333333451e+02 1.281333333333333258e+02 1.290266666666666708e+02
1.293933333333333451e+02 1.281333333333333258e+02 1.290266666666666708e+02
1.293933333333333451e+02 1.281333333333333258e+02 1.290266666666666708e+02
1.293933333333333451e+02 1.281333333333333258e+02 1.290266666666666708e+02
1.293933333333333451e+02 1.281333333333333258e+02 1.290266666666666708e+02
1.293933333333333451e+02 1.281333333333333258e+02 1.290266666666666708e+02
1.293933333333333451e+02 1.281333333333333258e+02 1.290266666666666708e+02
1.293933333333333451e+02 1.281333333333333258e+02 1.290266666666666708e+02
1.293933333333333451e+02 1.281333333333333258e+02 1.290266666666666708e+02
1.293933333333333451e+02 1.281333333333333258e+02 1.290266666666666708e+02
1.293933333333333451e+02 1.281333333333333258e+02 1.290266666666666708e+02
1.293933333333333451e+02 1.281333333333333258e+02 1.290266666666666708e+02
1.293933333333333451e+02 1.281333333333333258e+02 1.290266666666666708e+02
1.293933333333333451e+02 1.281333333333333258e+02 1.290266666666666708e+02
1.293933333333333451e+02 1.281333333333333258e+02 1.290266666666666708e+02
1.293933333333333451e+02 1.281333333333333258e+02 1.290266666666666708e+02
1.293933333333333451e+02 1.281333333333333258e+02 1.290266666666666708e+02
1.293933333333333451e+02 1.281333333333333258e+02 1.290266666666666708e+02
1.293933333333333451e+02 1.281333333333333258e+02 1.290266666666666708e+02
1.293933333333333451e+02 1.281333333333333258e+02 1.290266666666666708e+02
1.293933333333333451e+02 1.281333333333333258e+02 1.290266666666666708e+02
1.293933333333333451e+02 1.281333333333333258e+02 1.290266666666666708e+02
1.293933333333333451e+02 1.281333333333333258e+02 1.290266666666666708e+02
1.293933333333333451e+02 1.281333333333333258e+02 1.290266666666666708e+02
1.293933333333333451e+02 1.281333333333333258e+02 1.290266666666666708e+02
1.293933333333333451e+02 1.281333333333333258e+02 1.290266666666666708e+02
1.293933333333333451e+02 1.281333333333333258e+02 1.290266666666666708e+02
1.293933333333333451e+02 1.281333333333333258e+02 1.290266666666666708e+02
1.293933333333333451e+02 1.281333333333333258e+02 1.290266666666666708e+02
1.293933333333333451e+02 1.281333333333333258e+02 1.290266666666666708e+02
1.293933333333333451e+02 1.281333333333333258e+02 1.290266666666666708e+02
1.293933333333333451e+02 1.281333333333333258e+02 1.290266666666666708e+02
1.293933333333333451e+02 1.281333333333333258e+02 1.290266666666666708e+02
1.293933333333333451e+02 1.281333333333333258e+02 1.290266666666666708e+02
1.293933333333333451e+02 1.281333333333333258e+02 1.290266666666666708e+02
1.293933333333333451e+02 1.281333333333333258e+02 1.290266666666666708e+02
1.293933333333333451e+02 1.281333333333333258e+02 1.290266666666666708e+02
1.293933333333333451e+02 1.281333333333333258e+02 1.290266666666666708e+02
1.293933333333333451e+02 1.281333333333333258e+02 1.290266666666666708e+02
1.293933333333333451e+02 1.281333333333333258e+02 1.290266666666666708e+02
1.293933333333333451e+02 1.281333333333333258e+02 1.290266666666666708e+02
1.293933333333333451e+02 1.281333333333333258e+02 1.290266666666666708e+02
1.293933333333333451e+02 1.281333333333333258e+02 1.290266666666666708e+02
1.293933333333333451e+02 1.281333333333333258e+02 1.290266666666666708e+02
1.293933333333333451e+02 1.281333333333333258e+02 1.290266666666666708e+02
1.293933333333333451e+02 1.281333333333333258e+02 1.290266666666666708e+02
1.293933333333333451e+02 1.281333333333333258e+02 1.290266666666666708e+02
1.293933333333333451e+02 1.281333333333333258e+02 1.290266666666666708e+02
1.293933333333333451e+02 1.281333333333333258e+02 1.290266666666666708e+02
1.293933333333333451e+02 1.281333333333333258e+02 1.290266666666666708e+02
1.293933333333333451e+02 1.281333333333333258e+02 1.290266666666666708e+02
1.293933333333333451e+02 1.281333333333333258e+02 1.290266666666666708e+02
1.293933333333333451e+02 1.281333333333333258e+02 1.290266666666666708e+02
1.293933333333333451e+02 1.281333333333333258e+02 1.290266666666666708e+02
1.293933333333333451e+02 1.281333333333333258e+02 1.290266666666666708e+02
1.293933333333333451e+02 1.281333333333333258e+02 1.290266666666666708e+02
1.293933333333333451e+02 1.281333333333333258e+02 1.290266666666666708e+02
1.293933333333333451e+02 1.281333333333333258e+02 1.290266666666666708e+02
1.293933333333333451e+02 1.281333333333333258e+02 1.290266666666666708e+02
1.293933333333333451e+02 1.281333333333333258e+02 1.290266666666666708e+02
1.293933333333333451e+02 1.281333333333333258e+02 1.290266666666666708e+02
1.293933333333333451e+02 1.281333333333333258e+02 1.290266666666666708e+02
1.293933333333333451e+02 1.281333333333333258e+02 1.290266666666666708e+02
1.293933333333333451e+02 1.281333333333333258e+02 1.290266666666666708e+02
1.293933333333333451e+02 1.281333333333333258e+02 1.290266666666666708e+02
1.293933333333333451e+02 1.281333333333333258e+02 1.290266666666666708e+02
1.293933333333333451e+02 1.281333333333333258e+02 1.290266666666666708e+02
1.293933333333333451e+02 1.281333333333333258e+02 1.290266666666666708e+02
1.293933333333333451e+02 1.281333333333333258e+02 1.290266666666666708e+02
1.293933333333333451e+02 1.281333333333333258e+02 1.290266666666666708e+02
1.293933333333333451e+02 1.281333333333333258e+02 1.290266666666666708e+02
1.293933333333333451e+02 1.281333333333333258e+02 1.290266666666666708e+02
1.293933333333333451e+02 1.281333333333333258e+02 1.290266666666666708e+02
1.293933333333333451e+02 1.281333333333333258e+02 1.290266666666666708e+02
1.293933333333333451e+02 1.281333333333333258e+02 1.290266666666666708e+02
1.293933333333333451e+02 1.281333333333333258e+02 1.290266666666666708e+02
1.293933333333333451e+02 1.281333333333333258e+02 1.290266666666666708e+02
1.293933333333333451e+02 1.281333333333333258e+02 1.290266666666666708e+02
1.293933333333333451e+02 1.281333333333333258e+02 1.290266666666666708e+02
1.293933333333333451e+02 1.281333333333333258e+02 1.290266666666666708e+02
1.293933333333333451e+02 1.281333333333333258e+02 1.290266666666666708e+02
1.293933333333333451e+02 1.281333333333333258e+02 1.290266666666666708e+02
1.293933333333333451e+02 1.281333333333333258e+02 1.290266666666666708e+02
1.293933333333333451e+02 1.281333333333333258e+02 1.290266666666666708e+02
1.293933333333333451e+02 1.281333333333333258e+02 1.290266666666666708e+02
1.293933333333333451e+02 1.281333333333333258e+02 1.290266666666666708e+02
1.293933333333333451e+02 1.281333333333333258e+02 1.290266666666666708e+02
1.293933333333333451e+02 1.281333333333333258e+02 1.290266666666666708e+02
1.293933333333333451e+02 1.281333333333333258e+02 1.290266666666666708e+02
1.293933333333333451e+02 1.281333333333333258e+02 1.290266666666666708e+02
1.293933333333333451e+02 1.281333333333333258e+02 1.290266666666666708e+02
1.293933333333333451e+02 1.281333333333333258e+02 1.290266666666666708e+02
1.293933333333333451e+02 1.281333333333333258e+02 1.290266666666666708e+02
1.293933333333333451e+02 1.281333333333333258e+02 1.290266666666666708e+02
1.293933333333333451e+02 1.281333333333333258e+02 1.290266666666666708e+02
1.293933333333333451e+02 1.281333333333333258e+02 1.290266666666666708e+02
1.293933333333333451e+02 1.281333333333333258e+02 1.290266666666666708e+02
1.293933333333333451e+02 1.281333333333333258e+02 1.290266666666666708e+02
1.293933333333333451e+02 1.281333333333333258e+02 1.290266666666666708e+02
1.293933333333333451e+02 1.281333333333333258e+02 1.290266666666666708e+02
1.293933333333333451e+02 1.281333333333333258e+02 1.290266666666666708e+02
1.293933333333333451e+02 1.281333333333333258e+02 1.290266666666666708e+02
1.293933333333333451e+02 1.281333333333333258e+02 1.290266666666666708e+02
1.293933333333333451e+02 1.281333333333333258e+02 1.290266666666666708e+02
1.293933333333333451e+02 1.281333333333333258e+02 1.290266666666666708e+02
1.293933333333333451e+02 1.281333333333333258e+02 1.290266666666666708e+02
1.293933333333333451e+02 1.281333333333333258e+02 1.290266666666666708e+02
1.293933333333333451e+02 1.281333333333333258e+02 1.290266666666666708e+02
1.293933333333333451e+02 1.281333333333333258e+02 1.290266666666666708e+02
1.293933333333333451e+02 1.281333333333333258e+02 1.290266666666666708e+02
1.293933333333333451e+02 1.281333333333333258e+02 1.290266666666666708e+02
1.293933333333333451e+02 1.281333333333333258e+02 1.290266666666666708e+02
1.293933333333333451e+02 1.281333333333333258e+02 1.290266666666666708e+02
1.293933333333333451e+02 1.281333333333333258e+02 1.290266666666666708e+02
1.293933333333333451e+02 1.281333333333333258e+02 1.290266666666666708e+02
1.293933333333333451e+02 1.281333333333333258e+02 1.290266666666666708e+02
