1.290723684210526301e+02 1.285921052631578902e+02 1.251973684210526301e+02
1.293400000000000034e+02 1.289199999999999875e+02 1.252866666666666617e+02
1.290000000000000000e+02 1.286092715231788191e+02 1.251920529801324449e+02
1.288918918918919019e+02 1.284662162162162247e+02 1.245472972972972912e+02
1.294399999999999977e+02 1.284266666666666765e+02 1.247666666666666657e+02
1.290860927152317856e+02 1.278543046357615935e+02 1.252317880794701921e+02
1.290397350993377472e+02 1.276754966887417169e+02 1.249801324503311264e+02
1.287599999999999909e+02 1.280399999999999920e+02 1.252466666666666697e+02
1.290399999999999920e+02 1.278266666666666680e+02 1.252266666666666737e+02
1.290000000000000000e+02 1.280000000000000000e+02 1.253921568627450966e+02
1.286103896103896034e+02 1.277532467532467564e+02 1.254675324675324646e+02
1.285592105263157805e+02 1.278881578947368354e+02 1.256842105263157947e+02
1.277748344370860991e+02 1.279867549668874176e+02 1.256821192052980081e+02
1.277852348993288558e+02 1.278724832214765144e+02 1.257248322147651010e+02
1.276556291390728433e+02 1.278741721854304672e+02 1.262715231788079535e+02
1.273333333333333286e+02 1.281066666666666549e+02 1.262466666666666697e+02
1.275600000000000023e+02 1.281999999999999886e+02 1.268666666666666600e+02
1.276577181208053702e+02 1.288859060402684520e+02 1.265234899328859086e+02
1.276174496644295289e+02 1.294161073825503365e+02 1.257852348993288558e+02
1.272960526315789451e+02 1.291907894736842195e+02 1.255855263157894797e+02
1.271623376623376629e+02 1.292987012987013031e+02 1.248116883116883145e+02
1.265855263157894797e+02 1.292105263157894797e+02 1.246118421052631646e+02
1.261543624161073893e+02 1.296644295302013461e+02 1.245033557046979809e+02
1.259210526315789451e+02 1.291381578947368496e+02 1.245723684210526301e+02
1.255675675675675649e+02 1.294121621621621614e+02 1.243243243243243228e+02
1.254466666666666725e+02 1.294399999999999977e+02 1.241733333333333320e+02
1.252857142857142918e+02 1.293831168831168839e+02 1.239090909090909065e+02
1.251812080536912788e+02 1.293288590604026922e+02 1.235771812080536876e+02
1.253046357615894095e+02 1.292980132450331041e+02 1.235033112582781456e+02
1.249607843137254832e+02 1.295424836601307277e+02 1.244967320261437891e+02
1.247947019867549727e+02 1.294172185430463458e+02 1.244569536423841072e+02
1.239741935483870918e+02 1.292322580645161167e+02 1.244580645161290278e+02
1.237565789473684248e+02 1.294539473684210407e+02 1.247039473684210549e+02
1.237748344370860991e+02 1.295496688741721982e+02 1.245827814569536400e+02
1.237066666666666634e+02 1.298799999999999955e+02 1.240733333333333377e+02
1.236973684210526301e+02 1.298421052631578902e+02 1.242500000000000000e+02
1.236423841059602609e+02 1.293774834437085985e+02 1.244701986754966896e+02
1.236556291390728433e+02 1.294966887417218402e+02 1.247947019867549727e+02
1.232236842105263150e+02 1.296644736842105203e+02 1.251184210526315752e+02
1.229466666666666725e+02 1.296266666666666652e+02 1.252000000000000028e+02
1.229599999999999937e+02 1.292333333333333201e+02 1.255733333333333377e+02
1.224266666666666623e+02 1.292599999999999909e+02 1.257600000000000051e+02
1.214563758389261778e+02 1.295369127516778462e+02 1.259328859060402692e+02
1.216225165562913872e+02 1.287284768211920607e+02 1.259602649006622528e+02
1.220580645161290363e+02 1.287096774193548470e+02 1.262516129032258050e+02
1.222185430463576097e+02 1.287483443708609343e+02 1.261258278145695328e+02
1.222679738562091529e+02 1.282418300653594656e+02 1.260065359477124218e+02
1.217718120805369182e+02 1.279194630872483174e+02 1.255234899328859086e+02
1.214200000000000017e+02 1.271933333333333280e+02 1.257333333333333343e+02
1.215906040268456394e+02 1.266174496644295289e+02 1.257718120805369182e+02
1.218157894736842053e+02 1.271118421052631646e+02 1.266578947368421098e+02
1.218266666666666680e+02 1.274933333333333394e+02 1.268266666666666680e+02
1.215436241610738222e+02 1.274362416107382501e+02 1.267718120805369182e+02
1.214868421052631646e+02 1.270460526315789451e+02 1.274671052631578902e+02
1.217333333333333343e+02 1.270799999999999983e+02 1.274599999999999937e+02
1.216733333333333320e+02 1.268666666666666600e+02 1.277800000000000011e+02
1.217718120805369182e+02 1.276375838926174566e+02 1.278791946308724903e+02
1.217086092715231729e+02 1.272450331125827745e+02 1.280264900662251648e+02
1.217567567567567579e+02 1.275405405405405475e+02 1.272027027027027088e+02
1.220067114093959759e+02 1.272550335570469855e+02 1.277382550335570528e+02
1.226225165562913872e+02 1.272052980132450273e+02 1.281125827814569504e+02
1.231623376623376629e+02 1.270259740259740227e+02 1.287272727272727195e+02
1.226578947368421098e+02 1.271644736842105203e+02 1.288552631578947398e+02
1.225526315789473699e+02 1.267434210526315752e+02 1.290592105263157805e+02
1.228675496688741759e+02 1.270463576158940384e+02 1.291059602649006592e+02
1.230600000000000023e+02 1.268199999999999932e+02 1.290333333333333314e+02
1.234054054054054035e+02 1.267094594594594525e+02 1.289121621621621614e+02
1.232885906040268509e+02 1.266241610738255048e+02 1.287516778523489904e+02
1.239675324675324646e+02 1.267337662337662323e+02 1.286233766233766289e+02
1.237266666666666737e+02 1.259866666666666646e+02 1.282599999999999909e+02
1.243400000000000034e+02 1.252800000000000011e+02 1.285133333333333212e+02
1.240855263157894797e+02 1.251315789473684248e+02 1.289539473684210407e+02
1.239868421052631646e+02 1.252697368421052602e+02 1.287631578947368496e+02
1.239150326797385588e+02 1.255816993464052302e+02 1.292352941176470722e+02
1.242133333333333383e+02 1.262999999999999972e+02 1.292533333333333303e+02
1.240789473684210549e+02 1.260328947368421098e+02 1.295921052631578902e+02
1.236578947368421098e+02 1.256052631578947398e+02 1.300460526315789593e+02
1.240653594771241899e+02 1.256862745098039227e+02 1.302352941176470722e+02
1.242039473684210549e+02 1.253618421052631646e+02 1.304407894736842195e+02
1.246732026143790790e+02 1.254575163398692865e+02 1.308366013071895395e+02
1.249806451612903260e+02 1.255354838709677381e+02 1.309548387096774320e+02
1.249806451612903260e+02 1.256774193548387046e+02 1.308709677419354875e+02
1.253333333333333286e+02 1.254599999999999937e+02 1.306866666666666674e+02
1.252333333333333343e+02 1.249933333333333394e+02 1.307400000000000091e+02
1.254797297297297263e+02 1.244864864864864842e+02 1.308108108108108070e+02
1.258961038961038952e+02 1.248636363636363598e+02 1.311558441558441643e+02
1.259407894736842053e+02 1.242434210526315752e+02 1.309013157894736707e+02
1.254666666666666686e+02 1.234066666666666663e+02 1.306266666666666652e+02
1.258799999999999955e+02 1.231599999999999966e+02 1.306666666666666572e+02
1.259276315789473699e+02 1.231184210526315752e+02 1.303552631578947398e+02
1.256644736842105203e+02 1.228289473684210549e+02 1.304605263157894797e+02
1.254966887417218544e+02 1.226754966887417169e+02 1.304768211920529666e+02
1.253557046979865817e+02 1.225302013422818845e+02 1.300536912751677789e+02
1.259150326797385588e+02 1.226862745098039227e+02 1.299803921568627345e+02
1.259738562091503269e+02 1.229346405228758101e+02 1.293790849673202672e+02
1.258783783783783718e+02 1.227162162162162105e+02 1.290675675675675791e+02
1.263398692810457504e+02 1.222222222222222285e+02 1.288954248366013076e+02
1.257905405405405475e+02 1.227905405405405475e+02 1.289054054054054177e+02
1.257947019867549727e+02 1.234834437086092720e+02 1.286821192052980223e+02
1.261381578947368354e+02 1.238815789473684248e+02 1.287763157894736707e+02
1.266266666666666652e+02 1.246333333333333400e+02 1.288933333333333451e+02
1.271140939597315480e+02 1.248120805369127595e+02 1.284765100671141056e+02
1.270774193548387103e+02 1.255741935483871003e+02 1.284645161290322619e+02
1.267583892617449663e+02 1.259127516778523557e+02 1.287583892617449806e+02
1.268523489932885866e+02 1.264093959731543606e+02 1.286711409395973078e+02
1.272402597402597451e+02 1.266428571428571388e+02 1.286623376623376487e+02
1.275503355704697981e+02 1.268053691275167836e+02 1.283892617449664328e+02
1.277105263157894797e+02 1.264473684210526301e+02 1.282631578947368212e+02
1.281644736842105203e+02 1.261907894736842053e+02 1.284013157894736707e+02
1.283199999999999932e+02 1.257933333333333366e+02 1.284399999999999977e+02
1.283576158940397249e+02 1.252847682119205359e+02 1.284569536423840930e+02
1.286225165562914015e+02 1.251192052980132416e+02 1.284238410596026370e+02
1.279932432432432421e+02 1.252567567567567579e+02 1.291554054054054177e+02
1.278986486486486456e+02 1.245405405405405475e+02 1.290270270270270316e+02
1.281496598639455726e+02 1.239659863945578167e+02 1.292176870748299393e+02
1.280939597315436345e+02 1.237248322147651010e+02 1.290604026845637691e+02
1.284121621621621614e+02 1.231418918918918877e+02 1.290000000000000000e+02
1.284199999999999875e+02 1.230333333333333314e+02 1.286599999999999966e+02
1.284736842105263293e+02 1.231315789473684248e+02 1.289276315789473699e+02
1.286845637583892596e+02 1.230268456375838895e+02 1.288993288590604038e+02
1.292302631578947398e+02 1.219210526315789451e+02 1.285657894736842195e+02
1.292012987012986969e+02 1.218246753246753258e+02 1.284740259740259773e+02
1.292721088435374099e+02 1.217278911564625901e+02 1.293673469387755119e+02
1.291644736842105203e+02 1.219736842105263150e+02 1.297631578947368496e+02
1.291854304635761537e+02 1.216556291390728433e+02 1.297417218543046431e+02
1.290933333333333337e+02 1.217666666666666657e+02 1.301133333333333439e+02
1.294864864864864842e+02 1.222567567567567579e+02 1.300540540540540633e+02
1.294228187919462982e+02 1.217046979865771874e+02 1.299865771812080482e+02
1.294736842105263293e+02 1.217894736842105203e+02 1.296907894736842195e+02
1.295592105263157805e+02 1.216578947368421098e+02 1.299210526315789593e+02
1.294362416107382501e+02 1.216778523489932837e+02 1.306375838926174424e+02
1.296887417218543135e+02 1.212980132450331183e+02 1.310927152317880768e+02
1.299399999999999977e+02 1.204933333333333394e+02 1.313866666666666561e+02
1.305194805194805099e+02 1.203766233766233711e+02 1.310129870129870255e+02
1.307434210526315894e+02 1.200131578947368354e+02 1.314276315789473699e+02
1.307741935483871032e+02 1.203161290322580612e+02 1.318516129032257993e+02
1.305197368421052602e+02 1.200394736842105203e+02 1.321907894736842195e+02
1.308333333333333428e+02 1.194200000000000017e+02 1.320866666666666731e+02
1.308366013071895395e+02 1.189542483660130756e+02 1.319346405228758101e+02
1.310810810810810949e+02 1.187364864864864842e+02 1.318648648648648702e+02
1.306754966887417311e+02 1.185496688741721840e+02 1.319205298013245056e+02
1.312236842105263293e+02 1.178223684210526301e+02 1.320263157894736707e+02
1.317894736842105203e+02 1.174868421052631646e+02 1.327368421052631504e+02
1.324966887417218402e+02 1.167814569536423903e+02 1.328211920529801375e+02
1.319455782312925294e+02 1.169387755102040813e+02 1.331224489795918373e+02
1.319391891891891930e+02 1.170135135135135158e+02 1.332432432432432563e+02
1.320533333333333417e+02 1.166533333333333360e+02 1.327333333333333201e+02
1.322171052631578902e+02 1.167763157894736850e+02 1.326842105263157805e+02
1.321866666666666674e+02 1.166333333333333400e+02 1.328000000000000114e+02
1.315165562913907422e+02 1.163311258278145743e+02 1.326158940397351103e+02
1.318926174496644421e+02 1.168389261744966490e+02 1.328456375838926249e+02
1.324503311258278018e+02 1.171125827814569504e+02 1.330794701986754944e+02
1.327532467532467422e+02 1.171948051948051983e+02 1.332467532467532578e+02
1.327894736842105203e+02 1.172368421052631646e+02 1.335592105263157805e+02
1.324600000000000080e+02 1.173400000000000034e+02 1.327199999999999989e+02
1.324473684210526301e+02 1.171513157894736850e+02 1.325986842105263293e+02
1.323986928104575043e+02 1.162549019607843093e+02 1.322156862745098067e+02
1.326315789473684106e+02 1.154539473684210549e+02 1.323355263157894797e+02
1.321354838709677324e+02 1.150774193548387103e+02 1.323354838709677495e+02
1.314539473684210407e+02 1.151973684210526301e+02 1.315657894736842195e+02
1.315933333333333337e+02 1.147600000000000051e+02 1.313333333333333428e+02
1.313355263157894797e+02 1.144144736842105203e+02 1.312236842105263293e+02
1.313947368421052602e+02 1.143289473684210549e+02 1.312171052631578902e+02
1.318310810810810949e+02 1.142635135135135158e+02 1.314932432432432563e+02
1.321866666666666674e+02 1.142600000000000051e+02 1.310399999999999920e+02
1.322251655629139009e+02 1.141059602649006592e+02 1.310066225165562912e+02
1.326535947712418420e+02 1.146143790849673252e+02 1.304379084967320352e+02
1.328993288590604038e+02 1.148993288590604038e+02 1.300067114093959617e+02
1.338815789473684106e+02 1.148618421052631646e+02 1.302434210526315894e+02
1.338496732026143832e+02 1.154509803921568647e+02 1.303529411764705799e+02
1.340405405405405475e+02 1.154797297297297263e+02 1.307162162162162247e+02
1.336357615894039839e+02 1.155231788079470192e+02 1.307483443708609343e+02
1.333986928104575043e+02 1.154836601307189596e+02 1.307124183006535816e+02
1.331103896103896034e+02 1.151688311688311757e+02 1.308571428571428612e+02
1.331568627450980387e+02 1.156862745098039227e+02 1.307908496732026151e+02
1.328476821192053023e+02 1.153708609271523216e+02 1.308410596026490111e+02
1.326399999999999864e+02 1.156066666666666691e+02 1.307533333333333303e+02
1.328666666666666458e+02 1.158266666666666680e+02 1.304000000000000057e+02
1.331381578947368496e+02 1.153750000000000000e+02 1.304868421052631504e+02
1.331418918918919019e+02 1.158378378378378386e+02 1.298783783783783861e+02
1.338431372549019613e+02 1.159934640522875782e+02 1.294052287581699261e+02
1.337549668874172255e+02 1.166158940397350960e+02 1.287615894039735167e+02
1.339006622516556320e+02 1.172980132450331183e+02 1.281854304635761537e+02
1.338543046357615935e+02 1.173774834437086128e+02 1.277947019867549727e+02
1.339612903225806519e+02 1.177225806451612868e+02 1.274838709677419359e+02
1.337466666666666697e+02 1.175333333333333314e+02 1.275866666666666731e+02
1.339210526315789593e+02 1.174276315789473699e+02 1.272894736842105203e+02
1.335424836601307277e+02 1.166339869281045765e+02 1.270130718954248437e+02
1.337074829931972886e+02 1.170340136054421833e+02 1.275238095238095184e+02
1.335649350649350708e+02 1.165974025974025921e+02 1.272727272727272663e+02
1.334832214765100673e+02 1.161073825503355721e+02 1.265973154362416153e+02
1.333576158940397249e+02 1.163112582781457007e+02 1.268807947019867584e+02
1.331946308724832306e+02 1.162550335570469855e+02 1.263154362416107404e+02
1.329407894736842195e+02 1.170657894736842053e+02 1.261052631578947398e+02
1.329867549668874176e+02 1.166423841059602609e+02 1.263311258278145743e+02
1.327434210526315894e+02 1.161644736842105203e+02 1.263750000000000000e+02
1.325100671140939710e+02 1.163959731543624230e+02 1.261476510067114134e+02
1.323684210526315894e+02 1.160986842105263150e+02 1.257302631578947398e+02
1.323677419354838776e+02 1.163870967741935516e+02 1.253677419354838776e+02
1.322251655629139009e+02 1.162384105960264833e+02 1.244701986754966896e+02
1.320463576158940384e+02 1.159867549668874176e+02 1.239536423841059616e+02
1.315827814569536542e+02 1.156225165562913872e+02 1.241059602649006592e+02
1.312967741935483730e+02 1.154838709677419359e+02 1.241096774193548384e+02
1.313947368421052602e+02 1.152368421052631646e+02 1.240723684210526301e+02
1.316599999999999966e+02 1.155400000000000063e+02 1.242266666666666737e+02
1.315064102564102484e+02 1.152500000000000000e+02 1.239871794871794890e+02
1.313684210526315894e+02 1.150131578947368354e+02 1.243421052631578902e+02
1.311776315789473699e+02 1.152631578947368354e+02 1.245592105263157947e+02
1.310065359477124218e+02 1.152352941176470580e+02 1.248235294117647101e+02
1.303489932885906057e+02 1.149127516778523557e+02 1.253020134228187885e+02
1.298701298701298583e+02 1.151168831168831161e+02 1.254025974025974079e+02
1.303973509933774722e+02 1.149536423841059616e+02 1.254834437086092720e+02
1.306993464052287663e+02 1.148692810457516345e+02 1.263267973856209210e+02
1.306933333333333280e+02 1.146266666666666652e+02 1.263466666666666640e+02
1.302434210526315894e+02 1.143157894736842053e+02 1.266776315789473699e+02
1.302828947368421098e+02 1.141052631578947398e+02 1.260394736842105203e+02
1.301447368421052602e+02 1.141513157894736850e+02 1.262894736842105203e+02
1.299733333333333292e+02 1.134666666666666686e+02 1.260600000000000023e+02
1.300529801324503296e+02 1.131390728476821153e+02 1.263178807947019919e+02
1.304594594594594525e+02 1.130878378378378386e+02 1.262905405405405475e+02
1.299395973154362309e+02 1.124362416107382501e+02 1.267852348993288558e+02
1.298255033557047113e+02 1.125973154362416153e+02 1.271073825503355721e+02
1.297748344370860991e+02 1.126026490066225136e+02 1.268079470198675551e+02
1.296710526315789593e+02 1.119473684210526301e+02 1.271052631578947398e+02
1.298684210526315894e+02 1.119802631578947398e+02 1.270000000000000000e+02
1.299600000000000080e+02 1.115333333333333314e+02 1.269000000000000057e+02
1.298815789473684106e+02 1.114013157894736850e+02 1.271513157894736850e+02
1.299240506329113884e+02 1.114493670886076018e+02 1.272784810126582329e+02
1.306153846153846132e+02 1.115833333333333286e+02 1.274294871794871824e+02
1.312171052631578902e+02 1.113157894736842053e+02 1.269802631578947398e+02
1.314901960784313815e+02 1.111307189542483655e+02 1.268888888888888857e+02
1.311842105263157805e+02 1.106381578947368354e+02 1.271644736842105203e+02
1.307086092715231871e+02 1.101589403973509889e+02 1.266754966887417169e+02
1.310927152317880768e+02 1.098211920529801375e+02 1.268344370860927199e+02
1.314868421052631504e+02 1.097960526315789451e+02 1.269671052631578902e+02
1.318666666666666742e+02 1.092666666666666657e+02 1.273466666666666640e+02
1.311666666666666572e+02 1.090999999999999943e+02 1.273533333333333388e+02
1.310335570469798654e+02 1.086174496644295289e+02 1.271208053691275097e+02
1.309199999999999875e+02 1.087000000000000028e+02 1.272266666666666737e+02
1.308947368421052602e+02 1.081447368421052602e+02 1.272697368421052602e+02
1.307039473684210407e+02 1.079671052631578902e+02 1.275328947368421098e+02
1.308376623376623513e+02 1.077207792207792210e+02 1.281428571428571388e+02
1.310394736842105203e+02 1.079539473684210549e+02 1.284671052631578902e+02
1.315163398692810404e+02 1.082875816993464042e+02 1.280849673202614269e+02
1.306797385620915009e+02 1.077843137254901933e+02 1.277712418300653638e+02
1.308311688311688386e+02 1.071558441558441501e+02 1.282727272727272805e+02
1.307297297297297405e+02 1.068243243243243228e+02 1.281756756756756772e+02
1.305167785234899327e+02 1.063892617449664471e+02 1.285167785234899327e+02
1.304144736842105203e+02 1.061710526315789451e+02 1.282631578947368496e+02
1.309736842105263293e+02 1.058684210526315752e+02 1.284539473684210407e+02
1.311428571428571388e+02 1.055259740259740227e+02 1.275844155844155807e+02
1.312925170068027114e+02 1.053945578231292473e+02 1.273537414965986443e+02
1.311466666666666754e+02 1.054666666666666686e+02 1.268266666666666680e+02
1.317651006711409423e+02 1.049463087248322211e+02 1.269127516778523557e+02
1.317419354838709751e+02 1.050064516129032199e+02 1.265935483870967744e+02
1.319533333333333474e+02 1.050466666666666669e+02 1.270600000000000023e+02
1.322012987012986969e+02 1.045649350649350708e+02 1.269935064935064872e+02
1.328807947019867584e+02 1.044238410596026512e+02 1.266092715231788048e+02
1.333133333333333326e+02 1.041466666666666612e+02 1.258666666666666600e+02
1.334276315789473699e+02 1.041184210526315752e+02 1.255855263157894797e+02
1.336381578947368496e+02 1.040131578947368354e+02 1.261118421052631646e+02
1.341176470588235361e+02 1.041111111111111143e+02 1.263333333333333286e+02
1.345592105263157805e+02 1.039210526315789451e+02 1.261250000000000000e+02
1.345165562913907422e+02 1.040132450331125824e+02 1.258940397350993408e+02
1.345816993464052302e+02 1.042026143790849630e+02 1.260000000000000000e+02
1.350860927152317856e+02 1.044105960264900688e+02 1.265231788079470192e+02
1.353020134228187885e+02 1.039328859060402692e+02 1.264563758389261778e+02
1.356133333333333439e+02 1.041200000000000045e+02 1.264666666666666686e+02
1.362384105960264833e+02 1.041655629139072801e+02 1.270198675496688736e+02
1.362516556291390657e+02 1.046357615894039697e+02 1.268543046357615935e+02
1.363986928104575043e+02 1.043790849673202672e+02 1.270261437908496731e+02
1.363513513513513544e+02 1.044121621621621614e+02 1.275743243243243228e+02
1.363921568627451109e+02 1.038366013071895395e+02 1.274967320261437891e+02
1.368486842105263293e+02 1.030526315789473699e+02 1.277105263157894797e+02
1.367647058823529278e+02 1.029215686274509807e+02 1.274509803921568647e+02
1.366622516556291487e+02 1.027417218543046289e+02 1.280198675496688736e+02
1.365771812080537018e+02 1.025167785234899327e+02 1.283691275167785193e+02
1.366405228758169983e+02 1.019803921568627487e+02 1.280784313725490335e+02
1.370460526315789593e+02 1.019407894736842053e+02 1.278947368421052602e+02
1.374635761589403842e+02 1.021059602649006592e+02 1.281390728476821153e+02
1.376200000000000045e+02 1.018533333333333388e+02 1.286933333333333280e+02
1.380519480519480453e+02 1.020519480519480453e+02 1.291038961038960906e+02
1.382666666666666799e+02 1.015066666666666606e+02 1.288733333333333348e+02
1.385424836601307277e+02 1.010130718954248437e+02 1.294509803921568505e+02
1.389144736842105203e+02 1.008421052631578902e+02 1.296710526315789593e+02
1.383600000000000136e+02 1.006933333333333280e+02 1.290200000000000102e+02
1.383486842105263293e+02 1.006118421052631646e+02 1.285657894736842195e+02
1.384671052631578902e+02 1.007565789473684248e+02 1.287302631578947398e+02
1.385389610389610482e+02 1.004090909090909065e+02 1.282272727272727195e+02
1.388376623376623513e+02 1.000324675324675354e+02 1.276818181818181870e+02
1.384266666666666765e+02 9.949333333333333940e+01 1.276466666666666612e+02
1.379337748344370880e+02 9.934437086092715674e+01 1.277814569536423903e+02
1.375844155844155807e+02 9.932467532467532578e+01 1.276623376623376629e+02
1.371842105263157805e+02 9.900000000000000000e+01 1.276250000000000000e+02
1.372818791946308750e+02 9.904026845637584131e+01 1.275436241610738222e+02
1.375098039215686185e+02 9.879738562091503695e+01 1.278431372549019613e+02
1.367105263157894797e+02 9.869078947368420529e+01 1.272960526315789451e+02
1.362582781456953569e+02 9.843708609271523358e+01 1.269933774834437088e+02
1.365354838709677381e+02 9.845161290322580783e+01 1.262129032258064569e+02
1.363046357615893953e+02 9.857615894039734883e+01 1.261788079470198625e+02
1.355033112582781598e+02 9.874834437086092009e+01 1.263311258278145743e+02
1.349411764705882320e+02 9.888235294117646390e+01 1.261960784313725554e+02
1.353489932885906057e+02 9.982550335570469713e+01 1.263624161073825434e+02
1.357466666666666697e+02 9.973333333333333428e+01 1.257399999999999949e+02
1.363066666666666720e+02 1.000799999999999983e+02 1.257666666666666657e+02
1.363973509933774722e+02 1.002251655629139009e+02 1.250132450331125824e+02
1.363020134228187885e+02 1.004630872483221538e+02 1.252416107382550337e+02
1.364657534246575210e+02 1.006027397260273943e+02 1.252123287671232816e+02
1.367792207792207932e+02 1.005519480519480453e+02 1.255779220779220822e+02
1.365399999999999920e+02 1.007333333333333343e+02 1.252800000000000011e+02
1.365231788079470334e+02 1.008476821192053023e+02 1.252450331125827745e+02
1.365789473684210407e+02 1.015592105263157947e+02 1.246184210526315752e+02
1.363642384105960161e+02 1.017682119205298079e+02 1.249403973509933792e+02
1.366979865771812115e+02 1.020469798657718172e+02 1.252953020134228126e+02
1.369801324503311264e+02 1.020728476821192032e+02 1.250000000000000000e+02
1.373666666666666742e+02 1.023199999999999932e+02 1.247666666666666657e+02
1.371946308724832306e+02 1.029328859060402692e+02 1.249328859060402692e+02
1.372662337662337677e+02 1.032077922077922096e+02 1.257142857142857082e+02
1.374133333333333269e+02 1.031333333333333400e+02 1.258933333333333309e+02
1.376118421052631504e+02 1.036907894736842053e+02 1.257960526315789451e+02
1.378874172185430496e+02 1.038211920529801375e+02 1.260860927152317856e+02
1.374480519480519547e+02 1.040129870129870113e+02 1.264675324675324646e+02
1.370999999999999943e+02 1.043733333333333348e+02 1.265866666666666731e+02
1.365827814569536542e+02 1.044503311258278160e+02 1.265894039735099312e+02
1.366357615894039839e+02 1.046688741721854257e+02 1.262980132450331183e+02
1.369731543624160963e+02 1.047382550335570528e+02 1.266979865771812115e+02
1.367434210526315894e+02 1.050986842105263150e+02 1.269473684210526301e+02
1.368199999999999932e+02 1.050199999999999960e+02 1.271733333333333320e+02
1.370266666666666708e+02 1.051733333333333320e+02 1.274000000000000057e+02
1.373378378378378386e+02 1.059864864864864842e+02 1.278243243243243228e+02
1.371533333333333360e+02 1.057866666666666617e+02 1.279866666666666646e+02
1.367870967741935431e+02 1.061290322580645125e+02 1.280387096774193481e+02
1.368104575163398806e+02 1.064640522875816941e+02 1.280588235294117680e+02
1.373757961783439612e+02 1.063312101910828034e+02 1.284012738853503208e+02
1.368344370860927199e+02 1.069735099337748352e+02 1.284966887417218402e+02
1.368300653594771177e+02 1.069281045751634025e+02 1.288496732026143832e+02
1.367467532467532578e+02 1.069155844155844193e+02 1.293441558441558357e+02
1.371788079470198625e+02 1.067682119205298079e+02 1.296953642384106047e+02
1.365167785234899327e+02 1.065167785234899327e+02 1.302751677852349133e+02
1.365894039735099454e+02 1.068145695364238463e+02 1.300331125827814560e+02
1.365066666666666606e+02 1.067466666666666697e+02 1.302199999999999989e+02
1.359801324503311264e+02 1.065099337748344368e+02 1.305099337748344510e+02
1.354834437086092578e+02 1.064437086092715248e+02 1.305298013245033246e+02
1.351800000000000068e+02 1.066266666666666652e+02 1.308000000000000114e+02
1.347385620915032689e+02 1.061830065359477118e+02 1.308235294117646959e+02
1.351360544217687050e+02 1.067210884353741562e+02 1.314965986394557831e+02
1.349415584415584419e+02 1.071428571428571388e+02 1.315779220779220680e+02
1.354768211920529666e+02 1.074238410596026512e+02 1.320463576158940384e+02
1.352913907284768129e+02 1.071788079470198625e+02 1.314966887417218402e+02
1.350662251655629120e+02 1.072781456953642447e+02 1.317284768211920607e+02
1.353245033112582689e+02 1.077947019867549727e+02 1.319139072847682144e+02
1.354836601307189596e+02 1.081437908496732092e+02 1.317973856209150370e+02
1.353443708609271425e+02 1.077350993377483377e+02 1.324039735099337634e+02
1.355032679738561967e+02 1.077516339869280984e+02 1.320718954248366117e+02
1.353199999999999932e+02 1.078666666666666600e+02 1.319133333333333269e+02
1.350794701986754944e+02 1.078344370860927199e+02 1.315298013245033246e+02
1.348940397350993408e+02 1.080662251655629120e+02 1.314569536423840930e+02
1.351986754966887361e+02 1.075298013245033104e+02 1.314039735099337634e+02
1.358456375838926249e+02 1.080872483221476443e+02 1.310000000000000000e+02
1.365460526315789593e+02 1.087434210526315752e+02 1.306973684210526301e+02
1.358145695364238463e+02 1.094039735099337776e+02 1.299668874172185440e+02
1.359607843137254974e+02 1.095163398692810404e+02 1.302679738562091529e+02
1.356405228758169983e+02 1.100261437908496731e+02 1.300718954248366117e+02
1.358799999999999955e+02 1.103866666666666703e+02 1.298199999999999932e+02
1.358175675675675791e+02 1.108243243243243228e+02 1.298581081081080981e+02
1.360000000000000000e+02 1.107631578947368354e+02 1.297894736842105203e+02
1.364133333333333269e+02 1.105466666666666669e+02 1.299799999999999898e+02
1.368627450980392268e+02 1.111176470588235361e+02 1.300130718954248437e+02
1.371200000000000045e+02 1.112999999999999972e+02 1.304066666666666663e+02
1.368653846153846132e+02 1.117179487179487154e+02 1.307692307692307736e+02
1.370723684210526301e+02 1.121447368421052602e+02 1.311381578947368496e+02
1.374539473684210407e+02 1.125263157894736850e+02 1.308552631578947398e+02
1.375827814569536542e+02 1.129337748344370880e+02 1.303311258278145601e+02
1.375600000000000023e+02 1.124399999999999977e+02 1.310000000000000000e+02
1.375133333333333212e+02 1.128066666666666720e+02 1.310600000000000023e+02
1.378092105263157805e+02 1.133223684210526301e+02 1.307236842105263293e+02
1.388750000000000000e+02 1.139013157894736850e+02 1.310526315789473699e+02
1.391081081081080981e+02 1.137364864864864842e+02 1.313513513513513544e+02
1.391045751633986924e+02 1.131633986928104605e+02 1.317450980392156907e+02
1.387615894039735167e+02 1.132384105960264833e+02 1.314039735099337634e+02
1.390394736842105203e+02 1.134078947368421098e+02 1.312302631578947398e+02
1.387266666666666595e+02 1.132733333333333263e+02 1.307866666666666617e+02
1.389333333333333371e+02 1.130999999999999943e+02 1.305733333333333235e+02
1.385298013245033246e+02 1.129271523178807968e+02 1.306622516556291487e+02
1.382614379084967311e+02 1.133398692810457504e+02 1.308627450980392268e+02
1.380838709677419445e+02 1.134064516129032256e+02 1.306903225806451587e+02
1.375100671140939710e+02 1.144295302013422884e+02 1.305369127516778462e+02
1.375947712418300739e+02 1.145424836601307135e+02 1.304836601307189596e+02
1.376666666666666572e+02 1.145199999999999960e+02 1.306333333333333258e+02
1.380065789473684106e+02 1.142171052631578902e+02 1.309013157894736707e+02
1.381333333333333258e+02 1.139333333333333371e+02 1.308266666666666538e+02
1.378435374149659935e+02 1.135238095238095184e+02 1.303741496598639458e+02
1.375921052631578902e+02 1.133947368421052602e+02 1.295460526315789593e+02
1.377712418300653496e+02 1.122941176470588260e+02 1.294052287581699261e+02
1.374421768707483125e+02 1.129115646258503460e+02 1.292721088435374099e+02
1.374238410596026370e+02 1.130662251655629120e+02 1.284172185430463458e+02
1.378918918918919019e+02 1.134864864864864842e+02 1.283716216216216139e+02
1.382077922077922096e+02 1.135519480519480453e+02 1.279935064935064872e+02
1.381644736842105203e+02 1.135065789473684248e+02 1.275789473684210549e+02
1.382866666666666617e+02 1.138533333333333388e+02 1.273866666666666703e+02
1.385960264900662366e+02 1.138543046357615935e+02 1.271523178807946977e+02
1.380649350649350708e+02 1.136818181818181870e+02 1.276493506493506516e+02
1.380065789473684106e+02 1.141052631578947398e+02 1.271973684210526301e+02
1.375666666666666629e+02 1.138866666666666703e+02 1.269666666666666686e+02
1.374313725490196134e+02 1.137189542483660176e+02 1.273006535947712479e+02
1.373947368421052602e+02 1.138355263157894797e+02 1.271973684210526301e+02
1.378300653594771177e+02 1.132679738562091529e+02 1.274313725490196134e+02
1.381342281879194616e+02 1.140201342281879135e+02 1.278322147651006730e+02
1.380264900662251648e+02 1.136490066225165521e+02 1.275960264900662224e+02
1.382147651006711442e+02 1.137382550335570528e+02 1.281140939597315480e+02
1.385466666666666526e+02 1.140866666666666731e+02 1.283866666666666561e+02
1.385570469798657598e+02 1.145302013422818845e+02 1.280067114093959617e+02
1.390671140939597308e+02 1.146107382550335529e+02 1.274295302013422884e+02
1.393799999999999955e+02 1.148066666666666720e+02 1.279599999999999937e+02
1.398410596026490111e+02 1.151788079470198625e+02 1.277748344370860991e+02
1.400933333333333337e+02 1.152466666666666697e+02 1.277999999999999972e+02
1.405592105263157805e+02 1.151447368421052602e+02 1.280921052631578902e+02
1.402828947368421098e+02 1.154276315789473699e+02 1.282368421052631504e+02
1.406558441558441643e+02 1.155519480519480453e+02 1.284025974025973937e+02
1.407315436241610769e+02 1.150939597315436203e+02 1.288926174496644421e+02
1.411307189542483798e+02 1.149477124183006538e+02 1.284117647058823479e+02
1.419473684210526301e+02 1.147763157894736850e+02 1.288618421052631504e+02
1.422745098039215748e+02 1.147254901960784252e+02 1.288431372549019613e+02
1.420657894736842195e+02 1.147565789473684248e+02 1.287828947368421098e+02
1.420522875816993462e+02 1.146405228758169983e+02 1.293660130718954235e+02
1.421066666666666549e+02 1.145266666666666708e+02 1.295200000000000102e+02
1.418051948051948159e+02 1.144740259740259773e+02 1.298831168831168839e+02
1.422176870748299393e+02 1.143333333333333286e+02 1.299523809523809632e+02
1.424025974025973937e+02 1.143506493506493484e+02 1.300649350649350708e+02
1.418724832214765001e+02 1.141812080536912788e+02 1.306912751677852214e+02
1.421830065359477260e+02 1.141568627450980387e+02 1.309346405228758101e+02
1.423489932885906057e+02 1.142080536912751683e+02 1.313087248322147786e+02
1.417086092715231871e+02 1.140794701986754944e+02 1.312450331125827745e+02
1.415695364238410718e+02 1.136423841059602609e+02 1.318410596026490111e+02
1.413464052287581580e+02 1.130784313725490193e+02 1.323006535947712337e+02
1.417733333333333405e+02 1.133533333333333388e+02 1.322199999999999989e+02
1.416973684210526301e+02 1.133157894736842053e+02 1.328289473684210407e+02
1.420849673202614269e+02 1.131176470588235361e+02 1.327843137254901933e+02
1.416883116883116998e+02 1.126298701298701275e+02 1.324285714285714164e+02
1.423933333333333451e+02 1.127133333333333383e+02 1.323933333333333451e+02
1.427124183006535816e+02 1.130784313725490193e+02 1.321372549019607732e+02
1.432147651006711442e+02 1.131073825503355721e+02 1.317651006711409423e+02
1.433576158940397249e+02 1.128543046357615935e+02 1.318410596026490111e+02
1.437181208053691250e+02 1.125503355704697981e+02 1.320604026845637691e+02
1.434834437086092578e+02 1.124105960264900688e+02 1.317019867549668959e+02
1.435165562913907422e+02 1.131920529801324449e+02 1.311920529801324449e+02
1.435705128205128176e+02 1.132820512820512846e+02 1.308846153846153868e+02
1.439337748344370880e+02 1.130132450331125824e+02 1.310132450331125824e+02
1.440774193548386961e+02 1.125161290322580641e+02 1.308322580645161395e+02
1.440675675675675791e+02 1.120405405405405475e+02 1.303716216216216139e+02
1.438187919463087212e+02 1.114563758389261778e+02 1.305906040268456252e+02
1.434600000000000080e+02 1.107333333333333343e+02 1.308933333333333451e+02
1.431089743589743648e+02 1.106346153846153868e+02 1.307435897435897516e+02
1.431333333333333258e+02 1.108599999999999994e+02 1.312599999999999909e+02
1.425657894736842195e+02 1.099868421052631646e+02 1.312697368421052602e+02
1.427382550335570386e+02 1.097449664429530145e+02 1.309463087248322211e+02
1.431830065359477260e+02 1.097843137254901933e+02 1.307973856209150370e+02
1.430065359477124218e+02 1.097385620915032689e+02 1.310130718954248437e+02
1.428435374149659935e+02 1.097891156462585087e+02 1.312380952380952408e+02
1.428378378378378386e+02 1.103243243243243228e+02 1.311013513513513544e+02
1.428866666666666561e+02 1.101200000000000045e+02 1.312199999999999989e+02
1.427960526315789593e+02 1.103157894736842053e+02 1.308157894736842195e+02
1.425533333333333417e+02 1.101400000000000006e+02 1.304799999999999898e+02
1.422960526315789593e+02 1.100328947368421098e+02 1.306710526315789593e+02
1.426535947712418420e+02 1.099477124183006538e+02 1.312026143790849630e+02
1.425973154362416153e+02 1.099127516778523557e+02 1.314429530201342402e+02
1.429477124183006538e+02 1.094117647058823479e+02 1.312810457516339966e+02
1.433266666666666538e+02 1.087466666666666697e+02 1.304466666666666583e+02
1.429000000000000057e+02 1.090400000000000063e+02 1.305733333333333235e+02
1.429285714285714164e+02 1.087987012987013031e+02 1.297857142857142776e+02
1.424805194805194901e+02 1.086558441558441501e+02 1.297922077922077904e+02
1.426158940397351103e+02 1.089205298013245056e+02 1.297549668874172255e+02
1.420000000000000000e+02 1.090460526315789451e+02 1.291644736842105203e+02
1.419150326797385731e+02 1.083594771241830017e+02 1.286339869281045765e+02
1.414802631578947398e+02 1.084407894736842053e+02 1.285592105263157805e+02
1.414172185430463458e+02 1.082384105960264833e+02 1.284569536423840930e+02
1.413600000000000136e+02 1.077333333333333343e+02 1.280999999999999943e+02
1.412828947368421098e+02 1.074276315789473699e+02 1.277039473684210549e+02
1.417417218543046431e+02 1.076158940397350960e+02 1.277350993377483377e+02
1.417171052631578902e+02 1.080921052631578902e+02 1.280000000000000000e+02
1.421066666666666549e+02 1.081400000000000006e+02 1.282400000000000091e+02
1.421513157894736707e+02 1.080460526315789451e+02 1.281250000000000000e+02
1.419662162162162247e+02 1.076486486486486456e+02 1.281351351351351298e+02
1.419266666666666765e+02 1.074599999999999937e+02 1.280466666666666526e+02
1.412800000000000011e+02 1.079933333333333394e+02 1.278066666666666720e+02
1.409066666666666663e+02 1.080266666666666708e+02 1.279133333333333269e+02
1.406821192052980223e+02 1.076490066225165521e+02 1.283774834437085985e+02
1.410779220779220680e+02 1.080324675324675354e+02 1.282402597402597451e+02
1.411644736842105203e+02 1.080328947368421098e+02 1.279210526315789451e+02
1.410270270270270316e+02 1.078040540540540491e+02 1.278445945945945965e+02
1.408389261744966348e+02 1.080201342281879135e+02 1.279597315436241587e+02
1.406375838926174424e+02 1.087248322147651010e+02 1.277248322147651010e+02
1.402483221476510096e+02 1.090536912751677789e+02 1.275637583892617499e+02
1.404013157894736707e+02 1.096381578947368354e+02 1.275460526315789451e+02
1.404039735099337634e+02 1.099735099337748352e+02 1.277814569536423903e+02
1.399411764705882320e+02 1.106274509803921546e+02 1.275490196078431353e+02
1.400000000000000000e+02 1.110460526315789451e+02 1.268289473684210549e+02
1.398400000000000034e+02 1.114666666666666686e+02 1.266533333333333360e+02
1.403921568627451109e+02 1.116470588235294059e+02 1.267385620915032689e+02
1.404333333333333371e+02 1.113333333333333286e+02 1.267999999999999972e+02
