1.268211920529801375e+02 1.272980132450331183e+02 1.277284768211920465e+02
1.267105263157894797e+02 1.273289473684210549e+02 1.277894736842105203e+02
1.267631578947368354e+02 1.274078947368421098e+02 1.275394736842105203e+02
1.266688741721854257e+02 1.274701986754966896e+02 1.276158940397350960e+02
1.264666666666666686e+02 1.274066666666666663e+02 1.277199999999999989e+02
1.264238410596026512e+02 1.274437086092715248e+02 1.277615894039735167e+02
1.264429530201342260e+02 1.273422818791946298e+02 1.279328859060402692e+02
1.263355704697986539e+02 1.274026845637583847e+02 1.276912751677852356e+02
1.263245033112582831e+02 1.273245033112582831e+02 1.277615894039735167e+02
1.260000000000000000e+02 1.272199999999999989e+02 1.278733333333333348e+02
1.258933333333333309e+02 1.271599999999999966e+02 1.278266666666666680e+02
1.262751677852348990e+02 1.271275167785234856e+02 1.276577181208053702e+02
1.265167785234899327e+02 1.271946308724832164e+02 1.278255033557046971e+02
1.263708609271523216e+02 1.270066225165562912e+02 1.277218543046357553e+02
1.266241610738255048e+02 1.273691275167785193e+02 1.278187919463087212e+02
1.265263157894736850e+02 1.272828947368421098e+02 1.277763157894736850e+02
1.264000000000000057e+02 1.273266666666666680e+02 1.279200000000000017e+02
1.262614379084967311e+02 1.271111111111111143e+02 1.279215686274509807e+02
1.263466666666666782e+02 1.271733333333333320e+02 1.280800000000000125e+02
1.262600000000000051e+02 1.271933333333333422e+02 1.281733333333333178e+02
1.265133333333333212e+02 1.273133333333333326e+02 1.281133333333333439e+02
1.265666666666666629e+02 1.272800000000000011e+02 1.282333333333333201e+02
1.266688741721854257e+02 1.275033112582781456e+02 1.279801324503311122e+02
1.267333333333333343e+02 1.273599999999999994e+02 1.279800000000000040e+02
1.267682119205297937e+02 1.272119205298013185e+02 1.281655629139072801e+02
1.268344370860927057e+02 1.271854304635761537e+02 1.281986754966887361e+02
1.268079470198675551e+02 1.274172185430463600e+02 1.279139072847682144e+02
1.269399999999999977e+02 1.273933333333333309e+02 1.280200000000000102e+02
1.269599999999999937e+02 1.272133333333333383e+02 1.281666666666666856e+02
1.268741721854304672e+02 1.272450331125827745e+02 1.280794701986754944e+02
1.268133333333333326e+02 1.271733333333333320e+02 1.282400000000000091e+02
1.267066666666666634e+02 1.274533333333333331e+02 1.278533333333333388e+02
1.268599999999999994e+02 1.273199999999999932e+02 1.281400000000000148e+02
1.267631578947368496e+02 1.275065789473684248e+02 1.282236842105263008e+02
1.271818119703331433e+02 1.274900286057491599e+02 1.277777306525480014e+02
1.269666666666666686e+02 1.275400000000000063e+02 1.278866666666666703e+02
1.270733333333333377e+02 1.275799999999999983e+02 1.278866666666666703e+02
1.269733333333333292e+02 1.274733333333333292e+02 1.279466666666666583e+02
1.270333333333333314e+02 1.273800000000000097e+02 1.277800000000000011e+02
1.272133333333333383e+02 1.273400000000000034e+02 1.277733333333333263e+02
1.272550335570469713e+02 1.273087248322147644e+02 1.277583892617449663e+02
1.271125827814569504e+02 1.272317880794702063e+02 1.279006622516556320e+02
1.268278145695364145e+02 1.272980132450331183e+02 1.275695364238410576e+02
1.269133333333333411e+02 1.275733333333333377e+02 1.278800000000000097e+02
1.266026490066225136e+02 1.276026490066225278e+02 1.278344370860927199e+02
1.264635761589403984e+02 1.276490066225165521e+02 1.276291390728476784e+02
1.265600000000000023e+02 1.278066666666666578e+02 1.275999999999999943e+02
1.264295302013422884e+02 1.278859060402684520e+02 1.275906040268456394e+02
1.262980132450331183e+02 1.278543046357615793e+02 1.276092715231788048e+02
1.263092105263157805e+02 1.278157894736842053e+02 1.274210526315789451e+02
1.260799999999999983e+02 1.281866666666666674e+02 1.275333333333333314e+02
1.257880794701986815e+02 1.280000000000000000e+02 1.278013245033112639e+02
1.255704697986577116e+02 1.280939597315436345e+02 1.277315436241610769e+02
1.256026490066225136e+02 1.282450331125827745e+02 1.276423841059602751e+02
1.256533333333333360e+02 1.282666666666666515e+02 1.276599999999999966e+02
1.253799999999999955e+02 1.282466666666666697e+02 1.279333333333333371e+02
1.253288590604026780e+02 1.282953020134227984e+02 1.277382550335570528e+02
1.255234899328859086e+02 1.283557046979865675e+02 1.276308724832214807e+02
1.252214765100671059e+02 1.283355704697986539e+02 1.275973154362416011e+02
1.252550335570469855e+02 1.282617449664429614e+02 1.274429530201342260e+02
1.254599999999999937e+02 1.284199999999999875e+02 1.274666666666666686e+02
1.253892617449664471e+02 1.282080536912751825e+02 1.275033557046979809e+02
1.251756756756756772e+02 1.281891891891891930e+02 1.276351351351351298e+02
1.248918918918919019e+02 1.283108108108108070e+02 1.277094594594594668e+02
1.248523489932885866e+02 1.284630872483221538e+02 1.276778523489932979e+02
1.247432432432432421e+02 1.285405405405405475e+02 1.277432432432432421e+02
1.246081081081081123e+02 1.287027027027027088e+02 1.278175675675675649e+02
1.244520547945205493e+02 1.288082191780821972e+02 1.277671232876712253e+02
1.246164383561643945e+02 1.290547945205479436e+02 1.278356164383561548e+02
1.246986301369863099e+02 1.293150684931507044e+02 1.275616438356164366e+02
1.245547945205479579e+02 1.293972602739725914e+02 1.274931506849315070e+02
1.244217687074829968e+02 1.292108843537415055e+02 1.275306122448979664e+02
1.243401360544217766e+02 1.293877551020408134e+02 1.276462585034013699e+02
1.242876712328767042e+02 1.294726027397260282e+02 1.276917808219178028e+02
1.240821917808219155e+02 1.293424657534246478e+02 1.274520547945205493e+02
1.242328767123287605e+02 1.293904109589041127e+02 1.275616438356164366e+02
1.240753424657534225e+02 1.295821917808219155e+02 1.275821917808219155e+02
1.240000000000000000e+02 1.298671328671328524e+02 1.273636363636363598e+02
1.241034482758620641e+02 1.298827586206896569e+02 1.275448275862068925e+02
1.240753424657534225e+02 1.297876712328767042e+02 1.273013698630137043e+02
1.239444444444444429e+02 1.300555555555555713e+02 1.272013888888888857e+02
1.238219178082191831e+02 1.298630136986301409e+02 1.271027397260273943e+02
1.237412587412587470e+02 1.300279720279720266e+02 1.271608391608391599e+02
1.236041666666666572e+02 1.299375000000000000e+02 1.269513888888888857e+02
1.235555555555555429e+02 1.300208333333333144e+02 1.270000000000000000e+02
1.234055944055943996e+02 1.299930069930070147e+02 1.267622377622377599e+02
1.235724137931034505e+02 1.298689655172413779e+02 1.269310344827586192e+02
1.236597222222222285e+02 1.303611111111111143e+02 1.271250000000000000e+02
1.235704225352112644e+02 1.303380281690140805e+02 1.272746478873239369e+02
1.235664335664335596e+02 1.304475524475524537e+02 1.274125874125873992e+02
1.235486111111111143e+02 1.304027777777777715e+02 1.274027777777777715e+02
1.235594405594405600e+02 1.304895104895104794e+02 1.274265734265734267e+02
1.235664335664335596e+02 1.306853146853146654e+02 1.273986013986013859e+02
1.234758620689655118e+02 1.305448275862068783e+02 1.272482758620689651e+02
1.235208333333333286e+02 1.307986111111111143e+02 1.273750000000000000e+02
1.231379310344827616e+02 1.308758620689655174e+02 1.273448275862069039e+02
1.232222222222222143e+02 1.310833333333333428e+02 1.270763888888888999e+02
1.233194444444444429e+02 1.310972222222222285e+02 1.271388888888888857e+02
1.230629370629370669e+02 1.310979020979021072e+02 1.272097902097901994e+02
1.230279720279720266e+02 1.312377622377622401e+02 1.270629370629370669e+02
1.230139860139860133e+02 1.310699300699300807e+02 1.270769230769230802e+02
1.230138888888888999e+02 1.309166666666666856e+02 1.270138888888888857e+02
1.230349650349650403e+02 1.311118881118881063e+02 1.268111888111888135e+02
1.233958333333333428e+02 1.313125000000000000e+02 1.268125000000000000e+02
1.231690140845070403e+02 1.314084507042253449e+02 1.266056338028169108e+02
1.230139860139860133e+02 1.314335664335664262e+02 1.266363636363636402e+02
1.227847222222222285e+02 1.316111111111111143e+02 1.267152777777777857e+02
1.227816901408450718e+02 1.318239436619718390e+02 1.266267605633802873e+02
1.227832167832167869e+02 1.318741258741258662e+02 1.267832167832167869e+02
1.226950354609929121e+02 1.319503546099290645e+02 1.264893617021276526e+02
1.226453900709219909e+02 1.319645390070921849e+02 1.262482269503546206e+02
1.226241134751773103e+02 1.322127659574468055e+02 1.260000000000000000e+02
1.228111888111888135e+02 1.321468531468531467e+02 1.258461538461538538e+02
1.227605633802816953e+02 1.322816901408450860e+02 1.257957746478873133e+02
1.226267605633802873e+02 1.322183098591549424e+02 1.258450704225352155e+02
1.226126760563380316e+02 1.325281690140845114e+02 1.258661971830985919e+02
1.226971830985915517e+02 1.326408450704225288e+02 1.258239436619718390e+02
1.227323943661971839e+02 1.326549295774647703e+02 1.259014084507042242e+02
1.228652482269503565e+02 1.325744680851063890e+02 1.257163120567375927e+02
1.228368794326241158e+02 1.323971631205673702e+02 1.256524822695035510e+02
1.226549295774647845e+02 1.323802816901408619e+02 1.256338028169014081e+02
1.224225352112676148e+02 1.325352112676056322e+02 1.255845070422535201e+02
1.224929577464788792e+02 1.327323943661971839e+02 1.253732394366197269e+02
1.225804195804195729e+02 1.326363636363636545e+02 1.253636363636363598e+02
1.226056338028169108e+02 1.325352112676056322e+02 1.253732394366197269e+02
1.226524822695035510e+02 1.325531914893617227e+02 1.253333333333333428e+02
1.226478873239436638e+02 1.325704225352112644e+02 1.252816901408450718e+02
1.226830985915492960e+02 1.325492957746479021e+02 1.253380281690140805e+02
1.226453900709219909e+02 1.325886524822694810e+02 1.252695035460992870e+02
1.226830985915492960e+02 1.326056338028168966e+02 1.251760563380281752e+02
1.227801418439716343e+02 1.328085106382978609e+02 1.251560283687943240e+02
1.229785714285714278e+02 1.330714285714285552e+02 1.251357142857142861e+02
1.229718309859154886e+02 1.330915492957746551e+02 1.251619718309859195e+02
1.229366197183098564e+02 1.331971830985915517e+02 1.250000000000000000e+02
1.230352112676056322e+02 1.332112676056337932e+02 1.248943661971830892e+02
1.229007092198581574e+02 1.331985815602836851e+02 1.251276595744680975e+02
1.229300699300699335e+02 1.333986013986014143e+02 1.252727272727272663e+02
1.229716312056737593e+02 1.335248226950354535e+02 1.250212765957446805e+02
1.228865248226950371e+02 1.338581560283687963e+02 1.250141843971631204e+02
1.229148936170212778e+02 1.340141843971631204e+02 1.249148936170212778e+02
1.227500000000000000e+02 1.340571428571428498e+02 1.248142857142857167e+02
1.227801418439716343e+02 1.340638297872340274e+02 1.248085106382978609e+02
1.228439716312056618e+02 1.342411347517730462e+02 1.247801418439716343e+02
1.228928571428571388e+02 1.344000000000000057e+02 1.247214285714285751e+02
1.228156028368794352e+02 1.344042553191489446e+02 1.247588652482269538e+02
1.227928571428571445e+02 1.344785714285714278e+02 1.246785714285714306e+02
1.226879432624113377e+02 1.345460992907801483e+02 1.246241134751772961e+02
1.223333333333333428e+02 1.346099290780141757e+02 1.246808510638297918e+02
1.224084507042253591e+02 1.347887323943661784e+02 1.246408450704225430e+02
1.224113475177304906e+02 1.348794326241134627e+02 1.247163120567375785e+02
1.225071428571428669e+02 1.348571428571428612e+02 1.246571428571428584e+02
1.225815602836879492e+02 1.346028368794326013e+02 1.244468085106382915e+02
1.226285714285714334e+02 1.347785714285714391e+02 1.242000000000000028e+02
1.226241134751773103e+02 1.346737588652482316e+02 1.242127659574468055e+02
1.226453900709219909e+02 1.346524822695035368e+02 1.241063829787234027e+02
1.224357142857142833e+02 1.346357142857142719e+02 1.239357142857142833e+02
1.226241134751773103e+02 1.346524822695035368e+02 1.238581560283687963e+02
1.224964539007092270e+02 1.346312056737588705e+02 1.236950354609929121e+02
1.225428571428571445e+02 1.347500000000000000e+02 1.238071428571428498e+02
1.224397163120567313e+02 1.349148936170212778e+02 1.237446808510638334e+02
1.224571428571428555e+02 1.349857142857142946e+02 1.236357142857142861e+02
1.223285714285714363e+02 1.349071428571428442e+02 1.237285714285714278e+02
1.222553191489361666e+02 1.348226950354609812e+02 1.235531914893616943e+02
1.221276595744680833e+02 1.347021276595744723e+02 1.233546099290780234e+02
1.220212765957446805e+02 1.346666666666666856e+02 1.233687943262411295e+02
1.219361702127659584e+02 1.346524822695035368e+02 1.233120567375886623e+02
1.219571428571428555e+02 1.347000000000000171e+02 1.233785714285714334e+02
1.218857142857142861e+02 1.347642857142857338e+02 1.233642857142857139e+02
1.217913669064748206e+02 1.346546762589927937e+02 1.231798561151079099e+02
1.218085106382978751e+02 1.346879432624113520e+02 1.230212765957446805e+02
1.217588652482269538e+02 1.346382978723404165e+02 1.230070921985815602e+02
1.217071428571428555e+02 1.345000000000000000e+02 1.228571428571428470e+02
1.217785714285714391e+02 1.345071428571428385e+02 1.227142857142857224e+02
1.216571428571428584e+02 1.345785714285714221e+02 1.226428571428571530e+02
1.216241134751773103e+02 1.345886524822695094e+02 1.226028368794326298e+02
1.216000000000000085e+02 1.348714285714285666e+02 1.225357142857142776e+02
1.216285714285714334e+02 1.350000000000000000e+02 1.224642857142857224e+02
1.216478873239436638e+02 1.347394366197183047e+02 1.223943661971831034e+02
1.214642857142857082e+02 1.346428571428571388e+02 1.224285714285714306e+02
1.213928571428571388e+02 1.347357142857142946e+02 1.224357142857142833e+02
1.215142857142857196e+02 1.347214285714285893e+02 1.224357142857142833e+02
1.214100719424460380e+02 1.347122302158273612e+02 1.223309352517985502e+02
1.213475177304964632e+02 1.346453900709219909e+02 1.222978723404255277e+02
1.213404255319148888e+02 1.346950354609928979e+02 1.222553191489361666e+02
1.213214285714285694e+02 1.346642857142857395e+02 1.221928571428571502e+02
1.213546099290780091e+02 1.347801418439716201e+02 1.222198581560283657e+02
1.213714285714285666e+02 1.349142857142857110e+02 1.221642857142857252e+02
1.213571428571428612e+02 1.351214285714285666e+02 1.220000000000000000e+02
1.213928571428571388e+02 1.352285714285714278e+02 1.219857142857142946e+02
1.210567375886524815e+02 1.353333333333333428e+02 1.218865248226950371e+02
1.209574468085106389e+02 1.354326241134751854e+02 1.217943262411347547e+02
1.207304964539007130e+02 1.353049645390071021e+02 1.218865248226950371e+02
1.207234042553191529e+02 1.353333333333333428e+02 1.218510638297872219e+02
1.206571428571428584e+02 1.353785714285714334e+02 1.218357142857142890e+02
1.206524822695035510e+02 1.353333333333333428e+02 1.218156028368794352e+02
1.205428571428571445e+02 1.353642857142857281e+02 1.217285714285714278e+02
1.204100719424460522e+02 1.352877697841726672e+02 1.216546762589928079e+02
1.204071428571428584e+02 1.352357142857142946e+02 1.217428571428571473e+02
1.204071428571428584e+02 1.352357142857142946e+02 1.217428571428571473e+02
1.204071428571428584e+02 1.352357142857142946e+02 1.217428571428571473e+02
1.204071428571428584e+02 1.352357142857142946e+02 1.217428571428571473e+02
1.204071428571428584e+02 1.352357142857142946e+02 1.217428571428571473e+02
1.204071428571428584e+02 1.352357142857142946e+02 1.217428571428571473e+02
1.204071428571428584e+02 1.352357142857142946e+02 1.217428571428571473e+02
1.204071428571428584e+02 1.352357142857142946e+02 1.217428571428571473e+02
1.204071428571428584e+02 1.352357142857142946e+02 1.217428571428571473e+02
1.204071428571428584e+02 1.352357142857142946e+02 1.217428571428571473e+02
1.204071428571428584e+02 1.352357142857142946e+02 1.217428571428571473e+02
1.204071428571428584e+02 1.352357142857142946e+02 1.217428571428571473e+02
1.204071428571428584e+02 1.352357142857142946e+02 1.217428571428571473e+02
1.204071428571428584e+02 1.352357142857142946e+02 1.217428571428571473e+02
1.204071428571428584e+02 1.352357142857142946e+02 1.217428571428571473e+02
1.204071428571428584e+02 1.352357142857142946e+02 1.217428571428571473e+02
1.204071428571428584e+02 1.352357142857142946e+02 1.217428571428571473e+02
1.204071428571428584e+02 1.352357142857142946e+02 1.217428571428571473e+02
1.204071428571428584e+02 1.352357142857142946e+02 1.217428571428571473e+02
1.204071428571428584e+02 1.352357142857142946e+02 1.217428571428571473e+02
1.204071428571428584e+02 1.352357142857142946e+02 1.217428571428571473e+02
1.204071428571428584e+02 1.352357142857142946e+02 1.217428571428571473e+02
1.204071428571428584e+02 1.352357142857142946e+02 1.217428571428571473e+02
1.204071428571428584e+02 1.352357142857142946e+02 1.217428571428571473e+02
1.204071428571428584e+02 1.352357142857142946e+02 1.217428571428571473e+02
1.204071428571428584e+02 1.352357142857142946e+02 1.217428571428571473e+02
1.204071428571428584e+02 1.352357142857142946e+02 1.217428571428571473e+02
1.204071428571428584e+02 1.352357142857142946e+02 1.217428571428571473e+02
1.204071428571428584e+02 1.352357142857142946e+02 1.217428571428571473e+02
1.204071428571428584e+02 1.352357142857142946e+02 1.217428571428571473e+02
1.204071428571428584e+02 1.352357142857142946e+02 1.217428571428571473e+02
1.204071428571428584e+02 1.352357142857142946e+02 1.217428571428571473e+02
1.204071428571428584e+02 1.352357142857142946e+02 1.217428571428571473e+02
1.204071428571428584e+02 1.352357142857142946e+02 1.217428571428571473e+02
1.204071428571428584e+02 1.352357142857142946e+02 1.217428571428571473e+02
1.204071428571428584e+02 1.352357142857142946e+02 1.217428571428571473e+02
1.204071428571428584e+02 1.352357142857142946e+02 1.217428571428571473e+02
1.204071428571428584e+02 1.352357142857142946e+02 1.217428571428571473e+02
1.204071428571428584e+02 1.352357142857142946e+02 1.217428571428571473e+02
1.204071428571428584e+02 1.352357142857142946e+02 1.217428571428571473e+02
1.204071428571428584e+02 1.352357142857142946e+02 1.217428571428571473e+02
1.204071428571428584e+02 1.352357142857142946e+02 1.217428571428571473e+02
1.204071428571428584e+02 1.352357142857142946e+02 1.217428571428571473e+02
1.204071428571428584e+02 1.352357142857142946e+02 1.217428571428571473e+02
1.204071428571428584e+02 1.352357142857142946e+02 1.217428571428571473e+02
1.204071428571428584e+02 1.352357142857142946e+02 1.217428571428571473e+02
1.204071428571428584e+02 1.352357142857142946e+02 1.217428571428571473e+02
1.204071428571428584e+02 1.352357142857142946e+02 1.217428571428571473e+02
1.204071428571428584e+02 1.352357142857142946e+02 1.217428571428571473e+02
1.204071428571428584e+02 1.352357142857142946e+02 1.217428571428571473e+02
1.204071428571428584e+02 1.352357142857142946e+02 1.217428571428571473e+02
1.204071428571428584e+02 1.352357142857142946e+02 1.217428571428571473e+02
1.204071428571428584e+02 1.352357142857142946e+02 1.217428571428571473e+02
1.204071428571428584e+02 1.352357142857142946e+02 1.217428571428571473e+02
1.204071428571428584e+02 1.352357142857142946e+02 1.217428571428571473e+02
1.204071428571428584e+02 1.352357142857142946e+02 1.217428571428571473e+02
1.204071428571428584e+02 1.352357142857142946e+02 1.217428571428571473e+02
1.204071428571428584e+02 1.352357142857142946e+02 1.217428571428571473e+02
1.204071428571428584e+02 1.352357142857142946e+02 1.217428571428571473e+02
1.204071428571428584e+02 1.352357142857142946e+02 1.217428571428571473e+02
1.204071428571428584e+02 1.352357142857142946e+02 1.217428571428571473e+02
1.204071428571428584e+02 1.352357142857142946e+02 1.217428571428571473e+02
1.204071428571428584e+02 1.352357142857142946e+02 1.217428571428571473e+02
1.204071428571428584e+02 1.352357142857142946e+02 1.217428571428571473e+02
1.204071428571428584e+02 1.352357142857142946e+02 1.217428571428571473e+02
1.204071428571428584e+02 1.352357142857142946e+02 1.217428571428571473e+02
1.204071428571428584e+02 1.352357142857142946e+02 1.217428571428571473e+02
1.204071428571428584e+02 1.352357142857142946e+02 1.217428571428571473e+02
1.204071428571428584e+02 1.352357142857142946e+02 1.217428571428571473e+02
1.204071428571428584e+02 1.352357142857142946e+02 1.217428571428571473e+02
1.204071428571428584e+02 1.352357142857142946e+02 1.217428571428571473e+02
1.204071428571428584e+02 1.352357142857142946e+02 1.217428571428571473e+02
1.204071428571428584e+02 1.352357142857142946e+02 1.217428571428571473e+02
1.204071428571428584e+02 1.352357142857142946e+02 1.217428571428571473e+02
1.204071428571428584e+02 1.352357142857142946e+02 1.217428571428571473e+02
1.204071428571428584e+02 1.352357142857142946e+02 1.217428571428571473e+02
1.204071428571428584e+02 1.352357142857142946e+02 1.217428571428571473e+02
1.204071428571428584e+02 1.352357142857142946e+02 1.217428571428571473e+02
1.204071428571428584e+02 1.352357142857142946e+02 1.217428571428571473e+02
1.204071428571428584e+02 1.352357142857142946e+02 1.217428571428571473e+02
1.204071428571428584e+02 1.352357142857142946e+02 1.217428571428571473e+02
1.204071428571428584e+02 1.352357142857142946e+02 1.217428571428571473e+02
1.204071428571428584e+02 1.352357142857142946e+02 1.217428571428571473e+02
1.204071428571428584e+02 1.352357142857142946e+02 1.217428571428571473e+02
1.204071428571428584e+02 1.352357142857142946e+02 1.217428571428571473e+02
1.204071428571428584e+02 1.352357142857142946e+02 1.217428571428571473e+02
1.204071428571428584e+02 1.352357142857142946e+02 1.217428571428571473e+02
1.204071428571428584e+02 1.352357142857142946e+02 1.217428571428571473e+02
1.204071428571428584e+02 1.352357142857142946e+02 1.217428571428571473e+02
1.204071428571428584e+02 1.352357142857142946e+02 1.217428571428571473e+02
1.204071428571428584e+02 1.352357142857142946e+02 1.217428571428571473e+02
1.204071428571428584e+02 1.352357142857142946e+02 1.217428571428571473e+02
1.204071428571428584e+02 1.352357142857142946e+02 1.217428571428571473e+02
1.204071428571428584e+02 1.352357142857142946e+02 1.217428571428571473e+02
1.204071428571428584e+02 1.352357142857142946e+02 1.217428571428571473e+02
1.204071428571428584e+02 1.352357142857142946e+02 1.217428571428571473e+02
1.204071428571428584e+02 1.352357142857142946e+02 1.217428571428571473e+02
1.204071428571428584e+02 1.352357142857142946e+02 1.217428571428571473e+02
1.204071428571428584e+02 1.352357142857142946e+02 1.217428571428571473e+02
1.204071428571428584e+02 1.352357142857142946e+02 1.217428571428571473e+02
1.204071428571428584e+02 1.352357142857142946e+02 1.217428571428571473e+02
1.204071428571428584e+02 1.352357142857142946e+02 1.217428571428571473e+02
1.204071428571428584e+02 1.352357142857142946e+02 1.217428571428571473e+02
1.204071428571428584e+02 1.352357142857142946e+02 1.217428571428571473e+02
1.204071428571428584e+02 1.352357142857142946e+02 1.217428571428571473e+02
1.204071428571428584e+02 1.352357142857142946e+02 1.217428571428571473e+02
1.204071428571428584e+02 1.352357142857142946e+02 1.217428571428571473e+02
1.204071428571428584e+02 1.352357142857142946e+02 1.217428571428571473e+02
1.204071428571428584e+02 1.352357142857142946e+02 1.217428571428571473e+02
1.204071428571428584e+02 1.352357142857142946e+02 1.217428571428571473e+02
1.204071428571428584e+02 1.352357142857142946e+02 1.217428571428571473e+02
1.204071428571428584e+02 1.352357142857142946e+02 1.217428571428571473e+02
1.204071428571428584e+02 1.352357142857142946e+02 1.217428571428571473e+02
1.204071428571428584e+02 1.352357142857142946e+02 1.217428571428571473e+02
1.204071428571428584e+02 1.352357142857142946e+02 1.217428571428571473e+02
1.204071428571428584e+02 1.352357142857142946e+02 1.217428571428571473e+02
1.204071428571428584e+02 1.352357142857142946e+02 1.217428571428571473e+02
1.204071428571428584e+02 1.352357142857142946e+02 1.217428571428571473e+02
1.204071428571428584e+02 1.352357142857142946e+02 1.217428571428571473e+02
1.204071428571428584e+02 1.352357142857142946e+02 1.217428571428571473e+02
1.204071428571428584e+02 1.352357142857142946e+02 1.217428571428571473e+02
1.204071428571428584e+02 1.352357142857142946e+02 1.217428571428571473e+02
1.204071428571428584e+02 1.352357142857142946e+02 1.217428571428571473e+02
1.204071428571428584e+02 1.352357142857142946e+02 1.217428571428571473e+02
1.204071428571428584e+02 1.352357142857142946e+02 1.217428571428571473e+02
1.204071428571428584e+02 1.352357142857142946e+02 1.217428571428571473e+02
1.204071428571428584e+02 1.352357142857142946e+02 1.217428571428571473e+02
1.204071428571428584e+02 1.352357142857142946e+02 1.217428571428571473e+02
1.204071428571428584e+02 1.352357142857142946e+02 1.217428571428571473e+02
1.204071428571428584e+02 1.352357142857142946e+02 1.217428571428571473e+02
1.204071428571428584e+02 1.352357142857142946e+02 1.217428571428571473e+02
1.204071428571428584e+02 1.352357142857142946e+02 1.217428571428571473e+02
1.204071428571428584e+02 1.352357142857142946e+02 1.217428571428571473e+02
1.204071428571428584e+02 1.352357142857142946e+02 1.217428571428571473e+02
1.204071428571428584e+02 1.352357142857142946e+02 1.217428571428571473e+02
1.204071428571428584e+02 1.352357142857142946e+02 1.217428571428571473e+02
1.204071428571428584e+02 1.352357142857142946e+02 1.217428571428571473e+02
1.204071428571428584e+02 1.352357142857142946e+02 1.217428571428571473e+02
1.204071428571428584e+02 1.352357142857142946e+02 1.217428571428571473e+02
1.204071428571428584e+02 1.352357142857142946e+02 1.217428571428571473e+02
1.204071428571428584e+02 1.352357142857142946e+02 1.217428571428571473e+02
1.204071428571428584e+02 1.352357142857142946e+02 1.217428571428571473e+02
1.204071428571428584e+02 1.352357142857142946e+02 1.217428571428571473e+02
1.204071428571428584e+02 1.352357142857142946e+02 1.217428571428571473e+02
1.204071428571428584e+02 1.352357142857142946e+02 1.217428571428571473e+02
1.204071428571428584e+02 1.352357142857142946e+02 1.217428571428571473e+02
1.204071428571428584e+02 1.352357142857142946e+02 1.217428571428571473e+02
1.204071428571428584e+02 1.352357142857142946e+02 1.217428571428571473e+02
1.204071428571428584e+02 1.352357142857142946e+02 1.217428571428571473e+02
1.204071428571428584e+02 1.352357142857142946e+02 1.217428571428571473e+02
1.204071428571428584e+02 1.352357142857142946e+02 1.217428571428571473e+02
1.204071428571428584e+02 1.352357142857142946e+02 1.217428571428571473e+02
1.204071428571428584e+02 1.352357142857142946e+02 1.217428571428571473e+02
1.204071428571428584e+02 1.352357142857142946e+02 1.217428571428571473e+02
1.204071428571428584e+02 1.352357142857142946e+02 1.217428571428571473e+02
1.204071428571428584e+02 1.352357142857142946e+02 1.217428571428571473e+02
1.204071428571428584e+02 1.352357142857142946e+02 1.217428571428571473e+02
1.204071428571428584e+02 1.352357142857142946e+02 1.217428571428571473e+02
1.204071428571428584e+02 1.352357142857142946e+02 1.217428571428571473e+02
1.204071428571428584e+02 1.352357142857142946e+02 1.217428571428571473e+02
1.204071428571428584e+02 1.352357142857142946e+02 1.217428571428571473e+02
1.204071428571428584e+02 1.352357142857142946e+02 1.217428571428571473e+02
1.204071428571428584e+02 1.352357142857142946e+02 1.217428571428571473e+02
1.204071428571428584e+02 1.352357142857142946e+02 1.217428571428571473e+02
1.204071428571428584e+02 1.352357142857142946e+02 1.217428571428571473e+02
1.204071428571428584e+02 1.352357142857142946e+02 1.217428571428571473e+02
1.204071428571428584e+02 1.352357142857142946e+02 1.217428571428571473e+02
1.204071428571428584e+02 1.352357142857142946e+02 1.217428571428571473e+02
1.204071428571428584e+02 1.352357142857142946e+02 1.217428571428571473e+02
1.204071428571428584e+02 1.352357142857142946e+02 1.217428571428571473e+02
1.204071428571428584e+02 1.352357142857142946e+02 1.217428571428571473e+02
1.204071428571428584e+02 1.352357142857142946e+02 1.217428571428571473e+02
1.204071428571428584e+02 1.352357142857142946e+02 1.217428571428571473e+02
1.204071428571428584e+02 1.352357142857142946e+02 1.217428571428571473e+02
1.204071428571428584e+02 1.352357142857142946e+02 1.217428571428571473e+02
1.204071428571428584e+02 1.352357142857142946e+02 1.217428571428571473e+02
1.204071428571428584e+02 1.352357142857142946e+02 1.217428571428571473e+02
1.204071428571428584e+02 1.352357142857142946e+02 1.217428571428571473e+02
1.204071428571428584e+02 1.352357142857142946e+02 1.217428571428571473e+02
1.204071428571428584e+02 1.352357142857142946e+02 1.217428571428571473e+02
1.204071428571428584e+02 1.352357142857142946e+02 1.217428571428571473e+02
1.204071428571428584e+02 1.352357142857142946e+02 1.217428571428571473e+02
1.204071428571428584e+02 1.352357142857142946e+02 1.217428571428571473e+02
1.204071428571428584e+02 1.352357142857142946e+02 1.217428571428571473e+02
1.204071428571428584e+02 1.352357142857142946e+02 1.217428571428571473e+02
1.204071428571428584e+02 1.352357142857142946e+02 1.217428571428571473e+02
1.204071428571428584e+02 1.352357142857142946e+02 1.217428571428571473e+02
1.204071428571428584e+02 1.352357142857142946e+02 1.217428571428571473e+02
1.204071428571428584e+02 1.352357142857142946e+02 1.217428571428571473e+02
1.204071428571428584e+02 1.352357142857142946e+02 1.217428571428571473e+02
1.204071428571428584e+02 1.352357142857142946e+02 1.217428571428571473e+02
1.204071428571428584e+02 1.352357142857142946e+02 1.217428571428571473e+02
1.204071428571428584e+02 1.352357142857142946e+02 1.217428571428571473e+02
1.204071428571428584e+02 1.352357142857142946e+02 1.217428571428571473e+02
1.204071428571428584e+02 1.352357142857142946e+02 1.217428571428571473e+02
1.204071428571428584e+02 1.352357142857142946e+02 1.217428571428571473e+02
1.204071428571428584e+02 1.352357142857142946e+02 1.217428571428571473e+02
1.204071428571428584e+02 1.352357142857142946e+02 1.217428571428571473e+02
1.204071428571428584e+02 1.352357142857142946e+02 1.217428571428571473e+02
1.204071428571428584e+02 1.352357142857142946e+02 1.217428571428571473e+02
1.204071428571428584e+02 1.352357142857142946e+02 1.217428571428571473e+02
1.204071428571428584e+02 1.352357142857142946e+02 1.217428571428571473e+02
1.204071428571428584e+02 1.352357142857142946e+02 1.217428571428571473e+02
1.204071428571428584e+02 1.352357142857142946e+02 1.217428571428571473e+02
1.204071428571428584e+02 1.352357142857142946e+02 1.217428571428571473e+02
1.204071428571428584e+02 1.352357142857142946e+02 1.217428571428571473e+02
1.204071428571428584e+02 1.352357142857142946e+02 1.217428571428571473e+02
1.204071428571428584e+02 1.352357142857142946e+02 1.217428571428571473e+02
1.204071428571428584e+02 1.352357142857142946e+02 1.217428571428571473e+02
1.204071428571428584e+02 1.352357142857142946e+02 1.217428571428571473e+02
1.204071428571428584e+02 1.352357142857142946e+02 1.217428571428571473e+02
1.204071428571428584e+02 1.352357142857142946e+02 1.217428571428571473e+02
1.204071428571428584e+02 1.352357142857142946e+02 1.217428571428571473e+02
1.204071428571428584e+02 1.352357142857142946e+02 1.217428571428571473e+02
1.204071428571428584e+02 1.352357142857142946e+02 1.217428571428571473e+02
1.204071428571428584e+02 1.352357142857142946e+02 1.217428571428571473e+02
1.204071428571428584e+02 1.352357142857142946e+02 1.217428571428571473e+02
1.204071428571428584e+02 1.352357142857142946e+02 1.217428571428571473e+02
1.204071428571428584e+02 1.352357142857142946e+02 1.217428571428571473e+02
1.204071428571428584e+02 1.352357142857142946e+02 1.217428571428571473e+02
1.204071428571428584e+02 1.352357142857142946e+02 1.217428571428571473e+02
1.204071428571428584e+02 1.352357142857142946e+02 1.217428571428571473e+02
1.204071428571428584e+02 1.352357142857142946e+02 1.217428571428571473e+02
1.204071428571428584e+02 1.352357142857142946e+02 1.217428571428571473e+02
1.204071428571428584e+02 1.352357142857142946e+02 1.217428571428571473e+02
1.204071428571428584e+02 1.352357142857142946e+02 1.217428571428571473e+02
1.204071428571428584e+02 1.352357142857142946e+02 1.217428571428571473e+02
1.204071428571428584e+02 1.352357142857142946e+02 1.217428571428571473e+02
1.204071428571428584e+02 1.352357142857142946e+02 1.217428571428571473e+02
1.204071428571428584e+02 1.352357142857142946e+02 1.217428571428571473e+02
1.204071428571428584e+02 1.352357142857142946e+02 1.217428571428571473e+02
1.204071428571428584e+02 1.352357142857142946e+02 1.217428571428571473e+02
1.204071428571428584e+02 1.352357142857142946e+02 1.217428571428571473e+02
1.204071428571428584e+02 1.352357142857142946e+02 1.217428571428571473e+02
1.204071428571428584e+02 1.352357142857142946e+02 1.217428571428571473e+02
1.204071428571428584e+02 1.352357142857142946e+02 1.217428571428571473e+02
1.204071428571428584e+02 1.352357142857142946e+02 1.217428571428571473e+02
1.204071428571428584e+02 1.352357142857142946e+02 1.217428571428571473e+02
1.204071428571428584e+02 1.352357142857142946e+02 1.217428571428571473e+02
1.204071428571428584e+02 1.352357142857142946e+02 1.217428571428571473e+02
1.204071428571428584e+02 1.352357142857142946e+02 1.217428571428571473e+02
1.204071428571428584e+02 1.352357142857142946e+02 1.217428571428571473e+02
1.204071428571428584e+02 1.352357142857142946e+02 1.217428571428571473e+02
1.204071428571428584e+02 1.352357142857142946e+02 1.217428571428571473e+02
1.204071428571428584e+02 1.352357142857142946e+02 1.217428571428571473e+02
1.204071428571428584e+02 1.352357142857142946e+02 1.217428571428571473e+02
1.204071428571428584e+02 1.352357142857142946e+02 1.217428571428571473e+02
1.204071428571428584e+02 1.352357142857142946e+02 1.217428571428571473e+02
1.204071428571428584e+02 1.352357142857142946e+02 1.217428571428571473e+02
1.204071428571428584e+02 1.352357142857142946e+02 1.217428571428571473e+02
1.204071428571428584e+02 1.352357142857142946e+02 1.217428571428571473e+02
1.204071428571428584e+02 1.352357142857142946e+02 1.217428571428571473e+02
1.204071428571428584e+02 1.352357142857142946e+02 1.217428571428571473e+02
1.204071428571428584e+02 1.352357142857142946e+02 1.217428571428571473e+02
1.204071428571428584e+02 1.352357142857142946e+02 1.217428571428571473e+02
1.204071428571428584e+02 1.352357142857142946e+02 1.217428571428571473e+02
1.204071428571428584e+02 1.352357142857142946e+02 1.217428571428571473e+02
1.204071428571428584e+02 1.352357142857142946e+02 1.217428571428571473e+02
1.204071428571428584e+02 1.352357142857142946e+02 1.217428571428571473e+02
1.204071428571428584e+02 1.352357142857142946e+02 1.217428571428571473e+02
1.204071428571428584e+02 1.352357142857142946e+02 1.217428571428571473e+02
1.204071428571428584e+02 1.352357142857142946e+02 1.217428571428571473e+02
1.204071428571428584e+02 1.352357142857142946e+02 1.217428571428571473e+02
1.204071428571428584e+02 1.352357142857142946e+02 1.217428571428571473e+02
1.204071428571428584e+02 1.352357142857142946e+02 1.217428571428571473e+02
1.204071428571428584e+02 1.352357142857142946e+02 1.217428571428571473e+02
1.204071428571428584e+02 1.352357142857142946e+02 1.217428571428571473e+02
1.204071428571428584e+02 1.352357142857142946e+02 1.217428571428571473e+02
1.204071428571428584e+02 1.352357142857142946e+02 1.217428571428571473e+02
1.204071428571428584e+02 1.352357142857142946e+02 1.217428571428571473e+02
1.204071428571428584e+02 1.352357142857142946e+02 1.217428571428571473e+02
1.204071428571428584e+02 1.352357142857142946e+02 1.217428571428571473e+02
1.204071428571428584e+02 1.352357142857142946e+02 1.217428571428571473e+02
1.204071428571428584e+02 1.352357142857142946e+02 1.217428571428571473e+02
1.204071428571428584e+02 1.352357142857142946e+02 1.217428571428571473e+02
1.204071428571428584e+02 1.352357142857142946e+02 1.217428571428571473e+02
1.204071428571428584e+02 1.352357142857142946e+02 1.217428571428571473e+02
1.204071428571428584e+02 1.352357142857142946e+02 1.217428571428571473e+02
1.204071428571428584e+02 1.352357142857142946e+02 1.217428571428571473e+02
1.204071428571428584e+02 1.352357142857142946e+02 1.217428571428571473e+02
1.204071428571428584e+02 1.352357142857142946e+02 1.217428571428571473e+02
1.204071428571428584e+02 1.352357142857142946e+02 1.217428571428571473e+02
1.204071428571428584e+02 1.352357142857142946e+02 1.217428571428571473e+02
1.204071428571428584e+02 1.352357142857142946e+02 1.217428571428571473e+02
1.204071428571428584e+02 1.352357142857142946e+02 1.217428571428571473e+02
1.204071428571428584e+02 1.352357142857142946e+02 1.217428571428571473e+02
1.204071428571428584e+02 1.352357142857142946e+02 1.217428571428571473e+02
1.204071428571428584e+02 1.352357142857142946e+02 1.217428571428571473e+02
1.204071428571428584e+02 1.352357142857142946e+02 1.217428571428571473e+02
1.204071428571428584e+02 1.352357142857142946e+02 1.217428571428571473e+02
1.204071428571428584e+02 1.352357142857142946e+02 1.217428571428571473e+02
1.204071428571428584e+02 1.352357142857142946e+02 1.217428571428571473e+02
1.204071428571428584e+02 1.352357142857142946e+02 1.217428571428571473e+02
1.204071428571428584e+02 1.352357142857142946e+02 1.217428571428571473e+02
1.204071428571428584e+02 1.352357142857142946e+02 1.217428571428571473e+02
1.204071428571428584e+02 1.352357142857142946e+02 1.217428571428571473e+02
1.204071428571428584e+02 1.352357142857142946e+02 1.217428571428571473e+02
1.204071428571428584e+02 1.352357142857142946e+02 1.217428571428571473e+02
1.204071428571428584e+02 1.352357142857142946e+02 1.217428571428571473e+02
1.204071428571428584e+02 1.352357142857142946e+02 1.217428571428571473e+02
1.204071428571428584e+02 1.352357142857142946e+02 1.217428571428571473e+02
1.204071428571428584e+02 1.352357142857142946e+02 1.217428571428571473e+02
1.204071428571428584e+02 1.352357142857142946e+02 1.217428571428571473e+02
