1.303691275167785193e+02 1.286577181208053560e+02 1.261342281879194616e+02
1.305135135135135158e+02 1.286824324324324209e+02 1.264459459459459509e+02
1.306993464052287663e+02 1.289281045751633883e+02 1.261960784313725554e+02
1.305986842105263293e+02 1.286447368421052602e+02 1.260394736842105203e+02
1.297012987012986969e+02 1.285064935064935128e+02 1.262012987012986969e+02
1.299276315789473699e+02 1.287039473684210407e+02 1.263552631578947398e+02
1.301324503311258241e+02 1.286026490066225278e+02 1.270927152317880768e+02
1.303157894736842195e+02 1.289013157894736707e+02 1.271184210526315752e+02
1.300849673202614269e+02 1.286601307189542354e+02 1.271633986928104605e+02
1.305000000000000000e+02 1.294605263157894797e+02 1.271052631578947398e+02
1.301753246753246742e+02 1.295649350649350708e+02 1.270519480519480453e+02
1.305405405405405475e+02 1.300675675675675791e+02 1.273513513513513544e+02
1.302614379084967311e+02 1.302287581699346504e+02 1.270392156862745168e+02
1.299000000000000057e+02 1.303933333333333451e+02 1.267333333333333343e+02
1.293933333333333451e+02 1.306266666666666652e+02 1.270266666666666708e+02
1.290328947368421098e+02 1.304078947368421098e+02 1.271710526315789451e+02
1.288322147651006730e+02 1.303557046979865675e+02 1.268255033557046971e+02
1.287133333333333383e+02 1.304399999999999977e+02 1.267600000000000051e+02
1.286092715231788191e+02 1.301589403973509889e+02 1.267086092715231729e+02
1.287133333333333383e+02 1.301333333333333258e+02 1.266133333333333297e+02
1.290666666666666629e+02 1.301599999999999966e+02 1.265133333333333354e+02
1.289342105263157805e+02 1.305657894736842195e+02 1.272171052631578902e+02
1.289060402684563655e+02 1.303557046979865675e+02 1.266912751677852356e+02
1.290457516339869244e+02 1.300915032679738488e+02 1.268496732026143832e+02
1.290133333333333212e+02 1.301133333333333439e+02 1.269266666666666623e+02
1.295424836601307277e+02 1.301241830065359579e+02 1.267973856209150370e+02
1.297171052631578902e+02 1.308486842105263293e+02 1.266842105263157947e+02
1.300399999999999920e+02 1.304133333333333269e+02 1.266533333333333360e+02
1.298600000000000136e+02 1.305600000000000023e+02 1.265066666666666606e+02
1.298618421052631504e+02 1.307960526315789593e+02 1.261513157894736850e+02
1.294437086092715106e+02 1.308609271523178847e+02 1.262317880794701921e+02
1.298600000000000136e+02 1.310866666666666731e+02 1.258400000000000034e+02
1.293576158940397249e+02 1.309867549668874176e+02 1.257549668874172255e+02
1.288397435897435912e+02 1.314807692307692264e+02 1.258076923076923066e+02
1.286225165562914015e+02 1.314966887417218402e+02 1.257682119205298079e+02
1.284496644295302019e+02 1.315033557046979809e+02 1.258255033557046971e+02
1.283311688311688386e+02 1.320000000000000000e+02 1.253896103896103966e+02
1.284313725490196134e+02 1.322745098039215748e+02 1.251045751633986924e+02
1.284966442953020191e+02 1.324295302013422884e+02 1.252483221476510096e+02
1.287171052631578902e+02 1.331381578947368496e+02 1.254473684210526301e+02
1.286556291390728575e+02 1.333112582781456865e+02 1.256622516556291345e+02
1.288866666666666561e+02 1.337333333333333201e+02 1.254066666666666663e+02
1.288639455782312950e+02 1.338367346938775597e+02 1.256938775510204067e+02
1.289403973509933792e+02 1.337086092715231871e+02 1.255695364238410576e+02
1.294933333333333394e+02 1.338400000000000034e+02 1.258199999999999932e+02
1.294503311258278018e+02 1.335960264900662366e+02 1.258874172185430496e+02
1.297114093959731633e+02 1.334765100671141056e+02 1.261140939597315480e+02
1.302416107382550194e+02 1.336040268456375770e+02 1.261744966442953029e+02
1.303790849673202672e+02 1.334705882352941160e+02 1.257581699346405202e+02
1.300066225165562912e+02 1.335562913907284894e+02 1.259072847682119232e+02
1.305394736842105203e+02 1.338750000000000000e+02 1.258552631578947398e+02
1.306912751677852214e+02 1.335704697986577116e+02 1.259798657718120865e+02
1.311866666666666674e+02 1.338466666666666640e+02 1.258266666666666680e+02
1.313576158940397249e+02 1.336291390728476927e+02 1.249933774834437088e+02
1.317058823529411882e+02 1.327908496732026151e+02 1.246797385620915009e+02
1.318874172185430496e+02 1.328543046357615935e+02 1.247483443708609201e+02
1.322251655629139009e+02 1.331854304635761537e+02 1.251721854304635713e+02
1.320526315789473699e+02 1.326776315789473699e+02 1.251052631578947398e+02
1.322549019607843093e+02 1.326993464052287663e+02 1.247516339869280984e+02
1.327800000000000011e+02 1.330600000000000023e+02 1.248666666666666600e+02
1.326423841059602751e+02 1.330529801324503296e+02 1.247483443708609201e+02
1.328053691275167694e+02 1.330805369127516826e+02 1.246308724832214807e+02
1.331710526315789593e+02 1.329802631578947398e+02 1.244144736842105203e+02
1.335394736842105203e+02 1.324407894736842195e+02 1.246710526315789451e+02
1.334013157894736707e+02 1.327960526315789593e+02 1.242368421052631646e+02
1.333533333333333246e+02 1.320933333333333337e+02 1.240799999999999983e+02
1.327483443708609343e+02 1.316556291390728575e+02 1.246423841059602609e+02
1.325399999999999920e+02 1.317333333333333201e+02 1.246266666666666652e+02
1.319530201342281828e+02 1.314496644295302019e+02 1.242885906040268509e+02
1.320700636942675033e+02 1.309363057324840725e+02 1.240382165605095537e+02
1.320463576158940384e+02 1.303311258278145601e+02 1.233112582781457007e+02
1.321599999999999966e+02 1.301266666666666652e+02 1.232866666666666617e+02
1.324133333333333269e+02 1.299666666666666686e+02 1.231466666666666612e+02
1.325200000000000102e+02 1.301999999999999886e+02 1.234933333333333394e+02
1.322384105960264833e+02 1.301192052980132416e+02 1.230397350993377472e+02
1.323377483443708513e+02 1.302980132450331041e+02 1.230463576158940384e+02
1.321298701298701417e+02 1.302662337662337677e+02 1.230259740259740227e+02
1.321891891891891930e+02 1.298243243243243228e+02 1.230135135135135158e+02
1.326486486486486456e+02 1.298108108108108070e+02 1.226756756756756772e+02
1.325472972972972912e+02 1.300743243243243228e+02 1.222635135135135158e+02
1.326107382550335672e+02 1.302416107382550194e+02 1.223758389261744952e+02
1.323419354838709694e+02 1.305999999999999943e+02 1.221354838709677466e+02
1.323026315789473699e+02 1.311710526315789593e+02 1.227565789473684248e+02
1.321776315789473699e+02 1.311250000000000000e+02 1.225394736842105203e+02
1.326622516556291487e+02 1.312847682119205217e+02 1.227218543046357553e+02
1.324866666666666788e+02 1.314666666666666686e+02 1.222066666666666634e+02
1.328095238095237960e+02 1.316530612244897895e+02 1.224761904761904816e+02
1.329358974358974308e+02 1.315705128205128176e+02 1.228269230769230802e+02
1.329801324503311264e+02 1.316688741721854399e+02 1.229470198675496704e+02
1.330903225806451644e+02 1.315419354838709580e+02 1.230774193548387103e+02
1.331192052980132416e+02 1.315894039735099454e+02 1.233311258278145743e+02
1.331842105263157805e+02 1.318486842105263293e+02 1.233815789473684248e+02
1.331543624161073751e+02 1.320872483221476443e+02 1.234026845637583847e+02
1.327248322147650867e+02 1.321543624161073751e+02 1.238926174496644279e+02
1.328733333333333348e+02 1.327199999999999989e+02 1.239599999999999937e+02
1.325234899328858944e+02 1.327046979865771732e+02 1.243154362416107404e+02
1.323071895424836555e+02 1.332091503267973849e+02 1.239084967320261370e+02
1.319530201342281828e+02 1.336979865771812115e+02 1.240335570469798654e+02
1.320200000000000102e+02 1.343400000000000034e+02 1.235333333333333314e+02
1.320529801324503296e+02 1.344304635761589282e+02 1.235562913907284752e+02
1.320666666666666629e+02 1.340200000000000102e+02 1.236133333333333297e+02
1.321741935483871089e+02 1.336967741935483787e+02 1.236129032258064484e+02
1.323310810810810949e+02 1.336013513513513544e+02 1.235405405405405332e+02
1.321258278145695328e+02 1.338079470198675551e+02 1.233708609271523216e+02
1.322913907284768129e+02 1.337218543046357695e+02 1.234172185430463600e+02
1.326298701298701417e+02 1.334350649350649292e+02 1.234610389610389660e+02
1.326842105263157805e+02 1.331776315789473699e+02 1.230131578947368354e+02
1.326732026143790790e+02 1.330980392156862706e+02 1.234183006535947698e+02
1.327483443708609343e+02 1.330331125827814560e+02 1.236887417218542993e+02
1.330866666666666731e+02 1.331399999999999864e+02 1.228866666666666703e+02
1.331125827814569504e+02 1.327350993377483519e+02 1.228609271523178847e+02
1.329407894736842195e+02 1.332171052631578902e+02 1.223618421052631646e+02
1.329803921568627345e+02 1.338888888888888857e+02 1.227581699346405202e+02
1.327549668874172255e+02 1.341655629139072801e+02 1.229933774834437088e+02
1.327814569536423903e+02 1.344238410596026370e+02 1.230397350993377472e+02
1.328235294117646959e+02 1.341111111111111143e+02 1.231045751633986924e+02
1.323137254901960773e+02 1.338431372549019613e+02 1.232222222222222285e+02
1.325131578947368496e+02 1.336250000000000000e+02 1.233552631578947398e+02
1.324662162162162247e+02 1.337432432432432563e+02 1.233986486486486456e+02
1.318066666666666720e+02 1.335600000000000023e+02 1.234000000000000057e+02
1.312287581699346504e+02 1.331372549019607732e+02 1.232352941176470580e+02
1.312980132450331041e+02 1.331854304635761537e+02 1.236158940397350960e+02
1.307599999999999909e+02 1.332599999999999909e+02 1.237533333333333303e+02
1.304399999999999977e+02 1.336666666666666572e+02 1.237933333333333366e+02
1.304635761589403842e+02 1.338278145695364287e+02 1.240927152317880768e+02
1.300130718954248437e+02 1.336993464052287663e+02 1.243529411764705941e+02
1.301513157894736707e+02 1.338815789473684106e+02 1.241447368421052602e+02
1.301960784313725412e+02 1.334313725490196134e+02 1.239803921568627487e+02
1.297449664429530287e+02 1.335436241610738364e+02 1.239261744966442933e+02
1.301372549019607732e+02 1.340196078431372655e+02 1.240653594771241899e+02
1.298310810810810949e+02 1.337297297297297405e+02 1.238378378378378386e+02
1.293000000000000114e+02 1.335399999999999920e+02 1.234866666666666646e+02
1.289166666666666572e+02 1.332692307692307736e+02 1.230705128205128176e+02
1.290198675496688736e+02 1.334701986754966754e+02 1.236158940397350960e+02
1.288618421052631504e+02 1.336184210526315894e+02 1.236907894736842053e+02
1.289533333333333474e+02 1.335200000000000102e+02 1.236599999999999966e+02
1.288456375838926249e+02 1.334832214765100673e+02 1.237785234899328799e+02
1.295064102564102484e+02 1.339166666666666572e+02 1.241987179487179418e+02
1.290723684210526301e+02 1.341644736842105203e+02 1.246381578947368354e+02
1.294736842105263293e+02 1.346710526315789593e+02 1.246578947368421098e+02
1.293355704697986539e+02 1.347785234899328941e+02 1.251812080536912788e+02
1.296092715231788191e+02 1.348807947019867584e+02 1.256953642384105905e+02
1.300980392156862706e+02 1.352026143790849630e+02 1.262875816993464042e+02
1.306533333333333360e+02 1.352199999999999989e+02 1.262866666666666617e+02
1.308397435897435912e+02 1.348653846153846132e+02 1.265192307692307736e+02
1.311476510067114134e+02 1.348657718120805384e+02 1.273691275167785193e+02
1.317315436241610769e+02 1.349127516778523557e+02 1.269395973154362451e+02
1.314709677419354819e+02 1.351999999999999886e+02 1.273935483870967715e+02
1.313000000000000114e+02 1.360399999999999920e+02 1.270266666666666708e+02
1.314701986754966754e+02 1.360993377483443680e+02 1.266556291390728433e+02
1.316535947712418420e+02 1.358562091503268050e+02 1.263660130718954235e+02
1.316133333333333439e+02 1.359533333333333474e+02 1.264933333333333394e+02
1.315999999999999943e+02 1.359466666666666583e+02 1.264399999999999977e+02
1.321192052980132416e+02 1.363576158940397249e+02 1.267019867549668817e+02
1.322317880794701921e+02 1.365430463576159070e+02 1.272715231788079535e+02
1.329144736842105203e+02 1.369605263157894797e+02 1.274407894736842053e+02
1.331543624161073751e+02 1.366711409395973078e+02 1.281140939597315480e+02
1.334473684210526301e+02 1.364144736842105203e+02 1.282368421052631504e+02
1.335436241610738364e+02 1.363825503355704711e+02 1.283758389261745094e+02
1.333825503355704711e+02 1.365234899328858944e+02 1.281946308724832306e+02
1.331466666666666754e+02 1.369333333333333371e+02 1.285800000000000125e+02
1.327880794701986815e+02 1.370331125827814560e+02 1.285629139072847806e+02
1.329096774193548356e+02 1.365935483870967744e+02 1.283612903225806576e+02
1.328954248366013076e+02 1.363137254901960773e+02 1.286993464052287663e+02
1.334333333333333371e+02 1.360333333333333314e+02 1.288799999999999955e+02
1.336447368421052602e+02 1.360986842105263293e+02 1.293750000000000000e+02
1.332745098039215748e+02 1.359803921568627345e+02 1.297189542483660034e+02
1.334797297297297405e+02 1.359527027027027088e+02 1.299527027027027088e+02
1.332333333333333201e+02 1.354600000000000080e+02 1.300399999999999920e+02
1.326644295302013461e+02 1.356040268456375770e+02 1.299932885906040383e+02
1.325231788079470334e+02 1.358344370860927199e+02 1.303178807947019777e+02
1.324407894736842195e+02 1.365855263157894797e+02 1.303947368421052602e+02
1.325827814569536542e+02 1.369072847682119232e+02 1.302119205298013185e+02
1.327058823529411882e+02 1.368758169934640421e+02 1.297254901960784252e+02
1.329466666666666583e+02 1.366866666666666674e+02 1.292133333333333383e+02
1.330939597315436345e+02 1.364026845637583847e+02 1.291543624161073751e+02
1.330789473684210407e+02 1.369473684210526301e+02 1.287960526315789593e+02
1.329933774834437088e+02 1.374105960264900546e+02 1.284105960264900546e+02
1.329662162162162247e+02 1.370810810810810949e+02 1.289121621621621614e+02
1.331111111111111143e+02 1.368366013071895395e+02 1.291764705882353041e+02
1.333421052631578902e+02 1.364013157894736707e+02 1.291776315789473699e+02
1.329266666666666765e+02 1.361866666666666674e+02 1.283600000000000136e+02
1.328692810457516202e+02 1.358823529411764639e+02 1.280849673202614269e+02
1.332828947368421098e+02 1.355855263157894797e+02 1.280394736842105203e+02
1.331578947368421098e+02 1.346973684210526301e+02 1.282960526315789593e+02
1.333243243243243228e+02 1.351418918918919019e+02 1.284121621621621614e+02
1.333066666666666720e+02 1.348533333333333246e+02 1.285733333333333235e+02
1.333378378378378386e+02 1.350000000000000000e+02 1.286418918918919019e+02
1.333310810810810949e+02 1.347297297297297405e+02 1.285405405405405475e+02
1.330728476821192032e+02 1.345165562913907422e+02 1.281059602649006592e+02
1.331456953642384065e+02 1.344900662251655490e+02 1.281721854304635713e+02
1.334671052631578902e+02 1.343750000000000000e+02 1.281447368421052602e+02
1.337583892617449806e+02 1.339731543624160963e+02 1.286174496644295289e+02
1.335066666666666606e+02 1.338333333333333428e+02 1.287133333333333383e+02
1.335394736842105203e+02 1.341776315789473699e+02 1.289473684210526301e+02
1.337800000000000011e+02 1.339666666666666686e+02 1.290399999999999920e+02
1.335562913907284894e+02 1.346291390728476927e+02 1.291258278145695328e+02
1.333708609271523073e+02 1.347682119205298079e+02 1.296556291390728575e+02
1.335200000000000102e+02 1.351533333333333360e+02 1.299333333333333371e+02
1.339133333333333269e+02 1.353266666666666538e+02 1.297666666666666799e+02
1.334605263157894797e+02 1.348223684210526301e+02 1.304736842105263293e+02
1.336754966887417311e+02 1.349403973509933792e+02 1.298476821192053023e+02
1.335600000000000023e+02 1.350666666666666629e+02 1.295800000000000125e+02
1.338116883116883002e+02 1.351883116883116998e+02 1.295129870129870255e+02
1.344183006535947698e+02 1.357058823529411882e+02 1.299934640522875782e+02
1.347986577181208077e+02 1.348322147651006730e+02 1.294697986577181155e+02
1.352733333333333405e+02 1.344866666666666788e+02 1.299399999999999977e+02
1.351854304635761537e+02 1.345960264900662366e+02 1.299403973509933792e+02
1.351233766233766289e+02 1.346948051948051841e+02 1.292077922077922096e+02
1.357814569536423903e+02 1.344172185430463458e+02 1.299072847682119232e+02
1.359150326797385731e+02 1.341895424836601194e+02 1.302941176470588118e+02
1.361073825503355579e+02 1.347181208053691250e+02 1.297248322147650867e+02
1.366052631578947398e+02 1.340789473684210407e+02 1.293486842105263293e+02
1.369171974522292885e+02 1.342611464968152859e+02 1.294331210191082846e+02
1.369671052631578902e+02 1.344407894736842195e+02 1.295131578947368496e+02
1.378859060402684520e+02 1.341073825503355579e+02 1.295033557046979809e+02
1.377712418300653496e+02 1.343071895424836555e+02 1.298366013071895395e+02
1.376776315789473699e+02 1.344671052631578902e+02 1.299539473684210407e+02
1.372972972972972912e+02 1.345202702702702595e+02 1.301824324324324209e+02
1.375600000000000023e+02 1.339333333333333371e+02 1.305066666666666606e+02
1.379866666666666788e+02 1.337733333333333405e+02 1.311800000000000068e+02
1.380666666666666629e+02 1.342733333333333405e+02 1.313666666666666742e+02
1.377039473684210407e+02 1.342763157894736707e+02 1.311973684210526301e+02
1.372774193548387132e+02 1.348387096774193594e+02 1.312129032258064569e+02
1.369133333333333269e+02 1.349666666666666686e+02 1.311999999999999886e+02
1.368000000000000114e+02 1.348600000000000136e+02 1.311933333333333280e+02
1.367707006369426779e+02 1.346369426751592471e+02 1.311719745222929987e+02
1.369662162162162247e+02 1.342567567567567437e+02 1.316959459459459367e+02
1.372818791946308750e+02 1.343154362416107404e+02 1.325100671140939710e+02
1.369019607843137294e+02 1.340588235294117680e+02 1.325882352941176521e+02
1.371066666666666549e+02 1.339533333333333474e+02 1.325800000000000125e+02
1.370065789473684106e+02 1.343421052631578902e+02 1.322763157894736707e+02
1.374733333333333292e+02 1.342466666666666697e+02 1.319600000000000080e+02
1.377599999999999909e+02 1.339799999999999898e+02 1.320399999999999920e+02
1.380337837837837753e+02 1.340810810810810949e+02 1.322162162162162247e+02
1.379866666666666788e+02 1.342400000000000091e+02 1.322733333333333405e+02
1.389466666666666583e+02 1.343733333333333348e+02 1.325533333333333417e+02
1.391710526315789593e+02 1.348223684210526301e+02 1.330855263157894797e+02
1.385033112582781598e+02 1.347549668874172255e+02 1.334503311258278018e+02
1.379266666666666765e+02 1.345866666666666731e+02 1.333733333333333348e+02
1.375359477124183059e+02 1.344379084967320352e+02 1.330980392156862706e+02
1.382434210526315894e+02 1.349210526315789593e+02 1.335000000000000000e+02
1.374701986754966754e+02 1.346622516556291487e+02 1.331920529801324449e+02
1.372185430463576097e+02 1.348609271523178847e+02 1.336291390728476927e+02
1.370649350649350708e+02 1.348571428571428612e+02 1.337467532467532578e+02
1.368445945945945823e+02 1.347635135135135158e+02 1.332837837837837753e+02
1.365695364238410718e+02 1.348344370860927199e+02 1.335761589403973630e+02
1.364666666666666686e+02 1.342533333333333303e+02 1.333666666666666742e+02
1.359802631578947398e+02 1.340394736842105203e+02 1.334210526315789593e+02
1.361059602649006592e+02 1.340662251655629120e+02 1.335298013245033246e+02
1.363933333333333451e+02 1.338466666666666640e+02 1.335200000000000102e+02
1.358933333333333451e+02 1.336533333333333360e+02 1.333733333333333348e+02
1.360884353741496682e+02 1.333265306122449090e+02 1.328979591836734642e+02
1.356447368421052602e+02 1.334473684210526301e+02 1.327894736842105203e+02
1.363157894736842195e+02 1.328881578947368496e+02 1.327302631578947398e+02
1.366399999999999864e+02 1.330333333333333314e+02 1.327199999999999989e+02
1.371466666666666754e+02 1.329199999999999875e+02 1.323133333333333326e+02
1.373933333333333451e+02 1.324933333333333394e+02 1.322333333333333201e+02
1.370800000000000125e+02 1.323600000000000136e+02 1.320266666666666708e+02
1.377792207792207932e+02 1.320389610389610482e+02 1.318311688311688386e+02
1.378940397350993408e+02 1.316092715231788191e+02 1.321589403973509889e+02
1.376953642384106047e+02 1.318145695364238463e+02 1.314569536423840930e+02
1.371818181818181870e+02 1.319740259740259773e+02 1.317272727272727195e+02
1.369803921568627345e+02 1.324509803921568505e+02 1.318366013071895395e+02
1.371184210526315894e+02 1.324078947368421098e+02 1.317631578947368496e+02
1.367666666666666799e+02 1.325533333333333417e+02 1.318199999999999932e+02
1.369271523178807968e+02 1.322715231788079393e+02 1.322052980132450273e+02
1.370065359477124218e+02 1.323333333333333428e+02 1.316405228758169983e+02
1.368639455782312950e+02 1.327278911564625901e+02 1.314897959183673493e+02
1.367434210526315894e+02 1.320657894736842195e+02 1.315723684210526301e+02
1.361866666666666674e+02 1.317066666666666777e+02 1.316399999999999864e+02
1.366999999999999886e+02 1.310600000000000023e+02 1.315666666666666629e+02
1.368133333333333326e+02 1.309733333333333292e+02 1.313799999999999955e+02
1.365167785234899327e+02 1.307181208053691250e+02 1.311744966442952887e+02
1.365460526315789593e+02 1.301184210526315894e+02 1.309539473684210407e+02
1.365483870967742064e+02 1.299483870967741836e+02 1.311612903225806406e+02
1.361744966442952887e+02 1.296845637583892596e+02 1.313221476510067021e+02
1.360921052631578902e+02 1.299013157894736707e+02 1.317236842105263293e+02
1.366533333333333360e+02 1.297733333333333405e+02 1.317933333333333223e+02
1.369933333333333394e+02 1.293600000000000136e+02 1.313933333333333451e+02
1.370463576158940384e+02 1.295695364238410718e+02 1.317615894039735167e+02
1.370397350993377472e+02 1.292185430463576097e+02 1.318675496688741759e+02
1.367243589743589780e+02 1.292435897435897516e+02 1.320961538461538396e+02
1.365555555555555429e+02 1.293398692810457646e+02 1.320980392156862706e+02
1.362251655629139009e+02 1.285695364238410718e+02 1.322317880794701921e+02
1.361324503311258241e+02 1.287350993377483519e+02 1.325960264900662366e+02
1.363333333333333428e+02 1.286928104575163445e+02 1.324640522875816941e+02
1.359671052631578902e+02 1.285328947368421098e+02 1.325000000000000000e+02
1.353445945945945823e+02 1.289932432432432563e+02 1.323175675675675791e+02
1.352614379084967311e+02 1.289934640522875782e+02 1.322222222222222285e+02
1.354496644295302019e+02 1.289328859060402692e+02 1.317986577181208077e+02
1.357350993377483519e+02 1.292781456953642305e+02 1.311986754966887361e+02
1.354399999999999977e+02 1.289866666666666788e+02 1.311133333333333439e+02
1.356466666666666754e+02 1.288799999999999955e+02 1.304533333333333474e+02
1.356428571428571388e+02 1.287857142857142776e+02 1.296103896103896034e+02
1.359144736842105203e+02 1.289934210526315894e+02 1.289802631578947398e+02
1.361133333333333439e+02 1.287533333333333303e+02 1.288600000000000136e+02
1.361095890410958873e+02 1.282876712328767042e+02 1.290616438356164508e+02
1.361283783783783861e+02 1.281959459459459367e+02 1.287972972972972912e+02
1.361818181818181870e+02 1.285389610389610482e+02 1.291428571428571388e+02
1.362387096774193651e+02 1.286258064516129025e+02 1.288774193548387075e+02
1.362781456953642305e+02 1.290662251655629120e+02 1.288211920529801375e+02
1.365135135135135158e+02 1.292094594594594525e+02 1.289256756756756772e+02
1.361554054054054177e+02 1.290675675675675791e+02 1.286756756756756772e+02
1.363400000000000034e+02 1.298866666666666561e+02 1.285333333333333314e+02
1.364362416107382501e+02 1.295637583892617499e+02 1.286107382550335672e+02
1.362679738562091529e+02 1.297712418300653496e+02 1.284967320261438033e+02
1.359736842105263293e+02 1.298618421052631504e+02 1.283684210526315894e+02
1.361059602649006592e+02 1.294701986754966754e+02 1.284768211920529666e+02
1.358410596026490111e+02 1.290993377483443680e+02 1.291192052980132416e+02
1.361812080536912788e+02 1.294899328859060290e+02 1.291744966442952887e+02
1.361986754966887361e+02 1.294635761589403842e+02 1.296887417218543135e+02
1.360779220779220680e+02 1.299415584415584419e+02 1.294480519480519547e+02
1.362077922077922096e+02 1.304935064935064872e+02 1.294090909090909065e+02
1.363092105263157805e+02 1.302171052631578902e+02 1.293289473684210407e+02
1.363157894736842195e+02 1.303486842105263293e+02 1.292894736842105203e+02
1.363841059602648897e+02 1.306953642384106047e+02 1.291721854304635713e+02
1.362550335570469713e+02 1.312013422818791923e+02 1.293557046979865675e+02
1.364172185430463458e+02 1.307417218543046431e+02 1.297615894039735167e+02
1.366339869281045765e+02 1.310392156862745026e+02 1.299281045751633883e+02
1.366394557823129219e+02 1.316122448979591866e+02 1.301020408163265358e+02
1.367500000000000000e+02 1.321710526315789593e+02 1.306184210526315894e+02
1.366315789473684106e+02 1.322039473684210407e+02 1.303092105263157805e+02
1.367866666666666617e+02 1.324733333333333292e+02 1.302466666666666697e+02
1.364370860927152194e+02 1.324834437086092578e+02 1.304039735099337634e+02
1.363066666666666720e+02 1.322733333333333405e+02 1.301133333333333439e+02
1.361776315789473699e+02 1.326052631578947398e+02 1.301447368421052602e+02
1.364362416107382501e+02 1.328053691275167694e+02 1.301610738255033652e+02
1.364105960264900546e+02 1.326423841059602751e+02 1.300529801324503296e+02
1.366423841059602751e+02 1.325562913907284894e+02 1.298410596026490111e+02
1.364705882352941160e+02 1.323202614379084991e+02 1.295686274509803866e+02
1.365584415584415581e+02 1.326818181818181870e+02 1.299350649350649292e+02
1.364557823129251801e+02 1.331904761904762040e+02 1.298843537414965965e+02
1.359084967320261512e+02 1.337320261437908471e+02 1.301568627450980387e+02
1.353933333333333451e+02 1.341066666666666549e+02 1.296599999999999966e+02
1.357947019867549727e+02 1.346688741721854399e+02 1.295364238410596158e+02
1.357631578947368496e+02 1.346842105263157805e+02 1.291907894736842195e+02
1.359407894736842195e+02 1.346973684210526301e+02 1.286250000000000000e+02
1.357814569536423903e+02 1.342980132450331041e+02 1.282649006622516481e+02
1.359391891891891930e+02 1.338040540540540633e+02 1.282297297297297405e+02
1.361081081081080981e+02 1.341891891891891930e+02 1.283716216216216139e+02
1.364539473684210407e+02 1.338486842105263293e+02 1.289144736842105203e+02
1.372348993288590577e+02 1.339261744966443075e+02 1.287315436241610769e+02
1.370000000000000000e+02 1.344026845637583847e+02 1.282684563758389231e+02
1.372105263157894797e+02 1.344407894736842195e+02 1.281052631578947398e+02
1.370466666666666526e+02 1.348533333333333246e+02 1.279200000000000017e+02
1.372434210526315894e+02 1.347500000000000000e+02 1.278552631578947398e+02
1.375000000000000000e+02 1.344210526315789593e+02 1.279671052631578902e+02
1.374066666666666663e+02 1.350000000000000000e+02 1.277266666666666737e+02
1.372960526315789593e+02 1.347631578947368496e+02 1.272763157894736850e+02
1.371200000000000045e+02 1.348066666666666720e+02 1.270199999999999960e+02
1.370596026490066208e+02 1.351258278145695328e+02 1.267682119205298079e+02
1.366688741721854399e+02 1.356423841059602751e+02 1.262516556291390799e+02
1.364473684210526301e+02 1.358289473684210407e+02 1.264671052631578902e+02
1.369133333333333269e+02 1.353133333333333326e+02 1.260133333333333354e+02
1.371013513513513544e+02 1.348851351351351298e+02 1.260405405405405475e+02
1.370399999999999920e+02 1.347466666666666697e+02 1.260866666666666731e+02
1.372960526315789593e+02 1.349671052631578902e+02 1.256447368421052602e+02
1.372828947368421098e+02 1.349868421052631504e+02 1.259539473684210549e+02
1.367880794701986815e+02 1.348476821192053023e+02 1.261390728476821153e+02
1.371533333333333360e+02 1.350399999999999920e+02 1.255733333333333377e+02
1.368918918918919019e+02 1.354594594594594525e+02 1.254864864864864842e+02
1.369666666666666686e+02 1.361800000000000068e+02 1.256933333333333280e+02
1.366013071895424957e+02 1.362875816993464184e+02 1.261633986928104605e+02
1.365430463576159070e+02 1.360132450331125824e+02 1.259403973509933792e+02
1.364967320261438033e+02 1.360457516339869244e+02 1.253725490196078454e+02
1.365034013605442169e+02 1.363945578231292473e+02 1.248843537414965965e+02
1.360600000000000023e+02 1.366266666666666652e+02 1.246466666666666612e+02
1.356928104575163445e+02 1.366666666666666572e+02 1.247973856209150370e+02
1.357051282051282044e+02 1.369358974358974308e+02 1.248846153846153868e+02
1.357368421052631504e+02 1.367894736842105203e+02 1.241578947368421098e+02
1.352052980132450273e+02 1.365629139072847806e+02 1.246887417218542993e+02
1.353464052287581580e+02 1.373006535947712337e+02 1.245098039215686327e+02
1.350333333333333314e+02 1.372866666666666617e+02 1.246333333333333400e+02
1.347599999999999909e+02 1.373799999999999955e+02 1.242199999999999989e+02
1.346078431372548891e+02 1.374444444444444571e+02 1.241960784313725554e+02
1.344900662251655490e+02 1.373178807947019777e+02 1.241854304635761537e+02
1.338993288590604038e+02 1.371476510067114134e+02 1.240738255033557067e+02
1.338466666666666640e+02 1.370133333333333212e+02 1.241733333333333320e+02
1.334635761589403842e+02 1.368609271523178847e+02 1.241655629139072801e+02
1.334391891891891930e+02 1.374256756756756772e+02 1.242027027027027088e+02
1.332875816993464184e+02 1.373529411764705799e+02 1.241895424836601336e+02
1.334966442953020191e+02 1.372416107382550194e+02 1.240872483221476443e+02
1.326754966887417311e+02 1.372847682119205217e+02 1.241456953642384065e+02
1.324473684210526301e+02 1.374078947368421098e+02 1.241118421052631646e+02
1.321866666666666674e+02 1.371999999999999886e+02 1.243599999999999994e+02
1.320784313725490335e+02 1.381830065359477260e+02 1.245032679738562109e+02
1.320723684210526301e+02 1.379539473684210407e+02 1.245328947368421098e+02
1.325608108108108070e+02 1.381621621621621614e+02 1.242432432432432421e+02
1.331578947368421098e+02 1.378552631578947398e+02 1.241578947368421098e+02
1.330718954248366117e+02 1.378496732026143832e+02 1.240718954248365975e+02
1.324733333333333292e+02 1.376599999999999966e+02 1.240799999999999983e+02
1.325364238410596158e+02 1.368874172185430496e+02 1.242913907284768271e+02
1.318266666666666538e+02 1.365466666666666526e+02 1.240000000000000000e+02
1.316622516556291487e+02 1.364503311258278018e+02 1.240000000000000000e+02
1.317894736842105203e+02 1.357697368421052602e+02 1.235986842105263150e+02
1.320065359477124218e+02 1.360784313725490335e+02 1.236078431372549034e+02
1.316470588235294201e+02 1.358169934640522740e+02 1.232418300653594798e+02
1.319530201342281828e+02 1.362013422818791923e+02 1.237651006711409423e+02
1.324105960264900546e+02 1.362119205298013185e+02 1.233377483443708655e+02
1.324640522875816941e+02 1.358496732026143832e+02 1.235490196078431353e+02
1.320849673202614269e+02 1.353986928104575043e+02 1.237058823529411740e+02
1.325503355704697981e+02 1.350134228187919518e+02 1.236442953020134183e+02
1.325675675675675791e+02 1.351621621621621614e+02 1.232635135135135158e+02
1.329006622516556320e+02 1.345562913907284894e+02 1.227615894039735167e+02
1.332147651006711442e+02 1.346241610738254906e+02 1.227046979865771874e+02
1.331824324324324209e+02 1.346081081081080981e+02 1.223108108108108070e+02
1.334900662251655490e+02 1.348344370860927199e+02 1.223046357615894095e+02
1.331456953642384065e+02 1.350066225165562912e+02 1.223245033112582831e+02
1.338580645161290192e+02 1.351483870967742007e+02 1.218967741935483815e+02
1.341324503311258241e+02 1.353907284768211809e+02 1.218543046357615935e+02
1.341986754966887361e+02 1.351258278145695328e+02 1.216490066225165521e+02
1.341523178807946977e+02 1.355695364238410718e+02 1.217350993377483377e+02
1.339271523178807968e+02 1.355960264900662366e+02 1.215562913907284752e+02
1.333443708609271425e+02 1.356821192052980223e+02 1.222185430463576097e+02
1.328859060402684520e+02 1.357181208053691250e+02 1.221879194630872547e+02
1.326405228758169983e+02 1.357647058823529278e+02 1.225294117647058840e+02
1.327647058823529278e+02 1.359673202614379193e+02 1.224771241830065378e+02
1.325399999999999920e+02 1.362800000000000011e+02 1.222733333333333263e+02
1.330596026490066208e+02 1.361523178807946977e+02 1.219536423841059616e+02
1.331381578947368496e+02 1.356052631578947398e+02 1.220460526315789451e+02
1.329666666666666686e+02 1.354266666666666765e+02 1.220733333333333377e+02
1.328013245033112639e+02 1.350066225165562912e+02 1.219933774834437088e+02
1.323466666666666640e+02 1.347800000000000011e+02 1.224333333333333371e+02
1.320855263157894797e+02 1.346710526315789593e+02 1.223750000000000000e+02
1.319210526315789593e+02 1.342960526315789593e+02 1.231776315789473699e+02
1.317284768211920607e+02 1.338145695364238463e+02 1.227483443708609201e+02
1.315000000000000000e+02 1.333933333333333451e+02 1.221733333333333320e+02
1.316933333333333280e+02 1.326466666666666754e+02 1.222399999999999949e+02
1.314333333333333371e+02 1.321666666666666572e+02 1.221333333333333400e+02
1.314870129870129745e+02 1.318636363636363740e+02 1.219415584415584419e+02
1.310986842105263293e+02 1.316447368421052602e+02 1.216513157894736850e+02
1.310855263157894797e+02 1.320592105263157805e+02 1.218815789473684248e+02
1.311753246753246742e+02 1.322792207792207932e+02 1.220779220779220822e+02
1.312066666666666777e+02 1.326800000000000068e+02 1.224666666666666686e+02
1.312156862745098067e+02 1.329150326797385731e+02 1.224248366013071916e+02
1.310134228187919518e+02 1.328523489932885866e+02 1.218791946308724903e+02
1.305163398692810404e+02 1.328235294117646959e+02 1.216732026143790790e+02
1.305460526315789593e+02 1.327105263157894797e+02 1.216776315789473699e+02
1.305999999999999943e+02 1.329133333333333269e+02 1.209800000000000040e+02
1.303750000000000000e+02 1.327828947368421098e+02 1.211776315789473699e+02
1.306225165562914015e+02 1.325761589403973630e+02 1.210066225165562912e+02
1.302953020134228268e+02 1.325771812080537018e+02 1.209194630872483174e+02
1.301208053691275097e+02 1.329664429530201346e+02 1.204093959731543606e+02
1.298639455782312950e+02 1.329659863945578309e+02 1.207278911564625901e+02
1.297533333333333303e+02 1.329399999999999977e+02 1.207600000000000051e+02
1.295000000000000000e+02 1.324600000000000080e+02 1.209466666666666725e+02
1.295065789473684106e+02 1.317236842105263293e+02 1.216118421052631646e+02
1.297199999999999989e+02 1.313266666666666538e+02 1.216200000000000045e+02
1.293483870967741893e+02 1.311935483870967687e+02 1.219870967741935459e+02
1.290399999999999920e+02 1.309866666666666788e+02 1.221666666666666714e+02
1.294533333333333474e+02 1.310333333333333314e+02 1.219866666666666646e+02
1.295302013422818845e+02 1.306510067114093943e+02 1.220536912751677789e+02
1.295584415584415581e+02 1.305779220779220680e+02 1.219480519480519547e+02
1.294066666666666663e+02 1.301266666666666652e+02 1.214399999999999977e+02
1.288692810457516202e+02 1.297581699346405344e+02 1.221437908496732092e+02
1.289066666666666663e+02 1.298933333333333451e+02 1.218400000000000034e+02
1.287599999999999909e+02 1.298000000000000114e+02 1.217333333333333343e+02
1.285133333333333212e+02 1.300466666666666526e+02 1.219733333333333292e+02
1.285065789473684106e+02 1.299539473684210407e+02 1.218881578947368354e+02
1.287066666666666777e+02 1.298199999999999932e+02 1.217600000000000051e+02
1.284322580645161338e+02 1.297612903225806349e+02 1.213741935483870975e+02
1.286666666666666572e+02 1.298333333333333428e+02 1.214333333333333371e+02
1.285866666666666731e+02 1.297866666666666617e+02 1.217266666666666737e+02
1.287337662337662323e+02 1.297922077922077904e+02 1.212727272727272663e+02
1.284600000000000080e+02 1.301733333333333462e+02 1.217199999999999989e+02
1.280132450331125824e+02 1.303708609271523073e+02 1.218476821192053023e+02
1.284864864864864842e+02 1.307635135135135158e+02 1.217229729729729684e+02
1.284697986577181155e+02 1.308187919463087212e+02 1.216711409395973220e+02
1.282348993288590577e+02 1.313020134228187885e+02 1.213154362416107404e+02
1.276866666666666674e+02 1.307666666666666799e+02 1.213066666666666720e+02
1.276339869281045765e+02 1.308823529411764639e+02 1.211960784313725554e+02
1.273311258278145743e+02 1.314900662251655490e+02 1.209933774834437088e+02
1.275855263157894797e+02 1.317763157894736707e+02 1.208223684210526301e+02
1.277027027027027088e+02 1.324391891891891930e+02 1.209189189189189193e+02
1.274765100671140914e+02 1.324630872483221538e+02 1.213489932885906057e+02
1.276052631578947398e+02 1.326052631578947398e+02 1.212631578947368354e+02
1.277933333333333366e+02 1.329000000000000057e+02 1.212600000000000051e+02
1.281250000000000000e+02 1.328552631578947398e+02 1.217763157894736850e+02
1.276283783783783718e+02 1.332297297297297405e+02 1.216824324324324351e+02
1.274313725490196134e+02 1.337516339869281126e+02 1.219673202614379051e+02
1.271410256410256352e+02 1.338333333333333428e+02 1.221410256410256352e+02
1.272763157894736850e+02 1.339078947368421098e+02 1.222236842105263150e+02
1.276490066225165521e+02 1.336688741721854399e+02 1.220264900662251648e+02
1.275816993464052302e+02 1.341764705882353041e+02 1.219607843137254832e+02
1.272600000000000051e+02 1.340533333333333417e+02 1.213133333333333326e+02
1.274539473684210549e+02 1.343552631578947398e+02 1.215394736842105203e+02
1.270522875816993462e+02 1.344771241830065378e+02 1.215163398692810404e+02
1.274503311258278160e+02 1.345562913907284894e+02 1.218013245033112639e+02
1.276907894736842053e+02 1.348157894736842195e+02 1.216644736842105203e+02
1.272266666666666737e+02 1.351399999999999864e+02 1.214933333333333394e+02
1.272000000000000028e+02 1.348064516129032313e+02 1.212516129032258050e+02
1.272434210526315752e+02 1.354078947368421098e+02 1.212105263157894797e+02
1.274210526315789451e+02 1.350394736842105203e+02 1.206644736842105203e+02
1.274933333333333394e+02 1.352066666666666777e+02 1.203400000000000034e+02
1.278431372549019613e+02 1.350457516339869244e+02 1.197058823529411740e+02
1.282715231788079393e+02 1.348874172185430496e+02 1.198476821192053023e+02
1.284199999999999875e+02 1.346533333333333360e+02 1.196266666666666652e+02
1.280333333333333314e+02 1.348666666666666742e+02 1.197066666666666634e+02
1.278287671232876761e+02 1.345000000000000000e+02 1.197123287671232816e+02
