1.284133333333333269e+02 1.270733333333333377e+02 1.273866666666666703e+02
1.283533333333333246e+02 1.269866666666666646e+02 1.273733333333333348e+02
1.283866666666666561e+02 1.270999999999999943e+02 1.273533333333333388e+02
1.283133333333333326e+02 1.270999999999999943e+02 1.273599999999999994e+02
1.282199999999999989e+02 1.271200000000000045e+02 1.273933333333333309e+02
1.282818791946308750e+02 1.270939597315436203e+02 1.274295302013422884e+02
1.283000000000000114e+02 1.271200000000000045e+02 1.272866666666666617e+02
1.283066666666666720e+02 1.271533333333333360e+02 1.272866666666666617e+02
1.282913907284768129e+02 1.269933774834437088e+02 1.273046357615894095e+02
1.282800000000000011e+02 1.269533333333333331e+02 1.273266666666666680e+02
1.282715231788079393e+02 1.270993377483443680e+02 1.273841059602649040e+02
1.283600000000000136e+02 1.270866666666666731e+02 1.273799999999999955e+02
1.283892617449664328e+02 1.271812080536912788e+02 1.274026845637583847e+02
1.282666666666666799e+02 1.272133333333333383e+02 1.274133333333333269e+02
1.283333333333333428e+02 1.270799999999999983e+02 1.274333333333333371e+02
1.283066666666666720e+02 1.270933333333333337e+02 1.274133333333333269e+02
1.282866666666666617e+02 1.270133333333333354e+02 1.274466666666666725e+02
1.283133333333333326e+02 1.270999999999999943e+02 1.274333333333333371e+02
1.283733333333333348e+02 1.271599999999999966e+02 1.273799999999999955e+02
1.284503311258278018e+02 1.270860927152317856e+02 1.273311258278145743e+02
1.283866666666666561e+02 1.271466666666666612e+02 1.273933333333333309e+02
1.283973509933774722e+02 1.270860927152317856e+02 1.272582781456953711e+02
1.284333333333333371e+02 1.270199999999999960e+02 1.272666666666666657e+02
1.283112582781456865e+02 1.269867549668874176e+02 1.273443708609271567e+02
1.283245033112582689e+02 1.270331125827814560e+02 1.274370860927152336e+02
1.283199999999999932e+02 1.271133333333333297e+02 1.273799999999999955e+02
1.284105960264900546e+02 1.270794701986754944e+02 1.273708609271523216e+02
1.284701986754966754e+02 1.271258278145695328e+02 1.274172185430463600e+02
1.285200000000000102e+02 1.270666666666666629e+02 1.274000000000000057e+02
1.284496644295302019e+02 1.270469798657718172e+02 1.273758389261744952e+02
1.283533333333333246e+02 1.270799999999999983e+02 1.273799999999999955e+02
1.281800000000000068e+02 1.271200000000000045e+02 1.273466666666666640e+02
1.282933333333333223e+02 1.270799999999999983e+02 1.272933333333333366e+02
1.282866666666666617e+02 1.272066666666666634e+02 1.272933333333333366e+02
1.281999999999999886e+02 1.271599999999999966e+02 1.273933333333333309e+02
1.282251655629139009e+02 1.271456953642384065e+02 1.273774834437086128e+02
1.283266666666666538e+02 1.271933333333333280e+02 1.272800000000000011e+02
1.284199999999999875e+02 1.271599999999999966e+02 1.272800000000000011e+02
1.282266666666666595e+02 1.270999999999999943e+02 1.273066666666666720e+02
1.281533333333333360e+02 1.270066666666666606e+02 1.272600000000000051e+02
1.282199999999999989e+02 1.272066666666666634e+02 1.272800000000000011e+02
1.282599999999999909e+02 1.270600000000000023e+02 1.272066666666666634e+02
1.281933333333333280e+02 1.270600000000000023e+02 1.271866666666666674e+02
1.282866666666666617e+02 1.271133333333333297e+02 1.272800000000000011e+02
1.283000000000000114e+02 1.271933333333333280e+02 1.272933333333333366e+02
1.283333333333333428e+02 1.272733333333333263e+02 1.272733333333333263e+02
1.284333333333333371e+02 1.273933333333333309e+02 1.272133333333333383e+02
1.284199999999999875e+02 1.273533333333333388e+02 1.272199999999999989e+02
1.283866666666666561e+02 1.273933333333333309e+02 1.272733333333333263e+02
1.284133333333333269e+02 1.274266666666666623e+02 1.273199999999999932e+02
1.283933333333333451e+02 1.274066666666666663e+02 1.273133333333333326e+02
1.283533333333333246e+02 1.273666666666666600e+02 1.273333333333333286e+02
1.283199999999999932e+02 1.273666666666666600e+02 1.273533333333333388e+02
1.283199999999999932e+02 1.273666666666666600e+02 1.274000000000000057e+02
1.283199999999999932e+02 1.273666666666666600e+02 1.274000000000000057e+02
1.283199999999999932e+02 1.273666666666666600e+02 1.274000000000000057e+02
1.283199999999999932e+02 1.273666666666666600e+02 1.274000000000000057e+02
1.283199999999999932e+02 1.273666666666666600e+02 1.274000000000000057e+02
1.283199999999999932e+02 1.273666666666666600e+02 1.274000000000000057e+02
1.283199999999999932e+02 1.273666666666666600e+02 1.274000000000000057e+02
1.283199999999999932e+02 1.273666666666666600e+02 1.274000000000000057e+02
1.283199999999999932e+02 1.273666666666666600e+02 1.274000000000000057e+02
1.283199999999999932e+02 1.273666666666666600e+02 1.274000000000000057e+02
1.283199999999999932e+02 1.273666666666666600e+02 1.274000000000000057e+02
1.283199999999999932e+02 1.273666666666666600e+02 1.274000000000000057e+02
1.283199999999999932e+02 1.273666666666666600e+02 1.274000000000000057e+02
1.283199999999999932e+02 1.273666666666666600e+02 1.274000000000000057e+02
1.283199999999999932e+02 1.273666666666666600e+02 1.274000000000000057e+02
1.283199999999999932e+02 1.273666666666666600e+02 1.274000000000000057e+02
1.283199999999999932e+02 1.273666666666666600e+02 1.274000000000000057e+02
1.283199999999999932e+02 1.273666666666666600e+02 1.274000000000000057e+02
1.283199999999999932e+02 1.273666666666666600e+02 1.274000000000000057e+02
1.283199999999999932e+02 1.273666666666666600e+02 1.274000000000000057e+02
1.283199999999999932e+02 1.273666666666666600e+02 1.274000000000000057e+02
1.283199999999999932e+02 1.273666666666666600e+02 1.274000000000000057e+02
1.283199999999999932e+02 1.273666666666666600e+02 1.274000000000000057e+02
1.283199999999999932e+02 1.273666666666666600e+02 1.274000000000000057e+02
1.283199999999999932e+02 1.273666666666666600e+02 1.274000000000000057e+02
1.283199999999999932e+02 1.273666666666666600e+02 1.274000000000000057e+02
1.283199999999999932e+02 1.273666666666666600e+02 1.274000000000000057e+02
1.283199999999999932e+02 1.273666666666666600e+02 1.274000000000000057e+02
1.283199999999999932e+02 1.273666666666666600e+02 1.274000000000000057e+02
1.283199999999999932e+02 1.273666666666666600e+02 1.274000000000000057e+02
1.283199999999999932e+02 1.273666666666666600e+02 1.274000000000000057e+02
1.283199999999999932e+02 1.273666666666666600e+02 1.274000000000000057e+02
1.283199999999999932e+02 1.273666666666666600e+02 1.274000000000000057e+02
1.283199999999999932e+02 1.273666666666666600e+02 1.274000000000000057e+02
1.283199999999999932e+02 1.273666666666666600e+02 1.274000000000000057e+02
1.283199999999999932e+02 1.273666666666666600e+02 1.274000000000000057e+02
1.283199999999999932e+02 1.273666666666666600e+02 1.274000000000000057e+02
1.283199999999999932e+02 1.273666666666666600e+02 1.274000000000000057e+02
1.283199999999999932e+02 1.273666666666666600e+02 1.274000000000000057e+02
1.283199999999999932e+02 1.273666666666666600e+02 1.274000000000000057e+02
1.283199999999999932e+02 1.273666666666666600e+02 1.274000000000000057e+02
1.283199999999999932e+02 1.273666666666666600e+02 1.274000000000000057e+02
1.283199999999999932e+02 1.273666666666666600e+02 1.274000000000000057e+02
1.283199999999999932e+02 1.273666666666666600e+02 1.274000000000000057e+02
1.283199999999999932e+02 1.273666666666666600e+02 1.274000000000000057e+02
1.283199999999999932e+02 1.273666666666666600e+02 1.274000000000000057e+02
1.283199999999999932e+02 1.273666666666666600e+02 1.274000000000000057e+02
1.283199999999999932e+02 1.273666666666666600e+02 1.274000000000000057e+02
1.283199999999999932e+02 1.273666666666666600e+02 1.274000000000000057e+02
1.283199999999999932e+02 1.273666666666666600e+02 1.274000000000000057e+02
1.283199999999999932e+02 1.273666666666666600e+02 1.274000000000000057e+02
1.283199999999999932e+02 1.273666666666666600e+02 1.274000000000000057e+02
1.283199999999999932e+02 1.273666666666666600e+02 1.274000000000000057e+02
1.283199999999999932e+02 1.273666666666666600e+02 1.274000000000000057e+02
1.283199999999999932e+02 1.273666666666666600e+02 1.274000000000000057e+02
1.283199999999999932e+02 1.273666666666666600e+02 1.274000000000000057e+02
1.283199999999999932e+02 1.273666666666666600e+02 1.274000000000000057e+02
1.283199999999999932e+02 1.273666666666666600e+02 1.274000000000000057e+02
1.283199999999999932e+02 1.273666666666666600e+02 1.274000000000000057e+02
1.283199999999999932e+02 1.273666666666666600e+02 1.274000000000000057e+02
1.283199999999999932e+02 1.273666666666666600e+02 1.274000000000000057e+02
1.283199999999999932e+02 1.273666666666666600e+02 1.274000000000000057e+02
1.283199999999999932e+02 1.273666666666666600e+02 1.274000000000000057e+02
1.283199999999999932e+02 1.273666666666666600e+02 1.274000000000000057e+02
1.283199999999999932e+02 1.273666666666666600e+02 1.274000000000000057e+02
1.283199999999999932e+02 1.273666666666666600e+02 1.274000000000000057e+02
1.283199999999999932e+02 1.273666666666666600e+02 1.274000000000000057e+02
1.283199999999999932e+02 1.273666666666666600e+02 1.274000000000000057e+02
1.283199999999999932e+02 1.273666666666666600e+02 1.274000000000000057e+02
1.283199999999999932e+02 1.273666666666666600e+02 1.274000000000000057e+02
1.283199999999999932e+02 1.273666666666666600e+02 1.274000000000000057e+02
1.283199999999999932e+02 1.273666666666666600e+02 1.274000000000000057e+02
1.283199999999999932e+02 1.273666666666666600e+02 1.274000000000000057e+02
1.283199999999999932e+02 1.273666666666666600e+02 1.274000000000000057e+02
1.283199999999999932e+02 1.273666666666666600e+02 1.274000000000000057e+02
1.283199999999999932e+02 1.273666666666666600e+02 1.274000000000000057e+02
1.283199999999999932e+02 1.273666666666666600e+02 1.274000000000000057e+02
1.283199999999999932e+02 1.273666666666666600e+02 1.274000000000000057e+02
1.283199999999999932e+02 1.273666666666666600e+02 1.274000000000000057e+02
1.283199999999999932e+02 1.273666666666666600e+02 1.274000000000000057e+02
1.283199999999999932e+02 1.273666666666666600e+02 1.274000000000000057e+02
1.283199999999999932e+02 1.273666666666666600e+02 1.274000000000000057e+02
1.283199999999999932e+02 1.273666666666666600e+02 1.274000000000000057e+02
1.283199999999999932e+02 1.273666666666666600e+02 1.274000000000000057e+02
1.283199999999999932e+02 1.273666666666666600e+02 1.274000000000000057e+02
1.283199999999999932e+02 1.273666666666666600e+02 1.274000000000000057e+02
1.283199999999999932e+02 1.273666666666666600e+02 1.274000000000000057e+02
1.283199999999999932e+02 1.273666666666666600e+02 1.274000000000000057e+02
1.283199999999999932e+02 1.273666666666666600e+02 1.274000000000000057e+02
1.283199999999999932e+02 1.273666666666666600e+02 1.274000000000000057e+02
1.283199999999999932e+02 1.273666666666666600e+02 1.274000000000000057e+02
1.283199999999999932e+02 1.273666666666666600e+02 1.274000000000000057e+02
1.283199999999999932e+02 1.273666666666666600e+02 1.274000000000000057e+02
1.283199999999999932e+02 1.273666666666666600e+02 1.274000000000000057e+02
1.283199999999999932e+02 1.273666666666666600e+02 1.274000000000000057e+02
1.283199999999999932e+02 1.273666666666666600e+02 1.274000000000000057e+02
1.283199999999999932e+02 1.273666666666666600e+02 1.274000000000000057e+02
1.283199999999999932e+02 1.273666666666666600e+02 1.274000000000000057e+02
1.283199999999999932e+02 1.273666666666666600e+02 1.274000000000000057e+02
1.283199999999999932e+02 1.273666666666666600e+02 1.274000000000000057e+02
1.283199999999999932e+02 1.273666666666666600e+02 1.274000000000000057e+02
1.283199999999999932e+02 1.273666666666666600e+02 1.274000000000000057e+02
1.283199999999999932e+02 1.273666666666666600e+02 1.274000000000000057e+02
1.283199999999999932e+02 1.273666666666666600e+02 1.274000000000000057e+02
1.283199999999999932e+02 1.273666666666666600e+02 1.274000000000000057e+02
1.283199999999999932e+02 1.273666666666666600e+02 1.274000000000000057e+02
1.283199999999999932e+02 1.273666666666666600e+02 1.274000000000000057e+02
1.283199999999999932e+02 1.273666666666666600e+02 1.274000000000000057e+02
1.283199999999999932e+02 1.273666666666666600e+02 1.274000000000000057e+02
1.283199999999999932e+02 1.273666666666666600e+02 1.274000000000000057e+02
1.283199999999999932e+02 1.273666666666666600e+02 1.274000000000000057e+02
1.283199999999999932e+02 1.273666666666666600e+02 1.274000000000000057e+02
1.283199999999999932e+02 1.273666666666666600e+02 1.274000000000000057e+02
1.283199999999999932e+02 1.273666666666666600e+02 1.274000000000000057e+02
1.283199999999999932e+02 1.273666666666666600e+02 1.274000000000000057e+02
1.283199999999999932e+02 1.273666666666666600e+02 1.274000000000000057e+02
1.283199999999999932e+02 1.273666666666666600e+02 1.274000000000000057e+02
1.283199999999999932e+02 1.273666666666666600e+02 1.274000000000000057e+02
1.283199999999999932e+02 1.273666666666666600e+02 1.274000000000000057e+02
1.283199999999999932e+02 1.273666666666666600e+02 1.274000000000000057e+02
1.283199999999999932e+02 1.273666666666666600e+02 1.274000000000000057e+02
1.283199999999999932e+02 1.273666666666666600e+02 1.274000000000000057e+02
1.283199999999999932e+02 1.273666666666666600e+02 1.274000000000000057e+02
1.283199999999999932e+02 1.273666666666666600e+02 1.274000000000000057e+02
1.283199999999999932e+02 1.273666666666666600e+02 1.274000000000000057e+02
1.283199999999999932e+02 1.273666666666666600e+02 1.274000000000000057e+02
1.283199999999999932e+02 1.273666666666666600e+02 1.274000000000000057e+02
1.283199999999999932e+02 1.273666666666666600e+02 1.274000000000000057e+02
1.283199999999999932e+02 1.273666666666666600e+02 1.274000000000000057e+02
1.283199999999999932e+02 1.273666666666666600e+02 1.274000000000000057e+02
1.283199999999999932e+02 1.273666666666666600e+02 1.274000000000000057e+02
1.283199999999999932e+02 1.273666666666666600e+02 1.274000000000000057e+02
1.283199999999999932e+02 1.273666666666666600e+02 1.274000000000000057e+02
1.283199999999999932e+02 1.273666666666666600e+02 1.274000000000000057e+02
1.283199999999999932e+02 1.273666666666666600e+02 1.274000000000000057e+02
1.283199999999999932e+02 1.273666666666666600e+02 1.274000000000000057e+02
1.283199999999999932e+02 1.273666666666666600e+02 1.274000000000000057e+02
1.283199999999999932e+02 1.273666666666666600e+02 1.274000000000000057e+02
1.283199999999999932e+02 1.273666666666666600e+02 1.274000000000000057e+02
1.283199999999999932e+02 1.273666666666666600e+02 1.274000000000000057e+02
1.283199999999999932e+02 1.273666666666666600e+02 1.274000000000000057e+02
1.283199999999999932e+02 1.273666666666666600e+02 1.274000000000000057e+02
1.283199999999999932e+02 1.273666666666666600e+02 1.274000000000000057e+02
1.283199999999999932e+02 1.273666666666666600e+02 1.274000000000000057e+02
1.283199999999999932e+02 1.273666666666666600e+02 1.274000000000000057e+02
1.283199999999999932e+02 1.273666666666666600e+02 1.274000000000000057e+02
1.283199999999999932e+02 1.273666666666666600e+02 1.274000000000000057e+02
1.283199999999999932e+02 1.273666666666666600e+02 1.274000000000000057e+02
1.283199999999999932e+02 1.273666666666666600e+02 1.274000000000000057e+02
1.283199999999999932e+02 1.273666666666666600e+02 1.274000000000000057e+02
1.283199999999999932e+02 1.273666666666666600e+02 1.274000000000000057e+02
1.283199999999999932e+02 1.273666666666666600e+02 1.274000000000000057e+02
1.283199999999999932e+02 1.273666666666666600e+02 1.274000000000000057e+02
1.283199999999999932e+02 1.273666666666666600e+02 1.274000000000000057e+02
1.283199999999999932e+02 1.273666666666666600e+02 1.274000000000000057e+02
1.283199999999999932e+02 1.273666666666666600e+02 1.274000000000000057e+02
1.283199999999999932e+02 1.273666666666666600e+02 1.274000000000000057e+02
1.283199999999999932e+02 1.273666666666666600e+02 1.274000000000000057e+02
1.283199999999999932e+02 1.273666666666666600e+02 1.274000000000000057e+02
1.283199999999999932e+02 1.273666666666666600e+02 1.274000000000000057e+02
1.283199999999999932e+02 1.273666666666666600e+02 1.274000000000000057e+02
1.283199999999999932e+02 1.273666666666666600e+02 1.274000000000000057e+02
1.283199999999999932e+02 1.273666666666666600e+02 1.274000000000000057e+02
1.283199999999999932e+02 1.273666666666666600e+02 1.274000000000000057e+02
1.283199999999999932e+02 1.273666666666666600e+02 1.274000000000000057e+02
1.283199999999999932e+02 1.273666666666666600e+02 1.274000000000000057e+02
1.283199999999999932e+02 1.273666666666666600e+02 1.274000000000000057e+02
1.283199999999999932e+02 1.273666666666666600e+02 1.274000000000000057e+02
1.283199999999999932e+02 1.273666666666666600e+02 1.274000000000000057e+02
1.283199999999999932e+02 1.273666666666666600e+02 1.274000000000000057e+02
1.283199999999999932e+02 1.273666666666666600e+02 1.274000000000000057e+02
1.283199999999999932e+02 1.273666666666666600e+02 1.274000000000000057e+02
1.283199999999999932e+02 1.273666666666666600e+02 1.274000000000000057e+02
1.283199999999999932e+02 1.273666666666666600e+02 1.274000000000000057e+02
1.283199999999999932e+02 1.273666666666666600e+02 1.274000000000000057e+02
1.283199999999999932e+02 1.273666666666666600e+02 1.274000000000000057e+02
1.283199999999999932e+02 1.273666666666666600e+02 1.274000000000000057e+02
1.283199999999999932e+02 1.273666666666666600e+02 1.274000000000000057e+02
1.283199999999999932e+02 1.273666666666666600e+02 1.274000000000000057e+02
1.283199999999999932e+02 1.273666666666666600e+02 1.274000000000000057e+02
1.283199999999999932e+02 1.273666666666666600e+02 1.274000000000000057e+02
1.283199999999999932e+02 1.273666666666666600e+02 1.274000000000000057e+02
1.283199999999999932e+02 1.273666666666666600e+02 1.274000000000000057e+02
1.283199999999999932e+02 1.273666666666666600e+02 1.274000000000000057e+02
1.283199999999999932e+02 1.273666666666666600e+02 1.274000000000000057e+02
1.283199999999999932e+02 1.273666666666666600e+02 1.274000000000000057e+02
1.283199999999999932e+02 1.273666666666666600e+02 1.274000000000000057e+02
1.283199999999999932e+02 1.273666666666666600e+02 1.274000000000000057e+02
1.283199999999999932e+02 1.273666666666666600e+02 1.274000000000000057e+02
1.283199999999999932e+02 1.273666666666666600e+02 1.274000000000000057e+02
1.283199999999999932e+02 1.273666666666666600e+02 1.274000000000000057e+02
1.283199999999999932e+02 1.273666666666666600e+02 1.274000000000000057e+02
1.283199999999999932e+02 1.273666666666666600e+02 1.274000000000000057e+02
1.283199999999999932e+02 1.273666666666666600e+02 1.274000000000000057e+02
1.283199999999999932e+02 1.273666666666666600e+02 1.274000000000000057e+02
1.283199999999999932e+02 1.273666666666666600e+02 1.274000000000000057e+02
1.283199999999999932e+02 1.273666666666666600e+02 1.274000000000000057e+02
1.283199999999999932e+02 1.273666666666666600e+02 1.274000000000000057e+02
1.283199999999999932e+02 1.273666666666666600e+02 1.274000000000000057e+02
1.283199999999999932e+02 1.273666666666666600e+02 1.274000000000000057e+02
1.283199999999999932e+02 1.273666666666666600e+02 1.274000000000000057e+02
1.283199999999999932e+02 1.273666666666666600e+02 1.274000000000000057e+02
1.283199999999999932e+02 1.273666666666666600e+02 1.274000000000000057e+02
1.283199999999999932e+02 1.273666666666666600e+02 1.274000000000000057e+02
1.283199999999999932e+02 1.273666666666666600e+02 1.274000000000000057e+02
1.283199999999999932e+02 1.273666666666666600e+02 1.274000000000000057e+02
1.283199999999999932e+02 1.273666666666666600e+02 1.274000000000000057e+02
1.283199999999999932e+02 1.273666666666666600e+02 1.274000000000000057e+02
1.283199999999999932e+02 1.273666666666666600e+02 1.274000000000000057e+02
1.283199999999999932e+02 1.273666666666666600e+02 1.274000000000000057e+02
1.283199999999999932e+02 1.273666666666666600e+02 1.274000000000000057e+02
1.283199999999999932e+02 1.273666666666666600e+02 1.274000000000000057e+02
1.283199999999999932e+02 1.273666666666666600e+02 1.274000000000000057e+02
1.283199999999999932e+02 1.273666666666666600e+02 1.274000000000000057e+02
1.283199999999999932e+02 1.273666666666666600e+02 1.274000000000000057e+02
1.283199999999999932e+02 1.273666666666666600e+02 1.274000000000000057e+02
1.283199999999999932e+02 1.273666666666666600e+02 1.274000000000000057e+02
1.283199999999999932e+02 1.273666666666666600e+02 1.274000000000000057e+02
1.283199999999999932e+02 1.273666666666666600e+02 1.274000000000000057e+02
1.283199999999999932e+02 1.273666666666666600e+02 1.274000000000000057e+02
1.283199999999999932e+02 1.273666666666666600e+02 1.274000000000000057e+02
1.283199999999999932e+02 1.273666666666666600e+02 1.274000000000000057e+02
1.283199999999999932e+02 1.273666666666666600e+02 1.274000000000000057e+02
1.283199999999999932e+02 1.273666666666666600e+02 1.274000000000000057e+02
1.283199999999999932e+02 1.273666666666666600e+02 1.274000000000000057e+02
1.283199999999999932e+02 1.273666666666666600e+02 1.274000000000000057e+02
1.283199999999999932e+02 1.273666666666666600e+02 1.274000000000000057e+02
1.283199999999999932e+02 1.273666666666666600e+02 1.274000000000000057e+02
1.283199999999999932e+02 1.273666666666666600e+02 1.274000000000000057e+02
1.283199999999999932e+02 1.273666666666666600e+02 1.274000000000000057e+02
1.283199999999999932e+02 1.273666666666666600e+02 1.274000000000000057e+02
1.283199999999999932e+02 1.273666666666666600e+02 1.274000000000000057e+02
1.283199999999999932e+02 1.273666666666666600e+02 1.274000000000000057e+02
1.283199999999999932e+02 1.273666666666666600e+02 1.274000000000000057e+02
1.283199999999999932e+02 1.273666666666666600e+02 1.274000000000000057e+02
1.283199999999999932e+02 1.273666666666666600e+02 1.274000000000000057e+02
1.283199999999999932e+02 1.273666666666666600e+02 1.274000000000000057e+02
1.283199999999999932e+02 1.273666666666666600e+02 1.274000000000000057e+02
1.283199999999999932e+02 1.273666666666666600e+02 1.274000000000000057e+02
1.283199999999999932e+02 1.273666666666666600e+02 1.274000000000000057e+02
1.283199999999999932e+02 1.273666666666666600e+02 1.274000000000000057e+02
1.283199999999999932e+02 1.273666666666666600e+02 1.274000000000000057e+02
1.283199999999999932e+02 1.273666666666666600e+02 1.274000000000000057e+02
1.283199999999999932e+02 1.273666666666666600e+02 1.274000000000000057e+02
1.283199999999999932e+02 1.273666666666666600e+02 1.274000000000000057e+02
1.283199999999999932e+02 1.273666666666666600e+02 1.274000000000000057e+02
1.283199999999999932e+02 1.273666666666666600e+02 1.274000000000000057e+02
1.283199999999999932e+02 1.273666666666666600e+02 1.274000000000000057e+02
1.283199999999999932e+02 1.273666666666666600e+02 1.274000000000000057e+02
1.283199999999999932e+02 1.273666666666666600e+02 1.274000000000000057e+02
1.283199999999999932e+02 1.273666666666666600e+02 1.274000000000000057e+02
1.283199999999999932e+02 1.273666666666666600e+02 1.274000000000000057e+02
1.283199999999999932e+02 1.273666666666666600e+02 1.274000000000000057e+02
1.283199999999999932e+02 1.273666666666666600e+02 1.274000000000000057e+02
1.283199999999999932e+02 1.273666666666666600e+02 1.274000000000000057e+02
1.283199999999999932e+02 1.273666666666666600e+02 1.274000000000000057e+02
1.283199999999999932e+02 1.273666666666666600e+02 1.274000000000000057e+02
1.283199999999999932e+02 1.273666666666666600e+02 1.274000000000000057e+02
1.283199999999999932e+02 1.273666666666666600e+02 1.274000000000000057e+02
1.283199999999999932e+02 1.273666666666666600e+02 1.274000000000000057e+02
1.283199999999999932e+02 1.273666666666666600e+02 1.274000000000000057e+02
1.283199999999999932e+02 1.273666666666666600e+02 1.274000000000000057e+02
1.283199999999999932e+02 1.273666666666666600e+02 1.274000000000000057e+02
1.283199999999999932e+02 1.273666666666666600e+02 1.274000000000000057e+02
1.283199999999999932e+02 1.273666666666666600e+02 1.274000000000000057e+02
1.283199999999999932e+02 1.273666666666666600e+02 1.274000000000000057e+02
1.283199999999999932e+02 1.273666666666666600e+02 1.274000000000000057e+02
1.283199999999999932e+02 1.273666666666666600e+02 1.274000000000000057e+02
1.283199999999999932e+02 1.273666666666666600e+02 1.274000000000000057e+02
1.283199999999999932e+02 1.273666666666666600e+02 1.274000000000000057e+02
1.283199999999999932e+02 1.273666666666666600e+02 1.274000000000000057e+02
1.283199999999999932e+02 1.273666666666666600e+02 1.274000000000000057e+02
1.283199999999999932e+02 1.273666666666666600e+02 1.274000000000000057e+02
1.283199999999999932e+02 1.273666666666666600e+02 1.274000000000000057e+02
1.283199999999999932e+02 1.273666666666666600e+02 1.274000000000000057e+02
1.283199999999999932e+02 1.273666666666666600e+02 1.274000000000000057e+02
1.283199999999999932e+02 1.273666666666666600e+02 1.274000000000000057e+02
1.283199999999999932e+02 1.273666666666666600e+02 1.274000000000000057e+02
1.283199999999999932e+02 1.273666666666666600e+02 1.274000000000000057e+02
1.283199999999999932e+02 1.273666666666666600e+02 1.274000000000000057e+02
1.283199999999999932e+02 1.273666666666666600e+02 1.274000000000000057e+02
1.283199999999999932e+02 1.273666666666666600e+02 1.274000000000000057e+02
1.283199999999999932e+02 1.273666666666666600e+02 1.274000000000000057e+02
1.283199999999999932e+02 1.273666666666666600e+02 1.274000000000000057e+02
1.283199999999999932e+02 1.273666666666666600e+02 1.274000000000000057e+02
1.283199999999999932e+02 1.273666666666666600e+02 1.274000000000000057e+02
1.283199999999999932e+02 1.273666666666666600e+02 1.274000000000000057e+02
1.283199999999999932e+02 1.273666666666666600e+02 1.274000000000000057e+02
1.283199999999999932e+02 1.273666666666666600e+02 1.274000000000000057e+02
1.283199999999999932e+02 1.273666666666666600e+02 1.274000000000000057e+02
1.283199999999999932e+02 1.273666666666666600e+02 1.274000000000000057e+02
1.283199999999999932e+02 1.273666666666666600e+02 1.274000000000000057e+02
1.283199999999999932e+02 1.273666666666666600e+02 1.274000000000000057e+02
1.283199999999999932e+02 1.273666666666666600e+02 1.274000000000000057e+02
1.283199999999999932e+02 1.273666666666666600e+02 1.274000000000000057e+02
1.283199999999999932e+02 1.273666666666666600e+02 1.274000000000000057e+02
1.283199999999999932e+02 1.273666666666666600e+02 1.274000000000000057e+02
1.283199999999999932e+02 1.273666666666666600e+02 1.274000000000000057e+02
1.283199999999999932e+02 1.273666666666666600e+02 1.274000000000000057e+02
1.283199999999999932e+02 1.273666666666666600e+02 1.274000000000000057e+02
1.283199999999999932e+02 1.273666666666666600e+02 1.274000000000000057e+02
1.283199999999999932e+02 1.273666666666666600e+02 1.274000000000000057e+02
1.283199999999999932e+02 1.273666666666666600e+02 1.274000000000000057e+02
1.283199999999999932e+02 1.273666666666666600e+02 1.274000000000000057e+02
1.283199999999999932e+02 1.273666666666666600e+02 1.274000000000000057e+02
1.283199999999999932e+02 1.273666666666666600e+02 1.274000000000000057e+02
1.283199999999999932e+02 1.273666666666666600e+02 1.274000000000000057e+02
1.283199999999999932e+02 1.273666666666666600e+02 1.274000000000000057e+02
1.283199999999999932e+02 1.273666666666666600e+02 1.274000000000000057e+02
1.283199999999999932e+02 1.273666666666666600e+02 1.274000000000000057e+02
1.283199999999999932e+02 1.273666666666666600e+02 1.274000000000000057e+02
1.283199999999999932e+02 1.273666666666666600e+02 1.274000000000000057e+02
1.283199999999999932e+02 1.273666666666666600e+02 1.274000000000000057e+02
1.283199999999999932e+02 1.273666666666666600e+02 1.274000000000000057e+02
1.283199999999999932e+02 1.273666666666666600e+02 1.274000000000000057e+02
1.283199999999999932e+02 1.273666666666666600e+02 1.274000000000000057e+02
1.283199999999999932e+02 1.273666666666666600e+02 1.274000000000000057e+02
1.283199999999999932e+02 1.273666666666666600e+02 1.274000000000000057e+02
1.283199999999999932e+02 1.273666666666666600e+02 1.274000000000000057e+02
1.283199999999999932e+02 1.273666666666666600e+02 1.274000000000000057e+02
1.283199999999999932e+02 1.273666666666666600e+02 1.274000000000000057e+02
1.283199999999999932e+02 1.273666666666666600e+02 1.274000000000000057e+02
1.283199999999999932e+02 1.273666666666666600e+02 1.274000000000000057e+02
1.283199999999999932e+02 1.273666666666666600e+02 1.274000000000000057e+02
1.283199999999999932e+02 1.273666666666666600e+02 1.274000000000000057e+02
1.283199999999999932e+02 1.273666666666666600e+02 1.274000000000000057e+02
1.283199999999999932e+02 1.273666666666666600e+02 1.274000000000000057e+02
1.283199999999999932e+02 1.273666666666666600e+02 1.274000000000000057e+02
1.283199999999999932e+02 1.273666666666666600e+02 1.274000000000000057e+02
1.283199999999999932e+02 1.273666666666666600e+02 1.274000000000000057e+02
1.283199999999999932e+02 1.273666666666666600e+02 1.274000000000000057e+02
1.283199999999999932e+02 1.273666666666666600e+02 1.274000000000000057e+02
1.283199999999999932e+02 1.273666666666666600e+02 1.274000000000000057e+02
1.283199999999999932e+02 1.273666666666666600e+02 1.274000000000000057e+02
1.283199999999999932e+02 1.273666666666666600e+02 1.274000000000000057e+02
1.283199999999999932e+02 1.273666666666666600e+02 1.274000000000000057e+02
1.283199999999999932e+02 1.273666666666666600e+02 1.274000000000000057e+02
1.283199999999999932e+02 1.273666666666666600e+02 1.274000000000000057e+02
1.283199999999999932e+02 1.273666666666666600e+02 1.274000000000000057e+02
1.283199999999999932e+02 1.273666666666666600e+02 1.274000000000000057e+02
1.283199999999999932e+02 1.273666666666666600e+02 1.274000000000000057e+02
1.283199999999999932e+02 1.273666666666666600e+02 1.274000000000000057e+02
1.283199999999999932e+02 1.273666666666666600e+02 1.274000000000000057e+02
1.283199999999999932e+02 1.273666666666666600e+02 1.274000000000000057e+02
1.283199999999999932e+02 1.273666666666666600e+02 1.274000000000000057e+02
1.283199999999999932e+02 1.273666666666666600e+02 1.274000000000000057e+02
1.283199999999999932e+02 1.273666666666666600e+02 1.274000000000000057e+02
1.283199999999999932e+02 1.273666666666666600e+02 1.274000000000000057e+02
1.283199999999999932e+02 1.273666666666666600e+02 1.274000000000000057e+02
1.283199999999999932e+02 1.273666666666666600e+02 1.274000000000000057e+02
1.283199999999999932e+02 1.273666666666666600e+02 1.274000000000000057e+02
1.283199999999999932e+02 1.273666666666666600e+02 1.274000000000000057e+02
1.283199999999999932e+02 1.273666666666666600e+02 1.274000000000000057e+02
1.283199999999999932e+02 1.273666666666666600e+02 1.274000000000000057e+02
1.283199999999999932e+02 1.273666666666666600e+02 1.274000000000000057e+02
1.283199999999999932e+02 1.273666666666666600e+02 1.274000000000000057e+02
1.283199999999999932e+02 1.273666666666666600e+02 1.274000000000000057e+02
1.283199999999999932e+02 1.273666666666666600e+02 1.274000000000000057e+02
1.283199999999999932e+02 1.273666666666666600e+02 1.274000000000000057e+02
1.283199999999999932e+02 1.273666666666666600e+02 1.274000000000000057e+02
1.283199999999999932e+02 1.273666666666666600e+02 1.274000000000000057e+02
1.283199999999999932e+02 1.273666666666666600e+02 1.274000000000000057e+02
1.283199999999999932e+02 1.273666666666666600e+02 1.274000000000000057e+02
1.283199999999999932e+02 1.273666666666666600e+02 1.274000000000000057e+02
1.283199999999999932e+02 1.273666666666666600e+02 1.274000000000000057e+02
1.283199999999999932e+02 1.273666666666666600e+02 1.274000000000000057e+02
1.283199999999999932e+02 1.273666666666666600e+02 1.274000000000000057e+02
1.283199999999999932e+02 1.273666666666666600e+02 1.274000000000000057e+02
1.283199999999999932e+02 1.273666666666666600e+02 1.274000000000000057e+02
1.283199999999999932e+02 1.273666666666666600e+02 1.274000000000000057e+02
1.283199999999999932e+02 1.273666666666666600e+02 1.274000000000000057e+02
1.283199999999999932e+02 1.273666666666666600e+02 1.274000000000000057e+02
1.283199999999999932e+02 1.273666666666666600e+02 1.274000000000000057e+02
1.283199999999999932e+02 1.273666666666666600e+02 1.274000000000000057e+02
1.283199999999999932e+02 1.273666666666666600e+02 1.274000000000000057e+02
1.283199999999999932e+02 1.273666666666666600e+02 1.274000000000000057e+02
1.283199999999999932e+02 1.273666666666666600e+02 1.274000000000000057e+02
1.283199999999999932e+02 1.273666666666666600e+02 1.274000000000000057e+02
1.283199999999999932e+02 1.273666666666666600e+02 1.274000000000000057e+02
1.283199999999999932e+02 1.273666666666666600e+02 1.274000000000000057e+02
1.283199999999999932e+02 1.273666666666666600e+02 1.274000000000000057e+02
1.283199999999999932e+02 1.273666666666666600e+02 1.274000000000000057e+02
1.283199999999999932e+02 1.273666666666666600e+02 1.274000000000000057e+02
1.283199999999999932e+02 1.273666666666666600e+02 1.274000000000000057e+02
1.283199999999999932e+02 1.273666666666666600e+02 1.274000000000000057e+02
1.283199999999999932e+02 1.273666666666666600e+02 1.274000000000000057e+02
1.283199999999999932e+02 1.273666666666666600e+02 1.274000000000000057e+02
1.283199999999999932e+02 1.273666666666666600e+02 1.274000000000000057e+02
1.283199999999999932e+02 1.273666666666666600e+02 1.274000000000000057e+02
1.283199999999999932e+02 1.273666666666666600e+02 1.274000000000000057e+02
1.283199999999999932e+02 1.273666666666666600e+02 1.274000000000000057e+02
1.283199999999999932e+02 1.273666666666666600e+02 1.274000000000000057e+02
1.283199999999999932e+02 1.273666666666666600e+02 1.274000000000000057e+02
1.283199999999999932e+02 1.273666666666666600e+02 1.274000000000000057e+02
1.283199999999999932e+02 1.273666666666666600e+02 1.274000000000000057e+02
1.283199999999999932e+02 1.273666666666666600e+02 1.274000000000000057e+02
1.283199999999999932e+02 1.273666666666666600e+02 1.274000000000000057e+02
1.283199999999999932e+02 1.273666666666666600e+02 1.274000000000000057e+02
1.283199999999999932e+02 1.273666666666666600e+02 1.274000000000000057e+02
1.283199999999999932e+02 1.273666666666666600e+02 1.274000000000000057e+02
1.283199999999999932e+02 1.273666666666666600e+02 1.274000000000000057e+02
1.283199999999999932e+02 1.273666666666666600e+02 1.274000000000000057e+02
1.283199999999999932e+02 1.273666666666666600e+02 1.274000000000000057e+02
1.283199999999999932e+02 1.273666666666666600e+02 1.274000000000000057e+02
1.283199999999999932e+02 1.273666666666666600e+02 1.274000000000000057e+02
1.283199999999999932e+02 1.273666666666666600e+02 1.274000000000000057e+02
1.283199999999999932e+02 1.273666666666666600e+02 1.274000000000000057e+02
1.283199999999999932e+02 1.273666666666666600e+02 1.274000000000000057e+02
1.283199999999999932e+02 1.273666666666666600e+02 1.274000000000000057e+02
1.283199999999999932e+02 1.273666666666666600e+02 1.274000000000000057e+02
1.283199999999999932e+02 1.273666666666666600e+02 1.274000000000000057e+02
1.283199999999999932e+02 1.273666666666666600e+02 1.274000000000000057e+02
1.283199999999999932e+02 1.273666666666666600e+02 1.274000000000000057e+02
1.283199999999999932e+02 1.273666666666666600e+02 1.274000000000000057e+02
1.283199999999999932e+02 1.273666666666666600e+02 1.274000000000000057e+02
1.283199999999999932e+02 1.273666666666666600e+02 1.274000000000000057e+02
1.283199999999999932e+02 1.273666666666666600e+02 1.274000000000000057e+02
1.283199999999999932e+02 1.273666666666666600e+02 1.274000000000000057e+02
1.283199999999999932e+02 1.273666666666666600e+02 1.274000000000000057e+02
1.283199999999999932e+02 1.273666666666666600e+02 1.274000000000000057e+02
1.283199999999999932e+02 1.273666666666666600e+02 1.274000000000000057e+02
1.283199999999999932e+02 1.273666666666666600e+02 1.274000000000000057e+02
1.283199999999999932e+02 1.273666666666666600e+02 1.274000000000000057e+02
1.283199999999999932e+02 1.273666666666666600e+02 1.274000000000000057e+02
1.283199999999999932e+02 1.273666666666666600e+02 1.274000000000000057e+02
1.283199999999999932e+02 1.273666666666666600e+02 1.274000000000000057e+02
1.283199999999999932e+02 1.273666666666666600e+02 1.274000000000000057e+02
1.283199999999999932e+02 1.273666666666666600e+02 1.274000000000000057e+02
1.283199999999999932e+02 1.273666666666666600e+02 1.274000000000000057e+02
1.283199999999999932e+02 1.273666666666666600e+02 1.274000000000000057e+02
1.283199999999999932e+02 1.273666666666666600e+02 1.274000000000000057e+02
1.283199999999999932e+02 1.273666666666666600e+02 1.274000000000000057e+02
1.283199999999999932e+02 1.273666666666666600e+02 1.274000000000000057e+02
1.283199999999999932e+02 1.273666666666666600e+02 1.274000000000000057e+02
1.283199999999999932e+02 1.273666666666666600e+02 1.274000000000000057e+02
1.283199999999999932e+02 1.273666666666666600e+02 1.274000000000000057e+02
1.283199999999999932e+02 1.273666666666666600e+02 1.274000000000000057e+02
1.283199999999999932e+02 1.273666666666666600e+02 1.274000000000000057e+02
1.283199999999999932e+02 1.273666666666666600e+02 1.274000000000000057e+02
1.283199999999999932e+02 1.273666666666666600e+02 1.274000000000000057e+02
1.283199999999999932e+02 1.273666666666666600e+02 1.274000000000000057e+02
1.283199999999999932e+02 1.273666666666666600e+02 1.274000000000000057e+02
1.283199999999999932e+02 1.273666666666666600e+02 1.274000000000000057e+02
1.283199999999999932e+02 1.273666666666666600e+02 1.274000000000000057e+02
1.283199999999999932e+02 1.273666666666666600e+02 1.274000000000000057e+02
1.283199999999999932e+02 1.273666666666666600e+02 1.274000000000000057e+02
1.283199999999999932e+02 1.273666666666666600e+02 1.274000000000000057e+02
