1.277866666666666617e+02 1.281999999999999886e+02 1.279399999999999977e+02
1.278133333333333326e+02 1.280000000000000000e+02 1.278266666666666680e+02
1.277733333333333263e+02 1.281466666666666754e+02 1.277533333333333303e+02
1.279000000000000057e+02 1.281666666666666572e+02 1.276466666666666612e+02
1.280266666666666708e+02 1.282133333333333383e+02 1.278333333333333286e+02
1.279933774834437088e+02 1.284304635761589282e+02 1.277682119205298079e+02
1.280800000000000125e+02 1.284666666666666686e+02 1.277733333333333263e+02
1.280866666666666731e+02 1.283266666666666538e+02 1.278133333333333326e+02
1.282147651006711442e+02 1.283087248322147786e+02 1.276107382550335529e+02
1.282185430463576097e+02 1.282781456953642305e+02 1.277086092715231729e+02
1.280872483221476443e+02 1.281879194630872405e+02 1.276979865771812115e+02
1.280266666666666708e+02 1.282133333333333383e+02 1.276466666666666612e+02
1.281133333333333439e+02 1.283266666666666538e+02 1.276266666666666652e+02
1.281390728476821153e+02 1.282450331125827745e+02 1.278344370860927199e+02
1.280800000000000125e+02 1.282133333333333383e+02 1.279466666666666725e+02
1.279266666666666623e+02 1.282400000000000091e+02 1.278599999999999994e+02
1.279333333333333371e+02 1.283666666666666742e+02 1.278933333333333309e+02
1.279666666666666686e+02 1.284600000000000080e+02 1.279000000000000057e+02
1.278266666666666680e+02 1.283666666666666742e+02 1.278066666666666720e+02
1.279463087248322211e+02 1.284362416107382501e+02 1.278120805369127453e+02
1.278533333333333388e+02 1.283933333333333451e+02 1.279266666666666623e+02
1.279266666666666623e+02 1.284199999999999875e+02 1.279733333333333292e+02
1.279536423841059616e+02 1.283774834437085985e+02 1.279139072847682144e+02
1.279133333333333269e+02 1.283533333333333246e+02 1.279733333333333292e+02
1.279599999999999937e+02 1.285000000000000000e+02 1.279866666666666646e+02
1.278666666666666600e+02 1.284266666666666765e+02 1.278733333333333348e+02
1.279133333333333269e+02 1.284199999999999875e+02 1.278466666666666640e+02
1.278533333333333388e+02 1.284066666666666663e+02 1.278333333333333286e+02
1.278533333333333388e+02 1.284066666666666663e+02 1.278333333333333286e+02
1.278533333333333388e+02 1.284066666666666663e+02 1.278333333333333286e+02
1.278533333333333388e+02 1.284066666666666663e+02 1.278333333333333286e+02
1.278533333333333388e+02 1.284066666666666663e+02 1.278333333333333286e+02
1.278533333333333388e+02 1.284066666666666663e+02 1.278333333333333286e+02
1.278533333333333388e+02 1.284066666666666663e+02 1.278333333333333286e+02
1.278533333333333388e+02 1.284066666666666663e+02 1.278333333333333286e+02
1.278533333333333388e+02 1.284066666666666663e+02 1.278333333333333286e+02
1.278533333333333388e+02 1.284066666666666663e+02 1.278333333333333286e+02
1.278533333333333388e+02 1.284066666666666663e+02 1.278333333333333286e+02
1.278533333333333388e+02 1.284066666666666663e+02 1.278333333333333286e+02
1.278533333333333388e+02 1.284066666666666663e+02 1.278333333333333286e+02
1.278533333333333388e+02 1.284066666666666663e+02 1.278333333333333286e+02
1.278533333333333388e+02 1.284066666666666663e+02 1.278333333333333286e+02
1.278533333333333388e+02 1.284066666666666663e+02 1.278333333333333286e+02
1.278533333333333388e+02 1.284066666666666663e+02 1.278333333333333286e+02
1.278533333333333388e+02 1.284066666666666663e+02 1.278333333333333286e+02
1.278533333333333388e+02 1.284066666666666663e+02 1.278333333333333286e+02
1.278533333333333388e+02 1.284066666666666663e+02 1.278333333333333286e+02
1.278533333333333388e+02 1.284066666666666663e+02 1.278333333333333286e+02
1.278533333333333388e+02 1.284066666666666663e+02 1.278333333333333286e+02
1.278533333333333388e+02 1.284066666666666663e+02 1.278333333333333286e+02
1.278533333333333388e+02 1.284066666666666663e+02 1.278333333333333286e+02
1.278533333333333388e+02 1.284066666666666663e+02 1.278333333333333286e+02
1.278533333333333388e+02 1.284066666666666663e+02 1.278333333333333286e+02
1.278533333333333388e+02 1.284066666666666663e+02 1.278333333333333286e+02
1.278533333333333388e+02 1.284066666666666663e+02 1.278333333333333286e+02
1.278533333333333388e+02 1.284066666666666663e+02 1.278333333333333286e+02
1.278533333333333388e+02 1.284066666666666663e+02 1.278333333333333286e+02
1.278533333333333388e+02 1.284066666666666663e+02 1.278333333333333286e+02
1.278533333333333388e+02 1.284066666666666663e+02 1.278333333333333286e+02
1.278533333333333388e+02 1.284066666666666663e+02 1.278333333333333286e+02
1.278533333333333388e+02 1.284066666666666663e+02 1.278333333333333286e+02
1.278533333333333388e+02 1.284066666666666663e+02 1.278333333333333286e+02
1.278533333333333388e+02 1.284066666666666663e+02 1.278333333333333286e+02
1.278533333333333388e+02 1.284066666666666663e+02 1.278333333333333286e+02
1.278533333333333388e+02 1.284066666666666663e+02 1.278333333333333286e+02
1.278533333333333388e+02 1.284066666666666663e+02 1.278333333333333286e+02
1.278533333333333388e+02 1.284066666666666663e+02 1.278333333333333286e+02
1.278533333333333388e+02 1.284066666666666663e+02 1.278333333333333286e+02
1.278533333333333388e+02 1.284066666666666663e+02 1.278333333333333286e+02
1.278533333333333388e+02 1.284066666666666663e+02 1.278333333333333286e+02
1.278533333333333388e+02 1.284066666666666663e+02 1.278333333333333286e+02
1.278533333333333388e+02 1.284066666666666663e+02 1.278333333333333286e+02
1.278533333333333388e+02 1.284066666666666663e+02 1.278333333333333286e+02
1.278533333333333388e+02 1.284066666666666663e+02 1.278333333333333286e+02
1.278533333333333388e+02 1.284066666666666663e+02 1.278333333333333286e+02
1.278533333333333388e+02 1.284066666666666663e+02 1.278333333333333286e+02
1.278533333333333388e+02 1.284066666666666663e+02 1.278333333333333286e+02
1.278533333333333388e+02 1.284066666666666663e+02 1.278333333333333286e+02
1.278533333333333388e+02 1.284066666666666663e+02 1.278333333333333286e+02
1.278533333333333388e+02 1.284066666666666663e+02 1.278333333333333286e+02
1.278533333333333388e+02 1.284066666666666663e+02 1.278333333333333286e+02
1.278533333333333388e+02 1.284066666666666663e+02 1.278333333333333286e+02
1.278533333333333388e+02 1.284066666666666663e+02 1.278333333333333286e+02
1.278533333333333388e+02 1.284066666666666663e+02 1.278333333333333286e+02
1.278533333333333388e+02 1.284066666666666663e+02 1.278333333333333286e+02
1.278533333333333388e+02 1.284066666666666663e+02 1.278333333333333286e+02
1.278533333333333388e+02 1.284066666666666663e+02 1.278333333333333286e+02
1.278533333333333388e+02 1.284066666666666663e+02 1.278333333333333286e+02
1.278533333333333388e+02 1.284066666666666663e+02 1.278333333333333286e+02
1.278533333333333388e+02 1.284066666666666663e+02 1.278333333333333286e+02
1.278533333333333388e+02 1.284066666666666663e+02 1.278333333333333286e+02
1.278533333333333388e+02 1.284066666666666663e+02 1.278333333333333286e+02
1.278533333333333388e+02 1.284066666666666663e+02 1.278333333333333286e+02
1.278533333333333388e+02 1.284066666666666663e+02 1.278333333333333286e+02
1.278533333333333388e+02 1.284066666666666663e+02 1.278333333333333286e+02
1.278533333333333388e+02 1.284066666666666663e+02 1.278333333333333286e+02
1.278533333333333388e+02 1.284066666666666663e+02 1.278333333333333286e+02
1.278533333333333388e+02 1.284066666666666663e+02 1.278333333333333286e+02
1.278533333333333388e+02 1.284066666666666663e+02 1.278333333333333286e+02
1.278533333333333388e+02 1.284066666666666663e+02 1.278333333333333286e+02
1.278533333333333388e+02 1.284066666666666663e+02 1.278333333333333286e+02
1.278533333333333388e+02 1.284066666666666663e+02 1.278333333333333286e+02
1.278533333333333388e+02 1.284066666666666663e+02 1.278333333333333286e+02
1.278533333333333388e+02 1.284066666666666663e+02 1.278333333333333286e+02
1.278533333333333388e+02 1.284066666666666663e+02 1.278333333333333286e+02
1.278533333333333388e+02 1.284066666666666663e+02 1.278333333333333286e+02
1.278533333333333388e+02 1.284066666666666663e+02 1.278333333333333286e+02
1.278533333333333388e+02 1.284066666666666663e+02 1.278333333333333286e+02
1.278533333333333388e+02 1.284066666666666663e+02 1.278333333333333286e+02
1.278533333333333388e+02 1.284066666666666663e+02 1.278333333333333286e+02
1.278533333333333388e+02 1.284066666666666663e+02 1.278333333333333286e+02
1.278533333333333388e+02 1.284066666666666663e+02 1.278333333333333286e+02
1.278533333333333388e+02 1.284066666666666663e+02 1.278333333333333286e+02
1.278533333333333388e+02 1.284066666666666663e+02 1.278333333333333286e+02
1.278533333333333388e+02 1.284066666666666663e+02 1.278333333333333286e+02
1.278533333333333388e+02 1.284066666666666663e+02 1.278333333333333286e+02
1.278533333333333388e+02 1.284066666666666663e+02 1.278333333333333286e+02
1.278533333333333388e+02 1.284066666666666663e+02 1.278333333333333286e+02
1.278533333333333388e+02 1.284066666666666663e+02 1.278333333333333286e+02
1.278533333333333388e+02 1.284066666666666663e+02 1.278333333333333286e+02
1.278533333333333388e+02 1.284066666666666663e+02 1.278333333333333286e+02
1.278533333333333388e+02 1.284066666666666663e+02 1.278333333333333286e+02
1.278533333333333388e+02 1.284066666666666663e+02 1.278333333333333286e+02
1.278533333333333388e+02 1.284066666666666663e+02 1.278333333333333286e+02
1.278533333333333388e+02 1.284066666666666663e+02 1.278333333333333286e+02
1.278533333333333388e+02 1.284066666666666663e+02 1.278333333333333286e+02
1.278533333333333388e+02 1.284066666666666663e+02 1.278333333333333286e+02
1.278533333333333388e+02 1.284066666666666663e+02 1.278333333333333286e+02
1.278533333333333388e+02 1.284066666666666663e+02 1.278333333333333286e+02
1.278533333333333388e+02 1.284066666666666663e+02 1.278333333333333286e+02
1.278533333333333388e+02 1.284066666666666663e+02 1.278333333333333286e+02
1.278533333333333388e+02 1.284066666666666663e+02 1.278333333333333286e+02
1.278533333333333388e+02 1.284066666666666663e+02 1.278333333333333286e+02
1.278533333333333388e+02 1.284066666666666663e+02 1.278333333333333286e+02
1.278533333333333388e+02 1.284066666666666663e+02 1.278333333333333286e+02
1.278533333333333388e+02 1.284066666666666663e+02 1.278333333333333286e+02
1.278533333333333388e+02 1.284066666666666663e+02 1.278333333333333286e+02
1.278533333333333388e+02 1.284066666666666663e+02 1.278333333333333286e+02
1.278533333333333388e+02 1.284066666666666663e+02 1.278333333333333286e+02
1.278533333333333388e+02 1.284066666666666663e+02 1.278333333333333286e+02
1.278533333333333388e+02 1.284066666666666663e+02 1.278333333333333286e+02
1.278533333333333388e+02 1.284066666666666663e+02 1.278333333333333286e+02
1.278533333333333388e+02 1.284066666666666663e+02 1.278333333333333286e+02
1.278533333333333388e+02 1.284066666666666663e+02 1.278333333333333286e+02
1.278533333333333388e+02 1.284066666666666663e+02 1.278333333333333286e+02
1.278533333333333388e+02 1.284066666666666663e+02 1.278333333333333286e+02
1.278533333333333388e+02 1.284066666666666663e+02 1.278333333333333286e+02
1.278533333333333388e+02 1.284066666666666663e+02 1.278333333333333286e+02
1.278533333333333388e+02 1.284066666666666663e+02 1.278333333333333286e+02
1.278533333333333388e+02 1.284066666666666663e+02 1.278333333333333286e+02
1.278533333333333388e+02 1.284066666666666663e+02 1.278333333333333286e+02
1.278533333333333388e+02 1.284066666666666663e+02 1.278333333333333286e+02
1.278533333333333388e+02 1.284066666666666663e+02 1.278333333333333286e+02
1.278533333333333388e+02 1.284066666666666663e+02 1.278333333333333286e+02
1.278533333333333388e+02 1.284066666666666663e+02 1.278333333333333286e+02
1.278533333333333388e+02 1.284066666666666663e+02 1.278333333333333286e+02
1.278533333333333388e+02 1.284066666666666663e+02 1.278333333333333286e+02
1.278533333333333388e+02 1.284066666666666663e+02 1.278333333333333286e+02
1.278533333333333388e+02 1.284066666666666663e+02 1.278333333333333286e+02
1.278533333333333388e+02 1.284066666666666663e+02 1.278333333333333286e+02
1.278533333333333388e+02 1.284066666666666663e+02 1.278333333333333286e+02
1.278533333333333388e+02 1.284066666666666663e+02 1.278333333333333286e+02
1.278533333333333388e+02 1.284066666666666663e+02 1.278333333333333286e+02
1.278533333333333388e+02 1.284066666666666663e+02 1.278333333333333286e+02
1.278533333333333388e+02 1.284066666666666663e+02 1.278333333333333286e+02
1.278533333333333388e+02 1.284066666666666663e+02 1.278333333333333286e+02
1.278533333333333388e+02 1.284066666666666663e+02 1.278333333333333286e+02
1.278533333333333388e+02 1.284066666666666663e+02 1.278333333333333286e+02
1.278533333333333388e+02 1.284066666666666663e+02 1.278333333333333286e+02
1.278533333333333388e+02 1.284066666666666663e+02 1.278333333333333286e+02
1.278533333333333388e+02 1.284066666666666663e+02 1.278333333333333286e+02
1.278533333333333388e+02 1.284066666666666663e+02 1.278333333333333286e+02
1.278533333333333388e+02 1.284066666666666663e+02 1.278333333333333286e+02
1.278533333333333388e+02 1.284066666666666663e+02 1.278333333333333286e+02
1.278533333333333388e+02 1.284066666666666663e+02 1.278333333333333286e+02
1.278533333333333388e+02 1.284066666666666663e+02 1.278333333333333286e+02
1.278533333333333388e+02 1.284066666666666663e+02 1.278333333333333286e+02
1.278533333333333388e+02 1.284066666666666663e+02 1.278333333333333286e+02
1.278533333333333388e+02 1.284066666666666663e+02 1.278333333333333286e+02
1.278533333333333388e+02 1.284066666666666663e+02 1.278333333333333286e+02
1.278533333333333388e+02 1.284066666666666663e+02 1.278333333333333286e+02
1.278533333333333388e+02 1.284066666666666663e+02 1.278333333333333286e+02
1.278533333333333388e+02 1.284066666666666663e+02 1.278333333333333286e+02
1.278533333333333388e+02 1.284066666666666663e+02 1.278333333333333286e+02
1.278533333333333388e+02 1.284066666666666663e+02 1.278333333333333286e+02
1.278533333333333388e+02 1.284066666666666663e+02 1.278333333333333286e+02
1.278533333333333388e+02 1.284066666666666663e+02 1.278333333333333286e+02
1.278533333333333388e+02 1.284066666666666663e+02 1.278333333333333286e+02
1.278533333333333388e+02 1.284066666666666663e+02 1.278333333333333286e+02
1.278533333333333388e+02 1.284066666666666663e+02 1.278333333333333286e+02
1.278533333333333388e+02 1.284066666666666663e+02 1.278333333333333286e+02
1.278533333333333388e+02 1.284066666666666663e+02 1.278333333333333286e+02
1.278533333333333388e+02 1.284066666666666663e+02 1.278333333333333286e+02
1.278533333333333388e+02 1.284066666666666663e+02 1.278333333333333286e+02
1.278533333333333388e+02 1.284066666666666663e+02 1.278333333333333286e+02
1.278533333333333388e+02 1.284066666666666663e+02 1.278333333333333286e+02
1.278533333333333388e+02 1.284066666666666663e+02 1.278333333333333286e+02
1.278533333333333388e+02 1.284066666666666663e+02 1.278333333333333286e+02
1.278533333333333388e+02 1.284066666666666663e+02 1.278333333333333286e+02
1.278533333333333388e+02 1.284066666666666663e+02 1.278333333333333286e+02
1.278533333333333388e+02 1.284066666666666663e+02 1.278333333333333286e+02
1.278533333333333388e+02 1.284066666666666663e+02 1.278333333333333286e+02
1.278533333333333388e+02 1.284066666666666663e+02 1.278333333333333286e+02
1.278533333333333388e+02 1.284066666666666663e+02 1.278333333333333286e+02
1.278533333333333388e+02 1.284066666666666663e+02 1.278333333333333286e+02
1.278533333333333388e+02 1.284066666666666663e+02 1.278333333333333286e+02
1.278533333333333388e+02 1.284066666666666663e+02 1.278333333333333286e+02
1.278533333333333388e+02 1.284066666666666663e+02 1.278333333333333286e+02
1.278533333333333388e+02 1.284066666666666663e+02 1.278333333333333286e+02
1.278533333333333388e+02 1.284066666666666663e+02 1.278333333333333286e+02
1.278533333333333388e+02 1.284066666666666663e+02 1.278333333333333286e+02
1.278533333333333388e+02 1.284066666666666663e+02 1.278333333333333286e+02
1.278533333333333388e+02 1.284066666666666663e+02 1.278333333333333286e+02
1.278533333333333388e+02 1.284066666666666663e+02 1.278333333333333286e+02
1.278533333333333388e+02 1.284066666666666663e+02 1.278333333333333286e+02
1.278533333333333388e+02 1.284066666666666663e+02 1.278333333333333286e+02
1.278533333333333388e+02 1.284066666666666663e+02 1.278333333333333286e+02
1.278533333333333388e+02 1.284066666666666663e+02 1.278333333333333286e+02
1.278533333333333388e+02 1.284066666666666663e+02 1.278333333333333286e+02
1.278533333333333388e+02 1.284066666666666663e+02 1.278333333333333286e+02
1.278533333333333388e+02 1.284066666666666663e+02 1.278333333333333286e+02
1.278533333333333388e+02 1.284066666666666663e+02 1.278333333333333286e+02
1.278533333333333388e+02 1.284066666666666663e+02 1.278333333333333286e+02
1.278533333333333388e+02 1.284066666666666663e+02 1.278333333333333286e+02
1.278533333333333388e+02 1.284066666666666663e+02 1.278333333333333286e+02
1.278533333333333388e+02 1.284066666666666663e+02 1.278333333333333286e+02
1.278533333333333388e+02 1.284066666666666663e+02 1.278333333333333286e+02
1.278533333333333388e+02 1.284066666666666663e+02 1.278333333333333286e+02
1.278533333333333388e+02 1.284066666666666663e+02 1.278333333333333286e+02
1.278533333333333388e+02 1.284066666666666663e+02 1.278333333333333286e+02
1.278533333333333388e+02 1.284066666666666663e+02 1.278333333333333286e+02
1.278533333333333388e+02 1.284066666666666663e+02 1.278333333333333286e+02
1.278533333333333388e+02 1.284066666666666663e+02 1.278333333333333286e+02
1.278533333333333388e+02 1.284066666666666663e+02 1.278333333333333286e+02
1.278533333333333388e+02 1.284066666666666663e+02 1.278333333333333286e+02
1.278533333333333388e+02 1.284066666666666663e+02 1.278333333333333286e+02
1.278533333333333388e+02 1.284066666666666663e+02 1.278333333333333286e+02
1.278533333333333388e+02 1.284066666666666663e+02 1.278333333333333286e+02
1.278533333333333388e+02 1.284066666666666663e+02 1.278333333333333286e+02
1.278533333333333388e+02 1.284066666666666663e+02 1.278333333333333286e+02
1.278533333333333388e+02 1.284066666666666663e+02 1.278333333333333286e+02
1.278533333333333388e+02 1.284066666666666663e+02 1.278333333333333286e+02
1.278533333333333388e+02 1.284066666666666663e+02 1.278333333333333286e+02
1.278533333333333388e+02 1.284066666666666663e+02 1.278333333333333286e+02
1.278533333333333388e+02 1.284066666666666663e+02 1.278333333333333286e+02
1.278533333333333388e+02 1.284066666666666663e+02 1.278333333333333286e+02
1.278533333333333388e+02 1.284066666666666663e+02 1.278333333333333286e+02
1.278533333333333388e+02 1.284066666666666663e+02 1.278333333333333286e+02
1.278533333333333388e+02 1.284066666666666663e+02 1.278333333333333286e+02
1.278533333333333388e+02 1.284066666666666663e+02 1.278333333333333286e+02
1.278533333333333388e+02 1.284066666666666663e+02 1.278333333333333286e+02
1.278533333333333388e+02 1.284066666666666663e+02 1.278333333333333286e+02
1.278533333333333388e+02 1.284066666666666663e+02 1.278333333333333286e+02
1.278533333333333388e+02 1.284066666666666663e+02 1.278333333333333286e+02
1.278533333333333388e+02 1.284066666666666663e+02 1.278333333333333286e+02
1.278533333333333388e+02 1.284066666666666663e+02 1.278333333333333286e+02
1.278533333333333388e+02 1.284066666666666663e+02 1.278333333333333286e+02
1.278533333333333388e+02 1.284066666666666663e+02 1.278333333333333286e+02
1.278533333333333388e+02 1.284066666666666663e+02 1.278333333333333286e+02
1.278533333333333388e+02 1.284066666666666663e+02 1.278333333333333286e+02
1.278533333333333388e+02 1.284066666666666663e+02 1.278333333333333286e+02
1.278533333333333388e+02 1.284066666666666663e+02 1.278333333333333286e+02
1.278533333333333388e+02 1.284066666666666663e+02 1.278333333333333286e+02
1.278533333333333388e+02 1.284066666666666663e+02 1.278333333333333286e+02
1.278533333333333388e+02 1.284066666666666663e+02 1.278333333333333286e+02
1.278533333333333388e+02 1.284066666666666663e+02 1.278333333333333286e+02
1.278533333333333388e+02 1.284066666666666663e+02 1.278333333333333286e+02
1.278533333333333388e+02 1.284066666666666663e+02 1.278333333333333286e+02
1.278533333333333388e+02 1.284066666666666663e+02 1.278333333333333286e+02
1.278533333333333388e+02 1.284066666666666663e+02 1.278333333333333286e+02
1.278533333333333388e+02 1.284066666666666663e+02 1.278333333333333286e+02
1.278533333333333388e+02 1.284066666666666663e+02 1.278333333333333286e+02
1.278533333333333388e+02 1.284066666666666663e+02 1.278333333333333286e+02
1.278533333333333388e+02 1.284066666666666663e+02 1.278333333333333286e+02
1.278533333333333388e+02 1.284066666666666663e+02 1.278333333333333286e+02
1.278533333333333388e+02 1.284066666666666663e+02 1.278333333333333286e+02
1.278533333333333388e+02 1.284066666666666663e+02 1.278333333333333286e+02
1.278533333333333388e+02 1.284066666666666663e+02 1.278333333333333286e+02
1.278533333333333388e+02 1.284066666666666663e+02 1.278333333333333286e+02
1.278533333333333388e+02 1.284066666666666663e+02 1.278333333333333286e+02
1.278533333333333388e+02 1.284066666666666663e+02 1.278333333333333286e+02
1.278533333333333388e+02 1.284066666666666663e+02 1.278333333333333286e+02
1.278533333333333388e+02 1.284066666666666663e+02 1.278333333333333286e+02
1.278533333333333388e+02 1.284066666666666663e+02 1.278333333333333286e+02
1.278533333333333388e+02 1.284066666666666663e+02 1.278333333333333286e+02
1.278533333333333388e+02 1.284066666666666663e+02 1.278333333333333286e+02
1.278533333333333388e+02 1.284066666666666663e+02 1.278333333333333286e+02
1.278533333333333388e+02 1.284066666666666663e+02 1.278333333333333286e+02
1.278533333333333388e+02 1.284066666666666663e+02 1.278333333333333286e+02
1.278533333333333388e+02 1.284066666666666663e+02 1.278333333333333286e+02
1.278533333333333388e+02 1.284066666666666663e+02 1.278333333333333286e+02
1.278533333333333388e+02 1.284066666666666663e+02 1.278333333333333286e+02
1.278533333333333388e+02 1.284066666666666663e+02 1.278333333333333286e+02
1.278533333333333388e+02 1.284066666666666663e+02 1.278333333333333286e+02
1.278533333333333388e+02 1.284066666666666663e+02 1.278333333333333286e+02
1.278533333333333388e+02 1.284066666666666663e+02 1.278333333333333286e+02
1.278533333333333388e+02 1.284066666666666663e+02 1.278333333333333286e+02
1.278533333333333388e+02 1.284066666666666663e+02 1.278333333333333286e+02
1.278533333333333388e+02 1.284066666666666663e+02 1.278333333333333286e+02
1.278533333333333388e+02 1.284066666666666663e+02 1.278333333333333286e+02
1.278533333333333388e+02 1.284066666666666663e+02 1.278333333333333286e+02
1.278533333333333388e+02 1.284066666666666663e+02 1.278333333333333286e+02
1.278533333333333388e+02 1.284066666666666663e+02 1.278333333333333286e+02
1.278533333333333388e+02 1.284066666666666663e+02 1.278333333333333286e+02
1.278533333333333388e+02 1.284066666666666663e+02 1.278333333333333286e+02
1.278533333333333388e+02 1.284066666666666663e+02 1.278333333333333286e+02
1.278533333333333388e+02 1.284066666666666663e+02 1.278333333333333286e+02
1.278533333333333388e+02 1.284066666666666663e+02 1.278333333333333286e+02
1.278533333333333388e+02 1.284066666666666663e+02 1.278333333333333286e+02
1.278533333333333388e+02 1.284066666666666663e+02 1.278333333333333286e+02
1.278533333333333388e+02 1.284066666666666663e+02 1.278333333333333286e+02
1.278533333333333388e+02 1.284066666666666663e+02 1.278333333333333286e+02
1.278533333333333388e+02 1.284066666666666663e+02 1.278333333333333286e+02
1.278533333333333388e+02 1.284066666666666663e+02 1.278333333333333286e+02
1.278533333333333388e+02 1.284066666666666663e+02 1.278333333333333286e+02
1.278533333333333388e+02 1.284066666666666663e+02 1.278333333333333286e+02
1.278533333333333388e+02 1.284066666666666663e+02 1.278333333333333286e+02
1.278533333333333388e+02 1.284066666666666663e+02 1.278333333333333286e+02
1.278533333333333388e+02 1.284066666666666663e+02 1.278333333333333286e+02
1.278533333333333388e+02 1.284066666666666663e+02 1.278333333333333286e+02
1.278533333333333388e+02 1.284066666666666663e+02 1.278333333333333286e+02
1.278533333333333388e+02 1.284066666666666663e+02 1.278333333333333286e+02
1.278533333333333388e+02 1.284066666666666663e+02 1.278333333333333286e+02
1.278533333333333388e+02 1.284066666666666663e+02 1.278333333333333286e+02
1.278533333333333388e+02 1.284066666666666663e+02 1.278333333333333286e+02
1.278533333333333388e+02 1.284066666666666663e+02 1.278333333333333286e+02
1.278533333333333388e+02 1.284066666666666663e+02 1.278333333333333286e+02
1.278533333333333388e+02 1.284066666666666663e+02 1.278333333333333286e+02
1.278533333333333388e+02 1.284066666666666663e+02 1.278333333333333286e+02
1.278533333333333388e+02 1.284066666666666663e+02 1.278333333333333286e+02
1.278533333333333388e+02 1.284066666666666663e+02 1.278333333333333286e+02
1.278533333333333388e+02 1.284066666666666663e+02 1.278333333333333286e+02
1.278533333333333388e+02 1.284066666666666663e+02 1.278333333333333286e+02
1.278533333333333388e+02 1.284066666666666663e+02 1.278333333333333286e+02
1.278533333333333388e+02 1.284066666666666663e+02 1.278333333333333286e+02
1.278533333333333388e+02 1.284066666666666663e+02 1.278333333333333286e+02
1.278533333333333388e+02 1.284066666666666663e+02 1.278333333333333286e+02
1.278533333333333388e+02 1.284066666666666663e+02 1.278333333333333286e+02
1.278533333333333388e+02 1.284066666666666663e+02 1.278333333333333286e+02
1.278533333333333388e+02 1.284066666666666663e+02 1.278333333333333286e+02
1.278533333333333388e+02 1.284066666666666663e+02 1.278333333333333286e+02
1.278533333333333388e+02 1.284066666666666663e+02 1.278333333333333286e+02
1.278533333333333388e+02 1.284066666666666663e+02 1.278333333333333286e+02
1.278533333333333388e+02 1.284066666666666663e+02 1.278333333333333286e+02
1.278533333333333388e+02 1.284066666666666663e+02 1.278333333333333286e+02
1.278533333333333388e+02 1.284066666666666663e+02 1.278333333333333286e+02
1.278533333333333388e+02 1.284066666666666663e+02 1.278333333333333286e+02
1.278533333333333388e+02 1.284066666666666663e+02 1.278333333333333286e+02
1.278533333333333388e+02 1.284066666666666663e+02 1.278333333333333286e+02
1.278533333333333388e+02 1.284066666666666663e+02 1.278333333333333286e+02
1.278533333333333388e+02 1.284066666666666663e+02 1.278333333333333286e+02
1.278533333333333388e+02 1.284066666666666663e+02 1.278333333333333286e+02
1.278533333333333388e+02 1.284066666666666663e+02 1.278333333333333286e+02
1.278533333333333388e+02 1.284066666666666663e+02 1.278333333333333286e+02
1.278533333333333388e+02 1.284066666666666663e+02 1.278333333333333286e+02
1.278533333333333388e+02 1.284066666666666663e+02 1.278333333333333286e+02
1.278533333333333388e+02 1.284066666666666663e+02 1.278333333333333286e+02
1.278533333333333388e+02 1.284066666666666663e+02 1.278333333333333286e+02
1.278533333333333388e+02 1.284066666666666663e+02 1.278333333333333286e+02
1.278533333333333388e+02 1.284066666666666663e+02 1.278333333333333286e+02
1.278533333333333388e+02 1.284066666666666663e+02 1.278333333333333286e+02
1.278533333333333388e+02 1.284066666666666663e+02 1.278333333333333286e+02
1.278533333333333388e+02 1.284066666666666663e+02 1.278333333333333286e+02
1.278533333333333388e+02 1.284066666666666663e+02 1.278333333333333286e+02
1.278533333333333388e+02 1.284066666666666663e+02 1.278333333333333286e+02
1.278533333333333388e+02 1.284066666666666663e+02 1.278333333333333286e+02
1.278533333333333388e+02 1.284066666666666663e+02 1.278333333333333286e+02
1.278533333333333388e+02 1.284066666666666663e+02 1.278333333333333286e+02
1.278533333333333388e+02 1.284066666666666663e+02 1.278333333333333286e+02
1.278533333333333388e+02 1.284066666666666663e+02 1.278333333333333286e+02
1.278533333333333388e+02 1.284066666666666663e+02 1.278333333333333286e+02
1.278533333333333388e+02 1.284066666666666663e+02 1.278333333333333286e+02
1.278533333333333388e+02 1.284066666666666663e+02 1.278333333333333286e+02
1.278533333333333388e+02 1.284066666666666663e+02 1.278333333333333286e+02
1.278533333333333388e+02 1.284066666666666663e+02 1.278333333333333286e+02
1.278533333333333388e+02 1.284066666666666663e+02 1.278333333333333286e+02
1.278533333333333388e+02 1.284066666666666663e+02 1.278333333333333286e+02
1.278533333333333388e+02 1.284066666666666663e+02 1.278333333333333286e+02
1.278533333333333388e+02 1.284066666666666663e+02 1.278333333333333286e+02
1.278533333333333388e+02 1.284066666666666663e+02 1.278333333333333286e+02
1.278533333333333388e+02 1.284066666666666663e+02 1.278333333333333286e+02
1.278533333333333388e+02 1.284066666666666663e+02 1.278333333333333286e+02
1.278533333333333388e+02 1.284066666666666663e+02 1.278333333333333286e+02
1.278533333333333388e+02 1.284066666666666663e+02 1.278333333333333286e+02
1.278533333333333388e+02 1.284066666666666663e+02 1.278333333333333286e+02
1.278533333333333388e+02 1.284066666666666663e+02 1.278333333333333286e+02
1.278533333333333388e+02 1.284066666666666663e+02 1.278333333333333286e+02
1.278533333333333388e+02 1.284066666666666663e+02 1.278333333333333286e+02
1.278533333333333388e+02 1.284066666666666663e+02 1.278333333333333286e+02
1.278533333333333388e+02 1.284066666666666663e+02 1.278333333333333286e+02
1.278533333333333388e+02 1.284066666666666663e+02 1.278333333333333286e+02
1.278533333333333388e+02 1.284066666666666663e+02 1.278333333333333286e+02
1.278533333333333388e+02 1.284066666666666663e+02 1.278333333333333286e+02
1.278533333333333388e+02 1.284066666666666663e+02 1.278333333333333286e+02
1.278533333333333388e+02 1.284066666666666663e+02 1.278333333333333286e+02
1.278533333333333388e+02 1.284066666666666663e+02 1.278333333333333286e+02
1.278533333333333388e+02 1.284066666666666663e+02 1.278333333333333286e+02
1.278533333333333388e+02 1.284066666666666663e+02 1.278333333333333286e+02
1.278533333333333388e+02 1.284066666666666663e+02 1.278333333333333286e+02
1.278533333333333388e+02 1.284066666666666663e+02 1.278333333333333286e+02
1.278533333333333388e+02 1.284066666666666663e+02 1.278333333333333286e+02
1.278533333333333388e+02 1.284066666666666663e+02 1.278333333333333286e+02
1.278533333333333388e+02 1.284066666666666663e+02 1.278333333333333286e+02
1.278533333333333388e+02 1.284066666666666663e+02 1.278333333333333286e+02
1.278533333333333388e+02 1.284066666666666663e+02 1.278333333333333286e+02
1.278533333333333388e+02 1.284066666666666663e+02 1.278333333333333286e+02
1.278533333333333388e+02 1.284066666666666663e+02 1.278333333333333286e+02
1.278533333333333388e+02 1.284066666666666663e+02 1.278333333333333286e+02
1.278533333333333388e+02 1.284066666666666663e+02 1.278333333333333286e+02
1.278533333333333388e+02 1.284066666666666663e+02 1.278333333333333286e+02
1.278533333333333388e+02 1.284066666666666663e+02 1.278333333333333286e+02
1.278533333333333388e+02 1.284066666666666663e+02 1.278333333333333286e+02
1.278533333333333388e+02 1.284066666666666663e+02 1.278333333333333286e+02
1.278533333333333388e+02 1.284066666666666663e+02 1.278333333333333286e+02
1.278533333333333388e+02 1.284066666666666663e+02 1.278333333333333286e+02
1.278533333333333388e+02 1.284066666666666663e+02 1.278333333333333286e+02
1.278533333333333388e+02 1.284066666666666663e+02 1.278333333333333286e+02
1.278533333333333388e+02 1.284066666666666663e+02 1.278333333333333286e+02
1.278533333333333388e+02 1.284066666666666663e+02 1.278333333333333286e+02
1.278533333333333388e+02 1.284066666666666663e+02 1.278333333333333286e+02
1.278533333333333388e+02 1.284066666666666663e+02 1.278333333333333286e+02
1.278533333333333388e+02 1.284066666666666663e+02 1.278333333333333286e+02
1.278533333333333388e+02 1.284066666666666663e+02 1.278333333333333286e+02
1.278533333333333388e+02 1.284066666666666663e+02 1.278333333333333286e+02
1.278533333333333388e+02 1.284066666666666663e+02 1.278333333333333286e+02
1.278533333333333388e+02 1.284066666666666663e+02 1.278333333333333286e+02
1.278533333333333388e+02 1.284066666666666663e+02 1.278333333333333286e+02
1.278533333333333388e+02 1.284066666666666663e+02 1.278333333333333286e+02
1.278533333333333388e+02 1.284066666666666663e+02 1.278333333333333286e+02
1.278533333333333388e+02 1.284066666666666663e+02 1.278333333333333286e+02
1.278533333333333388e+02 1.284066666666666663e+02 1.278333333333333286e+02
1.278533333333333388e+02 1.284066666666666663e+02 1.278333333333333286e+02
1.278533333333333388e+02 1.284066666666666663e+02 1.278333333333333286e+02
1.278533333333333388e+02 1.284066666666666663e+02 1.278333333333333286e+02
1.278533333333333388e+02 1.284066666666666663e+02 1.278333333333333286e+02
1.278533333333333388e+02 1.284066666666666663e+02 1.278333333333333286e+02
1.278533333333333388e+02 1.284066666666666663e+02 1.278333333333333286e+02
1.278533333333333388e+02 1.284066666666666663e+02 1.278333333333333286e+02
1.278533333333333388e+02 1.284066666666666663e+02 1.278333333333333286e+02
1.278533333333333388e+02 1.284066666666666663e+02 1.278333333333333286e+02
1.278533333333333388e+02 1.284066666666666663e+02 1.278333333333333286e+02
1.278533333333333388e+02 1.284066666666666663e+02 1.278333333333333286e+02
1.278533333333333388e+02 1.284066666666666663e+02 1.278333333333333286e+02
1.278533333333333388e+02 1.284066666666666663e+02 1.278333333333333286e+02
1.278533333333333388e+02 1.284066666666666663e+02 1.278333333333333286e+02
1.278533333333333388e+02 1.284066666666666663e+02 1.278333333333333286e+02
1.278533333333333388e+02 1.284066666666666663e+02 1.278333333333333286e+02
1.278533333333333388e+02 1.284066666666666663e+02 1.278333333333333286e+02
1.278533333333333388e+02 1.284066666666666663e+02 1.278333333333333286e+02
1.278533333333333388e+02 1.284066666666666663e+02 1.278333333333333286e+02
1.278533333333333388e+02 1.284066666666666663e+02 1.278333333333333286e+02
1.278533333333333388e+02 1.284066666666666663e+02 1.278333333333333286e+02
1.278533333333333388e+02 1.284066666666666663e+02 1.278333333333333286e+02
1.278533333333333388e+02 1.284066666666666663e+02 1.278333333333333286e+02
1.278533333333333388e+02 1.284066666666666663e+02 1.278333333333333286e+02
1.278533333333333388e+02 1.284066666666666663e+02 1.278333333333333286e+02
1.278533333333333388e+02 1.284066666666666663e+02 1.278333333333333286e+02
1.278533333333333388e+02 1.284066666666666663e+02 1.278333333333333286e+02
1.278533333333333388e+02 1.284066666666666663e+02 1.278333333333333286e+02
1.278533333333333388e+02 1.284066666666666663e+02 1.278333333333333286e+02
1.278533333333333388e+02 1.284066666666666663e+02 1.278333333333333286e+02
1.278533333333333388e+02 1.284066666666666663e+02 1.278333333333333286e+02
1.278533333333333388e+02 1.284066666666666663e+02 1.278333333333333286e+02
1.278533333333333388e+02 1.284066666666666663e+02 1.278333333333333286e+02
1.278533333333333388e+02 1.284066666666666663e+02 1.278333333333333286e+02
1.278533333333333388e+02 1.284066666666666663e+02 1.278333333333333286e+02
1.278533333333333388e+02 1.284066666666666663e+02 1.278333333333333286e+02
1.278533333333333388e+02 1.284066666666666663e+02 1.278333333333333286e+02
1.278533333333333388e+02 1.284066666666666663e+02 1.278333333333333286e+02
1.278533333333333388e+02 1.284066666666666663e+02 1.278333333333333286e+02
1.278533333333333388e+02 1.284066666666666663e+02 1.278333333333333286e+02
1.278533333333333388e+02 1.284066666666666663e+02 1.278333333333333286e+02
1.278533333333333388e+02 1.284066666666666663e+02 1.278333333333333286e+02
1.278533333333333388e+02 1.284066666666666663e+02 1.278333333333333286e+02
1.278533333333333388e+02 1.284066666666666663e+02 1.278333333333333286e+02
1.278533333333333388e+02 1.284066666666666663e+02 1.278333333333333286e+02
1.278533333333333388e+02 1.284066666666666663e+02 1.278333333333333286e+02
1.278533333333333388e+02 1.284066666666666663e+02 1.278333333333333286e+02
1.278533333333333388e+02 1.284066666666666663e+02 1.278333333333333286e+02
1.278533333333333388e+02 1.284066666666666663e+02 1.278333333333333286e+02
1.278533333333333388e+02 1.284066666666666663e+02 1.278333333333333286e+02
1.278533333333333388e+02 1.284066666666666663e+02 1.278333333333333286e+02
1.278533333333333388e+02 1.284066666666666663e+02 1.278333333333333286e+02
1.278533333333333388e+02 1.284066666666666663e+02 1.278333333333333286e+02
1.278533333333333388e+02 1.284066666666666663e+02 1.278333333333333286e+02
1.278533333333333388e+02 1.284066666666666663e+02 1.278333333333333286e+02
1.278533333333333388e+02 1.284066666666666663e+02 1.278333333333333286e+02
1.278533333333333388e+02 1.284066666666666663e+02 1.278333333333333286e+02
1.278533333333333388e+02 1.284066666666666663e+02 1.278333333333333286e+02
1.278533333333333388e+02 1.284066666666666663e+02 1.278333333333333286e+02
1.278533333333333388e+02 1.284066666666666663e+02 1.278333333333333286e+02
1.278533333333333388e+02 1.284066666666666663e+02 1.278333333333333286e+02
1.278533333333333388e+02 1.284066666666666663e+02 1.278333333333333286e+02
1.278533333333333388e+02 1.284066666666666663e+02 1.278333333333333286e+02
1.278533333333333388e+02 1.284066666666666663e+02 1.278333333333333286e+02
1.278533333333333388e+02 1.284066666666666663e+02 1.278333333333333286e+02
1.278533333333333388e+02 1.284066666666666663e+02 1.278333333333333286e+02
1.278533333333333388e+02 1.284066666666666663e+02 1.278333333333333286e+02
1.278533333333333388e+02 1.284066666666666663e+02 1.278333333333333286e+02
1.278533333333333388e+02 1.284066666666666663e+02 1.278333333333333286e+02
