1.284966887417218402e+02 1.268940397350993408e+02 1.279668874172185440e+02
1.284466666666666583e+02 1.268933333333333309e+02 1.279466666666666725e+02
1.282066666666666777e+02 1.268333333333333286e+02 1.280133333333333212e+02
1.281866666666666674e+02 1.266133333333333297e+02 1.277999999999999972e+02
1.282333333333333201e+02 1.268266666666666680e+02 1.278266666666666680e+02
1.280333333333333314e+02 1.268466666666666640e+02 1.277800000000000011e+02
1.279006622516556320e+02 1.267284768211920465e+02 1.277880794701986815e+02
1.278552631578947398e+02 1.267368421052631646e+02 1.280065789473684106e+02
1.276442953020134183e+02 1.269932885906040241e+02 1.275033557046979809e+02
1.276081081081081123e+02 1.276554054054054035e+02 1.277297297297297263e+02
1.277350993377483377e+02 1.276953642384105905e+02 1.276225165562913872e+02
1.278344370860927199e+02 1.276158940397350960e+02 1.277417218543046289e+02
1.274304635761589424e+02 1.278807947019867584e+02 1.276291390728476784e+02
1.275620915032679790e+02 1.277973856209150370e+02 1.275098039215686327e+02
1.273400000000000034e+02 1.278733333333333348e+02 1.271733333333333320e+02
1.274701986754966896e+02 1.280066225165562912e+02 1.271920529801324449e+02
1.272999999999999972e+02 1.280533333333333417e+02 1.270400000000000063e+02
1.273750000000000000e+02 1.280986842105263293e+02 1.272368421052631646e+02
1.271466666666666612e+02 1.280999999999999943e+02 1.272866666666666617e+02
1.269466666666666725e+02 1.280866666666666731e+02 1.273733333333333348e+02
1.269133333333333269e+02 1.281399999999999864e+02 1.275266666666666708e+02
1.266933333333333280e+02 1.281333333333333258e+02 1.272800000000000011e+02
1.269798657718120865e+02 1.283691275167785193e+02 1.272147651006711442e+02
1.267600000000000051e+02 1.281666666666666572e+02 1.267666666666666657e+02
1.269337748344370880e+02 1.280000000000000000e+02 1.267880794701986815e+02
1.270733333333333377e+02 1.279133333333333269e+02 1.267000000000000028e+02
1.272533333333333303e+02 1.278533333333333388e+02 1.268266666666666680e+02
1.272133333333333383e+02 1.280333333333333314e+02 1.268733333333333348e+02
1.270529801324503296e+02 1.281456953642384065e+02 1.266821192052980081e+02
1.266209150326797328e+02 1.281633986928104605e+02 1.265947712418300597e+02
1.265986842105263150e+02 1.284276315789473699e+02 1.262434210526315752e+02
1.266241610738255048e+02 1.287785234899328941e+02 1.262953020134228126e+02
1.265400000000000063e+02 1.286399999999999864e+02 1.263400000000000034e+02
1.265033557046979809e+02 1.286442953020134325e+02 1.263087248322147644e+02
1.260134228187919518e+02 1.283020134228187885e+02 1.262818791946308750e+02
1.256953642384105905e+02 1.283973509933774722e+02 1.261655629139072801e+02
1.256466666666666612e+02 1.284866666666666788e+02 1.263400000000000034e+02
1.254503311258278160e+02 1.285033112582781598e+02 1.261788079470198625e+02
1.253199999999999932e+02 1.286333333333333258e+02 1.262999999999999972e+02
1.253642384105960303e+02 1.284172185430463458e+02 1.261721854304635713e+02
1.254210526315789451e+02 1.285394736842105203e+02 1.259868421052631646e+02
1.253533333333333388e+02 1.284933333333333394e+02 1.260066666666666606e+02
1.252751677852348990e+02 1.283020134228187885e+02 1.260201342281879135e+02
1.254666666666666686e+02 1.278933333333333309e+02 1.259933333333333394e+02
1.257399999999999949e+02 1.280399999999999920e+02 1.258400000000000034e+02
1.257814569536423903e+02 1.280529801324503296e+02 1.259006622516556320e+02
1.256933333333333280e+02 1.280000000000000000e+02 1.260933333333333337e+02
1.259530201342281828e+02 1.283020134228187885e+02 1.262080536912751683e+02
1.258300653594771177e+02 1.282875816993464184e+02 1.262418300653594798e+02
1.261324503311258241e+02 1.280596026490066208e+02 1.261589403973509889e+02
1.262119205298013185e+02 1.280596026490066208e+02 1.263112582781457007e+02
1.262516556291390799e+02 1.280463576158940384e+02 1.260794701986754944e+02
1.260198675496688736e+02 1.281655629139072801e+02 1.259801324503311264e+02
1.258079470198675551e+02 1.283178807947019777e+02 1.259536423841059616e+02
1.260657894736842053e+02 1.278947368421052602e+02 1.260394736842105203e+02
1.256400000000000006e+02 1.279466666666666725e+02 1.259200000000000017e+02
1.257302631578947398e+02 1.277828947368421098e+02 1.259078947368421098e+02
1.259466666666666725e+02 1.277333333333333343e+02 1.260999999999999943e+02
1.261200000000000045e+02 1.275933333333333337e+02 1.262133333333333383e+02
1.263266666666666680e+02 1.272733333333333263e+02 1.260533333333333275e+02
1.262980132450331183e+02 1.272913907284768271e+02 1.260860927152317856e+02
1.261059602649006592e+02 1.271390728476821153e+02 1.261324503311258241e+02
1.260264900662251648e+02 1.268874172185430496e+02 1.260397350993377472e+02
1.260000000000000000e+02 1.265570469798657740e+02 1.261476510067114134e+02
1.260268456375838895e+02 1.263758389261744952e+02 1.258791946308724903e+02
1.262715231788079535e+02 1.260463576158940384e+02 1.258807947019867584e+02
1.262800000000000011e+02 1.257000000000000028e+02 1.256200000000000045e+02
1.263178807947019919e+02 1.256622516556291345e+02 1.253443708609271567e+02
1.263266666666666680e+02 1.255400000000000063e+02 1.251200000000000045e+02
1.265333333333333314e+02 1.252733333333333263e+02 1.250866666666666731e+02
1.263355704697986539e+02 1.252281879194630818e+02 1.246442953020134183e+02
1.263841059602649040e+02 1.250927152317880768e+02 1.245430463576158928e+02
1.262837837837837895e+02 1.247162162162162105e+02 1.245067567567567579e+02
1.265205479452054789e+02 1.247876712328767184e+02 1.246095890410958873e+02
1.265666666666666629e+02 1.249933333333333394e+02 1.246533333333333360e+02
1.265133333333333354e+02 1.252133333333333383e+02 1.246133333333333297e+02
1.266533333333333360e+02 1.253199999999999932e+02 1.247399999999999949e+02
1.267960526315789451e+02 1.250526315789473699e+02 1.247039473684210549e+02
1.267718120805369182e+02 1.253691275167785193e+02 1.247516778523489904e+02
1.264900662251655632e+02 1.254834437086092720e+02 1.248476821192053023e+02
1.261066666666666691e+02 1.256466666666666612e+02 1.249066666666666663e+02
1.261721854304635713e+02 1.256887417218542993e+02 1.250066225165562912e+02
1.263133333333333326e+02 1.258133333333333326e+02 1.251733333333333320e+02
1.262933333333333366e+02 1.256200000000000045e+02 1.254000000000000057e+02
1.263066666666666720e+02 1.256133333333333297e+02 1.253733333333333348e+02
1.264078947368421098e+02 1.255263157894736850e+02 1.252434210526315752e+02
1.261986754966887361e+02 1.254370860927152336e+02 1.252715231788079535e+02
1.263092105263157947e+02 1.255328947368421098e+02 1.253750000000000000e+02
1.262847682119205359e+02 1.252251655629139009e+02 1.254437086092715248e+02
1.262333333333333343e+02 1.251599999999999966e+02 1.255999999999999943e+02
1.264899328859060432e+02 1.253221476510067163e+02 1.255100671140939568e+02
1.262866666666666617e+02 1.254933333333333394e+02 1.255866666666666731e+02
1.262133333333333383e+02 1.253199999999999932e+02 1.257466666666666697e+02
1.266733333333333320e+02 1.250066666666666606e+02 1.256266666666666652e+02
1.268926174496644279e+02 1.248389261744966490e+02 1.256778523489932837e+02
1.268278145695364287e+02 1.248741721854304672e+02 1.258145695364238463e+02
1.267947019867549727e+02 1.248874172185430496e+02 1.259735099337748352e+02
1.268133333333333326e+02 1.248199999999999932e+02 1.259866666666666646e+02
1.267666666666666657e+02 1.245466666666666669e+02 1.262533333333333303e+02
1.269072847682119232e+02 1.244105960264900688e+02 1.262251655629139009e+02
1.268145695364238463e+02 1.241059602649006592e+02 1.263311258278145743e+02
1.266933333333333280e+02 1.237866666666666617e+02 1.264533333333333331e+02
1.264200000000000017e+02 1.236466666666666612e+02 1.263533333333333388e+02
1.265436241610738222e+02 1.238322147651006730e+02 1.265436241610738222e+02
1.263767123287671268e+02 1.239520547945205493e+02 1.264041095890410986e+02
1.264421768707483125e+02 1.239387755102040813e+02 1.263945578231292473e+02
1.265850340136054371e+02 1.238299319727891117e+02 1.264557823129251659e+02
1.270266666666666708e+02 1.240733333333333377e+02 1.265600000000000023e+02
1.272582781456953711e+02 1.242384105960264833e+02 1.265761589403973488e+02
1.274437086092715248e+02 1.240596026490066208e+02 1.267748344370860991e+02
1.275657894736842053e+02 1.240197368421052602e+02 1.268421052631578902e+02
1.274864864864864842e+02 1.240472972972972912e+02 1.268716216216216282e+02
1.273945578231292473e+02 1.240748299319727863e+02 1.270476190476190510e+02
1.272953020134228126e+02 1.239731543624160963e+02 1.272281879194630960e+02
1.271780821917808311e+02 1.238904109589041127e+02 1.274931506849315070e+02
1.272275862068965608e+02 1.240344827586206975e+02 1.280344827586206975e+02
1.274897959183673350e+02 1.239183673469387799e+02 1.282040816326530432e+02
1.272344827586206861e+02 1.236206896551724128e+02 1.284758620689655118e+02
1.272620689655172299e+02 1.235931034482758548e+02 1.286965517241379189e+02
1.274391891891891930e+02 1.235472972972972912e+02 1.287094594594594810e+02
1.272027027027026946e+02 1.236689189189189193e+02 1.285000000000000000e+02
1.270413793103448370e+02 1.234758620689655118e+02 1.286827586206896683e+02
1.270816326530612201e+02 1.234829931972789154e+02 1.285442176870748199e+02
1.270902777777777715e+02 1.232013888888888857e+02 1.288125000000000000e+02
1.269726027397260282e+02 1.232876712328767042e+02 1.287945205479452113e+02
1.272191780821917746e+02 1.234520547945205493e+02 1.290821917808219155e+02
1.272729165743944151e+02 1.230140955924207304e+02 1.294691955007226056e+02
1.272088515665465422e+02 1.229803487791784136e+02 1.295367131254260471e+02
1.271232855814136542e+02 1.230276984099644153e+02 1.296596349463344779e+02
1.269328461358017961e+02 1.230413012275081286e+02 1.299112870708929961e+02
1.270348672673795676e+02 1.231773294029451620e+02 1.298772800270337200e+02
1.265519672445780941e+02 1.231229181327703373e+02 1.298636772094899925e+02
1.263793450985231743e+02 1.228856429203175651e+02 1.298443336315767738e+02
1.262955307951207971e+02 1.230963714172401211e+02 1.301435086929491831e+02
1.263320517096012310e+02 1.232349431444075663e+02 1.305168357199171680e+02
1.264604107532189801e+02 1.233450149635937407e+02 1.306144573511868145e+02
1.264131224546464267e+02 1.232031500678760949e+02 1.307495667756797957e+02
1.266199813322965895e+02 1.231297195415422152e+02 1.311695476936856153e+02
1.265626018286277912e+02 1.231100673676763790e+02 1.311980968765408306e+02
1.262663080761602856e+02 1.229460815047021924e+02 1.312375617814041391e+02
1.261380273651038664e+02 1.230484355907132255e+02 1.314309280339571728e+02
1.262186982147573246e+02 1.230957124976829391e+02 1.312647674164915372e+02
1.261710883533543637e+02 1.232589463082073848e+02 1.312171575550885905e+02
1.264227404779128960e+02 1.232249392643481372e+02 1.313123772778945124e+02
1.262955307951207971e+02 1.230621315411494834e+02 1.313350563809033815e+02
1.260421557120500751e+02 1.232059390207301703e+02 1.315199517117928281e+02
1.258161725298518689e+02 1.230895234420219992e+02 1.317390869187728981e+02
1.257379310344827559e+02 1.231999999999999886e+02 1.319655172413793309e+02
1.256849315068493098e+02 1.233150684931506902e+02 1.319109589041096058e+02
1.255069444444444429e+02 1.232361111111111143e+02 1.319166666666666856e+02
1.254068965517241310e+02 1.234068965517241310e+02 1.319517241379310235e+02
1.254178082191780845e+02 1.235616438356164366e+02 1.317397260273972677e+02
1.257793103448275929e+02 1.239517241379310377e+02 1.321655172413793196e+02
1.254041095890410986e+02 1.238013698630137043e+02 1.320821917808219155e+02
1.251712328767123239e+02 1.240410958904109577e+02 1.323493150684931265e+02
1.247862068965517182e+02 1.241034482758620641e+02 1.323862068965517267e+02
1.248068965517241367e+02 1.240275862068965438e+02 1.326896551724138078e+02
1.247291666666666714e+02 1.238958333333333286e+02 1.326527777777777715e+02
1.245793103448275758e+02 1.237517241379310349e+02 1.328551724137930989e+02
1.242222222222222285e+02 1.238958333333333286e+02 1.330833333333333144e+02
1.242291666666666714e+02 1.238194444444444429e+02 1.328402777777777715e+02
1.243082191780821972e+02 1.238835616438356197e+02 1.326712328767123381e+02
1.242328767123287747e+02 1.238356164383561691e+02 1.326712328767123381e+02
1.245277777777777715e+02 1.236250000000000000e+02 1.327430555555555713e+02
1.244722222222222285e+02 1.238333333333333286e+02 1.328680555555555713e+02
1.245000000000000000e+02 1.237328767123287605e+02 1.328287671232876619e+02
1.244482758620689538e+02 1.236000000000000085e+02 1.328344827586207089e+02
1.242275862068965608e+02 1.238068965517241509e+02 1.332482758620689651e+02
1.242068965517241423e+02 1.239103448275862007e+02 1.333586206896551971e+02
1.242620689655172441e+02 1.240137931034482790e+02 1.335793103448275758e+02
1.241379310344827616e+02 1.237931034482758577e+02 1.335793103448275758e+02
1.240342465753424790e+02 1.239383561643835634e+02 1.334589041095890423e+02
1.238531468531468533e+02 1.241608391608391599e+02 1.335454545454545610e+02
1.236944444444444571e+02 1.243194444444444429e+02 1.335555555555555713e+02
1.233819444444444571e+02 1.245347222222222285e+02 1.335347222222222285e+02
1.231111111111111143e+02 1.247638888888888857e+02 1.337430555555555429e+02
1.229436619718309913e+02 1.247746478873239369e+02 1.336830985915492818e+02
1.228698630136986338e+02 1.249041095890410844e+02 1.336027397260273801e+02
1.228041958041958139e+02 1.248881118881118937e+02 1.335524475524475463e+02
1.228333333333333286e+02 1.251527777777777715e+02 1.337013888888888857e+02
1.226319444444444429e+02 1.250138888888888857e+02 1.335000000000000000e+02
1.226643356643356668e+02 1.251258741258741196e+02 1.335804195804195729e+02
1.225833333333333286e+02 1.252500000000000000e+02 1.336180555555555713e+02
1.226917808219178170e+02 1.251917808219178028e+02 1.336643835616438309e+02
1.226620689655172498e+02 1.253241379310344854e+02 1.337379310344827559e+02
1.225714285714285694e+02 1.254897959183673493e+02 1.336666666666666572e+02
1.222896551724137879e+02 1.253103448275862064e+02 1.338689655172413779e+02
1.224305555555555571e+02 1.255833333333333428e+02 1.341111111111111143e+02
1.222054794520548029e+02 1.256369863013698591e+02 1.339726027397260282e+02
1.220758620689655203e+02 1.257517241379310349e+02 1.341517241379310406e+02
1.216068965517241338e+02 1.255310344827586277e+02 1.342827586206896626e+02
1.215205479452054789e+02 1.259109589041095916e+02 1.344383561643835776e+02
1.213611111111111143e+02 1.260486111111111143e+02 1.343819444444444571e+02
1.213586206896551687e+02 1.258137931034482762e+02 1.347517241379310349e+02
1.211180555555555571e+02 1.256388888888888857e+02 1.348333333333333428e+02
1.209444444444444429e+02 1.253263888888888857e+02 1.349652777777777999e+02
1.208482758620689737e+02 1.255724137931034505e+02 1.347241379310344769e+02
1.207412587412587470e+02 1.255524475524475463e+02 1.349580419580419743e+02
1.207083333333333286e+02 1.255833333333333428e+02 1.347500000000000000e+02
1.210909090909090935e+02 1.257762237762237731e+02 1.348321678321678121e+02
1.211310344827586221e+02 1.257724137931034534e+02 1.348000000000000114e+02
1.211724137931034448e+02 1.259517241379310377e+02 1.348482758620689594e+02
1.211986301369863099e+02 1.261301369863013662e+02 1.345821917808219439e+02
1.211448275862069011e+02 1.261034482758620641e+02 1.345586206896551573e+02
1.212965517241379416e+02 1.261103448275862178e+02 1.346137931034482733e+02
1.213611111111111143e+02 1.263125000000000000e+02 1.345763888888888857e+02
1.214726027397260282e+02 1.264794520547945211e+02 1.345616438356164508e+02
1.213517241379310292e+02 1.262965517241379274e+02 1.342758620689655231e+02
1.214444444444444429e+02 1.264513888888888999e+02 1.340763888888888857e+02
1.212708333333333286e+02 1.264166666666666572e+02 1.339861111111111143e+02
1.211103448275862178e+02 1.264413793103448285e+02 1.338206896551724299e+02
1.211793103448275843e+02 1.264413793103448285e+02 1.339724137931034420e+02
1.210827586206896456e+02 1.264413793103448285e+02 1.337999999999999829e+02
1.210208333333333286e+02 1.266180555555555571e+02 1.338125000000000000e+02
1.209027777777777857e+02 1.265208333333333428e+02 1.336111111111111143e+02
1.207222222222222285e+02 1.266458333333333286e+02 1.337500000000000000e+02
1.204137931034482847e+02 1.266413793103448313e+02 1.340827586206896740e+02
1.206180555555555429e+02 1.268055555555555571e+02 1.342847222222222285e+02
1.203402777777777857e+02 1.269097222222222143e+02 1.343472222222222285e+02
1.201180555555555571e+02 1.269652777777777857e+02 1.340902777777777715e+02
1.202689655172413836e+02 1.269931034482758605e+02 1.342206896551724071e+02
1.200136986301369859e+02 1.269931506849315070e+02 1.341986301369862815e+02
1.200482758620689623e+02 1.271241379310344826e+02 1.341724137931034306e+02
1.199034482758620754e+02 1.269724137931034420e+02 1.343172413793103317e+02
1.198620689655172526e+02 1.270620689655172413e+02 1.343379310344827786e+02
1.198561643835616479e+02 1.276643835616438309e+02 1.343767123287671268e+02
1.195586206896551857e+02 1.276137931034482733e+02 1.343241379310344712e+02
1.194178082191780845e+02 1.280753424657534083e+02 1.344178082191780845e+02
1.194137931034482847e+02 1.281034482758620641e+02 1.345999999999999943e+02
1.194178082191780845e+02 1.280410958904109577e+02 1.343698630136986196e+02
1.195068493150684930e+02 1.283698630136986196e+02 1.344931506849314928e+02
1.193655172413793082e+02 1.286275862068965523e+02 1.340965517241379246e+02
1.194895104895104794e+02 1.288111888111888277e+02 1.342447552447552539e+02
1.193472222222222143e+02 1.290625000000000000e+02 1.343541666666666572e+02
1.191944444444444429e+02 1.292430555555555429e+02 1.343194444444444571e+02
1.188194444444444429e+02 1.292777777777777715e+02 1.346388888888889142e+02
1.185793103448275900e+02 1.293517241379310292e+02 1.344344827586206748e+02
1.184726027397260282e+02 1.294657534246575210e+02 1.346849315068493240e+02
1.184295302013422884e+02 1.293087248322147786e+02 1.344832214765100673e+02
1.185761589403973488e+02 1.295827814569536542e+02 1.346026490066225278e+02
1.182266666666666737e+02 1.297733333333333405e+02 1.348066666666666720e+02
1.182733333333333263e+02 1.298066666666666720e+02 1.347400000000000091e+02
1.184800000000000040e+02 1.297666666666666799e+02 1.342666666666666799e+02
1.185533333333333275e+02 1.300533333333333417e+02 1.340533333333333417e+02
1.187152317880794641e+02 1.300264900662251648e+02 1.341258278145695328e+02
1.186973684210526301e+02 1.302500000000000000e+02 1.342434210526315894e+02
1.185933333333333337e+02 1.302533333333333303e+02 1.341599999999999966e+02
1.185838926174496635e+02 1.301342281879194616e+02 1.341677852348993270e+02
1.186711409395973220e+02 1.304295302013422884e+02 1.341006711409395962e+02
1.184276315789473699e+02 1.304539473684210407e+02 1.340328947368421098e+02
1.188079470198675551e+02 1.303576158940397249e+02 1.340463576158940384e+02
1.187266666666666737e+02 1.304399999999999977e+02 1.339600000000000080e+02
1.188199999999999932e+02 1.302533333333333303e+02 1.338866666666666561e+02
1.187516778523489904e+02 1.303087248322147786e+02 1.337986577181208077e+02
1.185231788079470192e+02 1.304238410596026370e+02 1.337483443708609343e+02
1.185866666666666731e+02 1.303866666666666561e+02 1.336533333333333360e+02
1.184666666666666686e+02 1.304399999999999977e+02 1.336399999999999864e+02
1.184266666666666623e+02 1.304466666666666583e+02 1.336733333333333462e+02
1.182733333333333263e+02 1.303600000000000136e+02 1.334000000000000057e+02
1.181533333333333360e+02 1.308933333333333451e+02 1.333266666666666538e+02
1.183333333333333286e+02 1.311399999999999864e+02 1.332933333333333223e+02
1.182733333333333263e+02 1.310399999999999920e+02 1.331200000000000045e+02
1.181986754966887361e+02 1.309933774834437088e+02 1.333708609271523073e+02
1.181920529801324449e+02 1.310000000000000000e+02 1.333311258278145601e+02
1.181133333333333297e+02 1.310999999999999943e+02 1.333733333333333348e+02
1.182281879194630818e+02 1.309060402684563655e+02 1.332617449664429614e+02
1.181879194630872547e+02 1.309798657718120865e+02 1.330872483221476443e+02
1.178733333333333348e+02 1.309600000000000080e+02 1.329333333333333371e+02
1.177533333333333303e+02 1.307866666666666617e+02 1.329000000000000057e+02
1.175503355704697981e+02 1.306510067114093943e+02 1.330402684563758271e+02
1.171721854304635713e+02 1.307615894039735167e+02 1.330927152317880768e+02
1.169127516778523557e+02 1.306845637583892596e+02 1.327651006711409423e+02
1.166577181208053702e+02 1.304765100671141056e+02 1.331140939597315480e+02
1.162866666666666617e+02 1.304066666666666663e+02 1.327466666666666697e+02
1.162236842105263150e+02 1.305921052631578902e+02 1.327039473684210407e+02
1.159800000000000040e+02 1.306333333333333258e+02 1.329199999999999875e+02
1.155894039735099312e+02 1.305695364238410718e+02 1.329536423841059616e+02
1.155906040268456394e+02 1.305704697986577116e+02 1.328255033557047113e+02
1.155629139072847664e+02 1.307748344370860991e+02 1.330397350993377472e+02
1.150489510489510536e+02 1.309790209790209872e+02 1.332167832167832273e+02
1.145833333333333286e+02 1.313611111111111143e+02 1.330694444444444287e+02
1.148680555555555571e+02 1.312638888888888857e+02 1.331388888888889142e+02
1.147103448275861979e+02 1.311862068965517096e+02 1.331241379310344826e+02
1.143636363636363598e+02 1.311538461538461604e+02 1.332097902097902136e+02
1.141319444444444429e+02 1.311944444444444287e+02 1.334375000000000000e+02
1.140069444444444429e+02 1.314722222222222285e+02 1.334236111111111143e+02
1.141111111111111143e+02 1.311388888888889142e+02 1.334444444444444571e+02
1.141328671328671334e+02 1.308461538461538396e+02 1.332867132867133080e+02
1.140833333333333286e+02 1.305416666666666572e+02 1.331736111111111143e+02
1.139861111111111143e+02 1.304930555555555429e+02 1.331805555555555713e+02
1.139791666666666714e+02 1.305277777777777715e+02 1.329444444444444571e+02
1.137062937062937067e+02 1.306083916083915994e+02 1.330839160839160797e+02
1.136041666666666572e+02 1.304166666666666856e+02 1.327638888888888857e+02
1.132152777777777857e+02 1.305625000000000000e+02 1.327430555555555429e+02
1.129014084507042384e+02 1.305140845070422699e+02 1.324859154929577585e+02
1.128750000000000000e+02 1.302500000000000000e+02 1.327083333333333144e+02
1.129444444444444429e+02 1.303611111111111143e+02 1.327777777777777999e+02
1.127291666666666714e+02 1.305833333333333428e+02 1.325625000000000000e+02
1.125448275862069067e+02 1.306344827586206918e+02 1.324620689655172328e+02
1.124726027397260282e+02 1.305821917808219155e+02 1.324246575342465917e+02
1.125138888888888857e+02 1.305555555555555713e+02 1.323333333333333428e+02
1.126551724137931103e+02 1.304206896551724242e+02 1.324344827586206748e+02
1.125664335664335596e+02 1.304125874125874134e+02 1.323216783216783199e+02
1.124444444444444429e+02 1.304583333333333428e+02 1.325833333333333428e+02
1.126000000000000085e+02 1.303241379310344712e+02 1.324965517241379303e+02
1.125625000000000000e+02 1.305277777777777715e+02 1.328611111111111143e+02
1.126223776223776269e+02 1.305384615384615188e+02 1.327832167832167727e+02
1.122377622377622401e+02 1.307692307692307736e+02 1.328601398601398671e+02
1.125448275862069067e+02 1.306482758620689708e+02 1.327172413793103658e+02
1.121241379310344826e+02 1.306965517241379189e+02 1.328827586206896569e+02
1.123194444444444429e+02 1.310555555555555429e+02 1.332638888888888857e+02
1.122447552447552397e+02 1.310209790209790128e+02 1.334055944055943996e+02
1.121328671328671334e+02 1.311188811188811201e+02 1.335244755244755197e+02
1.121118881118881063e+02 1.313006993006993071e+02 1.338531468531468533e+02
1.122013888888888857e+02 1.315208333333333144e+02 1.338194444444444287e+02
1.120769230769230802e+02 1.315034965034965069e+02 1.338531468531468533e+02
1.119084507042253449e+02 1.315070422535211208e+02 1.338521126760563220e+02
1.117762237762237874e+02 1.314615384615384812e+02 1.340000000000000000e+02
1.120140845070422557e+02 1.314084507042253449e+02 1.343380281690141089e+02
1.122867132867132796e+02 1.313216783216783199e+02 1.346153846153846132e+02
1.122027972027971998e+02 1.311398601398601613e+02 1.347482517482517608e+02
1.120704225352112644e+02 1.311197183098591381e+02 1.348380281690140805e+02
1.119580419580419601e+02 1.311258741258741338e+02 1.350489510489510678e+02
1.119650349650349739e+02 1.314055944055944281e+02 1.352937062937062933e+02
1.119230769230769198e+02 1.313286713286713336e+02 1.354335664335664262e+02
1.118732394366197269e+02 1.313169014084507182e+02 1.354295774647887072e+02
1.121944444444444429e+02 1.313333333333333428e+02 1.352083333333333144e+02
1.120921985815602824e+02 1.311276595744680833e+02 1.355957446808510838e+02
1.123076923076923066e+02 1.311818181818181870e+02 1.354895104895104794e+02
1.123006993006992928e+02 1.309930069930069862e+02 1.355384615384615472e+02
1.123146853146853061e+02 1.308811188811188799e+02 1.359020979020978928e+02
1.126423841059602609e+02 1.306953642384106047e+02 1.358741721854304672e+02
1.125704697986577116e+02 1.308523489932885866e+02 1.358456375838926249e+02
1.123758389261744952e+02 1.308053691275167694e+02 1.358926174496644421e+02
1.123892617449664471e+02 1.305704697986577116e+02 1.359127516778523557e+02
1.125100671140939568e+02 1.304563758389261636e+02 1.360671140939597308e+02
1.126066666666666691e+02 1.303066666666666720e+02 1.363266666666666538e+02
1.125466666666666669e+02 1.303400000000000034e+02 1.365666666666666629e+02
1.126510067114093943e+02 1.303892617449664328e+02 1.367516778523489904e+02
1.127382550335570528e+02 1.302483221476510096e+02 1.366040268456375770e+02
1.129266666666666623e+02 1.301999999999999886e+02 1.367800000000000011e+02
1.126283783783783718e+02 1.301418918918919019e+02 1.369662162162162247e+02
1.125866666666666731e+02 1.299133333333333269e+02 1.371533333333333360e+02
1.124133333333333269e+02 1.297333333333333201e+02 1.371800000000000068e+02
1.123708609271523216e+02 1.295894039735099454e+02 1.371589403973509889e+02
1.123333333333333286e+02 1.293533333333333246e+02 1.373866666666666561e+02
1.123400000000000034e+02 1.292266666666666595e+02 1.377400000000000091e+02
1.119605263157894797e+02 1.293552631578947398e+02 1.378947368421052602e+02
1.122466666666666697e+02 1.290533333333333417e+02 1.382666666666666799e+02
1.120335570469798654e+02 1.290671140939597308e+02 1.381342281879194616e+02
1.122000000000000028e+02 1.290999999999999943e+02 1.384133333333333269e+02
1.120666666666666629e+02 1.286800000000000068e+02 1.383933333333333451e+02
1.120472972972972912e+02 1.285743243243243228e+02 1.383918918918919019e+02
1.120333333333333314e+02 1.286666666666666572e+02 1.386333333333333258e+02
1.122133333333333383e+02 1.286800000000000068e+02 1.388333333333333428e+02
1.123288590604026780e+02 1.286577181208053560e+02 1.390536912751677789e+02
1.123666666666666600e+02 1.282266666666666595e+02 1.391733333333333462e+02
1.124697986577181155e+02 1.283087248322147786e+02 1.391342281879194616e+02
1.122466666666666697e+02 1.283733333333333348e+02 1.393866666666666561e+02
1.121812080536912788e+02 1.280872483221476443e+02 1.393288590604026922e+02
1.120533333333333275e+02 1.279800000000000040e+02 1.394799999999999898e+02
1.121812080536912788e+02 1.276979865771812115e+02 1.397248322147650867e+02
1.118599999999999994e+02 1.275733333333333377e+02 1.396066666666666549e+02
1.117933333333333366e+02 1.271333333333333400e+02 1.397533333333333303e+02
1.117333333333333343e+02 1.270600000000000023e+02 1.400666666666666629e+02
1.117248322147651010e+02 1.267248322147651010e+02 1.402885906040268367e+02
1.116711409395973220e+02 1.264295302013422884e+02 1.403422818791946440e+02
1.116824324324324351e+02 1.264729729729729684e+02 1.403851351351351298e+02
1.117600000000000051e+02 1.262466666666666697e+02 1.403266666666666538e+02
1.115234899328859086e+02 1.261543624161073893e+02 1.404026845637583847e+02
1.117266666666666737e+02 1.261733333333333320e+02 1.403799999999999955e+02
1.115878378378378386e+02 1.260405405405405475e+02 1.404459459459459367e+02
1.115533333333333275e+02 1.260199999999999960e+02 1.405266666666666708e+02
1.113266666666666680e+02 1.258400000000000034e+02 1.404933333333333394e+02
1.114133333333333269e+02 1.258599999999999994e+02 1.405466666666666526e+02
1.115033112582781456e+02 1.257748344370860991e+02 1.404834437086092578e+02
1.116513157894736850e+02 1.261052631578947398e+02 1.404671052631578902e+02
1.114466666666666725e+02 1.261533333333333360e+02 1.404799999999999898e+02
1.113733333333333348e+02 1.261266666666666652e+02 1.403799999999999955e+02
1.114599999999999937e+02 1.257600000000000051e+02 1.404199999999999875e+02
1.115629139072847664e+02 1.255761589403973488e+02 1.403576158940397249e+02
1.114466666666666725e+02 1.256733333333333320e+02 1.402199999999999989e+02
1.113933333333333309e+02 1.255400000000000063e+02 1.402400000000000091e+02
1.113892617449664471e+02 1.256912751677852356e+02 1.404832214765100673e+02
1.112199999999999989e+02 1.255933333333333337e+02 1.405866666666666731e+02
1.112119205298013185e+02 1.252715231788079535e+02 1.404834437086092578e+02
1.112450331125827745e+02 1.253973509933774864e+02 1.404768211920529666e+02
1.113046357615894095e+02 1.250264900662251648e+02 1.406225165562914015e+02
1.114933333333333394e+02 1.249866666666666646e+02 1.407066666666666777e+02
1.118157894736842053e+02 1.249407894736842053e+02 1.409013157894736707e+02
1.120134228187919518e+02 1.248456375838926107e+02 1.411812080536912788e+02
1.120671140939597308e+02 1.247516778523489904e+02 1.411342281879194616e+02
1.122600000000000051e+02 1.246466666666666612e+02 1.411933333333333280e+02
1.124228187919463124e+02 1.250402684563758413e+02 1.410671140939597308e+02
1.120604026845637549e+02 1.250000000000000000e+02 1.409328859060402692e+02
1.122999999999999972e+02 1.247933333333333366e+02 1.410600000000000023e+02
1.120133333333333354e+02 1.245600000000000023e+02 1.408333333333333428e+02
1.121258278145695328e+02 1.242582781456953711e+02 1.407218543046357695e+02
1.122533333333333303e+02 1.245199999999999960e+02 1.406533333333333360e+02
1.126510067114093943e+02 1.243624161073825434e+02 1.402617449664429614e+02
1.127368421052631646e+02 1.245328947368421098e+02 1.402434210526315894e+02
1.125657894736842053e+02 1.244934210526315752e+02 1.403947368421052602e+02
1.125629139072847664e+02 1.244701986754966896e+02 1.404768211920529666e+02
1.126622516556291345e+02 1.241655629139072801e+02 1.404304635761589282e+02
1.128410596026490111e+02 1.242450331125827745e+02 1.403708609271523073e+02
1.128456375838926107e+02 1.239395973154362451e+02 1.405838926174496635e+02
1.126845637583892596e+02 1.239060402684563797e+02 1.409261744966443075e+02
1.127483443708609201e+02 1.237417218543046289e+02 1.409735099337748352e+02
1.126400000000000006e+02 1.235866666666666731e+02 1.408799999999999955e+02
1.126466666666666612e+02 1.237866666666666617e+02 1.405733333333333235e+02
1.126266666666666652e+02 1.235333333333333314e+02 1.406266666666666652e+02
1.126174496644295289e+02 1.237114093959731491e+02 1.405771812080537018e+02
1.127315436241610769e+02 1.239530201342281828e+02 1.406442953020134325e+02
1.129470198675496704e+02 1.240397350993377472e+02 1.405827814569536542e+02
1.130921052631578902e+02 1.238947368421052602e+02 1.406907894736842195e+02
1.132953020134228126e+02 1.238657718120805384e+02 1.408523489932885866e+02
1.135302013422818845e+02 1.241073825503355721e+02 1.406308724832214807e+02
1.136107382550335529e+02 1.239597315436241587e+02 1.404899328859060290e+02
1.137466666666666697e+02 1.237199999999999989e+02 1.403600000000000136e+02
1.137733333333333263e+02 1.237800000000000011e+02 1.401066666666666549e+02
1.141140939597315480e+02 1.238322147651006730e+02 1.400872483221476443e+02
1.144594594594594525e+02 1.238040540540540491e+02 1.399662162162162247e+02
1.144866666666666646e+02 1.237133333333333383e+02 1.397333333333333201e+02
1.146933333333333280e+02 1.235866666666666731e+02 1.398133333333333326e+02
1.147399999999999949e+02 1.234533333333333331e+02 1.398866666666666561e+02
1.147114093959731491e+02 1.234966442953020191e+02 1.397382550335570386e+02
1.146375838926174566e+02 1.233959731543624230e+02 1.396174496644295289e+02
1.146556291390728433e+02 1.233245033112582831e+02 1.397549668874172255e+02
1.144161073825503365e+02 1.229731543624161105e+02 1.398456375838926249e+02
1.144399999999999977e+02 1.229666666666666686e+02 1.396066666666666549e+02
1.145973154362416153e+02 1.230604026845637549e+02 1.394697986577181155e+02
1.143959731543624230e+02 1.227248322147651010e+02 1.394496644295302019e+02
1.144900662251655632e+02 1.228543046357615935e+02 1.394105960264900546e+02
1.144533333333333331e+02 1.227733333333333263e+02 1.392066666666666777e+02
1.145033557046979809e+02 1.225637583892617499e+02 1.392684563758389231e+02
1.146959459459459509e+02 1.223716216216216282e+02 1.393581081081080981e+02
1.149800000000000040e+02 1.222000000000000028e+02 1.393400000000000034e+02
1.152080536912751683e+02 1.220469798657718172e+02 1.393557046979865675e+02
1.152582781456953711e+02 1.221456953642384065e+02 1.393509933774834337e+02
1.155369127516778462e+02 1.221812080536912788e+02 1.393557046979865675e+02
1.156778523489932837e+02 1.220939597315436203e+02 1.395100671140939710e+02
1.156737588652482316e+02 1.215319148936170137e+02 1.397588652482269538e+02
1.155319148936170279e+02 1.213617021276595835e+02 1.398794326241134627e+02
1.158609271523178847e+02 1.217350993377483377e+02 1.393311258278145601e+02
1.156357142857142861e+02 1.212714285714285722e+02 1.398142857142857167e+02
1.156760563380281752e+02 1.212887323943661926e+02 1.396549295774647987e+02
1.156223776223776269e+02 1.211188811188811201e+02 1.395034965034965069e+02
1.156901408450704309e+02 1.214366197183098564e+02 1.394366197183098564e+02
1.159929577464788650e+02 1.215422535211267672e+02 1.395281690140845114e+02
1.162198581560283657e+02 1.218085106382978751e+02 1.394609929078014261e+02
1.163380281690140947e+02 1.218098591549295833e+02 1.393591549295774712e+02
1.165602836879432544e+02 1.217659574468085140e+02 1.393475177304964348e+02
1.165594405594405600e+02 1.216783216783216801e+02 1.396643356643356526e+02
1.167872340425531945e+02 1.215531914893616943e+02 1.396737588652482316e+02
1.167071428571428555e+02 1.217428571428571473e+02 1.399000000000000057e+02
1.169929577464788792e+02 1.218591549295774712e+02 1.399788732394366093e+02
1.171205673758865231e+02 1.216524822695035510e+02 1.399574468085106389e+02
1.173049645390071021e+02 1.217659574468085140e+02 1.396950354609928979e+02
1.173169014084507040e+02 1.213943661971831034e+02 1.396408450704225288e+02
1.174066666666666663e+02 1.214666666666666686e+02 1.393333333333333428e+02
1.175960264900662224e+02 1.217814569536423903e+02 1.392052980132450273e+02
1.176845637583892596e+02 1.217919463087248317e+02 1.393020134228187885e+02
1.175231788079470192e+02 1.217549668874172255e+02 1.393774834437085985e+02
1.176381578947368354e+02 1.213552631578947398e+02 1.394276315789473699e+02
1.178866666666666703e+02 1.213066666666666720e+02 1.397466666666666697e+02
1.180733333333333377e+02 1.210733333333333377e+02 1.398733333333333348e+02
1.182800000000000011e+02 1.211066666666666691e+02 1.395933333333333337e+02
1.184630872483221538e+02 1.210201342281879135e+02 1.393087248322147786e+02
1.185266666666666708e+02 1.208799999999999955e+02 1.393133333333333326e+02
1.187905405405405475e+02 1.208310810810810807e+02 1.393918918918919019e+02
1.188400000000000034e+02 1.209066666666666663e+02 1.392933333333333223e+02
1.188066666666666720e+02 1.208666666666666600e+02 1.391200000000000045e+02
1.189333333333333371e+02 1.207399999999999949e+02 1.393133333333333326e+02
1.188333333333333286e+02 1.204933333333333394e+02 1.393199999999999932e+02
1.189932885906040241e+02 1.205973154362416153e+02 1.392483221476510096e+02
1.190000000000000000e+02 1.204933333333333394e+02 1.391533333333333360e+02
1.189324324324324351e+02 1.205202702702702737e+02 1.390135135135135158e+02
1.191533333333333360e+02 1.203400000000000034e+02 1.389600000000000080e+02
1.194630872483221538e+02 1.205100671140939568e+02 1.390268456375839037e+02
1.194866666666666646e+02 1.206933333333333280e+02 1.389666666666666686e+02
1.195167785234899327e+02 1.207315436241610769e+02 1.390738255033556925e+02
1.197999999999999972e+02 1.207199999999999989e+02 1.387466666666666697e+02
1.197733333333333263e+02 1.206666666666666714e+02 1.385399999999999920e+02
1.198724832214765144e+02 1.206174496644295289e+02 1.384093959731543748e+02
1.198175675675675649e+02 1.207702702702702737e+02 1.382432432432432563e+02
1.196375838926174566e+02 1.208791946308724903e+02 1.382818791946308750e+02
1.197986577181208077e+02 1.208120805369127453e+02 1.383624161073825576e+02
1.199066666666666663e+02 1.207800000000000011e+02 1.382266666666666595e+02
1.199200000000000017e+02 1.207999999999999972e+02 1.379666666666666686e+02
1.200335570469798654e+02 1.204765100671140914e+02 1.377315436241610769e+02
1.203355704697986539e+02 1.202818791946308750e+02 1.374899328859060290e+02
1.203266666666666680e+02 1.200066666666666606e+02 1.374333333333333371e+02
1.204399999999999977e+02 1.203866666666666703e+02 1.373199999999999932e+02
1.207133333333333383e+02 1.202733333333333263e+02 1.374133333333333269e+02
1.206688741721854257e+02 1.202052980132450273e+02 1.374172185430463458e+02
1.205033557046979809e+02 1.200805369127516826e+02 1.376174496644295289e+02
1.203398692810457504e+02 1.201372549019607874e+02 1.376339869281045765e+02
1.202617449664429472e+02 1.202147651006711442e+02 1.374765100671141056e+02
1.201200000000000045e+02 1.204333333333333371e+02 1.372066666666666777e+02
1.201275167785234856e+02 1.203422818791946298e+02 1.370201342281879135e+02
