1.288322147651006730e+02 1.277785234899328799e+02 1.286174496644295289e+02
1.288933333333333451e+02 1.277266666666666737e+02 1.286466666666666754e+02
1.288724832214765001e+02 1.278053691275167836e+02 1.286308724832214807e+02
1.287086092715231871e+02 1.278278145695364287e+02 1.287814569536423903e+02
1.288066666666666720e+02 1.279466666666666725e+02 1.287866666666666617e+02
1.286399999999999864e+02 1.278466666666666640e+02 1.288266666666666538e+02
1.285866666666666731e+02 1.278133333333333326e+02 1.288000000000000114e+02
1.287152317880794783e+02 1.278940397350993408e+02 1.289337748344370880e+02
1.286866666666666674e+02 1.279266666666666623e+02 1.288933333333333451e+02
1.286599999999999966e+02 1.279200000000000017e+02 1.287933333333333223e+02
1.287466666666666697e+02 1.278733333333333348e+02 1.288400000000000034e+02
1.287315436241610769e+02 1.278456375838926107e+02 1.289395973154362309e+02
1.287933333333333223e+02 1.278066666666666720e+02 1.288600000000000136e+02
1.289266666666666765e+02 1.277533333333333303e+02 1.290133333333333212e+02
1.289533333333333474e+02 1.276200000000000045e+02 1.290733333333333235e+02
1.288466666666666640e+02 1.276599999999999966e+02 1.288133333333333326e+02
1.288400000000000034e+02 1.276400000000000006e+02 1.287199999999999989e+02
1.286733333333333462e+02 1.276200000000000045e+02 1.287866666666666617e+02
1.287549668874172255e+02 1.276490066225165521e+02 1.287549668874172255e+02
1.287382550335570386e+02 1.277516778523489904e+02 1.287718120805369040e+02
1.286953642384106047e+02 1.278410596026490111e+02 1.287814569536423903e+02
1.288145695364238463e+02 1.278079470198675551e+02 1.287615894039735167e+02
1.288866666666666561e+02 1.278533333333333388e+02 1.287199999999999989e+02
1.289066666666666663e+02 1.279266666666666623e+02 1.285933333333333337e+02
1.288000000000000114e+02 1.277600000000000051e+02 1.286666666666666572e+02
1.288199999999999932e+02 1.277999999999999972e+02 1.285866666666666731e+02
1.288333333333333428e+02 1.277266666666666737e+02 1.286866666666666674e+02
1.287284768211920607e+02 1.276688741721854257e+02 1.287350993377483519e+02
1.287199999999999989e+02 1.277199999999999989e+02 1.288400000000000034e+02
1.286666666666666572e+02 1.276933333333333280e+02 1.288266666666666538e+02
1.286733333333333462e+02 1.276866666666666674e+02 1.288333333333333428e+02
1.286733333333333462e+02 1.276866666666666674e+02 1.288333333333333428e+02
1.286733333333333462e+02 1.276866666666666674e+02 1.288333333333333428e+02
1.286733333333333462e+02 1.276866666666666674e+02 1.288333333333333428e+02
1.286733333333333462e+02 1.276866666666666674e+02 1.288333333333333428e+02
1.286733333333333462e+02 1.276866666666666674e+02 1.288333333333333428e+02
1.286733333333333462e+02 1.276866666666666674e+02 1.288333333333333428e+02
1.286733333333333462e+02 1.276866666666666674e+02 1.288333333333333428e+02
1.286733333333333462e+02 1.276866666666666674e+02 1.288333333333333428e+02
1.286733333333333462e+02 1.276866666666666674e+02 1.288333333333333428e+02
1.286733333333333462e+02 1.276866666666666674e+02 1.288333333333333428e+02
1.286733333333333462e+02 1.276866666666666674e+02 1.288333333333333428e+02
1.286733333333333462e+02 1.276866666666666674e+02 1.288333333333333428e+02
1.286733333333333462e+02 1.276866666666666674e+02 1.288333333333333428e+02
1.286733333333333462e+02 1.276866666666666674e+02 1.288333333333333428e+02
1.286733333333333462e+02 1.276866666666666674e+02 1.288333333333333428e+02
1.286733333333333462e+02 1.276866666666666674e+02 1.288333333333333428e+02
1.286733333333333462e+02 1.276866666666666674e+02 1.288333333333333428e+02
1.286733333333333462e+02 1.276866666666666674e+02 1.288333333333333428e+02
1.286733333333333462e+02 1.276866666666666674e+02 1.288333333333333428e+02
1.286733333333333462e+02 1.276866666666666674e+02 1.288333333333333428e+02
1.286733333333333462e+02 1.276866666666666674e+02 1.288333333333333428e+02
1.286733333333333462e+02 1.276866666666666674e+02 1.288333333333333428e+02
1.286733333333333462e+02 1.276866666666666674e+02 1.288333333333333428e+02
1.286733333333333462e+02 1.276866666666666674e+02 1.288333333333333428e+02
1.286733333333333462e+02 1.276866666666666674e+02 1.288333333333333428e+02
1.286733333333333462e+02 1.276866666666666674e+02 1.288333333333333428e+02
1.286733333333333462e+02 1.276866666666666674e+02 1.288333333333333428e+02
1.286733333333333462e+02 1.276866666666666674e+02 1.288333333333333428e+02
1.286733333333333462e+02 1.276866666666666674e+02 1.288333333333333428e+02
1.286733333333333462e+02 1.276866666666666674e+02 1.288333333333333428e+02
1.286733333333333462e+02 1.276866666666666674e+02 1.288333333333333428e+02
1.286733333333333462e+02 1.276866666666666674e+02 1.288333333333333428e+02
1.286733333333333462e+02 1.276866666666666674e+02 1.288333333333333428e+02
1.286733333333333462e+02 1.276866666666666674e+02 1.288333333333333428e+02
1.286733333333333462e+02 1.276866666666666674e+02 1.288333333333333428e+02
1.286733333333333462e+02 1.276866666666666674e+02 1.288333333333333428e+02
1.286733333333333462e+02 1.276866666666666674e+02 1.288333333333333428e+02
1.286733333333333462e+02 1.276866666666666674e+02 1.288333333333333428e+02
1.286733333333333462e+02 1.276866666666666674e+02 1.288333333333333428e+02
1.286733333333333462e+02 1.276866666666666674e+02 1.288333333333333428e+02
1.286733333333333462e+02 1.276866666666666674e+02 1.288333333333333428e+02
1.286733333333333462e+02 1.276866666666666674e+02 1.288333333333333428e+02
1.286733333333333462e+02 1.276866666666666674e+02 1.288333333333333428e+02
1.286733333333333462e+02 1.276866666666666674e+02 1.288333333333333428e+02
1.286733333333333462e+02 1.276866666666666674e+02 1.288333333333333428e+02
1.286733333333333462e+02 1.276866666666666674e+02 1.288333333333333428e+02
1.286733333333333462e+02 1.276866666666666674e+02 1.288333333333333428e+02
1.286733333333333462e+02 1.276866666666666674e+02 1.288333333333333428e+02
1.286733333333333462e+02 1.276866666666666674e+02 1.288333333333333428e+02
1.286733333333333462e+02 1.276866666666666674e+02 1.288333333333333428e+02
1.286733333333333462e+02 1.276866666666666674e+02 1.288333333333333428e+02
1.286733333333333462e+02 1.276866666666666674e+02 1.288333333333333428e+02
1.286733333333333462e+02 1.276866666666666674e+02 1.288333333333333428e+02
1.286733333333333462e+02 1.276866666666666674e+02 1.288333333333333428e+02
1.286733333333333462e+02 1.276866666666666674e+02 1.288333333333333428e+02
1.286733333333333462e+02 1.276866666666666674e+02 1.288333333333333428e+02
1.286733333333333462e+02 1.276866666666666674e+02 1.288333333333333428e+02
1.286733333333333462e+02 1.276866666666666674e+02 1.288333333333333428e+02
1.286733333333333462e+02 1.276866666666666674e+02 1.288333333333333428e+02
1.286733333333333462e+02 1.276866666666666674e+02 1.288333333333333428e+02
1.286733333333333462e+02 1.276866666666666674e+02 1.288333333333333428e+02
1.286733333333333462e+02 1.276866666666666674e+02 1.288333333333333428e+02
1.286733333333333462e+02 1.276866666666666674e+02 1.288333333333333428e+02
1.286733333333333462e+02 1.276866666666666674e+02 1.288333333333333428e+02
1.286733333333333462e+02 1.276866666666666674e+02 1.288333333333333428e+02
1.286733333333333462e+02 1.276866666666666674e+02 1.288333333333333428e+02
1.286733333333333462e+02 1.276866666666666674e+02 1.288333333333333428e+02
1.286733333333333462e+02 1.276866666666666674e+02 1.288333333333333428e+02
1.286733333333333462e+02 1.276866666666666674e+02 1.288333333333333428e+02
1.286733333333333462e+02 1.276866666666666674e+02 1.288333333333333428e+02
1.286733333333333462e+02 1.276866666666666674e+02 1.288333333333333428e+02
1.286733333333333462e+02 1.276866666666666674e+02 1.288333333333333428e+02
1.286733333333333462e+02 1.276866666666666674e+02 1.288333333333333428e+02
1.286733333333333462e+02 1.276866666666666674e+02 1.288333333333333428e+02
1.286733333333333462e+02 1.276866666666666674e+02 1.288333333333333428e+02
1.286733333333333462e+02 1.276866666666666674e+02 1.288333333333333428e+02
1.286733333333333462e+02 1.276866666666666674e+02 1.288333333333333428e+02
1.286733333333333462e+02 1.276866666666666674e+02 1.288333333333333428e+02
1.286733333333333462e+02 1.276866666666666674e+02 1.288333333333333428e+02
1.286733333333333462e+02 1.276866666666666674e+02 1.288333333333333428e+02
1.286733333333333462e+02 1.276866666666666674e+02 1.288333333333333428e+02
1.286733333333333462e+02 1.276866666666666674e+02 1.288333333333333428e+02
1.286733333333333462e+02 1.276866666666666674e+02 1.288333333333333428e+02
1.286733333333333462e+02 1.276866666666666674e+02 1.288333333333333428e+02
1.286733333333333462e+02 1.276866666666666674e+02 1.288333333333333428e+02
1.286733333333333462e+02 1.276866666666666674e+02 1.288333333333333428e+02
1.286733333333333462e+02 1.276866666666666674e+02 1.288333333333333428e+02
1.286733333333333462e+02 1.276866666666666674e+02 1.288333333333333428e+02
1.286733333333333462e+02 1.276866666666666674e+02 1.288333333333333428e+02
1.286733333333333462e+02 1.276866666666666674e+02 1.288333333333333428e+02
1.286733333333333462e+02 1.276866666666666674e+02 1.288333333333333428e+02
1.286733333333333462e+02 1.276866666666666674e+02 1.288333333333333428e+02
1.286733333333333462e+02 1.276866666666666674e+02 1.288333333333333428e+02
1.286733333333333462e+02 1.276866666666666674e+02 1.288333333333333428e+02
1.286733333333333462e+02 1.276866666666666674e+02 1.288333333333333428e+02
1.286733333333333462e+02 1.276866666666666674e+02 1.288333333333333428e+02
1.286733333333333462e+02 1.276866666666666674e+02 1.288333333333333428e+02
1.286733333333333462e+02 1.276866666666666674e+02 1.288333333333333428e+02
1.286733333333333462e+02 1.276866666666666674e+02 1.288333333333333428e+02
1.286733333333333462e+02 1.276866666666666674e+02 1.288333333333333428e+02
1.286733333333333462e+02 1.276866666666666674e+02 1.288333333333333428e+02
1.286733333333333462e+02 1.276866666666666674e+02 1.288333333333333428e+02
1.286733333333333462e+02 1.276866666666666674e+02 1.288333333333333428e+02
1.286733333333333462e+02 1.276866666666666674e+02 1.288333333333333428e+02
1.286733333333333462e+02 1.276866666666666674e+02 1.288333333333333428e+02
1.286733333333333462e+02 1.276866666666666674e+02 1.288333333333333428e+02
1.286733333333333462e+02 1.276866666666666674e+02 1.288333333333333428e+02
1.286733333333333462e+02 1.276866666666666674e+02 1.288333333333333428e+02
1.286733333333333462e+02 1.276866666666666674e+02 1.288333333333333428e+02
1.286733333333333462e+02 1.276866666666666674e+02 1.288333333333333428e+02
1.286733333333333462e+02 1.276866666666666674e+02 1.288333333333333428e+02
1.286733333333333462e+02 1.276866666666666674e+02 1.288333333333333428e+02
1.286733333333333462e+02 1.276866666666666674e+02 1.288333333333333428e+02
1.286733333333333462e+02 1.276866666666666674e+02 1.288333333333333428e+02
1.286733333333333462e+02 1.276866666666666674e+02 1.288333333333333428e+02
1.286733333333333462e+02 1.276866666666666674e+02 1.288333333333333428e+02
1.286733333333333462e+02 1.276866666666666674e+02 1.288333333333333428e+02
1.286733333333333462e+02 1.276866666666666674e+02 1.288333333333333428e+02
1.286733333333333462e+02 1.276866666666666674e+02 1.288333333333333428e+02
1.286733333333333462e+02 1.276866666666666674e+02 1.288333333333333428e+02
1.286733333333333462e+02 1.276866666666666674e+02 1.288333333333333428e+02
1.286733333333333462e+02 1.276866666666666674e+02 1.288333333333333428e+02
1.286733333333333462e+02 1.276866666666666674e+02 1.288333333333333428e+02
1.286733333333333462e+02 1.276866666666666674e+02 1.288333333333333428e+02
1.286733333333333462e+02 1.276866666666666674e+02 1.288333333333333428e+02
1.286733333333333462e+02 1.276866666666666674e+02 1.288333333333333428e+02
1.286733333333333462e+02 1.276866666666666674e+02 1.288333333333333428e+02
1.286733333333333462e+02 1.276866666666666674e+02 1.288333333333333428e+02
1.286733333333333462e+02 1.276866666666666674e+02 1.288333333333333428e+02
1.286733333333333462e+02 1.276866666666666674e+02 1.288333333333333428e+02
1.286733333333333462e+02 1.276866666666666674e+02 1.288333333333333428e+02
1.286733333333333462e+02 1.276866666666666674e+02 1.288333333333333428e+02
1.286733333333333462e+02 1.276866666666666674e+02 1.288333333333333428e+02
1.286733333333333462e+02 1.276866666666666674e+02 1.288333333333333428e+02
1.286733333333333462e+02 1.276866666666666674e+02 1.288333333333333428e+02
1.286733333333333462e+02 1.276866666666666674e+02 1.288333333333333428e+02
1.286733333333333462e+02 1.276866666666666674e+02 1.288333333333333428e+02
1.286733333333333462e+02 1.276866666666666674e+02 1.288333333333333428e+02
1.286733333333333462e+02 1.276866666666666674e+02 1.288333333333333428e+02
1.286733333333333462e+02 1.276866666666666674e+02 1.288333333333333428e+02
1.286733333333333462e+02 1.276866666666666674e+02 1.288333333333333428e+02
1.286733333333333462e+02 1.276866666666666674e+02 1.288333333333333428e+02
1.286733333333333462e+02 1.276866666666666674e+02 1.288333333333333428e+02
1.286733333333333462e+02 1.276866666666666674e+02 1.288333333333333428e+02
1.286733333333333462e+02 1.276866666666666674e+02 1.288333333333333428e+02
1.286733333333333462e+02 1.276866666666666674e+02 1.288333333333333428e+02
1.286733333333333462e+02 1.276866666666666674e+02 1.288333333333333428e+02
1.286733333333333462e+02 1.276866666666666674e+02 1.288333333333333428e+02
1.286733333333333462e+02 1.276866666666666674e+02 1.288333333333333428e+02
1.286733333333333462e+02 1.276866666666666674e+02 1.288333333333333428e+02
1.286733333333333462e+02 1.276866666666666674e+02 1.288333333333333428e+02
1.286733333333333462e+02 1.276866666666666674e+02 1.288333333333333428e+02
1.286733333333333462e+02 1.276866666666666674e+02 1.288333333333333428e+02
1.286733333333333462e+02 1.276866666666666674e+02 1.288333333333333428e+02
1.286733333333333462e+02 1.276866666666666674e+02 1.288333333333333428e+02
1.286733333333333462e+02 1.276866666666666674e+02 1.288333333333333428e+02
1.286733333333333462e+02 1.276866666666666674e+02 1.288333333333333428e+02
1.286733333333333462e+02 1.276866666666666674e+02 1.288333333333333428e+02
1.286733333333333462e+02 1.276866666666666674e+02 1.288333333333333428e+02
1.286733333333333462e+02 1.276866666666666674e+02 1.288333333333333428e+02
1.286733333333333462e+02 1.276866666666666674e+02 1.288333333333333428e+02
1.286733333333333462e+02 1.276866666666666674e+02 1.288333333333333428e+02
1.286733333333333462e+02 1.276866666666666674e+02 1.288333333333333428e+02
1.286733333333333462e+02 1.276866666666666674e+02 1.288333333333333428e+02
1.286733333333333462e+02 1.276866666666666674e+02 1.288333333333333428e+02
1.286733333333333462e+02 1.276866666666666674e+02 1.288333333333333428e+02
1.286733333333333462e+02 1.276866666666666674e+02 1.288333333333333428e+02
1.286733333333333462e+02 1.276866666666666674e+02 1.288333333333333428e+02
1.286733333333333462e+02 1.276866666666666674e+02 1.288333333333333428e+02
1.286733333333333462e+02 1.276866666666666674e+02 1.288333333333333428e+02
1.286733333333333462e+02 1.276866666666666674e+02 1.288333333333333428e+02
1.286733333333333462e+02 1.276866666666666674e+02 1.288333333333333428e+02
1.286733333333333462e+02 1.276866666666666674e+02 1.288333333333333428e+02
1.286733333333333462e+02 1.276866666666666674e+02 1.288333333333333428e+02
1.286733333333333462e+02 1.276866666666666674e+02 1.288333333333333428e+02
1.286733333333333462e+02 1.276866666666666674e+02 1.288333333333333428e+02
1.286733333333333462e+02 1.276866666666666674e+02 1.288333333333333428e+02
1.286733333333333462e+02 1.276866666666666674e+02 1.288333333333333428e+02
1.286733333333333462e+02 1.276866666666666674e+02 1.288333333333333428e+02
1.286733333333333462e+02 1.276866666666666674e+02 1.288333333333333428e+02
1.286733333333333462e+02 1.276866666666666674e+02 1.288333333333333428e+02
1.286733333333333462e+02 1.276866666666666674e+02 1.288333333333333428e+02
1.286733333333333462e+02 1.276866666666666674e+02 1.288333333333333428e+02
1.286733333333333462e+02 1.276866666666666674e+02 1.288333333333333428e+02
1.286733333333333462e+02 1.276866666666666674e+02 1.288333333333333428e+02
1.286733333333333462e+02 1.276866666666666674e+02 1.288333333333333428e+02
1.286733333333333462e+02 1.276866666666666674e+02 1.288333333333333428e+02
1.286733333333333462e+02 1.276866666666666674e+02 1.288333333333333428e+02
1.286733333333333462e+02 1.276866666666666674e+02 1.288333333333333428e+02
1.286733333333333462e+02 1.276866666666666674e+02 1.288333333333333428e+02
1.286733333333333462e+02 1.276866666666666674e+02 1.288333333333333428e+02
1.286733333333333462e+02 1.276866666666666674e+02 1.288333333333333428e+02
1.286733333333333462e+02 1.276866666666666674e+02 1.288333333333333428e+02
1.286733333333333462e+02 1.276866666666666674e+02 1.288333333333333428e+02
1.286733333333333462e+02 1.276866666666666674e+02 1.288333333333333428e+02
1.286733333333333462e+02 1.276866666666666674e+02 1.288333333333333428e+02
1.286733333333333462e+02 1.276866666666666674e+02 1.288333333333333428e+02
1.286733333333333462e+02 1.276866666666666674e+02 1.288333333333333428e+02
1.286733333333333462e+02 1.276866666666666674e+02 1.288333333333333428e+02
1.286733333333333462e+02 1.276866666666666674e+02 1.288333333333333428e+02
1.286733333333333462e+02 1.276866666666666674e+02 1.288333333333333428e+02
1.286733333333333462e+02 1.276866666666666674e+02 1.288333333333333428e+02
1.286733333333333462e+02 1.276866666666666674e+02 1.288333333333333428e+02
1.286733333333333462e+02 1.276866666666666674e+02 1.288333333333333428e+02
1.286733333333333462e+02 1.276866666666666674e+02 1.288333333333333428e+02
1.286733333333333462e+02 1.276866666666666674e+02 1.288333333333333428e+02
1.286733333333333462e+02 1.276866666666666674e+02 1.288333333333333428e+02
1.286733333333333462e+02 1.276866666666666674e+02 1.288333333333333428e+02
1.286733333333333462e+02 1.276866666666666674e+02 1.288333333333333428e+02
1.286733333333333462e+02 1.276866666666666674e+02 1.288333333333333428e+02
1.286733333333333462e+02 1.276866666666666674e+02 1.288333333333333428e+02
1.286733333333333462e+02 1.276866666666666674e+02 1.288333333333333428e+02
1.286733333333333462e+02 1.276866666666666674e+02 1.288333333333333428e+02
1.286733333333333462e+02 1.276866666666666674e+02 1.288333333333333428e+02
1.286733333333333462e+02 1.276866666666666674e+02 1.288333333333333428e+02
1.286733333333333462e+02 1.276866666666666674e+02 1.288333333333333428e+02
1.286733333333333462e+02 1.276866666666666674e+02 1.288333333333333428e+02
1.286733333333333462e+02 1.276866666666666674e+02 1.288333333333333428e+02
1.286733333333333462e+02 1.276866666666666674e+02 1.288333333333333428e+02
1.286733333333333462e+02 1.276866666666666674e+02 1.288333333333333428e+02
1.286733333333333462e+02 1.276866666666666674e+02 1.288333333333333428e+02
1.286733333333333462e+02 1.276866666666666674e+02 1.288333333333333428e+02
1.286733333333333462e+02 1.276866666666666674e+02 1.288333333333333428e+02
1.286733333333333462e+02 1.276866666666666674e+02 1.288333333333333428e+02
1.286733333333333462e+02 1.276866666666666674e+02 1.288333333333333428e+02
1.286733333333333462e+02 1.276866666666666674e+02 1.288333333333333428e+02
1.286733333333333462e+02 1.276866666666666674e+02 1.288333333333333428e+02
1.286733333333333462e+02 1.276866666666666674e+02 1.288333333333333428e+02
1.286733333333333462e+02 1.276866666666666674e+02 1.288333333333333428e+02
1.286733333333333462e+02 1.276866666666666674e+02 1.288333333333333428e+02
1.286733333333333462e+02 1.276866666666666674e+02 1.288333333333333428e+02
1.286733333333333462e+02 1.276866666666666674e+02 1.288333333333333428e+02
1.286733333333333462e+02 1.276866666666666674e+02 1.288333333333333428e+02
1.286733333333333462e+02 1.276866666666666674e+02 1.288333333333333428e+02
1.286733333333333462e+02 1.276866666666666674e+02 1.288333333333333428e+02
1.286733333333333462e+02 1.276866666666666674e+02 1.288333333333333428e+02
1.286733333333333462e+02 1.276866666666666674e+02 1.288333333333333428e+02
1.286733333333333462e+02 1.276866666666666674e+02 1.288333333333333428e+02
1.286733333333333462e+02 1.276866666666666674e+02 1.288333333333333428e+02
1.286733333333333462e+02 1.276866666666666674e+02 1.288333333333333428e+02
1.286733333333333462e+02 1.276866666666666674e+02 1.288333333333333428e+02
1.286733333333333462e+02 1.276866666666666674e+02 1.288333333333333428e+02
1.286733333333333462e+02 1.276866666666666674e+02 1.288333333333333428e+02
1.286733333333333462e+02 1.276866666666666674e+02 1.288333333333333428e+02
1.286733333333333462e+02 1.276866666666666674e+02 1.288333333333333428e+02
1.286733333333333462e+02 1.276866666666666674e+02 1.288333333333333428e+02
1.286733333333333462e+02 1.276866666666666674e+02 1.288333333333333428e+02
1.286733333333333462e+02 1.276866666666666674e+02 1.288333333333333428e+02
1.286733333333333462e+02 1.276866666666666674e+02 1.288333333333333428e+02
1.286733333333333462e+02 1.276866666666666674e+02 1.288333333333333428e+02
1.286733333333333462e+02 1.276866666666666674e+02 1.288333333333333428e+02
1.286733333333333462e+02 1.276866666666666674e+02 1.288333333333333428e+02
1.286733333333333462e+02 1.276866666666666674e+02 1.288333333333333428e+02
1.286733333333333462e+02 1.276866666666666674e+02 1.288333333333333428e+02
1.286733333333333462e+02 1.276866666666666674e+02 1.288333333333333428e+02
1.286733333333333462e+02 1.276866666666666674e+02 1.288333333333333428e+02
1.286733333333333462e+02 1.276866666666666674e+02 1.288333333333333428e+02
1.286733333333333462e+02 1.276866666666666674e+02 1.288333333333333428e+02
1.286733333333333462e+02 1.276866666666666674e+02 1.288333333333333428e+02
1.286733333333333462e+02 1.276866666666666674e+02 1.288333333333333428e+02
1.286733333333333462e+02 1.276866666666666674e+02 1.288333333333333428e+02
1.286733333333333462e+02 1.276866666666666674e+02 1.288333333333333428e+02
1.286733333333333462e+02 1.276866666666666674e+02 1.288333333333333428e+02
1.286733333333333462e+02 1.276866666666666674e+02 1.288333333333333428e+02
1.286733333333333462e+02 1.276866666666666674e+02 1.288333333333333428e+02
1.286733333333333462e+02 1.276866666666666674e+02 1.288333333333333428e+02
1.286733333333333462e+02 1.276866666666666674e+02 1.288333333333333428e+02
1.286733333333333462e+02 1.276866666666666674e+02 1.288333333333333428e+02
1.286733333333333462e+02 1.276866666666666674e+02 1.288333333333333428e+02
1.286733333333333462e+02 1.276866666666666674e+02 1.288333333333333428e+02
1.286733333333333462e+02 1.276866666666666674e+02 1.288333333333333428e+02
1.286733333333333462e+02 1.276866666666666674e+02 1.288333333333333428e+02
1.286733333333333462e+02 1.276866666666666674e+02 1.288333333333333428e+02
1.286733333333333462e+02 1.276866666666666674e+02 1.288333333333333428e+02
1.286733333333333462e+02 1.276866666666666674e+02 1.288333333333333428e+02
1.286733333333333462e+02 1.276866666666666674e+02 1.288333333333333428e+02
1.286733333333333462e+02 1.276866666666666674e+02 1.288333333333333428e+02
1.286733333333333462e+02 1.276866666666666674e+02 1.288333333333333428e+02
1.286733333333333462e+02 1.276866666666666674e+02 1.288333333333333428e+02
1.286733333333333462e+02 1.276866666666666674e+02 1.288333333333333428e+02
1.286733333333333462e+02 1.276866666666666674e+02 1.288333333333333428e+02
1.286733333333333462e+02 1.276866666666666674e+02 1.288333333333333428e+02
1.286733333333333462e+02 1.276866666666666674e+02 1.288333333333333428e+02
1.286733333333333462e+02 1.276866666666666674e+02 1.288333333333333428e+02
1.286733333333333462e+02 1.276866666666666674e+02 1.288333333333333428e+02
1.286733333333333462e+02 1.276866666666666674e+02 1.288333333333333428e+02
1.286733333333333462e+02 1.276866666666666674e+02 1.288333333333333428e+02
1.286733333333333462e+02 1.276866666666666674e+02 1.288333333333333428e+02
1.286733333333333462e+02 1.276866666666666674e+02 1.288333333333333428e+02
1.286733333333333462e+02 1.276866666666666674e+02 1.288333333333333428e+02
1.286733333333333462e+02 1.276866666666666674e+02 1.288333333333333428e+02
1.286733333333333462e+02 1.276866666666666674e+02 1.288333333333333428e+02
1.286733333333333462e+02 1.276866666666666674e+02 1.288333333333333428e+02
1.286733333333333462e+02 1.276866666666666674e+02 1.288333333333333428e+02
1.286733333333333462e+02 1.276866666666666674e+02 1.288333333333333428e+02
1.286733333333333462e+02 1.276866666666666674e+02 1.288333333333333428e+02
1.286733333333333462e+02 1.276866666666666674e+02 1.288333333333333428e+02
1.286733333333333462e+02 1.276866666666666674e+02 1.288333333333333428e+02
1.286733333333333462e+02 1.276866666666666674e+02 1.288333333333333428e+02
1.286733333333333462e+02 1.276866666666666674e+02 1.288333333333333428e+02
1.286733333333333462e+02 1.276866666666666674e+02 1.288333333333333428e+02
1.286733333333333462e+02 1.276866666666666674e+02 1.288333333333333428e+02
1.286733333333333462e+02 1.276866666666666674e+02 1.288333333333333428e+02
1.286733333333333462e+02 1.276866666666666674e+02 1.288333333333333428e+02
1.286733333333333462e+02 1.276866666666666674e+02 1.288333333333333428e+02
1.286733333333333462e+02 1.276866666666666674e+02 1.288333333333333428e+02
1.286733333333333462e+02 1.276866666666666674e+02 1.288333333333333428e+02
1.286733333333333462e+02 1.276866666666666674e+02 1.288333333333333428e+02
1.286733333333333462e+02 1.276866666666666674e+02 1.288333333333333428e+02
1.286733333333333462e+02 1.276866666666666674e+02 1.288333333333333428e+02
1.286733333333333462e+02 1.276866666666666674e+02 1.288333333333333428e+02
1.286733333333333462e+02 1.276866666666666674e+02 1.288333333333333428e+02
1.286733333333333462e+02 1.276866666666666674e+02 1.288333333333333428e+02
1.286733333333333462e+02 1.276866666666666674e+02 1.288333333333333428e+02
1.286733333333333462e+02 1.276866666666666674e+02 1.288333333333333428e+02
1.286733333333333462e+02 1.276866666666666674e+02 1.288333333333333428e+02
1.286733333333333462e+02 1.276866666666666674e+02 1.288333333333333428e+02
1.286733333333333462e+02 1.276866666666666674e+02 1.288333333333333428e+02
1.286733333333333462e+02 1.276866666666666674e+02 1.288333333333333428e+02
1.286733333333333462e+02 1.276866666666666674e+02 1.288333333333333428e+02
1.286733333333333462e+02 1.276866666666666674e+02 1.288333333333333428e+02
1.286733333333333462e+02 1.276866666666666674e+02 1.288333333333333428e+02
1.286733333333333462e+02 1.276866666666666674e+02 1.288333333333333428e+02
1.286733333333333462e+02 1.276866666666666674e+02 1.288333333333333428e+02
1.286733333333333462e+02 1.276866666666666674e+02 1.288333333333333428e+02
1.286733333333333462e+02 1.276866666666666674e+02 1.288333333333333428e+02
1.286733333333333462e+02 1.276866666666666674e+02 1.288333333333333428e+02
1.286733333333333462e+02 1.276866666666666674e+02 1.288333333333333428e+02
1.286733333333333462e+02 1.276866666666666674e+02 1.288333333333333428e+02
1.286733333333333462e+02 1.276866666666666674e+02 1.288333333333333428e+02
1.286733333333333462e+02 1.276866666666666674e+02 1.288333333333333428e+02
1.286733333333333462e+02 1.276866666666666674e+02 1.288333333333333428e+02
1.286733333333333462e+02 1.276866666666666674e+02 1.288333333333333428e+02
1.286733333333333462e+02 1.276866666666666674e+02 1.288333333333333428e+02
1.286733333333333462e+02 1.276866666666666674e+02 1.288333333333333428e+02
1.286733333333333462e+02 1.276866666666666674e+02 1.288333333333333428e+02
1.286733333333333462e+02 1.276866666666666674e+02 1.288333333333333428e+02
1.286733333333333462e+02 1.276866666666666674e+02 1.288333333333333428e+02
1.286733333333333462e+02 1.276866666666666674e+02 1.288333333333333428e+02
1.286733333333333462e+02 1.276866666666666674e+02 1.288333333333333428e+02
1.286733333333333462e+02 1.276866666666666674e+02 1.288333333333333428e+02
1.286733333333333462e+02 1.276866666666666674e+02 1.288333333333333428e+02
1.286733333333333462e+02 1.276866666666666674e+02 1.288333333333333428e+02
1.286733333333333462e+02 1.276866666666666674e+02 1.288333333333333428e+02
1.286733333333333462e+02 1.276866666666666674e+02 1.288333333333333428e+02
1.286733333333333462e+02 1.276866666666666674e+02 1.288333333333333428e+02
1.286733333333333462e+02 1.276866666666666674e+02 1.288333333333333428e+02
1.286733333333333462e+02 1.276866666666666674e+02 1.288333333333333428e+02
1.286733333333333462e+02 1.276866666666666674e+02 1.288333333333333428e+02
1.286733333333333462e+02 1.276866666666666674e+02 1.288333333333333428e+02
1.286733333333333462e+02 1.276866666666666674e+02 1.288333333333333428e+02
1.286733333333333462e+02 1.276866666666666674e+02 1.288333333333333428e+02
1.286733333333333462e+02 1.276866666666666674e+02 1.288333333333333428e+02
1.286733333333333462e+02 1.276866666666666674e+02 1.288333333333333428e+02
1.286733333333333462e+02 1.276866666666666674e+02 1.288333333333333428e+02
1.286733333333333462e+02 1.276866666666666674e+02 1.288333333333333428e+02
1.286733333333333462e+02 1.276866666666666674e+02 1.288333333333333428e+02
1.286733333333333462e+02 1.276866666666666674e+02 1.288333333333333428e+02
1.286733333333333462e+02 1.276866666666666674e+02 1.288333333333333428e+02
1.286733333333333462e+02 1.276866666666666674e+02 1.288333333333333428e+02
1.286733333333333462e+02 1.276866666666666674e+02 1.288333333333333428e+02
1.286733333333333462e+02 1.276866666666666674e+02 1.288333333333333428e+02
1.286733333333333462e+02 1.276866666666666674e+02 1.288333333333333428e+02
1.286733333333333462e+02 1.276866666666666674e+02 1.288333333333333428e+02
1.286733333333333462e+02 1.276866666666666674e+02 1.288333333333333428e+02
1.286733333333333462e+02 1.276866666666666674e+02 1.288333333333333428e+02
1.286733333333333462e+02 1.276866666666666674e+02 1.288333333333333428e+02
1.286733333333333462e+02 1.276866666666666674e+02 1.288333333333333428e+02
1.286733333333333462e+02 1.276866666666666674e+02 1.288333333333333428e+02
1.286733333333333462e+02 1.276866666666666674e+02 1.288333333333333428e+02
1.286733333333333462e+02 1.276866666666666674e+02 1.288333333333333428e+02
1.286733333333333462e+02 1.276866666666666674e+02 1.288333333333333428e+02
1.286733333333333462e+02 1.276866666666666674e+02 1.288333333333333428e+02
1.286733333333333462e+02 1.276866666666666674e+02 1.288333333333333428e+02
1.286733333333333462e+02 1.276866666666666674e+02 1.288333333333333428e+02
1.286733333333333462e+02 1.276866666666666674e+02 1.288333333333333428e+02
1.286733333333333462e+02 1.276866666666666674e+02 1.288333333333333428e+02
1.286733333333333462e+02 1.276866666666666674e+02 1.288333333333333428e+02
1.286733333333333462e+02 1.276866666666666674e+02 1.288333333333333428e+02
1.286733333333333462e+02 1.276866666666666674e+02 1.288333333333333428e+02
1.286733333333333462e+02 1.276866666666666674e+02 1.288333333333333428e+02
1.286733333333333462e+02 1.276866666666666674e+02 1.288333333333333428e+02
1.286733333333333462e+02 1.276866666666666674e+02 1.288333333333333428e+02
1.286733333333333462e+02 1.276866666666666674e+02 1.288333333333333428e+02
1.286733333333333462e+02 1.276866666666666674e+02 1.288333333333333428e+02
1.286733333333333462e+02 1.276866666666666674e+02 1.288333333333333428e+02
1.286733333333333462e+02 1.276866666666666674e+02 1.288333333333333428e+02
1.286733333333333462e+02 1.276866666666666674e+02 1.288333333333333428e+02
1.286733333333333462e+02 1.276866666666666674e+02 1.288333333333333428e+02
1.286733333333333462e+02 1.276866666666666674e+02 1.288333333333333428e+02
1.286733333333333462e+02 1.276866666666666674e+02 1.288333333333333428e+02
1.286733333333333462e+02 1.276866666666666674e+02 1.288333333333333428e+02
1.286733333333333462e+02 1.276866666666666674e+02 1.288333333333333428e+02
1.286733333333333462e+02 1.276866666666666674e+02 1.288333333333333428e+02
1.286733333333333462e+02 1.276866666666666674e+02 1.288333333333333428e+02
1.286733333333333462e+02 1.276866666666666674e+02 1.288333333333333428e+02
1.286733333333333462e+02 1.276866666666666674e+02 1.288333333333333428e+02
1.286733333333333462e+02 1.276866666666666674e+02 1.288333333333333428e+02
1.286733333333333462e+02 1.276866666666666674e+02 1.288333333333333428e+02
1.286733333333333462e+02 1.276866666666666674e+02 1.288333333333333428e+02
1.286733333333333462e+02 1.276866666666666674e+02 1.288333333333333428e+02
1.286733333333333462e+02 1.276866666666666674e+02 1.288333333333333428e+02
1.286733333333333462e+02 1.276866666666666674e+02 1.288333333333333428e+02
1.286733333333333462e+02 1.276866666666666674e+02 1.288333333333333428e+02
1.286733333333333462e+02 1.276866666666666674e+02 1.288333333333333428e+02
1.286733333333333462e+02 1.276866666666666674e+02 1.288333333333333428e+02
1.286733333333333462e+02 1.276866666666666674e+02 1.288333333333333428e+02
1.286733333333333462e+02 1.276866666666666674e+02 1.288333333333333428e+02
1.286733333333333462e+02 1.276866666666666674e+02 1.288333333333333428e+02
1.286733333333333462e+02 1.276866666666666674e+02 1.288333333333333428e+02
1.286733333333333462e+02 1.276866666666666674e+02 1.288333333333333428e+02
1.286733333333333462e+02 1.276866666666666674e+02 1.288333333333333428e+02
1.286733333333333462e+02 1.276866666666666674e+02 1.288333333333333428e+02
1.286733333333333462e+02 1.276866666666666674e+02 1.288333333333333428e+02
1.286733333333333462e+02 1.276866666666666674e+02 1.288333333333333428e+02
1.286733333333333462e+02 1.276866666666666674e+02 1.288333333333333428e+02
1.286733333333333462e+02 1.276866666666666674e+02 1.288333333333333428e+02
1.286733333333333462e+02 1.276866666666666674e+02 1.288333333333333428e+02
1.286733333333333462e+02 1.276866666666666674e+02 1.288333333333333428e+02
1.286733333333333462e+02 1.276866666666666674e+02 1.288333333333333428e+02
1.286733333333333462e+02 1.276866666666666674e+02 1.288333333333333428e+02
1.286733333333333462e+02 1.276866666666666674e+02 1.288333333333333428e+02
1.286733333333333462e+02 1.276866666666666674e+02 1.288333333333333428e+02
1.286733333333333462e+02 1.276866666666666674e+02 1.288333333333333428e+02
1.286733333333333462e+02 1.276866666666666674e+02 1.288333333333333428e+02
1.286733333333333462e+02 1.276866666666666674e+02 1.288333333333333428e+02
1.286733333333333462e+02 1.276866666666666674e+02 1.288333333333333428e+02
1.286733333333333462e+02 1.276866666666666674e+02 1.288333333333333428e+02
1.286733333333333462e+02 1.276866666666666674e+02 1.288333333333333428e+02
1.286733333333333462e+02 1.276866666666666674e+02 1.288333333333333428e+02
1.286733333333333462e+02 1.276866666666666674e+02 1.288333333333333428e+02
1.286733333333333462e+02 1.276866666666666674e+02 1.288333333333333428e+02
1.286733333333333462e+02 1.276866666666666674e+02 1.288333333333333428e+02
1.286733333333333462e+02 1.276866666666666674e+02 1.288333333333333428e+02
1.286733333333333462e+02 1.276866666666666674e+02 1.288333333333333428e+02
1.286733333333333462e+02 1.276866666666666674e+02 1.288333333333333428e+02
1.286733333333333462e+02 1.276866666666666674e+02 1.288333333333333428e+02
1.286733333333333462e+02 1.276866666666666674e+02 1.288333333333333428e+02
1.286733333333333462e+02 1.276866666666666674e+02 1.288333333333333428e+02
1.286733333333333462e+02 1.276866666666666674e+02 1.288333333333333428e+02
1.286733333333333462e+02 1.276866666666666674e+02 1.288333333333333428e+02
1.286733333333333462e+02 1.276866666666666674e+02 1.288333333333333428e+02
1.286733333333333462e+02 1.276866666666666674e+02 1.288333333333333428e+02
1.286733333333333462e+02 1.276866666666666674e+02 1.288333333333333428e+02
1.286733333333333462e+02 1.276866666666666674e+02 1.288333333333333428e+02
1.286733333333333462e+02 1.276866666666666674e+02 1.288333333333333428e+02
1.286733333333333462e+02 1.276866666666666674e+02 1.288333333333333428e+02
1.286733333333333462e+02 1.276866666666666674e+02 1.288333333333333428e+02
1.286733333333333462e+02 1.276866666666666674e+02 1.288333333333333428e+02
1.286733333333333462e+02 1.276866666666666674e+02 1.288333333333333428e+02
1.286733333333333462e+02 1.276866666666666674e+02 1.288333333333333428e+02
1.286733333333333462e+02 1.276866666666666674e+02 1.288333333333333428e+02
1.286733333333333462e+02 1.276866666666666674e+02 1.288333333333333428e+02
1.286733333333333462e+02 1.276866666666666674e+02 1.288333333333333428e+02
1.286733333333333462e+02 1.276866666666666674e+02 1.288333333333333428e+02
1.286733333333333462e+02 1.276866666666666674e+02 1.288333333333333428e+02
1.286733333333333462e+02 1.276866666666666674e+02 1.288333333333333428e+02
1.286733333333333462e+02 1.276866666666666674e+02 1.288333333333333428e+02
1.286733333333333462e+02 1.276866666666666674e+02 1.288333333333333428e+02
1.286733333333333462e+02 1.276866666666666674e+02 1.288333333333333428e+02
1.286733333333333462e+02 1.276866666666666674e+02 1.288333333333333428e+02
1.286733333333333462e+02 1.276866666666666674e+02 1.288333333333333428e+02
1.286733333333333462e+02 1.276866666666666674e+02 1.288333333333333428e+02
1.286733333333333462e+02 1.276866666666666674e+02 1.288333333333333428e+02
1.286733333333333462e+02 1.276866666666666674e+02 1.288333333333333428e+02
1.286733333333333462e+02 1.276866666666666674e+02 1.288333333333333428e+02
1.286733333333333462e+02 1.276866666666666674e+02 1.288333333333333428e+02
1.286733333333333462e+02 1.276866666666666674e+02 1.288333333333333428e+02
1.286733333333333462e+02 1.276866666666666674e+02 1.288333333333333428e+02
