1.293000000000000114e+02 1.284533333333333474e+02 1.278733333333333348e+02
1.290800000000000125e+02 1.285266666666666708e+02 1.280133333333333212e+02
1.291390728476821153e+02 1.284238410596026370e+02 1.279536423841059616e+02
1.289199999999999875e+02 1.280266666666666708e+02 1.276466666666666612e+02
1.285065789473684106e+02 1.278421052631578902e+02 1.279210526315789451e+02
1.286174496644295289e+02 1.278255033557046971e+02 1.282080536912751541e+02
1.288145695364238463e+02 1.279271523178807968e+02 1.282582781456953569e+02
1.290855263157894797e+02 1.275657894736842053e+02 1.285460526315789593e+02
1.288476821192053023e+02 1.276556291390728433e+02 1.287748344370860991e+02
1.287133333333333383e+02 1.272933333333333366e+02 1.289733333333333292e+02
1.287133333333333383e+02 1.269533333333333331e+02 1.288133333333333326e+02
1.285666666666666629e+02 1.276066666666666691e+02 1.288666666666666742e+02
1.287284768211920607e+02 1.276357615894039697e+02 1.287417218543046431e+02
1.286754966887417311e+02 1.274503311258278160e+02 1.288278145695364287e+02
1.287666666666666799e+02 1.275600000000000023e+02 1.289000000000000057e+02
1.287866666666666617e+02 1.273866666666666703e+02 1.293266666666666538e+02
1.288344370860927199e+02 1.273443708609271567e+02 1.294834437086092578e+02
1.288657718120805384e+02 1.273825503355704711e+02 1.294832214765100673e+02
1.289798657718120865e+02 1.272953020134228126e+02 1.296375838926174424e+02
1.291946308724832306e+02 1.274093959731543606e+02 1.293355704697986539e+02
1.290000000000000000e+02 1.275133333333333354e+02 1.296066666666666549e+02
1.291381578947368496e+02 1.271052631578947398e+02 1.296184210526315894e+02
1.291399999999999864e+02 1.268333333333333286e+02 1.295399999999999920e+02
1.289199999999999875e+02 1.266666666666666714e+02 1.299133333333333269e+02
1.291390728476821153e+02 1.266158940397350960e+02 1.299337748344370880e+02
1.289799999999999898e+02 1.266400000000000006e+02 1.300866666666666731e+02
1.289799999999999898e+02 1.267733333333333263e+02 1.299199999999999875e+02
1.285894039735099454e+02 1.266225165562913872e+02 1.297748344370860991e+02
1.285333333333333314e+02 1.265866666666666731e+02 1.294600000000000080e+02
1.285133333333333212e+02 1.266333333333333400e+02 1.291266666666666652e+02
1.282236842105263293e+02 1.265921052631578902e+02 1.288026315789473699e+02
1.279006622516556320e+02 1.267284768211920465e+02 1.286622516556291487e+02
1.278211920529801375e+02 1.268410596026490111e+02 1.290596026490066208e+02
1.282582781456953569e+02 1.271324503311258241e+02 1.292516556291390657e+02
1.281200000000000045e+02 1.271599999999999966e+02 1.291266666666666652e+02
1.278799999999999955e+02 1.270266666666666708e+02 1.289799999999999898e+02
1.277466666666666697e+02 1.266400000000000006e+02 1.293733333333333348e+02
1.279798657718120865e+02 1.266711409395973220e+02 1.295234899328858944e+02
1.275733333333333377e+02 1.271333333333333400e+02 1.294000000000000057e+02
1.274333333333333371e+02 1.271866666666666674e+02 1.296733333333333462e+02
1.270400000000000063e+02 1.273533333333333388e+02 1.294399999999999977e+02
1.269867549668874176e+02 1.274701986754966896e+02 1.292119205298013185e+02
1.268157894736842053e+02 1.276973684210526301e+02 1.292697368421052602e+02
1.269801324503311264e+02 1.280529801324503296e+02 1.294635761589403842e+02
1.267999999999999972e+02 1.281800000000000068e+02 1.295466666666666526e+02
1.265526315789473699e+02 1.283157894736842195e+02 1.297171052631578902e+02
1.261466666666666612e+02 1.280533333333333417e+02 1.295866666666666731e+02
1.262800000000000011e+02 1.280800000000000125e+02 1.295466666666666526e+02
1.262810457516339824e+02 1.286013071895424957e+02 1.293529411764705799e+02
1.263066666666666720e+02 1.285666666666666629e+02 1.294933333333333394e+02
1.261655629139072801e+02 1.285695364238410718e+02 1.292649006622516481e+02
1.259933333333333394e+02 1.286933333333333280e+02 1.290066666666666606e+02
1.254599999999999937e+02 1.288600000000000136e+02 1.287400000000000091e+02
1.255562913907284752e+02 1.289933774834437088e+02 1.284238410596026370e+02
1.255430463576158928e+02 1.293642384105960161e+02 1.284569536423840930e+02
1.253666666666666600e+02 1.296266666666666652e+02 1.286066666666666549e+02
1.255266666666666708e+02 1.296999999999999886e+02 1.287933333333333223e+02
1.254266666666666623e+02 1.295466666666666526e+02 1.292133333333333383e+02
1.255328947368421098e+02 1.294671052631578902e+02 1.293750000000000000e+02
1.252684563758389231e+02 1.296308724832214807e+02 1.292953020134228268e+02
1.251866666666666674e+02 1.292866666666666617e+02 1.291133333333333439e+02
1.252147651006711442e+02 1.291744966442952887e+02 1.290671140939597308e+02
1.255333333333333314e+02 1.290200000000000102e+02 1.288466666666666640e+02
1.258013245033112639e+02 1.287350993377483519e+02 1.291920529801324449e+02
1.257866666666666617e+02 1.285533333333333417e+02 1.290466666666666526e+02
1.263112582781457007e+02 1.285761589403973630e+02 1.290728476821192032e+02
1.265333333333333314e+02 1.284000000000000057e+02 1.289600000000000080e+02
1.266315789473684248e+02 1.285592105263157805e+02 1.293092105263157805e+02
1.267417218543046289e+02 1.284172185430463458e+02 1.290794701986754944e+02
1.269205298013245056e+02 1.284370860927152194e+02 1.291523178807946977e+02
1.270400000000000063e+02 1.281333333333333258e+02 1.289666666666666686e+02
1.266866666666666674e+02 1.281333333333333258e+02 1.292199999999999989e+02
1.267399999999999949e+02 1.282266666666666595e+02 1.288600000000000136e+02
1.265526315789473699e+02 1.282105263157894797e+02 1.287368421052631504e+02
1.267133333333333383e+02 1.284466666666666583e+02 1.287066666666666777e+02
1.268378378378378386e+02 1.281418918918919019e+02 1.285878378378378386e+02
1.268684210526315752e+02 1.276776315789473699e+02 1.287960526315789593e+02
1.267500000000000000e+02 1.273026315789473699e+02 1.283947368421052602e+02
1.268466666666666640e+02 1.273799999999999955e+02 1.280800000000000125e+02
1.269539473684210549e+02 1.267039473684210549e+02 1.279276315789473699e+02
1.272885906040268509e+02 1.267583892617449663e+02 1.279395973154362451e+02
1.276466666666666612e+02 1.263733333333333348e+02 1.284799999999999898e+02
1.274189189189189193e+02 1.261081081081081123e+02 1.287162162162162247e+02
1.274900662251655632e+02 1.256953642384105905e+02 1.283112582781456865e+02
1.275733333333333377e+02 1.260199999999999960e+02 1.281533333333333360e+02
1.274200000000000017e+02 1.261133333333333297e+02 1.282400000000000091e+02
1.273199999999999932e+02 1.261133333333333297e+02 1.283466666666666640e+02
1.276291390728476784e+02 1.266423841059602609e+02 1.284370860927152194e+02
1.273092105263157947e+02 1.266513157894736850e+02 1.283421052631578902e+02
1.276418918918918877e+02 1.268378378378378386e+02 1.278581081081081123e+02
1.279666666666666686e+02 1.269866666666666646e+02 1.280266666666666708e+02
1.277385620915032689e+02 1.271699346405228823e+02 1.282941176470588118e+02
1.280000000000000000e+02 1.273266666666666680e+02 1.281933333333333280e+02
1.278733333333333348e+02 1.274133333333333269e+02 1.283466666666666640e+02
1.277748344370860991e+02 1.273907284768211952e+02 1.284437086092715106e+02
1.274635761589403984e+02 1.275298013245033104e+02 1.284105960264900546e+02
1.274013157894736850e+02 1.271973684210526301e+02 1.284078947368421098e+02
1.275430463576158928e+02 1.272715231788079535e+02 1.285894039735099454e+02
1.273533333333333388e+02 1.270999999999999943e+02 1.282066666666666777e+02
1.272516556291390799e+02 1.272317880794701921e+02 1.280860927152317856e+02
1.275761589403973488e+02 1.273046357615894095e+02 1.283642384105960161e+02
1.274105960264900688e+02 1.275231788079470192e+02 1.284503311258278018e+02
1.270939597315436203e+02 1.274496644295302019e+02 1.289395973154362309e+02
1.273020134228187885e+02 1.277986577181208077e+02 1.289194630872483174e+02
1.273774834437086128e+02 1.279470198675496704e+02 1.290066225165562912e+02
1.271400000000000006e+02 1.281066666666666549e+02 1.290733333333333235e+02
1.269933774834437088e+02 1.283112582781456865e+02 1.291456953642384065e+02
1.269801324503311264e+02 1.280794701986754944e+02 1.293509933774834337e+02
1.269866666666666646e+02 1.279866666666666646e+02 1.292733333333333405e+02
1.267399999999999949e+02 1.282133333333333383e+02 1.295800000000000125e+02
1.265973154362416153e+02 1.285033557046979809e+02 1.296979865771812115e+02
1.265533333333333275e+02 1.283333333333333428e+02 1.294933333333333394e+02
1.267399999999999949e+02 1.284266666666666765e+02 1.293199999999999932e+02
1.270728476821192032e+02 1.287549668874172255e+02 1.294039735099337634e+02
1.273841059602649040e+02 1.287019867549668959e+02 1.294966887417218402e+02
1.272600000000000051e+02 1.285333333333333314e+02 1.294333333333333371e+02
1.274533333333333331e+02 1.286533333333333360e+02 1.293866666666666561e+02
1.273400000000000034e+02 1.290000000000000000e+02 1.297666666666666799e+02
1.275000000000000000e+02 1.285399999999999920e+02 1.302266666666666595e+02
1.272684563758389231e+02 1.287919463087248459e+02 1.303557046979865675e+02
1.272847682119205359e+02 1.294172185430463458e+02 1.305761589403973630e+02
1.270866666666666731e+02 1.293733333333333348e+02 1.303600000000000136e+02
1.270331125827814560e+02 1.293509933774834337e+02 1.304238410596026370e+02
1.271409395973154375e+02 1.297516778523489904e+02 1.308926174496644421e+02
1.272913907284768271e+02 1.298344370860927199e+02 1.308013245033112639e+02
1.274933333333333394e+02 1.294866666666666788e+02 1.307466666666666697e+02
1.275394736842105203e+02 1.292368421052631504e+02 1.310789473684210407e+02
1.276423841059602609e+02 1.297152317880794783e+02 1.310331125827814560e+02
1.276933333333333280e+02 1.292800000000000011e+02 1.313600000000000136e+02
1.281266666666666652e+02 1.293799999999999955e+02 1.312266666666666595e+02
1.282251655629139009e+02 1.289668874172185440e+02 1.314635761589403842e+02
1.285033112582781598e+02 1.291390728476821153e+02 1.314238410596026370e+02
1.289139072847682144e+02 1.290728476821192032e+02 1.318675496688741759e+02
1.287933333333333223e+02 1.293400000000000034e+02 1.320000000000000000e+02
1.286866666666666674e+02 1.292666666666666799e+02 1.319066666666666663e+02
1.284900662251655490e+02 1.292847682119205217e+02 1.316821192052980223e+02
1.289463087248322211e+02 1.290738255033556925e+02 1.316510067114093943e+02
1.288145695364238463e+02 1.288013245033112639e+02 1.316688741721854399e+02
1.286733333333333462e+02 1.290133333333333212e+02 1.311866666666666674e+02
1.286399999999999864e+02 1.287533333333333303e+02 1.312199999999999989e+02
1.286466666666666754e+02 1.285133333333333212e+02 1.309866666666666788e+02
1.284866666666666788e+02 1.286999999999999886e+02 1.310733333333333235e+02
1.287748344370860991e+02 1.288940397350993408e+02 1.310794701986754944e+02
1.288940397350993408e+02 1.285099337748344510e+02 1.312185430463576097e+02
1.287466666666666697e+02 1.287666666666666799e+02 1.309000000000000057e+02
1.287086092715231871e+02 1.288543046357615935e+02 1.308410596026490111e+02
1.286912751677852214e+02 1.287114093959731633e+02 1.309530201342281828e+02
1.285921052631578902e+02 1.287368421052631504e+02 1.306052631578947398e+02
1.285436241610738364e+02 1.291140939597315480e+02 1.303959731543624230e+02
1.282885906040268367e+02 1.293892617449664328e+02 1.304228187919462982e+02
1.282185430463576097e+02 1.296092715231788191e+02 1.303973509933774722e+02
1.279144736842105203e+02 1.298289473684210407e+02 1.305131578947368496e+02
1.280266666666666708e+02 1.299399999999999977e+02 1.304600000000000080e+02
1.276797385620915009e+02 1.300784313725490335e+02 1.301568627450980387e+02
1.277399999999999949e+02 1.302800000000000011e+02 1.300866666666666731e+02
1.279139072847682144e+02 1.303774834437085985e+02 1.301721854304635713e+02
1.278666666666666600e+02 1.308333333333333428e+02 1.298000000000000114e+02
1.276533333333333360e+02 1.308799999999999955e+02 1.299399999999999977e+02
1.275666666666666629e+02 1.307733333333333405e+02 1.296733333333333462e+02
1.276026490066225136e+02 1.307483443708609343e+02 1.293708609271523073e+02
1.276241610738255048e+02 1.307583892617449806e+02 1.291409395973154233e+02
1.273443708609271567e+02 1.311390728476821153e+02 1.288079470198675551e+02
1.273157894736842053e+02 1.313355263157894797e+02 1.286118421052631504e+02
1.270198675496688736e+02 1.312649006622516481e+02 1.284569536423840930e+02
1.268344370860927199e+02 1.312980132450331041e+02 1.284370860927152194e+02
1.271250000000000000e+02 1.312828947368421098e+02 1.283486842105263293e+02
1.269127516778523557e+02 1.313020134228187885e+02 1.281677852348993270e+02
1.269671052631578902e+02 1.312828947368421098e+02 1.281842105263157805e+02
1.268618421052631646e+02 1.309539473684210407e+02 1.283684210526315894e+02
1.266333333333333400e+02 1.310133333333333212e+02 1.280866666666666731e+02
1.270915032679738630e+02 1.306470588235294201e+02 1.281437908496731950e+02
1.268874172185430496e+02 1.305562913907284894e+02 1.280397350993377472e+02
1.265533333333333275e+02 1.301999999999999886e+02 1.281733333333333462e+02
1.265894039735099312e+02 1.299801324503311264e+02 1.280662251655629120e+02
1.266866666666666674e+02 1.302466666666666697e+02 1.282599999999999909e+02
1.270394736842105203e+02 1.301578947368421098e+02 1.281842105263157805e+02
1.272697368421052602e+02 1.301907894736842195e+02 1.285263157894736707e+02
1.272866666666666617e+02 1.299799999999999898e+02 1.285000000000000000e+02
1.278079470198675551e+02 1.297615894039735167e+02 1.283708609271523073e+02
1.275866666666666731e+02 1.294933333333333394e+02 1.282800000000000011e+02
1.277199999999999989e+02 1.291866666666666674e+02 1.282266666666666595e+02
1.278066666666666720e+02 1.287733333333333405e+02 1.282533333333333303e+02
1.275033112582781456e+02 1.285695364238410718e+02 1.281523178807946977e+02
1.276821192052980081e+02 1.285099337748344510e+02 1.285629139072847806e+02
1.272317880794701921e+02 1.282450331125827745e+02 1.282649006622516481e+02
1.271599999999999966e+02 1.281933333333333280e+02 1.279200000000000017e+02
1.272818791946308750e+02 1.282348993288590577e+02 1.279865771812080482e+02
1.275733333333333377e+02 1.282599999999999909e+02 1.282733333333333405e+02
1.278133333333333326e+02 1.284866666666666788e+02 1.287800000000000011e+02
1.281140939597315480e+02 1.280268456375839037e+02 1.285100671140939710e+02
1.281986754966887361e+02 1.280927152317880768e+02 1.286754966887417311e+02
1.277631578947368354e+02 1.279802631578947398e+02 1.286513157894736707e+02
1.278791946308724903e+02 1.277583892617449663e+02 1.287919463087248459e+02
1.281476510067114134e+02 1.276778523489932837e+02 1.291744966442952887e+02
1.281390728476821153e+02 1.274370860927152336e+02 1.291059602649006592e+02
1.280264900662251648e+02 1.270927152317880768e+02 1.293245033112582689e+02
1.280000000000000000e+02 1.271059602649006592e+02 1.294768211920529666e+02
1.277666666666666657e+02 1.270133333333333354e+02 1.296266666666666652e+02
1.275866666666666731e+02 1.268400000000000034e+02 1.296866666666666674e+02
1.278199999999999932e+02 1.264800000000000040e+02 1.299933333333333394e+02
1.277434210526315752e+02 1.265526315789473699e+02 1.297631578947368496e+02
1.277133333333333383e+02 1.265799999999999983e+02 1.296399999999999864e+02
1.276092715231788048e+02 1.266622516556291345e+02 1.296688741721854399e+02
1.274466666666666725e+02 1.264666666666666686e+02 1.297400000000000091e+02
1.276866666666666674e+02 1.265999999999999943e+02 1.298666666666666742e+02
1.276800000000000068e+02 1.269133333333333269e+02 1.298666666666666742e+02
1.277615894039735167e+02 1.273642384105960303e+02 1.300927152317880768e+02
1.280860927152317856e+02 1.273642384105960303e+02 1.302847682119205217e+02
1.280466666666666526e+02 1.272933333333333366e+02 1.301733333333333462e+02
1.279399999999999977e+02 1.274266666666666623e+02 1.303866666666666561e+02
1.281721854304635713e+02 1.273841059602649040e+02 1.301324503311258241e+02
1.280201342281879135e+02 1.273020134228187885e+02 1.296845637583892596e+02
1.275000000000000000e+02 1.271866666666666674e+02 1.296200000000000045e+02
1.276423841059602609e+02 1.274834437086092720e+02 1.296357615894039839e+02
1.277382550335570528e+02 1.277315436241610769e+02 1.293557046979865675e+02
1.276973684210526301e+02 1.276184210526315752e+02 1.291184210526315894e+02
1.277733333333333263e+02 1.276200000000000045e+02 1.289600000000000080e+02
1.275526315789473699e+02 1.274934210526315752e+02 1.292105263157894797e+02
1.275099337748344368e+02 1.277417218543046289e+02 1.290066225165562912e+02
1.275761589403973488e+02 1.277615894039735167e+02 1.291456953642384065e+02
1.274333333333333371e+02 1.271133333333333297e+02 1.290933333333333337e+02
1.273642384105960303e+02 1.271854304635761537e+02 1.290264900662251648e+02
1.270536912751677789e+02 1.274161073825503365e+02 1.291208053691275097e+02
1.271400000000000006e+02 1.273866666666666703e+02 1.293466666666666640e+02
1.270939597315436203e+02 1.272953020134228126e+02 1.295234899328858944e+02
1.268145695364238463e+02 1.271854304635761537e+02 1.298609271523178847e+02
1.263866666666666703e+02 1.269599999999999937e+02 1.295799999999999841e+02
1.260000000000000000e+02 1.270855263157894797e+02 1.298421052631578902e+02
1.260397350993377472e+02 1.272516556291390799e+02 1.298079470198675551e+02
1.258300653594771177e+02 1.272418300653594798e+02 1.300653594771241899e+02
1.258733333333333348e+02 1.269466666666666725e+02 1.303933333333333451e+02
1.257302631578947398e+02 1.269539473684210549e+02 1.304078947368421098e+02
1.256666666666666714e+02 1.271200000000000045e+02 1.306266666666666652e+02
1.256250000000000000e+02 1.269802631578947398e+02 1.306907894736842195e+02
1.254933333333333252e+02 1.268133333333333326e+02 1.308066666666666720e+02
1.253443708609271425e+02 1.262251655629139009e+02 1.308211920529801091e+02
1.251920529801324449e+02 1.263178807947019919e+02 1.306821192052980223e+02
1.250333333333333314e+02 1.261400000000000006e+02 1.306466666666666754e+02
1.251523178807946977e+02 1.260662251655629120e+02 1.307350993377483519e+02
1.250335570469798654e+02 1.261610738255033510e+02 1.306912751677852214e+02
1.252818791946308750e+02 1.263422818791946298e+02 1.312550335570469713e+02
1.252582781456953711e+02 1.263178807947019919e+02 1.312913907284768129e+02
1.250657894736842053e+02 1.261513157894736850e+02 1.311315789473684106e+02
1.251118421052631646e+02 1.258421052631578902e+02 1.312039473684210407e+02
1.251052631578947398e+02 1.259539473684210549e+02 1.311184210526315894e+02
1.249599999999999937e+02 1.258400000000000034e+02 1.311599999999999966e+02
1.248145695364238463e+02 1.257549668874172255e+02 1.311390728476821153e+02
1.246887417218542993e+02 1.259403973509933792e+02 1.311125827814569504e+02
1.247500000000000000e+02 1.258355263157894797e+02 1.313026315789473699e+02
1.242913907284768271e+02 1.260331125827814560e+02 1.309933774834437088e+02
1.244105960264900688e+02 1.257814569536423903e+02 1.311986754966887361e+02
1.242466666666666697e+02 1.255266666666666708e+02 1.312199999999999989e+02
1.240066225165562912e+02 1.255496688741721840e+02 1.313576158940397249e+02
1.242171052631578902e+02 1.253618421052631646e+02 1.316447368421052602e+02
1.241333333333333400e+02 1.255133333333333354e+02 1.318199999999999932e+02
1.240728476821192032e+02 1.251721854304635713e+02 1.320662251655629120e+02
1.238859060402684520e+02 1.253624161073825434e+02 1.322080536912751541e+02
1.237843137254901933e+02 1.253071895424836555e+02 1.323594771241830017e+02
1.238599999999999994e+02 1.254000000000000057e+02 1.326466666666666754e+02
1.240533333333333275e+02 1.254399999999999977e+02 1.329066666666666663e+02
1.239006622516556320e+02 1.252185430463576097e+02 1.328013245033112639e+02
1.239802631578947398e+02 1.252631578947368354e+02 1.328684210526315894e+02
1.237124183006535958e+02 1.250980392156862706e+02 1.331241830065359579e+02
1.232450331125827745e+02 1.250596026490066208e+02 1.331589403973509889e+02
1.227748344370860991e+02 1.248410596026490111e+02 1.331655629139072801e+02
1.225960264900662224e+02 1.247682119205298079e+02 1.332317880794701921e+02
1.226622516556291345e+02 1.250397350993377472e+02 1.332384105960264833e+02
1.227236842105263150e+02 1.250263157894736850e+02 1.334342105263157805e+02
1.225503355704697981e+02 1.250671140939597308e+02 1.333758389261745094e+02
1.223377483443708655e+02 1.247814569536423903e+02 1.335695364238410718e+02
1.223815789473684248e+02 1.247697368421052602e+02 1.336118421052631504e+02
1.223466666666666640e+02 1.249066666666666663e+02 1.331466666666666754e+02
1.226490066225165521e+02 1.251986754966887361e+02 1.333642384105960161e+02
1.226778523489932837e+02 1.252953020134228126e+02 1.329194630872483174e+02
1.224966887417218544e+02 1.252251655629139009e+02 1.328344370860927199e+02
1.224105960264900688e+02 1.250662251655629120e+02 1.325761589403973630e+02
1.222781456953642447e+02 1.252251655629139009e+02 1.325033112582781598e+02
1.222133333333333383e+02 1.250733333333333377e+02 1.325466666666666526e+02
1.223333333333333286e+02 1.250333333333333314e+02 1.328400000000000034e+02
1.219407894736842053e+02 1.249605263157894797e+02 1.327171052631578902e+02
1.217152317880794641e+02 1.253973509933774864e+02 1.324172185430463458e+02
1.218733333333333348e+02 1.250799999999999983e+02 1.324266666666666765e+02
1.223157894736842053e+02 1.251118421052631646e+02 1.324342105263157805e+02
1.224866666666666646e+02 1.251666666666666714e+02 1.326999999999999886e+02
1.228199999999999932e+02 1.248933333333333309e+02 1.329333333333333371e+02
1.227516778523489904e+02 1.247919463087248317e+02 1.328187919463087212e+02
1.227181208053691250e+02 1.244563758389261636e+02 1.331275167785234999e+02
1.227350993377483377e+02 1.243708609271523216e+02 1.332913907284768129e+02
1.228199999999999932e+02 1.244666666666666686e+02 1.333199999999999932e+02
1.230199999999999960e+02 1.243733333333333348e+02 1.333600000000000136e+02
1.232302631578947398e+02 1.244605263157894797e+02 1.333618421052631504e+02
1.235933333333333337e+02 1.247533333333333303e+02 1.330133333333333212e+02
1.237666666666666657e+02 1.247800000000000011e+02 1.327066666666666777e+02
1.239072847682119232e+02 1.249735099337748352e+02 1.326688741721854399e+02
1.238933333333333309e+02 1.250000000000000000e+02 1.331599999999999966e+02
1.240264900662251648e+02 1.247814569536423903e+02 1.334701986754966754e+02
1.240666666666666629e+02 1.242266666666666737e+02 1.336933333333333280e+02
1.240402684563758413e+02 1.241140939597315480e+02 1.337181208053691250e+02
1.239866666666666646e+02 1.243533333333333388e+02 1.340066666666666606e+02
1.240933333333333337e+02 1.244266666666666623e+02 1.338666666666666742e+02
1.241066666666666691e+02 1.240733333333333377e+02 1.342666666666666799e+02
1.245364238410596016e+02 1.240860927152317856e+02 1.344238410596026370e+02
1.243933333333333309e+02 1.240199999999999960e+02 1.344933333333333394e+02
1.242733333333333263e+02 1.242800000000000011e+02 1.347666666666666799e+02
1.245167785234899327e+02 1.240805369127516826e+02 1.348724832214765001e+02
1.245430463576158928e+02 1.240927152317880768e+02 1.348675496688741759e+02
1.241466666666666612e+02 1.237333333333333343e+02 1.347466666666666697e+02
1.239733333333333292e+02 1.238333333333333286e+02 1.347400000000000091e+02
1.238053691275167836e+02 1.236644295302013461e+02 1.345570469798657598e+02
1.238859060402684520e+02 1.238053691275167836e+02 1.346912751677852214e+02
1.242266666666666737e+02 1.235000000000000000e+02 1.350533333333333417e+02
1.243223684210526301e+02 1.235328947368421098e+02 1.350592105263157805e+02
1.245167785234899327e+02 1.235906040268456394e+02 1.349060402684563655e+02
1.244666666666666686e+02 1.235933333333333337e+02 1.351066666666666549e+02
1.243799999999999955e+02 1.233799999999999955e+02 1.352666666666666799e+02
1.245562913907284752e+02 1.233377483443708655e+02 1.354966887417218402e+02
1.246400000000000006e+02 1.233666666666666600e+02 1.354600000000000080e+02
1.245799999999999983e+02 1.234866666666666646e+02 1.354133333333333269e+02
1.249139072847682144e+02 1.237947019867549727e+02 1.352847682119205217e+02
1.246447368421052602e+02 1.235657894736842053e+02 1.353618421052631504e+02
1.244605263157894797e+02 1.236578947368421098e+02 1.355394736842105203e+02
1.245789473684210549e+02 1.240197368421052602e+02 1.352763157894736707e+02
1.246510067114093943e+02 1.234765100671140914e+02 1.358523489932885866e+02
1.245133333333333354e+02 1.236266666666666652e+02 1.357333333333333201e+02
1.248120805369127453e+02 1.239798657718120865e+02 1.351812080536912788e+02
1.248400000000000034e+02 1.244466666666666725e+02 1.352333333333333201e+02
1.251933333333333280e+02 1.243599999999999994e+02 1.349466666666666583e+02
1.251666666666666714e+02 1.241133333333333297e+02 1.350600000000000023e+02
1.251633986928104605e+02 1.243333333333333286e+02 1.348692810457516202e+02
1.252733333333333263e+02 1.242800000000000011e+02 1.349866666666666788e+02
1.256800000000000068e+02 1.241733333333333320e+02 1.350666666666666629e+02
1.256381578947368354e+02 1.241513157894736850e+02 1.351776315789473699e+02
1.261744966442953029e+02 1.242214765100671201e+02 1.351610738255033652e+02
1.266470588235294059e+02 1.237647058823529420e+02 1.353006535947712337e+02
1.268476821192053023e+02 1.234900662251655632e+02 1.352847682119205217e+02
1.266711409395973220e+02 1.234362416107382501e+02 1.354295302013422884e+02
1.269155844155844193e+02 1.241038961038961048e+02 1.354025974025973937e+02
1.269597315436241587e+02 1.239865771812080482e+02 1.356912751677852214e+02
1.268053691275167836e+02 1.235033557046979809e+02 1.355033557046979809e+02
1.267682119205298079e+02 1.233046357615894095e+02 1.354172185430463458e+02
1.270268456375838895e+02 1.231610738255033510e+02 1.354496644295302019e+02
1.271800000000000068e+02 1.225533333333333275e+02 1.357866666666666617e+02
1.272885906040268509e+02 1.225100671140939568e+02 1.359798657718120865e+02
1.274133333333333269e+02 1.225799999999999983e+02 1.361066666666666549e+02
1.271533333333333360e+02 1.223266666666666680e+02 1.365866666666666731e+02
1.269800000000000040e+02 1.222399999999999949e+02 1.368733333333333348e+02
1.271907894736842053e+02 1.221052631578947398e+02 1.369671052631578902e+02
1.272828947368421098e+02 1.221644736842105203e+02 1.370657894736842195e+02
1.273289473684210549e+02 1.221776315789473699e+02 1.366447368421052602e+02
1.272847682119205359e+02 1.221589403973509889e+02 1.368410596026490111e+02
1.273509933774834479e+02 1.221920529801324449e+02 1.365960264900662366e+02
1.270000000000000000e+02 1.222631578947368354e+02 1.368092105263157805e+02
1.267199999999999989e+02 1.219800000000000040e+02 1.367199999999999989e+02
1.267399999999999949e+02 1.218333333333333286e+02 1.365800000000000125e+02
1.263881578947368354e+02 1.215460526315789451e+02 1.366776315789473699e+02
1.263642384105960303e+02 1.211589403973509889e+02 1.363046357615893953e+02
1.265000000000000000e+02 1.215533333333333275e+02 1.359733333333333292e+02
1.266333333333333400e+02 1.212800000000000011e+02 1.360533333333333417e+02
1.264105960264900688e+02 1.207682119205298079e+02 1.359867549668874176e+02
1.264437086092715248e+02 1.209205298013245056e+02 1.356754966887417311e+02
1.265751633986928084e+02 1.201960784313725554e+02 1.356732026143790790e+02
1.266078431372549034e+02 1.200653594771241899e+02 1.357320261437908471e+02
1.264765100671140914e+02 1.202147651006711442e+02 1.356510067114093943e+02
1.260201342281879135e+02 1.201073825503355721e+02 1.359060402684563655e+02
1.261677852348993270e+02 1.199463087248322211e+02 1.358993288590604038e+02
1.260939597315436203e+02 1.198657718120805384e+02 1.355771812080537018e+02
1.263576158940397391e+02 1.201655629139072801e+02 1.353046357615893953e+02
1.266490066225165521e+02 1.201125827814569504e+02 1.351854304635761537e+02
1.268724832214765144e+02 1.199060402684563797e+02 1.350939597315436345e+02
1.268266666666666680e+02 1.196466666666666612e+02 1.350466666666666526e+02
1.271533333333333360e+02 1.196666666666666714e+02 1.350066666666666606e+02
1.270263157894736850e+02 1.199802631578947398e+02 1.346973684210526301e+02
1.273581081081081123e+02 1.197297297297297405e+02 1.346689189189189051e+02
1.272715231788079535e+02 1.193642384105960303e+02 1.349337748344370880e+02
1.272550335570469855e+02 1.195503355704697981e+02 1.347852348993288558e+02
1.271333333333333400e+02 1.196866666666666674e+02 1.349000000000000057e+02
1.271644736842105203e+02 1.192631578947368354e+02 1.350065789473684106e+02
1.270266666666666708e+02 1.194399999999999977e+02 1.352133333333333383e+02
1.267919463087248317e+02 1.190134228187919518e+02 1.352416107382550194e+02
1.269276315789473699e+02 1.189934210526315752e+02 1.353815789473684106e+02
1.265933333333333337e+02 1.189066666666666663e+02 1.356866666666666674e+02
1.266866666666666674e+02 1.189866666666666646e+02 1.357266666666666595e+02
1.267417218543046289e+02 1.188476821192053023e+02 1.357152317880794783e+02
1.265695364238410576e+02 1.187284768211920465e+02 1.358344370860927199e+02
1.262483221476510096e+02 1.186778523489932837e+02 1.361208053691275097e+02
1.261800000000000068e+02 1.180733333333333377e+02 1.362599999999999909e+02
1.256266666666666652e+02 1.181666666666666714e+02 1.362733333333333405e+02
1.257333333333333343e+02 1.182133333333333383e+02 1.365933333333333337e+02
1.256357615894039697e+02 1.180993377483443680e+02 1.366026490066225278e+02
1.255733333333333377e+02 1.177199999999999989e+02 1.365733333333333235e+02
1.255906040268456394e+02 1.177852348993288558e+02 1.366510067114093943e+02
1.253815789473684248e+02 1.175394736842105203e+02 1.364539473684210407e+02
1.255000000000000000e+02 1.172733333333333263e+02 1.363400000000000034e+02
1.254864864864864842e+02 1.170878378378378386e+02 1.363175675675675791e+02
1.257947019867549727e+02 1.170596026490066208e+02 1.363178807947019777e+02
1.257852348993288558e+02 1.170067114093959759e+02 1.360805369127516826e+02
1.258120805369127453e+02 1.168120805369127453e+02 1.359261744966443075e+02
1.258716216216216282e+02 1.168108108108108212e+02 1.359729729729729684e+02
1.257583892617449663e+02 1.166912751677852356e+02 1.361543624161073751e+02
1.255065789473684248e+02 1.168881578947368354e+02 1.361447368421052602e+02
1.253333333333333428e+02 1.163733333333333348e+02 1.359600000000000080e+02
1.252582781456953711e+02 1.163377483443708655e+02 1.362516556291390657e+02
1.249261744966442933e+02 1.159798657718120865e+02 1.360067114093959617e+02
1.248666666666666600e+02 1.161599999999999966e+02 1.362533333333333303e+02
1.248120805369127453e+02 1.162617449664429472e+02 1.357516778523489904e+02
1.249731543624161105e+02 1.163489932885906057e+02 1.358523489932885866e+02
1.250199999999999960e+02 1.159066666666666663e+02 1.357866666666666617e+02
1.251200000000000045e+02 1.159066666666666663e+02 1.353933333333333451e+02
1.248581081081081123e+02 1.158513513513513544e+02 1.351486486486486456e+02
1.246174496644295289e+02 1.160738255033557067e+02 1.349798657718120865e+02
1.244765100671140914e+02 1.162147651006711442e+02 1.350134228187919518e+02
1.242052980132450415e+02 1.164966887417218544e+02 1.348940397350993408e+02
1.241390728476821295e+02 1.166490066225165663e+02 1.348344370860927199e+02
1.238724832214765001e+02 1.165906040268456394e+02 1.349194630872483174e+02
1.236821192052980081e+02 1.163841059602648897e+02 1.348609271523178847e+02
1.235637583892617357e+02 1.168120805369127595e+02 1.348657718120805384e+02
1.233733333333333348e+02 1.170199999999999960e+02 1.346933333333333280e+02
1.230794701986754944e+02 1.166887417218542993e+02 1.345894039735099454e+02
1.230066666666666606e+02 1.161466666666666612e+02 1.344066666666666663e+02
1.229607843137254832e+02 1.161437908496732092e+02 1.342549019607843093e+02
1.228092105263157947e+02 1.162697368421052602e+02 1.341776315789473699e+02
1.228410596026490111e+02 1.165364238410596016e+02 1.340198675496688736e+02
1.227218543046357553e+02 1.165231788079470192e+02 1.341854304635761537e+02
1.228799999999999955e+02 1.161933333333333280e+02 1.341599999999999966e+02
1.227152317880794641e+02 1.165496688741721840e+02 1.340529801324503296e+02
1.224966442953020191e+02 1.163892617449664471e+02 1.337181208053691250e+02
1.221920529801324449e+02 1.165165562913907280e+02 1.338013245033112639e+02
1.219194630872483174e+02 1.168791946308724903e+02 1.337718120805369040e+02
1.217866666666666617e+02 1.170933333333333337e+02 1.338799999999999955e+02
1.216845637583892596e+02 1.172348993288590577e+02 1.337718120805369040e+02
1.217368421052631646e+02 1.174934210526315752e+02 1.340460526315789593e+02
1.217066666666666634e+02 1.174933333333333394e+02 1.339133333333333269e+02
1.218133333333333326e+02 1.177866666666666617e+02 1.339600000000000080e+02
1.219019607843137294e+02 1.178366013071895395e+02 1.340849673202614269e+02
1.215600000000000023e+02 1.179000000000000057e+02 1.345399999999999920e+02
1.214533333333333331e+02 1.181400000000000006e+02 1.349533333333333474e+02
1.213881578947368354e+02 1.179276315789473699e+02 1.346907894736842195e+02
1.213333333333333286e+02 1.178104575163398664e+02 1.347647058823529278e+02
1.211381578947368354e+02 1.177960526315789451e+02 1.349802631578947398e+02
1.210999999999999943e+02 1.179533333333333331e+02 1.349133333333333269e+02
1.205666666666666629e+02 1.179200000000000017e+02 1.351599999999999966e+02
1.209731543624161105e+02 1.184228187919463124e+02 1.350939597315436345e+02
1.212317880794701921e+02 1.186026490066225136e+02 1.351192052980132416e+02
1.213443708609271567e+02 1.185894039735099312e+02 1.348476821192053023e+02
1.213266666666666680e+02 1.188866666666666703e+02 1.346733333333333462e+02
1.210604026845637549e+02 1.188053691275167836e+02 1.344228187919462982e+02
1.206622516556291345e+02 1.190860927152317856e+02 1.342847682119205217e+02
1.205771812080536876e+02 1.190604026845637549e+02 1.340872483221476443e+02
1.206400000000000006e+02 1.191266666666666652e+02 1.341200000000000045e+02
1.208116883116883145e+02 1.189025974025974079e+02 1.341883116883116998e+02
1.205400000000000063e+02 1.191599999999999966e+02 1.346066666666666549e+02
1.205999999999999943e+02 1.192666666666666657e+02 1.344733333333333292e+02
1.201456953642384065e+02 1.191986754966887361e+02 1.342516556291390657e+02
1.197999999999999972e+02 1.195199999999999960e+02 1.341466666666666754e+02
1.201866666666666674e+02 1.197266666666666737e+02 1.342733333333333405e+02
1.202000000000000028e+02 1.199733333333333292e+02 1.344266666666666765e+02
1.201333333333333400e+02 1.200933333333333337e+02 1.338666666666666742e+02
1.199133333333333269e+02 1.203066666666666720e+02 1.337266666666666595e+02
1.202697368421052602e+02 1.205592105263157947e+02 1.339342105263157805e+02
1.200933333333333337e+02 1.206733333333333320e+02 1.335399999999999920e+02
1.202550335570469855e+02 1.208456375838926107e+02 1.334966442953020191e+02
1.198333333333333286e+02 1.205733333333333377e+02 1.334333333333333371e+02
1.196907894736842053e+02 1.209276315789473699e+02 1.333881578947368496e+02
1.194105960264900688e+02 1.208278145695364287e+02 1.335430463576159070e+02
1.195167785234899327e+02 1.209530201342281828e+02 1.334966442953020191e+02
1.193918918918918877e+02 1.209459459459459509e+02 1.335067567567567437e+02
1.189328859060402692e+02 1.210805369127516826e+02 1.334832214765100673e+02
1.190472972972972912e+02 1.216486486486486456e+02 1.334932432432432563e+02
1.192080536912751683e+02 1.218590604026845625e+02 1.330738255033557209e+02
1.186598639455782234e+02 1.218367346938775455e+02 1.326802721088435248e+02
1.185675675675675649e+02 1.217837837837837895e+02 1.327432432432432563e+02
1.186351351351351298e+02 1.218243243243243228e+02 1.328445945945945823e+02
1.186938775510204067e+02 1.218775510204081627e+02 1.328231292517006636e+02
1.187852348993288558e+02 1.218993288590604038e+02 1.332684563758389231e+02
1.190333333333333314e+02 1.219266666666666623e+02 1.333000000000000114e+02
1.192781456953642447e+02 1.223112582781457007e+02 1.332847682119205217e+02
1.190066666666666606e+02 1.225533333333333275e+02 1.331666666666666572e+02
1.190000000000000000e+02 1.227800000000000011e+02 1.329133333333333269e+02
1.188657718120805384e+02 1.225369127516778462e+02 1.327651006711409423e+02
1.190000000000000000e+02 1.223443708609271567e+02 1.325960264900662366e+02
1.186241610738255048e+02 1.226107382550335529e+02 1.322483221476510096e+02
1.181879194630872547e+02 1.225033557046979809e+02 1.323422818791946440e+02
1.182847682119205359e+02 1.226556291390728433e+02 1.322384105960264833e+02
1.181133333333333297e+02 1.228133333333333326e+02 1.321933333333333280e+02
1.182147651006711442e+02 1.230067114093959759e+02 1.320469798657718172e+02
1.185921052631578902e+02 1.230855263157894797e+02 1.322960526315789593e+02
1.185165562913907280e+02 1.231589403973509889e+02 1.321721854304635713e+02
1.186333333333333400e+02 1.230733333333333377e+02 1.320600000000000023e+02
1.187583892617449663e+02 1.231744966442953029e+02 1.320000000000000000e+02
1.187284768211920465e+02 1.233907284768211952e+02 1.320794701986754944e+02
1.187682119205298079e+02 1.235231788079470192e+02 1.319668874172185440e+02
1.187124183006535958e+02 1.239346405228758101e+02 1.320718954248366117e+02
1.190131578947368354e+02 1.239078947368421098e+02 1.324868421052631504e+02
1.192913907284768271e+02 1.242450331125827745e+02 1.323443708609271425e+02
1.194000000000000057e+02 1.246866666666666674e+02 1.323133333333333326e+02
1.195394736842105203e+02 1.246907894736842053e+02 1.324144736842105203e+02
1.195033557046979951e+02 1.254093959731543606e+02 1.321543624161073751e+02
1.194399999999999977e+02 1.255733333333333377e+02 1.321133333333333439e+02
1.196375838926174566e+02 1.260067114093959759e+02 1.318456375838926249e+02
1.193020134228187885e+02 1.259798657718120865e+02 1.320067114093959617e+02
