1.284569536423840930e+02 1.277748344370860991e+02 1.277019867549668817e+02
1.282466666666666697e+02 1.280600000000000023e+02 1.273666666666666600e+02
1.281721854304635713e+02 1.280463576158940384e+02 1.274437086092715248e+02
1.284900662251655490e+02 1.283642384105960161e+02 1.273377483443708655e+02
1.284133333333333269e+02 1.283066666666666720e+02 1.276133333333333297e+02
1.284901960784313815e+02 1.279738562091503269e+02 1.275163398692810404e+02
1.284362416107382501e+02 1.280738255033556925e+02 1.277516778523489904e+02
1.288278145695364287e+02 1.278278145695364287e+02 1.282185430463576097e+02
1.285973154362416153e+02 1.279798657718120865e+02 1.282818791946308750e+02
1.286266666666666652e+02 1.279599999999999937e+02 1.285600000000000023e+02
1.285827814569536542e+02 1.284105960264900546e+02 1.286688741721854399e+02
1.285200000000000102e+02 1.284266666666666765e+02 1.286466666666666754e+02
1.287133333333333383e+02 1.283866666666666561e+02 1.286533333333333360e+02
1.286821192052980223e+02 1.282516556291390657e+02 1.287284768211920607e+02
1.290723684210526301e+02 1.282434210526315894e+02 1.287828947368421098e+02
1.290066666666666606e+02 1.281666666666666572e+02 1.288266666666666538e+02
1.292866666666666617e+02 1.281200000000000045e+02 1.287066666666666777e+02
1.290794701986754944e+02 1.276688741721854257e+02 1.284966887417218402e+02
1.296118421052631504e+02 1.276907894736842053e+02 1.287302631578947398e+02
1.296200000000000045e+02 1.274333333333333371e+02 1.291666666666666572e+02
1.298211920529801375e+02 1.271721854304635713e+02 1.292516556291390657e+02
1.294039735099337634e+02 1.270927152317880768e+02 1.292251655629139009e+02
1.290399999999999920e+02 1.270533333333333275e+02 1.290999999999999943e+02
1.287086092715231871e+02 1.269867549668874176e+02 1.292913907284768129e+02
1.287733333333333405e+02 1.267399999999999949e+02 1.291999999999999886e+02
1.287066666666666777e+02 1.265933333333333337e+02 1.296133333333333439e+02
1.284934210526315894e+02 1.266907894736842053e+02 1.296907894736842195e+02
1.285866666666666731e+02 1.266933333333333280e+02 1.301066666666666549e+02
1.282500000000000000e+02 1.267763157894736850e+02 1.302500000000000000e+02
1.281208053691275097e+02 1.269060402684563797e+02 1.301006711409395962e+02
1.278675496688741759e+02 1.270000000000000000e+02 1.303774834437085985e+02
1.277549668874172255e+02 1.267549668874172255e+02 1.303046357615893953e+02
1.278741721854304672e+02 1.266158940397350960e+02 1.301456953642384065e+02
1.277181208053691250e+02 1.267919463087248317e+02 1.302483221476510096e+02
1.277417218543046289e+02 1.266953642384105905e+02 1.308476821192053023e+02
1.277999999999999972e+02 1.268133333333333326e+02 1.305200000000000102e+02
1.279133333333333269e+02 1.268400000000000034e+02 1.303533333333333246e+02
1.279271523178807968e+02 1.269072847682119232e+02 1.304238410596026370e+02
1.277019867549668817e+02 1.266490066225165521e+02 1.303311258278145601e+02
1.274866666666666646e+02 1.266266666666666652e+02 1.301666666666666572e+02
1.275608108108108070e+02 1.265135135135135158e+02 1.301418918918919019e+02
1.277315436241610769e+02 1.268724832214765144e+02 1.300939597315436345e+02
1.275099337748344368e+02 1.268675496688741759e+02 1.305364238410596158e+02
1.274105960264900688e+02 1.269933774834437088e+02 1.307615894039735167e+02
1.273223684210526301e+02 1.271381578947368354e+02 1.307697368421052602e+02
1.269139072847682144e+02 1.273708609271523216e+02 1.306887417218543135e+02
1.266979865771812115e+02 1.276644295302013461e+02 1.305771812080537018e+02
1.267350993377483377e+02 1.279271523178807968e+02 1.304900662251655490e+02
1.266333333333333400e+02 1.278866666666666703e+02 1.307333333333333201e+02
1.266381578947368354e+02 1.280986842105263293e+02 1.309144736842105203e+02
1.266466666666666612e+02 1.281200000000000045e+02 1.309333333333333371e+02
1.266797385620915009e+02 1.278823529411764639e+02 1.305947712418300739e+02
1.263750000000000000e+02 1.276776315789473699e+02 1.305789473684210407e+02
1.261523178807946977e+02 1.277748344370860991e+02 1.305496688741721982e+02
1.256710526315789451e+02 1.277960526315789451e+02 1.305460526315789593e+02
1.256862745098039227e+02 1.277581699346405202e+02 1.305686274509803866e+02
1.260805369127516826e+02 1.277382550335570528e+02 1.309731543624160963e+02
1.260335570469798654e+02 1.280469798657718172e+02 1.309865771812080482e+02
1.258120805369127453e+02 1.278859060402684520e+02 1.310805369127516826e+02
1.260000000000000000e+02 1.276733333333333320e+02 1.308600000000000136e+02
1.259933774834437088e+02 1.274900662251655632e+02 1.306556291390728575e+02
1.257500000000000000e+02 1.273289473684210549e+02 1.305394736842105203e+02
1.256666666666666714e+02 1.275686274509803866e+02 1.307189542483660034e+02
1.256599999999999966e+02 1.276333333333333400e+02 1.307599999999999909e+02
1.259200000000000017e+02 1.279466666666666725e+02 1.304333333333333371e+02
1.256423841059602609e+02 1.279867549668874176e+02 1.300993377483443680e+02
1.255666666666666629e+02 1.277666666666666657e+02 1.298400000000000034e+02
1.252156862745098067e+02 1.280326797385620807e+02 1.298235294117646959e+02
1.251200000000000045e+02 1.280999999999999943e+02 1.297666666666666799e+02
1.253112582781457007e+02 1.281258278145695328e+02 1.299403973509933792e+02
1.249266666666666623e+02 1.282400000000000091e+02 1.298600000000000136e+02
1.244200000000000017e+02 1.281933333333333280e+02 1.300866666666666731e+02
1.244563758389261778e+02 1.280872483221476443e+02 1.302550335570469713e+02
1.242600000000000051e+02 1.281533333333333360e+02 1.301533333333333360e+02
1.237814569536423903e+02 1.278807947019867584e+02 1.296490066225165663e+02
1.234026845637583847e+02 1.282684563758389231e+02 1.298322147651006730e+02
1.238079470198675551e+02 1.283642384105960161e+02 1.296291390728476927e+02
1.237880794701986815e+02 1.286026490066225278e+02 1.296158940397351103e+02
1.233841059602649040e+02 1.286754966887417311e+02 1.294370860927152194e+02
1.234362416107382501e+02 1.281946308724832306e+02 1.291476510067114134e+02
1.234039735099337776e+02 1.278410596026490111e+02 1.293046357615893953e+02
1.232483660130719016e+02 1.280000000000000000e+02 1.292549019607843093e+02
1.234210526315789451e+02 1.279671052631578902e+02 1.292039473684210407e+02
1.237333333333333343e+02 1.279599999999999937e+02 1.300666666666666629e+02
1.236092715231788048e+02 1.278013245033112639e+02 1.300794701986754944e+02
1.238013245033112639e+02 1.274172185430463600e+02 1.300264900662251648e+02
1.234066666666666663e+02 1.268400000000000034e+02 1.301466666666666754e+02
1.237682119205298079e+02 1.269139072847682144e+02 1.305430463576159070e+02
1.237066666666666634e+02 1.267066666666666634e+02 1.313066666666666720e+02
1.235666666666666629e+02 1.264866666666666646e+02 1.311399999999999864e+02
1.235000000000000000e+02 1.266933333333333280e+02 1.311599999999999966e+02
1.232999999999999972e+02 1.268133333333333326e+02 1.312800000000000011e+02
1.228807947019867584e+02 1.270860927152317856e+02 1.309933774834437088e+02
1.227733333333333263e+02 1.272333333333333343e+02 1.311266666666666652e+02
1.227218543046357553e+02 1.272251655629139009e+02 1.312715231788079393e+02
1.228675496688741759e+02 1.275761589403973488e+02 1.310662251655629120e+02
1.227417218543046289e+02 1.275430463576158928e+02 1.310066225165562912e+02
1.226933333333333280e+02 1.276933333333333280e+02 1.309799999999999898e+02
1.228066666666666720e+02 1.275266666666666708e+02 1.310000000000000000e+02
1.232281879194630818e+02 1.276778523489932837e+02 1.309798657718120865e+02
1.229210526315789451e+02 1.279144736842105203e+02 1.310328947368421098e+02
1.227600000000000051e+02 1.278066666666666720e+02 1.308000000000000114e+02
1.228199999999999932e+02 1.277800000000000011e+02 1.307066666666666777e+02
1.226241610738255048e+02 1.278993288590604038e+02 1.312885906040268367e+02
1.227399999999999949e+02 1.278666666666666600e+02 1.313600000000000136e+02
1.227919463087248317e+02 1.279328859060402692e+02 1.315637583892617499e+02
1.227919463087248317e+02 1.281342281879194616e+02 1.317248322147651152e+02
1.224635761589403984e+02 1.280331125827814560e+02 1.317218543046357695e+02
1.222012987012986969e+02 1.280584415584415581e+02 1.316948051948051841e+02
1.220866666666666731e+02 1.281599999999999966e+02 1.316133333333333439e+02
1.220723684210526301e+02 1.280460526315789593e+02 1.314407894736842195e+02
1.223841059602649040e+02 1.277086092715231729e+02 1.316291390728476927e+02
1.222066666666666634e+02 1.279200000000000017e+02 1.320066666666666606e+02
1.225906040268456394e+02 1.279798657718120865e+02 1.319194630872483174e+02
1.224834437086092720e+02 1.277880794701986815e+02 1.316490066225165663e+02
1.225466666666666669e+02 1.277333333333333343e+02 1.318533333333333246e+02
1.221578947368420955e+02 1.277828947368420955e+02 1.317039473684210407e+02
1.220933333333333337e+02 1.277466666666666697e+02 1.315600000000000023e+02
1.220657894736842053e+02 1.277171052631578902e+02 1.317631578947368496e+02
1.221812080536912788e+02 1.277248322147651010e+02 1.314765100671141056e+02
1.219935064935064872e+02 1.277792207792207790e+02 1.314805194805194901e+02
1.218866666666666703e+02 1.277999999999999972e+02 1.315333333333333314e+02
1.221133333333333297e+02 1.280533333333333417e+02 1.315000000000000000e+02
1.220529801324503296e+02 1.282847682119205217e+02 1.316754966887417311e+02
1.220933333333333337e+02 1.281200000000000045e+02 1.316599999999999966e+02
1.222763157894736850e+02 1.277565789473684248e+02 1.317697368421052602e+02
1.223489932885906057e+02 1.278724832214765144e+02 1.320939597315436345e+02
1.224238410596026512e+02 1.278940397350993408e+02 1.320662251655629120e+02
1.220533333333333275e+02 1.278400000000000034e+02 1.317466666666666697e+02
1.218410596026490111e+02 1.282317880794701921e+02 1.319801324503311264e+02
1.216092715231788048e+02 1.284304635761589282e+02 1.321059602649006592e+02
1.214228187919463124e+02 1.286040268456375770e+02 1.320738255033556925e+02
1.213691275167785193e+02 1.287785234899328941e+02 1.321409395973154233e+02
1.211543624161073893e+02 1.285033557046979809e+02 1.320604026845637691e+02
1.214563758389261778e+02 1.284966442953020191e+02 1.323892617449664328e+02
1.215000000000000000e+02 1.289066666666666663e+02 1.321599999999999966e+02
1.213576158940397391e+02 1.289867549668874176e+02 1.323708609271523073e+02
1.216158940397350960e+02 1.291258278145695328e+02 1.321655629139072801e+02
1.218533333333333388e+02 1.290266666666666708e+02 1.323533333333333246e+02
1.218571428571428612e+02 1.288181818181818130e+02 1.326493506493506516e+02
1.215799999999999983e+02 1.284199999999999875e+02 1.326333333333333258e+02
1.216107382550335529e+02 1.286912751677852214e+02 1.324899328859060290e+02
1.219666666666666686e+02 1.284733333333333292e+02 1.324533333333333474e+02
1.220066225165562912e+02 1.284569536423840930e+02 1.326291390728476927e+02
1.220738255033557067e+02 1.287181208053691250e+02 1.325704697986577116e+02
1.219597315436241587e+02 1.288657718120805384e+02 1.322818791946308750e+02
1.221052631578947398e+02 1.286315789473684106e+02 1.323947368421052602e+02
1.220653594771241899e+02 1.287647058823529278e+02 1.326470588235294201e+02
1.218933333333333309e+02 1.288333333333333428e+02 1.327800000000000011e+02
1.218866666666666703e+02 1.286866666666666674e+02 1.330000000000000000e+02
1.215199999999999960e+02 1.287866666666666617e+02 1.334399999999999977e+02
1.216092715231788048e+02 1.286092715231788191e+02 1.331920529801324449e+02
1.219200000000000017e+02 1.288400000000000034e+02 1.330999999999999943e+02
1.217682119205298079e+02 1.287549668874172255e+02 1.334635761589403842e+02
1.217450980392156907e+02 1.289346405228758101e+02 1.335816993464052302e+02
1.217066666666666634e+02 1.288066666666666720e+02 1.334000000000000057e+02
1.217777777777777715e+02 1.285555555555555429e+02 1.334313725490196134e+02
1.219261744966442933e+02 1.285436241610738364e+02 1.335704697986577401e+02
1.219597315436241587e+02 1.291006711409395962e+02 1.334362416107382501e+02
1.216953642384105905e+02 1.288874172185430496e+02 1.334834437086092578e+02
1.218013245033112639e+02 1.287947019867549727e+02 1.334437086092715106e+02
1.219470198675496704e+02 1.290198675496688736e+02 1.335894039735099454e+02
1.217466666666666697e+02 1.290000000000000000e+02 1.338266666666666538e+02
1.218523489932885866e+02 1.285906040268456252e+02 1.338053691275167694e+02
1.217516778523489904e+02 1.284630872483221538e+02 1.336644295302013461e+02
1.215906040268456394e+02 1.280000000000000000e+02 1.340671140939597308e+02
1.219019607843137294e+02 1.278300653594771177e+02 1.345163398692810404e+02
1.219466666666666725e+02 1.276866666666666674e+02 1.339466666666666583e+02
1.221275167785234856e+02 1.279731543624161105e+02 1.340671140939597308e+02
1.219139072847682144e+02 1.281920529801324449e+02 1.343311258278145601e+02
1.219800000000000040e+02 1.279200000000000017e+02 1.345333333333333314e+02
1.221933333333333280e+02 1.279466666666666725e+02 1.346533333333333360e+02
1.221342281879194616e+02 1.278724832214765144e+02 1.348322147651006730e+02
1.221390728476821153e+02 1.279072847682119232e+02 1.345231788079470334e+02
1.219399999999999977e+02 1.277933333333333366e+02 1.348933333333333451e+02
1.218590604026845625e+02 1.279865771812080482e+02 1.345369127516778462e+02
1.216400000000000006e+02 1.278933333333333309e+02 1.343000000000000114e+02
1.219599999999999937e+02 1.281466666666666754e+02 1.344133333333333269e+02
1.219399999999999977e+02 1.281800000000000068e+02 1.346266666666666652e+02
1.218266666666666680e+02 1.281466666666666754e+02 1.347199999999999989e+02
1.215066666666666606e+02 1.282533333333333303e+02 1.345333333333333314e+02
1.214437086092715248e+02 1.281920529801324449e+02 1.344437086092715106e+02
1.216026490066225136e+02 1.282582781456953569e+02 1.344304635761589282e+02
1.217417218543046289e+02 1.283178807947019777e+02 1.344238410596026370e+02
1.217114093959731491e+02 1.284429530201342402e+02 1.348255033557047113e+02
1.218933333333333309e+02 1.286399999999999864e+02 1.347333333333333201e+02
1.220789473684210549e+02 1.290723684210526301e+02 1.348421052631578902e+02
1.219399999999999977e+02 1.291666666666666572e+02 1.345600000000000023e+02
1.217066666666666634e+02 1.294466666666666583e+02 1.343066666666666720e+02
1.219530201342281828e+02 1.295234899328858944e+02 1.344899328859060290e+02
1.220649350649350708e+02 1.293376623376623513e+02 1.345909090909090935e+02
1.218807947019867584e+02 1.291125827814569504e+02 1.346092715231788191e+02
1.215526315789473699e+02 1.286973684210526301e+02 1.348092105263157805e+02
1.217549668874172255e+02 1.287284768211920607e+02 1.348874172185430496e+02
1.221866666666666674e+02 1.290333333333333314e+02 1.348666666666666742e+02
1.222933333333333366e+02 1.294466666666666583e+02 1.350999999999999943e+02
1.226158940397350960e+02 1.293642384105960161e+02 1.352251655629139009e+02
1.227852348993288558e+02 1.296375838926174424e+02 1.352684563758389231e+02
1.227880794701986815e+02 1.297417218543046431e+02 1.350596026490066208e+02
1.228400000000000034e+02 1.296399999999999864e+02 1.351466666666666754e+02
1.228866666666666703e+02 1.296666666666666572e+02 1.353666666666666742e+02
1.230933333333333337e+02 1.298000000000000114e+02 1.354533333333333474e+02
1.228533333333333388e+02 1.298400000000000034e+02 1.353933333333333451e+02
1.233758389261744952e+02 1.300268456375839037e+02 1.354295302013422884e+02
1.235761589403973488e+02 1.307814569536423903e+02 1.353311258278145601e+02
1.237266666666666737e+02 1.306266666666666652e+02 1.354933333333333394e+02
1.236933333333333280e+02 1.306933333333333280e+02 1.353333333333333428e+02
1.237800000000000011e+02 1.303666666666666742e+02 1.355533333333333417e+02
1.234324324324324351e+02 1.301081081081080981e+02 1.359527027027027088e+02
1.234333333333333371e+02 1.300399999999999920e+02 1.361066666666666549e+02
1.235592105263157947e+02 1.302171052631578902e+02 1.362697368421052602e+02
1.238933333333333309e+02 1.303933333333333451e+02 1.362800000000000011e+02
1.240132450331125824e+02 1.304635761589403842e+02 1.361125827814569504e+02
1.243333333333333286e+02 1.304733333333333292e+02 1.358933333333333451e+02
1.242533333333333303e+02 1.308199999999999932e+02 1.361266666666666652e+02
1.244429530201342260e+02 1.310939597315436345e+02 1.361409395973154233e+02
1.247516339869280984e+02 1.309542483660130756e+02 1.364967320261438033e+02
1.247533333333333303e+02 1.308199999999999932e+02 1.368400000000000034e+02
1.248533333333333388e+02 1.308333333333333428e+02 1.368066666666666720e+02
1.245562913907284752e+02 1.308940397350993408e+02 1.368476821192053023e+02
1.247218543046357553e+02 1.308013245033112639e+02 1.370000000000000000e+02
1.248692810457516345e+02 1.307124183006535816e+02 1.370065359477124218e+02
1.250993377483443680e+02 1.306490066225165663e+02 1.369668874172185440e+02
1.250529801324503296e+02 1.308874172185430496e+02 1.371721854304635713e+02
1.250466666666666669e+02 1.311266666666666652e+02 1.371200000000000045e+02
1.251655629139072801e+02 1.312052980132450273e+02 1.366754966887417311e+02
1.251946308724832164e+02 1.312818791946308750e+02 1.365973154362416153e+02
1.249605263157894797e+02 1.312434210526315894e+02 1.369736842105263293e+02
1.250872483221476443e+02 1.310201342281879135e+02 1.368993288590604038e+02
1.252156862745098067e+02 1.308562091503268050e+02 1.364575163398692723e+02
1.251006711409395962e+02 1.309597315436241729e+02 1.362818791946308750e+02
1.250529801324503296e+02 1.312582781456953569e+02 1.360331125827814560e+02
1.251895424836601336e+02 1.309477124183006538e+02 1.364509803921568505e+02
1.250000000000000000e+02 1.310066225165562912e+02 1.366291390728476927e+02
1.250066666666666606e+02 1.308266666666666538e+02 1.368600000000000136e+02
1.250000000000000000e+02 1.303750000000000000e+02 1.371513157894736707e+02
1.250866666666666731e+02 1.305000000000000000e+02 1.373866666666666561e+02
1.252751677852348990e+02 1.309395973154362309e+02 1.371342281879194616e+02
1.253750000000000000e+02 1.305789473684210407e+02 1.371907894736842195e+02
1.255866666666666731e+02 1.299399999999999977e+02 1.368333333333333428e+02
1.255906040268456394e+02 1.298456375838926249e+02 1.368389261744966348e+02
1.253246753246753258e+02 1.298376623376623513e+02 1.363831168831168839e+02
1.250197368421052602e+02 1.301381578947368496e+02 1.367302631578947398e+02
1.249533333333333331e+02 1.303133333333333326e+02 1.366666666666666572e+02
1.249194630872483174e+02 1.301879194630872405e+02 1.362080536912751541e+02
1.247651006711409423e+02 1.300201342281879135e+02 1.361946308724832306e+02
1.246447368421052602e+02 1.297039473684210407e+02 1.359407894736842195e+02
1.247516778523489904e+02 1.297986577181208077e+02 1.357248322147650867e+02
1.248133333333333326e+02 1.299533333333333474e+02 1.361133333333333439e+02
1.253223684210526301e+02 1.299736842105263293e+02 1.359407894736842195e+02
1.255400000000000063e+02 1.300133333333333212e+02 1.360600000000000023e+02
1.255629139072847664e+02 1.298145695364238463e+02 1.358476821192053023e+02
1.255000000000000000e+02 1.298533333333333246e+02 1.359066666666666663e+02
1.256225165562913872e+02 1.298344370860927199e+02 1.357152317880794783e+02
1.251854304635761537e+02 1.298410596026490111e+02 1.354503311258278018e+02
1.252550335570469855e+02 1.299932885906040383e+02 1.351476510067114134e+02
1.251133333333333297e+02 1.297400000000000091e+02 1.353600000000000136e+02
1.250799999999999983e+02 1.299199999999999875e+02 1.350399999999999920e+02
1.247218543046357553e+02 1.304900662251655490e+02 1.346887417218543135e+02
1.250135135135135158e+02 1.304594594594594525e+02 1.348175675675675791e+02
1.249666666666666686e+02 1.304333333333333371e+02 1.346733333333333462e+02
1.250939597315436203e+02 1.306510067114093943e+02 1.349194630872483174e+02
1.245827814569536400e+02 1.306423841059602751e+02 1.346754966887417311e+02
1.244697986577181155e+02 1.306979865771812115e+02 1.347919463087248459e+02
1.245400000000000063e+02 1.309733333333333292e+02 1.347800000000000011e+02
1.249536423841059616e+02 1.307284768211920607e+02 1.347152317880794783e+02
1.249072847682119232e+02 1.307814569536423903e+02 1.347549668874172255e+02
1.253892617449664471e+02 1.309932885906040383e+02 1.348255033557047113e+02
1.254313725490196134e+02 1.311568627450980387e+02 1.346993464052287663e+02
1.253489932885906057e+02 1.310268456375839037e+02 1.346979865771812115e+02
1.256933333333333280e+02 1.313199999999999932e+02 1.346399999999999864e+02
1.258999999999999915e+02 1.315466666666666811e+02 1.344533333333333189e+02
1.259066666666666663e+02 1.314399999999999977e+02 1.344666666666666686e+02
1.260927152317880768e+02 1.316026490066225278e+02 1.348543046357615935e+02
1.260933333333333337e+02 1.315933333333333337e+02 1.349199999999999875e+02
1.260933333333333337e+02 1.317666666666666799e+02 1.351399999999999864e+02
1.260533333333333275e+02 1.318199999999999932e+02 1.355266666666666708e+02
1.259933333333333394e+02 1.316200000000000045e+02 1.355133333333333212e+02
1.257615894039735167e+02 1.315298013245033246e+02 1.353774834437085985e+02
1.257086092715231729e+02 1.315960264900662366e+02 1.356953642384106047e+02
1.256423841059602609e+02 1.313708609271523073e+02 1.356887417218543135e+02
1.257880794701986815e+02 1.311788079470198625e+02 1.356754966887417311e+02
1.256174496644295289e+02 1.310604026845637691e+02 1.356912751677852214e+02
1.252866666666666617e+02 1.311933333333333280e+02 1.355800000000000125e+02
1.250133333333333354e+02 1.310133333333333212e+02 1.350933333333333337e+02
1.252066666666666634e+02 1.310266666666666708e+02 1.351800000000000068e+02
1.251476510067114134e+02 1.308993288590604038e+02 1.355503355704697981e+02
1.249867549668874176e+02 1.307748344370860991e+02 1.353708609271523073e+02
1.245496688741721840e+02 1.307615894039735167e+02 1.358410596026490111e+02
1.242199999999999989e+02 1.308000000000000114e+02 1.357800000000000011e+02
1.237600000000000051e+02 1.311466666666666754e+02 1.357466666666666697e+02
1.236533333333333360e+02 1.310266666666666708e+02 1.357400000000000091e+02
1.235424836601307135e+02 1.308300653594771177e+02 1.361176470588235361e+02
1.234295302013422884e+02 1.305167785234899327e+02 1.359194630872483174e+02
1.236644295302013461e+02 1.301543624161073751e+02 1.361879194630872405e+02
1.238675496688741759e+02 1.300264900662251648e+02 1.359867549668874176e+02
1.239342105263157947e+02 1.302368421052631504e+02 1.357236842105263293e+02
1.242933333333333223e+02 1.302866666666666902e+02 1.356800000000000068e+02
1.244362416107382501e+02 1.301006711409395962e+02 1.358993288590604038e+02
1.242635135135135158e+02 1.301351351351351582e+02 1.357770270270270316e+02
1.240466666666666669e+02 1.306999999999999886e+02 1.357866666666666617e+02
1.238799999999999955e+02 1.308333333333333428e+02 1.356133333333333439e+02
1.233624161073825434e+02 1.309865771812080482e+02 1.356375838926174424e+02
1.231959459459459509e+02 1.307500000000000000e+02 1.357094594594594525e+02
1.231533333333333360e+02 1.306333333333333258e+02 1.357266666666666595e+02
1.232582781456953711e+02 1.305496688741721982e+02 1.355430463576159070e+02
1.233199999999999932e+02 1.305600000000000023e+02 1.359933333333333394e+02
1.234429530201342260e+02 1.304966442953020191e+02 1.363087248322147786e+02
1.234671052631578902e+02 1.306907894736842195e+02 1.361776315789473699e+02
1.233733333333333348e+02 1.306866666666666674e+02 1.361133333333333439e+02
1.233933333333333309e+02 1.306733333333333462e+02 1.365399999999999920e+02
1.233333333333333286e+02 1.310866666666666731e+02 1.364799999999999898e+02
1.233422818791946298e+02 1.312818791946308750e+02 1.362751677852349133e+02
1.233533333333333388e+02 1.314666666666666686e+02 1.363533333333333246e+02
1.234599999999999937e+02 1.314199999999999875e+02 1.360666666666666629e+02
1.239066666666666663e+02 1.314399999999999977e+02 1.361399999999999864e+02
1.237417218543046289e+02 1.314834437086092578e+02 1.364503311258278018e+02
1.237682119205298079e+02 1.315827814569536542e+02 1.366754966887417311e+02
1.239403973509933792e+02 1.317086092715231871e+02 1.366556291390728575e+02
1.238278145695364287e+02 1.316688741721854399e+02 1.364172185430463458e+02
1.234539473684210549e+02 1.314539473684210407e+02 1.367236842105263293e+02
1.235866666666666731e+02 1.319733333333333292e+02 1.364266666666666765e+02
1.236933333333333280e+02 1.316333333333333258e+02 1.365800000000000125e+02
1.236933333333333280e+02 1.314266666666666765e+02 1.364199999999999875e+02
1.236266666666666652e+02 1.316466666666666754e+02 1.364666666666666686e+02
1.237449664429530145e+02 1.318523489932885866e+02 1.365167785234899327e+02
1.237000000000000028e+02 1.318533333333333246e+02 1.365666666666666629e+02
1.239084967320261370e+02 1.317254901960784252e+02 1.367058823529411882e+02
1.240533333333333275e+02 1.319933333333333394e+02 1.366399999999999864e+02
1.239266666666666623e+02 1.318199999999999932e+02 1.367599999999999909e+02
1.235855263157894797e+02 1.314473684210526301e+02 1.366315789473684106e+02
1.237218543046357553e+02 1.312847682119205217e+02 1.367682119205298079e+02
1.233973509933774864e+02 1.315430463576159070e+02 1.365099337748344510e+02
1.232800000000000011e+02 1.319000000000000057e+02 1.367400000000000091e+02
1.231866666666666674e+02 1.318333333333333428e+02 1.366733333333333462e+02
1.234295302013422884e+02 1.317986577181208077e+02 1.368926174496644421e+02
1.230933333333333337e+02 1.318333333333333428e+02 1.366399999999999864e+02
1.226510067114093943e+02 1.321677852348993270e+02 1.363892617449664328e+02
1.224666666666666686e+02 1.325933333333333337e+02 1.361733333333333462e+02
1.224248366013071916e+02 1.324901960784313815e+02 1.359869281045751563e+02
1.223311258278145743e+02 1.321258278145695328e+02 1.364569536423840930e+02
1.220662251655629120e+02 1.320860927152317856e+02 1.362185430463576097e+02
1.218609271523178847e+02 1.324105960264900546e+02 1.363377483443708513e+02
1.218807947019867584e+02 1.323178807947019777e+02 1.360066225165562912e+02
1.218799999999999955e+02 1.323333333333333428e+02 1.362933333333333223e+02
1.216842105263157947e+02 1.322631578947368496e+02 1.362631578947368496e+02
1.214133333333333269e+02 1.323600000000000136e+02 1.365066666666666606e+02
1.212781456953642447e+02 1.326357615894039839e+02 1.368874172185430496e+02
1.210671140939597308e+02 1.327449664429530287e+02 1.365436241610738364e+02
1.211250000000000000e+02 1.330723684210526301e+02 1.364078947368421098e+02
1.210333333333333314e+02 1.330200000000000102e+02 1.363600000000000136e+02
1.211400000000000006e+02 1.331666666666666572e+02 1.363466666666666640e+02
1.212600000000000051e+02 1.329533333333333474e+02 1.365266666666666708e+02
1.209866666666666646e+02 1.328600000000000136e+02 1.363600000000000136e+02
1.210266666666666708e+02 1.326933333333333280e+02 1.362666666666666799e+02
1.207814569536423903e+02 1.323907284768211809e+02 1.368675496688741759e+02
1.205733333333333377e+02 1.324733333333333292e+02 1.367933333333333223e+02
1.207600000000000051e+02 1.321599999999999966e+02 1.365666666666666629e+02
1.204105960264900688e+02 1.319933774834437088e+02 1.364701986754966754e+02
1.206845637583892596e+02 1.320335570469798654e+02 1.368322147651006730e+02
1.208333333333333286e+02 1.323199999999999932e+02 1.367733333333333405e+02
1.211333333333333400e+02 1.325999999999999943e+02 1.366999999999999886e+02
1.210666666666666629e+02 1.325666666666666629e+02 1.367199999999999989e+02
1.210799999999999983e+02 1.326266666666666652e+02 1.368266666666666538e+02
1.209865771812080482e+02 1.326040268456375770e+02 1.364765100671141056e+02
1.209399999999999977e+02 1.321999999999999886e+02 1.364799999999999898e+02
1.210000000000000000e+02 1.320860927152317856e+02 1.362450331125827745e+02
1.210666666666666629e+02 1.316533333333333360e+02 1.359799999999999898e+02
1.214362416107382501e+02 1.316912751677852214e+02 1.361476510067114134e+02
1.218092105263157947e+02 1.317697368421052602e+02 1.356907894736842195e+02
1.220264900662251648e+02 1.314834437086092578e+02 1.358344370860927199e+02
1.223154362416107404e+02 1.320604026845637691e+02 1.357248322147650867e+02
1.221390728476821153e+02 1.321655629139072801e+02 1.357615894039735167e+02
1.217933333333333366e+02 1.320399999999999920e+02 1.356733333333333462e+02
1.217199999999999989e+02 1.321733333333333462e+02 1.360733333333333235e+02
1.219328859060402692e+02 1.320402684563758271e+02 1.358791946308724903e+02
1.221523178807946977e+02 1.319735099337748352e+02 1.361854304635761537e+02
1.219668874172185440e+02 1.322516556291390657e+02 1.362847682119205217e+02
1.217651006711409423e+02 1.323355704697986539e+02 1.360402684563758271e+02
1.219466666666666725e+02 1.323933333333333451e+02 1.360999999999999943e+02
1.219399999999999977e+02 1.324866666666666788e+02 1.360800000000000125e+02
1.220921052631578902e+02 1.326973684210526301e+02 1.359144736842105203e+02
1.218235294117647101e+02 1.328104575163398806e+02 1.357124183006535816e+02
1.216912751677852356e+02 1.324563758389261636e+02 1.355838926174496635e+02
1.216040268456375770e+02 1.323087248322147786e+02 1.355503355704697981e+02
1.218741721854304672e+02 1.324304635761589282e+02 1.356821192052980223e+02
1.219735099337748352e+02 1.322781456953642305e+02 1.356490066225165663e+02
1.217999999999999972e+02 1.323000000000000114e+02 1.353333333333333428e+02
1.220799999999999983e+02 1.322400000000000091e+02 1.350133333333333212e+02
1.222000000000000028e+02 1.324266666666666765e+02 1.352866666666666617e+02
1.225000000000000000e+02 1.324333333333333371e+02 1.354466666666666583e+02
1.225686274509803866e+02 1.324379084967320352e+02 1.352549019607843093e+02
1.225704697986577116e+02 1.323959731543624230e+02 1.351879194630872405e+02
1.227800000000000011e+02 1.326800000000000068e+02 1.349399999999999977e+02
1.229133333333333269e+02 1.327133333333333383e+02 1.347333333333333201e+02
1.229150326797385588e+02 1.328888888888888857e+02 1.343660130718954235e+02
1.227666666666666657e+02 1.329133333333333269e+02 1.342066666666666777e+02
1.229006622516556320e+02 1.331456953642384065e+02 1.340927152317880768e+02
1.227800000000000011e+02 1.332133333333333383e+02 1.340333333333333314e+02
1.230860927152317856e+02 1.331192052980132416e+02 1.340860927152317856e+02
1.233594771241830017e+02 1.330980392156862706e+02 1.341568627450980387e+02
1.233333333333333286e+02 1.331866666666666674e+02 1.342333333333333201e+02
1.232399999999999949e+02 1.331399999999999864e+02 1.342800000000000011e+02
1.232781456953642447e+02 1.330198675496688736e+02 1.339735099337748352e+02
1.228543046357615935e+02 1.330529801324503296e+02 1.338543046357615935e+02
1.227894736842105203e+02 1.331578947368421098e+02 1.336973684210526301e+02
1.224832214765100673e+02 1.332214765100671059e+02 1.334429530201342402e+02
1.222684563758389231e+02 1.334161073825503365e+02 1.336711409395973078e+02
1.220666666666666629e+02 1.335466666666666526e+02 1.338466666666666640e+02
1.221333333333333400e+02 1.339733333333333292e+02 1.339666666666666686e+02
1.221733333333333320e+02 1.338466666666666640e+02 1.339933333333333394e+02
1.218496732026143832e+02 1.340261437908496873e+02 1.338823529411764639e+02
1.214599999999999937e+02 1.338000000000000114e+02 1.336399999999999864e+02
1.216907894736842053e+02 1.337565789473684106e+02 1.335328947368421098e+02
1.218599999999999994e+02 1.335266666666666708e+02 1.338266666666666538e+02
1.220466666666666669e+02 1.335600000000000023e+02 1.341800000000000068e+02
1.224238410596026512e+02 1.336622516556291487e+02 1.340794701986754944e+02
1.222399999999999949e+02 1.339000000000000057e+02 1.341133333333333439e+02
1.223708609271523216e+02 1.341192052980132416e+02 1.342715231788079393e+02
1.229597315436241587e+02 1.344630872483221538e+02 1.341006711409395962e+02
1.232337662337662323e+02 1.345909090909090935e+02 1.338116883116883002e+02
1.233684210526315752e+02 1.344276315789473699e+02 1.340131578947368496e+02
1.235231788079470192e+02 1.346357615894039839e+02 1.341390728476821153e+02
1.234802631578947398e+02 1.345986842105263293e+02 1.338552631578947398e+02
1.236800000000000068e+02 1.343600000000000136e+02 1.333400000000000034e+02
1.238618421052631646e+02 1.345657894736842195e+02 1.330592105263157805e+02
1.237449664429530145e+02 1.343087248322147786e+02 1.328053691275167694e+02
1.237866666666666617e+02 1.338799999999999955e+02 1.330466666666666526e+02
1.236266666666666652e+02 1.340866666666666731e+02 1.329866666666666788e+02
1.236622516556291345e+02 1.342582781456953569e+02 1.332847682119205217e+02
1.238799999999999955e+02 1.346399999999999864e+02 1.333466666666666640e+02
1.239934640522875782e+02 1.350326797385620807e+02 1.332810457516339966e+02
1.239797297297297263e+02 1.349594594594594525e+02 1.333243243243243228e+02
1.236158940397350960e+02 1.348410596026490111e+02 1.330993377483443680e+02
1.235266666666666708e+02 1.347199999999999989e+02 1.333466666666666640e+02
1.236644736842105203e+02 1.346184210526315894e+02 1.334342105263157805e+02
1.239867549668874176e+02 1.343642384105960161e+02 1.333973509933774722e+02
1.243666666666666600e+02 1.341866666666666674e+02 1.334533333333333474e+02
1.240463576158940384e+02 1.340993377483443680e+02 1.331986754966887361e+02
1.239736842105263150e+02 1.341315789473684106e+02 1.330460526315789593e+02
1.239733333333333292e+02 1.340066666666666606e+02 1.330000000000000000e+02
1.238410596026490111e+02 1.341788079470198625e+02 1.330993377483443680e+02
1.235099337748344368e+02 1.342649006622516481e+02 1.332582781456953569e+02
1.235430463576158928e+02 1.342384105960264833e+02 1.332980132450331041e+02
1.237315436241610769e+02 1.340805369127516826e+02 1.330872483221476443e+02
1.241390728476821153e+02 1.340066225165562912e+02 1.331258278145695328e+02
1.240666666666666629e+02 1.338866666666666561e+02 1.327066666666666777e+02
1.239933333333333394e+02 1.336933333333333280e+02 1.323333333333333428e+02
1.240999999999999943e+02 1.337599999999999909e+02 1.319733333333333292e+02
1.237866666666666617e+02 1.337400000000000091e+02 1.319600000000000080e+02
1.239933333333333394e+02 1.336333333333333258e+02 1.321133333333333439e+02
1.240197368421052602e+02 1.338026315789473699e+02 1.322434210526315894e+02
1.240805369127516826e+02 1.337583892617449806e+02 1.320805369127516826e+02
1.242399999999999949e+02 1.337333333333333201e+02 1.323199999999999932e+02
1.240466666666666669e+02 1.337599999999999909e+02 1.324666666666666686e+02
1.239133333333333269e+02 1.331666666666666572e+02 1.325200000000000102e+02
1.234599999999999937e+02 1.332133333333333383e+02 1.319799999999999898e+02
1.235620915032679790e+02 1.331830065359477260e+02 1.319084967320261512e+02
1.236644736842105203e+02 1.330328947368421098e+02 1.317236842105263293e+02
1.232266666666666737e+02 1.331599999999999966e+02 1.317133333333333383e+02
1.234705882352941160e+02 1.331176470588235361e+02 1.313398692810457646e+02
1.232080536912751683e+02 1.333624161073825576e+02 1.309261744966443075e+02
1.231192052980132416e+02 1.336225165562914015e+02 1.309933774834437088e+02
1.230872483221476443e+02 1.337852348993288558e+02 1.306778523489932979e+02
1.231610738255033510e+02 1.335771812080537018e+02 1.307718120805369040e+02
1.231409395973154375e+02 1.338053691275167694e+02 1.309328859060402692e+02
1.231466666666666612e+02 1.338666666666666742e+02 1.310399999999999920e+02
1.229096774193548356e+02 1.337290322580645068e+02 1.310129032258064399e+02
1.229800000000000040e+02 1.338933333333333451e+02 1.308799999999999955e+02
1.232933333333333366e+02 1.341933333333333280e+02 1.310533333333333417e+02
1.230999999999999943e+02 1.341466666666666754e+02 1.313199999999999932e+02
1.233355704697986681e+02 1.343825503355704711e+02 1.315503355704697981e+02
1.235933333333333337e+02 1.342533333333333303e+02 1.320199999999999818e+02
1.237417218543046289e+02 1.341854304635761537e+02 1.323377483443708513e+02
1.236490066225165521e+02 1.341589403973509889e+02 1.319602649006622528e+02
1.233907284768211952e+02 1.342185430463576097e+02 1.320993377483443680e+02
1.234407894736842053e+02 1.340986842105263293e+02 1.321118421052631504e+02
1.230199999999999960e+02 1.340733333333333235e+02 1.323600000000000136e+02
1.229801324503311264e+02 1.339139072847682144e+02 1.319403973509933792e+02
1.228599999999999994e+02 1.337800000000000011e+02 1.319066666666666663e+02
1.228355263157894797e+02 1.333815789473684106e+02 1.317763157894736707e+02
1.227533333333333303e+02 1.332466666666666697e+02 1.318333333333333428e+02
1.225906040268456394e+02 1.330738255033556925e+02 1.318187919463087212e+02
1.224933333333333394e+02 1.328000000000000114e+02 1.317599999999999909e+02
1.224052287581699403e+02 1.332091503267973849e+02 1.319803921568627345e+02
1.219144736842105203e+02 1.332697368421052602e+02 1.322302631578947398e+02
1.220000000000000000e+02 1.330000000000000000e+02 1.324013157894736707e+02
1.218618421052631646e+02 1.329276315789473699e+02 1.325394736842105203e+02
1.218543046357615935e+02 1.329536423841059616e+02 1.328476821192053023e+02
1.215000000000000000e+02 1.327733333333333405e+02 1.328466666666666640e+02
1.217449664429530145e+02 1.327382550335570386e+02 1.329731543624160963e+02
1.219333333333333371e+02 1.326399999999999864e+02 1.329466666666666583e+02
1.219798657718120865e+02 1.325302013422818845e+02 1.326912751677852214e+02
1.225637583892617499e+02 1.324161073825503365e+02 1.325906040268456252e+02
1.223750000000000000e+02 1.322894736842105203e+02 1.325065789473684106e+02
1.226821192052980081e+02 1.323642384105960161e+02 1.328145695364238463e+02
1.224533333333333331e+02 1.324533333333333474e+02 1.329333333333333371e+02
1.224966887417218544e+02 1.323377483443708513e+02 1.329072847682119232e+02
1.225436241610738222e+02 1.323422818791946440e+02 1.325369127516778462e+02
1.225921052631578902e+02 1.324473684210526301e+02 1.326907894736842195e+02
