1.283267973856209210e+02 1.273333333333333286e+02 1.277843137254901933e+02
1.281688311688311614e+02 1.270974025974025921e+02 1.280389610389610482e+02
1.287218543046357695e+02 1.266291390728476784e+02 1.278543046357615935e+02
1.282763157894736707e+02 1.262960526315789451e+02 1.280131578947368496e+02
1.281721854304635713e+02 1.266357615894039697e+02 1.274039735099337776e+02
1.286133333333333439e+02 1.265666666666666629e+02 1.274133333333333269e+02
1.285294117647058840e+02 1.268692810457516345e+02 1.274052287581699403e+02
1.288211920529801375e+02 1.268543046357615935e+02 1.270860927152317856e+02
1.286315789473684106e+02 1.270328947368421098e+02 1.268486842105263150e+02
1.287019867549668959e+02 1.272847682119205359e+02 1.269271523178807968e+02
1.281409395973154233e+02 1.270067114093959759e+02 1.270536912751677789e+02
1.276866666666666674e+02 1.271666666666666714e+02 1.267000000000000028e+02
1.278476821192053023e+02 1.269867549668874176e+02 1.268344370860927199e+02
1.283422818791946440e+02 1.271610738255033510e+02 1.271946308724832164e+02
1.280460526315789593e+02 1.271776315789473699e+02 1.271184210526315752e+02
1.282894736842105203e+02 1.267171052631578902e+02 1.272105263157894797e+02
1.276081081081081123e+02 1.270743243243243228e+02 1.271486486486486456e+02
1.276933333333333280e+02 1.268666666666666600e+02 1.270266666666666708e+02
1.273599999999999994e+02 1.266933333333333280e+02 1.268666666666666600e+02
1.270921052631578902e+02 1.265526315789473699e+02 1.269539473684210549e+02
1.266442953020134183e+02 1.265503355704697981e+02 1.272281879194630818e+02
1.268881578947368354e+02 1.270723684210526301e+02 1.276315789473684248e+02
1.265999999999999943e+02 1.268066666666666720e+02 1.277933333333333366e+02
1.264635761589403984e+02 1.266556291390728433e+02 1.281523178807946977e+02
1.263599999999999994e+02 1.269533333333333331e+02 1.277333333333333343e+02
1.261946308724832164e+02 1.276040268456375770e+02 1.275771812080536876e+02
1.263311258278145743e+02 1.275960264900662224e+02 1.280397350993377472e+02
1.264966442953020191e+02 1.272953020134228126e+02 1.278993288590604038e+02
1.267333333333333343e+02 1.275733333333333377e+02 1.280333333333333314e+02
1.268235294117647101e+02 1.280130718954248437e+02 1.281895424836601194e+02
1.269801324503311264e+02 1.282119205298013185e+02 1.280529801324503296e+02
1.265933333333333337e+02 1.280999999999999943e+02 1.285066666666666606e+02
1.260526315789473699e+02 1.285263157894736707e+02 1.287565789473684106e+02
1.260264900662251648e+02 1.285496688741721982e+02 1.288079470198675551e+02
1.261513157894736850e+02 1.285592105263157805e+02 1.289013157894736707e+02
1.259733333333333292e+02 1.283199999999999932e+02 1.290066666666666606e+02
1.259133333333333269e+02 1.281133333333333439e+02 1.286933333333333280e+02
1.258662420382165550e+02 1.283375796178343933e+02 1.283630573248407529e+02
1.259869281045751563e+02 1.278692810457516345e+02 1.283790849673202672e+02
1.259865771812080482e+02 1.279865771812080482e+02 1.285033557046979809e+02
1.259205298013245056e+02 1.280728476821192032e+02 1.282980132450331041e+02
1.259735099337748352e+02 1.282847682119205217e+02 1.284304635761589282e+02
1.267218543046357553e+02 1.281258278145695328e+02 1.282052980132450273e+02
1.268400000000000034e+02 1.275333333333333314e+02 1.283733333333333348e+02
1.267236842105263150e+02 1.271250000000000000e+02 1.281710526315789593e+02
1.269933333333333394e+02 1.269666666666666686e+02 1.279466666666666725e+02
1.273443708609271567e+02 1.266887417218542993e+02 1.279867549668874176e+02
1.272352941176470580e+02 1.261960784313725554e+02 1.280065359477124218e+02
1.270328947368421098e+02 1.264605263157894797e+02 1.286315789473684106e+02
1.268799999999999955e+02 1.264399999999999977e+02 1.284933333333333394e+02
1.269066666666666663e+02 1.259800000000000040e+02 1.286666666666666572e+02
1.269150326797385588e+02 1.257385620915032689e+02 1.284183006535947698e+02
1.269210526315789451e+02 1.258552631578947398e+02 1.282894736842105203e+02
1.270264900662251648e+02 1.260264900662251648e+02 1.281125827814569504e+02
1.275629139072847664e+02 1.259072847682119232e+02 1.282185430463576097e+02
1.273133333333333326e+02 1.262466666666666697e+02 1.283866666666666561e+02
1.278104575163398664e+02 1.263398692810457504e+02 1.285686274509803866e+02
1.281266666666666652e+02 1.263799999999999955e+02 1.290000000000000000e+02
1.280463576158940384e+02 1.259933774834437088e+02 1.290397350993377472e+02
1.275882352941176521e+02 1.258496732026143832e+02 1.287908496732026151e+02
1.274605263157894797e+02 1.262434210526315752e+02 1.291381578947368496e+02
1.273576158940397391e+02 1.259668874172185440e+02 1.295298013245033246e+02
1.278344370860927199e+02 1.261788079470198625e+02 1.295629139072847806e+02
1.279276315789473699e+02 1.259934210526315752e+02 1.291118421052631504e+02
1.279802631578947398e+02 1.264210526315789451e+02 1.290592105263157805e+02
1.279000000000000057e+02 1.262933333333333366e+02 1.290000000000000000e+02
1.277894736842105203e+02 1.273026315789473699e+02 1.291513157894736707e+02
1.279133333333333269e+02 1.278266666666666680e+02 1.289066666666666663e+02
1.280264900662251648e+02 1.278211920529801375e+02 1.288675496688741759e+02
1.281066666666666549e+02 1.276733333333333320e+02 1.288666666666666742e+02
1.281118421052631504e+02 1.277171052631578902e+02 1.289671052631578902e+02
1.279337748344370880e+02 1.279337748344370880e+02 1.292649006622516481e+02
1.280259740259740227e+02 1.284155844155844193e+02 1.297532467532467422e+02
1.275000000000000000e+02 1.284864864864864842e+02 1.296283783783783861e+02
1.277999999999999972e+02 1.292400000000000091e+02 1.294866666666666788e+02
1.282781456953642305e+02 1.292185430463576097e+02 1.295231788079470334e+02
1.290264900662251648e+02 1.293907284768211809e+02 1.292781456953642305e+02
1.289533333333333474e+02 1.292800000000000011e+02 1.290600000000000023e+02
1.287449664429530287e+02 1.291140939597315480e+02 1.291006711409395962e+02
1.293066666666666720e+02 1.293133333333333326e+02 1.289000000000000057e+02
1.294802631578947398e+02 1.293092105263157805e+02 1.286250000000000000e+02
1.297400000000000091e+02 1.292666666666666799e+02 1.282599999999999909e+02
1.294199999999999875e+02 1.294066666666666663e+02 1.281999999999999886e+02
1.294039735099337634e+02 1.293841059602648897e+02 1.279072847682119232e+02
1.295298013245033246e+02 1.291258278145695328e+02 1.279801324503311264e+02
1.289066666666666663e+02 1.293733333333333348e+02 1.276066666666666691e+02
1.292039473684210407e+02 1.293026315789473699e+02 1.277434210526315752e+02
1.292516556291390657e+02 1.290198675496688736e+02 1.277086092715231729e+02
1.295496688741721982e+02 1.290066225165562912e+02 1.274370860927152336e+02
1.290608108108108070e+02 1.292432432432432563e+02 1.274932432432432421e+02
1.285844155844155807e+02 1.288831168831168839e+02 1.273766233766233711e+02
1.286887417218543135e+02 1.290397350993377472e+02 1.273642384105960303e+02
1.288255033557047113e+02 1.290671140939597308e+02 1.267583892617449663e+02
1.293509933774834337e+02 1.294701986754966754e+02 1.272450331125827745e+02
1.293154362416107404e+02 1.293758389261745094e+02 1.278120805369127453e+02
1.296513157894736707e+02 1.297894736842105203e+02 1.278815789473684248e+02
1.294771241830065378e+02 1.299411764705882320e+02 1.288366013071895395e+02
1.295894039735099454e+02 1.299735099337748352e+02 1.290529801324503296e+02
1.295800000000000125e+02 1.295133333333333212e+02 1.288533333333333246e+02
1.292418300653594656e+02 1.294313725490196134e+02 1.289542483660130756e+02
1.289934210526315894e+02 1.294736842105263293e+02 1.288750000000000000e+02
1.285100671140939710e+02 1.286644295302013461e+02 1.294228187919462982e+02
1.286399999999999864e+02 1.288199999999999932e+02 1.295733333333333235e+02
1.278344370860927199e+02 1.284966887417218402e+02 1.297748344370860991e+02
1.278896103896103966e+02 1.281558441558441643e+02 1.294935064935064872e+02
1.278609271523178847e+02 1.282119205298013185e+02 1.293841059602648897e+02
1.282287581699346504e+02 1.286601307189542354e+02 1.294052287581699261e+02
1.286315789473684106e+02 1.286447368421052602e+02 1.289868421052631504e+02
1.292599999999999909e+02 1.287666666666666799e+02 1.289133333333333269e+02
1.292697368421052602e+02 1.286184210526315894e+02 1.289342105263157805e+02
1.295562913907284894e+02 1.280529801324503296e+02 1.287152317880794783e+02
1.297266666666666595e+02 1.279133333333333269e+02 1.287866666666666617e+02
1.295592105263157805e+02 1.277565789473684248e+02 1.286973684210526301e+02
1.298366013071895395e+02 1.277777777777777715e+02 1.279934640522875782e+02
1.296644736842105203e+02 1.284078947368421098e+02 1.283815789473684106e+02
1.295866666666666731e+02 1.281333333333333258e+02 1.284933333333333394e+02
1.298926174496644421e+02 1.279597315436241587e+02 1.286375838926174424e+02
1.299735099337748352e+02 1.286821192052980223e+02 1.287748344370860991e+02
1.299078947368421098e+02 1.289868421052631504e+02 1.287631578947368496e+02
1.296038961038960906e+02 1.291298701298701417e+02 1.289285714285714164e+02
1.299210526315789593e+02 1.293552631578947398e+02 1.289342105263157805e+02
1.298013245033112639e+02 1.291920529801324449e+02 1.289205298013245056e+02
1.296666666666666572e+02 1.288169934640522740e+02 1.289803921568627345e+02
1.292368421052631504e+02 1.289934210526315894e+02 1.288486842105263293e+02
1.293112582781456865e+02 1.285695364238410718e+02 1.293046357615893953e+02
1.293246753246753258e+02 1.282857142857142776e+02 1.294545454545454675e+02
1.292866666666666617e+02 1.281599999999999966e+02 1.296466666666666754e+02
1.293571428571428612e+02 1.274740259740259773e+02 1.295389610389610482e+02
1.297763157894736707e+02 1.271118421052631646e+02 1.301513157894736707e+02
1.300999999999999943e+02 1.272333333333333343e+02 1.300333333333333314e+02
1.296066666666666549e+02 1.271733333333333320e+02 1.302133333333333383e+02
1.297615894039735167e+02 1.274304635761589424e+02 1.303841059602648897e+02
1.298815789473684106e+02 1.273289473684210549e+02 1.305000000000000000e+02
1.298000000000000114e+02 1.271066666666666691e+02 1.305333333333333314e+02
1.299866666666666788e+02 1.278666666666666600e+02 1.306133333333333439e+02
1.295592105263157805e+02 1.280000000000000000e+02 1.303815789473684106e+02
1.299337748344370880e+02 1.279271523178807968e+02 1.302052980132450273e+02
1.301399999999999864e+02 1.279333333333333371e+02 1.306200000000000045e+02
1.306666666666666572e+02 1.283000000000000114e+02 1.310866666666666731e+02
1.302550335570469713e+02 1.276308724832214807e+02 1.306979865771812115e+02
1.302251655629139009e+02 1.278013245033112639e+02 1.307748344370860991e+02
1.301192052980132416e+02 1.277417218543046289e+02 1.312450331125827745e+02
1.295099337748344510e+02 1.276622516556291345e+02 1.311324503311258241e+02
1.295827814569536542e+02 1.274437086092715248e+02 1.311324503311258241e+02
1.291764705882353041e+02 1.276797385620915009e+02 1.312745098039215748e+02
1.295364238410596158e+02 1.277350993377483377e+02 1.318675496688741759e+02
1.297046979865771732e+02 1.273154362416107404e+02 1.314832214765100673e+02
1.299602649006622528e+02 1.273907284768211952e+02 1.313907284768211809e+02
1.299594594594594525e+02 1.274662162162162105e+02 1.314797297297297405e+02
1.305986842105263293e+02 1.276381578947368354e+02 1.317039473684210407e+02
1.308859060402684520e+02 1.274899328859060432e+02 1.311208053691275097e+02
1.310993377483443680e+02 1.273841059602649040e+02 1.310463576158940384e+02
1.313825503355704711e+02 1.274832214765100673e+02 1.304765100671141056e+02
1.312666666666666799e+02 1.273333333333333286e+02 1.306933333333333280e+02
1.309668874172185440e+02 1.276225165562913872e+02 1.305496688741721982e+02
1.317615894039735167e+02 1.274635761589403984e+02 1.311125827814569504e+02
1.313157894736842195e+02 1.270131578947368354e+02 1.309078947368421098e+02
1.311623376623376487e+02 1.268506493506493484e+02 1.309480519480519547e+02
1.314933333333333394e+02 1.268066666666666720e+02 1.308666666666666742e+02
1.314039735099337634e+02 1.271258278145695328e+02 1.306622516556291487e+02
1.318133333333333326e+02 1.273933333333333309e+02 1.307400000000000091e+02
1.317302631578947398e+02 1.270263157894736850e+02 1.308092105263157805e+02
1.315974025974026063e+02 1.269545454545454533e+02 1.302662337662337677e+02
1.315333333333333314e+02 1.268599999999999994e+02 1.297933333333333223e+02
1.314133333333333269e+02 1.274133333333333269e+02 1.297800000000000011e+02
1.315806451612903345e+02 1.275612903225806463e+02 1.295161290322580783e+02
1.314610389610389518e+02 1.273506493506493484e+02 1.294285714285714164e+02
1.313933333333333451e+02 1.270400000000000063e+02 1.295600000000000023e+02
1.318322147651006730e+02 1.272214765100671201e+02 1.297248322147650867e+02
1.318590604026845767e+02 1.269731543624161105e+02 1.295503355704697981e+02
1.322466666666666697e+02 1.270533333333333275e+02 1.293333333333333428e+02
1.320466666666666526e+02 1.266466666666666612e+02 1.291733333333333462e+02
1.320794701986754944e+02 1.265761589403973488e+02 1.288278145695364287e+02
1.318741721854304672e+02 1.266092715231788048e+02 1.284437086092715106e+02
1.316754966887417311e+02 1.269602649006622528e+02 1.284238410596026370e+02
1.315436241610738364e+02 1.268322147651006730e+02 1.282751677852349133e+02
1.310469798657718172e+02 1.262550335570469855e+02 1.288724832214765001e+02
1.312483221476510096e+02 1.265436241610738222e+02 1.290000000000000000e+02
1.310519480519480453e+02 1.266688311688311757e+02 1.292792207792207932e+02
1.311721854304635713e+02 1.264966887417218544e+02 1.293642384105960161e+02
1.311476510067114134e+02 1.260872483221476443e+02 1.287449664429530287e+02
1.314899328859060290e+02 1.260805369127516826e+02 1.291812080536912788e+02
1.315570469798657598e+02 1.262147651006711442e+02 1.293087248322147786e+02
1.318322147651006730e+02 1.265704697986577116e+02 1.288657718120805384e+02
1.317682119205298079e+02 1.263046357615894095e+02 1.285364238410596158e+02
1.313825503355704711e+02 1.262013422818791923e+02 1.283825503355704711e+02
1.314503311258278018e+02 1.261920529801324449e+02 1.285827814569536542e+02
1.310999999999999943e+02 1.265866666666666731e+02 1.290733333333333235e+02
1.314172185430463458e+02 1.269006622516556320e+02 1.290662251655629120e+02
1.310666666666666629e+02 1.270466666666666669e+02 1.287599999999999909e+02
1.308859060402684520e+02 1.270067114093959759e+02 1.292214765100671059e+02
1.308344370860927199e+02 1.267814569536423903e+02 1.291920529801324449e+02
1.308552631578947398e+02 1.265394736842105203e+02 1.294342105263157805e+02
1.308807947019867584e+02 1.264105960264900688e+02 1.292450331125827745e+02
1.306556291390728575e+02 1.264370860927152336e+02 1.288940397350993408e+02
1.307350993377483519e+02 1.264966887417218544e+02 1.287218543046357695e+02
1.304671052631578902e+02 1.265263157894736850e+02 1.287565789473684106e+02
1.304635761589403842e+02 1.262847682119205359e+02 1.289668874172185440e+02
1.304133333333333269e+02 1.262999999999999972e+02 1.291333333333333258e+02
1.303137254901960773e+02 1.266470588235294059e+02 1.295620915032679648e+02
1.299802631578947398e+02 1.266250000000000000e+02 1.292039473684210407e+02
1.300132450331125824e+02 1.260198675496688736e+02 1.298145695364238463e+02
1.298000000000000114e+02 1.253666666666666600e+02 1.303000000000000114e+02
1.296907894736842195e+02 1.253289473684210549e+02 1.306315789473684106e+02
1.294466666666666583e+02 1.256333333333333400e+02 1.298733333333333348e+02
1.291066666666666549e+02 1.255999999999999943e+02 1.297666666666666799e+02
1.292333333333333201e+02 1.250600000000000023e+02 1.299666666666666686e+02
1.292466666666666697e+02 1.256066666666666691e+02 1.299733333333333292e+02
1.292026143790849630e+02 1.256666666666666714e+02 1.300588235294117680e+02
1.291266666666666652e+02 1.263799999999999955e+02 1.297866666666666617e+02
1.289738562091503127e+02 1.263594771241830017e+02 1.299477124183006538e+02
1.283333333333333428e+02 1.267266666666666737e+02 1.300466666666666526e+02
1.287565789473684106e+02 1.263092105263157947e+02 1.299605263157894797e+02
1.283947368421052602e+02 1.260263157894736850e+02 1.298026315789473699e+02
1.286174496644295289e+02 1.257718120805369182e+02 1.300201342281879135e+02
1.288013245033112639e+02 1.259735099337748352e+02 1.300794701986754944e+02
1.288940397350993408e+02 1.261125827814569504e+02 1.300927152317880768e+02
1.289470198675496704e+02 1.263576158940397391e+02 1.302450331125827745e+02
1.288609271523178847e+02 1.263642384105960303e+02 1.301258278145695328e+02
1.289415584415584419e+02 1.258831168831168839e+02 1.302402597402597451e+02
1.291333333333333258e+02 1.263466666666666640e+02 1.304133333333333269e+02
1.289602649006622528e+02 1.261589403973509889e+02 1.301589403973509889e+02
1.288278145695364287e+02 1.263245033112582831e+02 1.305960264900662366e+02
1.287248322147650867e+02 1.260335570469798654e+02 1.309664429530201346e+02
1.289285714285714164e+02 1.262467532467532436e+02 1.306298701298701417e+02
1.285131578947368496e+02 1.265460526315789451e+02 1.303421052631578902e+02
1.284904458598726080e+02 1.264904458598726080e+02 1.302356687898089262e+02
1.277697368421052602e+02 1.266250000000000000e+02 1.300592105263157805e+02
1.280000000000000000e+02 1.266953642384105905e+02 1.296953642384106047e+02
1.283799999999999955e+02 1.263799999999999955e+02 1.293000000000000114e+02
1.285000000000000000e+02 1.267999999999999972e+02 1.293133333333333326e+02
1.285695364238410718e+02 1.268344370860927199e+02 1.285298013245033246e+02
1.290000000000000000e+02 1.269671052631578902e+02 1.284342105263157805e+02
1.290466666666666526e+02 1.271599999999999966e+02 1.287266666666666595e+02
1.290397350993377472e+02 1.275430463576158928e+02 1.285231788079470334e+02
1.291523178807946977e+02 1.279536423841059616e+02 1.282980132450331041e+02
1.288079470198675551e+02 1.282847682119205217e+02 1.279139072847682144e+02
1.285933333333333337e+02 1.280733333333333235e+02 1.276066666666666691e+02
1.289333333333333371e+02 1.280666666666666629e+02 1.275799999999999983e+02
1.292866666666666617e+02 1.279666666666666686e+02 1.278400000000000034e+02
1.292666666666666799e+02 1.277000000000000028e+02 1.283866666666666561e+02
1.291456953642384065e+02 1.279271523178807968e+02 1.282052980132450273e+02
1.294832214765100673e+02 1.279463087248322211e+02 1.281073825503355579e+02
1.296933333333333280e+02 1.272933333333333366e+02 1.286733333333333462e+02
1.297666666666666799e+02 1.272000000000000028e+02 1.286133333333333439e+02
1.294093959731543748e+02 1.272483221476510096e+02 1.284697986577181155e+02
1.295099337748344510e+02 1.276887417218542993e+02 1.287284768211920607e+02
1.290333333333333314e+02 1.273533333333333388e+02 1.289000000000000057e+02
1.289000000000000057e+02 1.267600000000000051e+02 1.284533333333333474e+02
1.289395973154362309e+02 1.264563758389261778e+02 1.289261744966443075e+02
1.286732026143790790e+02 1.264640522875816941e+02 1.287908496732026151e+02
1.286953642384106047e+02 1.261854304635761537e+02 1.283112582781456865e+02
1.290718954248366117e+02 1.260784313725490193e+02 1.283006535947712337e+02
1.288157894736842195e+02 1.259868421052631646e+02 1.280197368421052602e+02
1.287960526315789593e+02 1.262894736842105203e+02 1.278092105263157947e+02
1.287450980392156907e+02 1.266601307189542496e+02 1.280000000000000000e+02
1.285844155844155807e+02 1.264545454545454533e+02 1.283116883116883002e+02
1.286387096774193424e+02 1.262580645161290391e+02 1.278387096774193594e+02
1.287248322147650867e+02 1.262080536912751683e+02 1.277046979865771874e+02
1.286993464052287663e+02 1.262941176470588260e+02 1.274575163398692865e+02
1.282185430463576097e+02 1.261125827814569504e+02 1.273245033112582831e+02
1.282348993288590577e+02 1.259798657718120865e+02 1.272818791946308750e+02
1.282384105960264833e+02 1.257549668874172255e+02 1.275695364238410576e+02
1.277483443708609201e+02 1.260397350993377472e+02 1.272582781456953711e+02
1.276026490066225136e+02 1.255761589403973488e+02 1.269933774834437088e+02
1.274768211920529808e+02 1.252119205298013185e+02 1.269602649006622528e+02
1.275000000000000000e+02 1.250733333333333377e+02 1.268199999999999932e+02
1.273202614379084991e+02 1.250588235294117680e+02 1.263856209150326748e+02
1.273509933774834479e+02 1.250397350993377472e+02 1.264966887417218544e+02
1.275333333333333314e+02 1.251400000000000006e+02 1.269200000000000017e+02
1.270600000000000023e+02 1.250866666666666731e+02 1.270400000000000063e+02
1.264533333333333331e+02 1.248933333333333309e+02 1.271066666666666691e+02
1.263933333333333309e+02 1.245666666666666629e+02 1.270133333333333354e+02
1.266052631578947398e+02 1.249605263157894797e+02 1.264013157894736850e+02
1.263443708609271567e+02 1.250331125827814560e+02 1.259536423841059616e+02
1.267266666666666737e+02 1.252800000000000011e+02 1.260866666666666731e+02
1.266578947368421098e+02 1.250460526315789451e+02 1.258355263157894797e+02
1.265620915032679790e+02 1.250065359477124218e+02 1.257450980392156907e+02
1.272147651006711442e+02 1.245033557046979809e+02 1.256912751677852356e+02
1.270129032258064541e+02 1.244322580645161338e+02 1.259354838709677438e+02
1.272066666666666634e+02 1.244599999999999937e+02 1.261066666666666691e+02
1.269934640522875782e+02 1.244379084967320210e+02 1.261764705882352899e+02
1.273265306122448948e+02 1.243877551020408134e+02 1.263945578231292473e+02
1.274933333333333394e+02 1.242333333333333343e+02 1.263933333333333309e+02
1.277635135135135158e+02 1.241959459459459367e+02 1.264527027027027088e+02
1.274172185430463600e+02 1.243576158940397391e+02 1.258211920529801375e+02
1.274966887417218544e+02 1.245629139072847664e+02 1.258609271523178847e+02
1.271776315789473699e+02 1.244407894736842053e+02 1.258092105263157947e+02
1.275584415584415581e+02 1.242597402597402549e+02 1.255779220779220822e+02
1.273377483443708655e+02 1.242450331125827745e+02 1.256688741721854257e+02
1.268199999999999932e+02 1.241666666666666714e+02 1.258866666666666703e+02
1.270460526315789451e+02 1.243421052631578902e+02 1.257828947368421098e+02
1.267712418300653638e+02 1.246797385620915009e+02 1.255816993464052302e+02
1.269078947368421098e+02 1.246052631578947398e+02 1.254539473684210549e+02
1.270066666666666606e+02 1.250199999999999960e+02 1.252600000000000051e+02
1.268733333333333348e+02 1.252333333333333343e+02 1.253666666666666600e+02
1.265695364238410576e+02 1.250397350993377472e+02 1.246556291390728433e+02
1.263071895424836555e+02 1.250261437908496731e+02 1.251764705882352899e+02
1.260526315789473699e+02 1.252828947368421098e+02 1.254605263157894797e+02
1.263758389261744952e+02 1.256778523489932837e+02 1.251140939597315480e+02
1.262800000000000011e+02 1.256200000000000045e+02 1.254866666666666646e+02
1.266066666666666691e+02 1.252600000000000051e+02 1.258400000000000034e+02
1.266423841059602609e+02 1.251920529801324449e+02 1.262119205298013185e+02
1.263486842105263150e+02 1.253552631578947398e+02 1.264276315789473699e+02
1.266862745098039227e+02 1.254117647058823479e+02 1.265555555555555571e+02
1.267777777777777715e+02 1.256013071895424815e+02 1.266666666666666714e+02
1.269867549668874176e+02 1.250397350993377472e+02 1.270397350993377472e+02
1.273642384105960303e+02 1.250728476821192032e+02 1.271920529801324449e+02
1.275562913907284752e+02 1.246887417218542993e+02 1.273973509933774864e+02
1.278724832214765144e+02 1.248120805369127453e+02 1.269597315436241587e+02
1.283267973856209210e+02 1.247973856209150370e+02 1.272156862745098067e+02
1.285761589403973630e+02 1.241655629139072801e+02 1.268741721854304672e+02
1.285986842105263293e+02 1.242105263157894797e+02 1.270657894736842053e+02
1.285592105263157805e+02 1.242697368421052602e+02 1.273157894736842053e+02
1.282039473684210407e+02 1.244671052631578902e+02 1.276776315789473699e+02
1.280135135135135158e+02 1.243243243243243228e+02 1.278108108108108070e+02
1.280657894736842195e+02 1.242565789473684248e+02 1.276118421052631646e+02
1.281800000000000068e+02 1.245866666666666731e+02 1.281666666666666572e+02
1.285389610389610482e+02 1.240194805194805241e+02 1.274480519480519547e+02
1.282697368421052602e+02 1.238947368421052602e+02 1.281644736842105203e+02
1.283046357615893953e+02 1.241655629139072801e+02 1.280860927152317856e+02
1.282119205298013185e+02 1.238344370860927199e+02 1.279139072847682144e+02
1.286490066225165663e+02 1.236092715231788048e+02 1.281920529801324449e+02
1.288199999999999932e+02 1.238133333333333326e+02 1.278400000000000034e+02
1.288333333333333428e+02 1.239800000000000040e+02 1.276533333333333360e+02
1.285657894736842195e+02 1.236381578947368354e+02 1.278421052631578902e+02
1.285328947368421098e+02 1.234210526315789451e+02 1.277500000000000000e+02
1.281038961038960906e+02 1.236103896103896034e+02 1.274480519480519547e+02
1.280340136054421691e+02 1.234353741496598644e+02 1.273265306122448948e+02
1.281052631578947398e+02 1.238750000000000000e+02 1.271842105263157947e+02
1.280133333333333212e+02 1.241800000000000068e+02 1.273533333333333388e+02
1.281710526315789593e+02 1.247105263157894797e+02 1.276052631578947398e+02
1.278947368421052602e+02 1.248881578947368354e+02 1.279802631578947398e+02
1.281073825503355579e+02 1.247315436241610769e+02 1.276778523489932837e+02
1.279933774834437088e+02 1.245298013245033104e+02 1.276556291390728433e+02
1.284473684210526301e+02 1.246973684210526301e+02 1.277236842105263150e+02
1.280909090909090935e+02 1.244545454545454533e+02 1.276558441558441501e+02
1.283774834437085985e+02 1.243576158940397391e+02 1.272317880794701921e+02
1.285723684210526301e+02 1.242828947368421098e+02 1.275065789473684248e+02
1.287284768211920607e+02 1.237152317880794641e+02 1.269271523178807968e+02
1.291447368421052602e+02 1.236973684210526301e+02 1.265328947368421098e+02
1.293333333333333428e+02 1.234066666666666663e+02 1.266200000000000045e+02
1.297549668874172255e+02 1.236026490066225136e+02 1.264768211920529808e+02
1.301333333333333258e+02 1.239666666666666686e+02 1.261666666666666714e+02
1.301324503311258241e+02 1.235165562913907280e+02 1.263112582781457007e+02
1.299000000000000057e+02 1.235266666666666708e+02 1.269599999999999937e+02
1.300939597315436345e+02 1.236845637583892596e+02 1.270536912751677789e+02
1.300066666666666606e+02 1.235066666666666606e+02 1.272800000000000011e+02
1.297615894039735167e+02 1.235827814569536400e+02 1.276953642384105905e+02
1.300596026490066208e+02 1.231788079470198625e+02 1.279006622516556320e+02
1.302317880794701921e+02 1.231589403973509889e+02 1.279536423841059616e+02
1.303355263157894797e+02 1.230197368421052602e+02 1.277697368421052602e+02
1.299668874172185440e+02 1.226887417218542993e+02 1.279668874172185440e+02
1.298609271523178847e+02 1.231523178807946977e+02 1.281125827814569504e+02
1.295490196078431495e+02 1.229477124183006538e+02 1.277973856209150370e+02
1.295600000000000023e+02 1.227399999999999949e+02 1.276733333333333320e+02
1.298600000000000136e+02 1.227000000000000028e+02 1.273666666666666600e+02
1.294799999999999898e+02 1.225333333333333314e+02 1.277199999999999989e+02
1.292781456953642305e+02 1.221986754966887361e+02 1.276887417218542993e+02
1.295838926174496635e+02 1.218456375838926107e+02 1.281677852348993270e+02
1.296513157894736707e+02 1.216776315789473699e+02 1.286578947368421098e+02
1.298355263157894797e+02 1.215131578947368354e+02 1.285855263157894797e+02
1.298223684210526301e+02 1.214473684210526301e+02 1.285855263157894797e+02
1.300588235294117680e+02 1.216209150326797328e+02 1.285751633986928084e+02
1.305231788079470334e+02 1.215894039735099312e+02 1.279801324503311264e+02
1.309328859060402692e+02 1.217986577181208077e+02 1.277315436241610769e+02
1.309933333333333394e+02 1.218333333333333286e+02 1.278333333333333286e+02
1.310198675496688736e+02 1.218609271523178847e+02 1.276225165562913872e+02
1.307218543046357695e+02 1.217549668874172255e+02 1.276887417218542993e+02
1.305167785234899327e+02 1.218724832214765144e+02 1.276845637583892596e+02
1.307105263157894797e+02 1.217368421052631646e+02 1.283750000000000000e+02
1.307852348993288558e+02 1.214832214765100673e+02 1.284161073825503365e+02
1.307086092715231871e+02 1.210463576158940384e+02 1.282052980132450273e+02
1.306862745098039227e+02 1.210392156862745168e+02 1.282026143790849630e+02
1.302368421052631504e+02 1.209868421052631646e+02 1.282039473684210407e+02
1.304966442953020191e+02 1.214093959731543606e+02 1.284496644295302019e+02
1.305838926174496635e+02 1.213758389261744952e+02 1.280402684563758271e+02
1.308289473684210407e+02 1.213092105263157947e+02 1.286973684210526301e+02
1.306999999999999886e+02 1.218733333333333348e+02 1.288533333333333246e+02
1.305337837837837753e+02 1.216148648648648702e+02 1.286283783783783861e+02
1.307199999999999989e+02 1.214266666666666623e+02 1.288000000000000114e+02
1.304266666666666765e+02 1.210799999999999983e+02 1.288066666666666720e+02
1.301842105263157805e+02 1.211644736842105203e+02 1.286842105263157805e+02
1.301689189189189051e+02 1.212905405405405475e+02 1.291148648648648702e+02
1.299342105263157805e+02 1.209605263157894797e+02 1.290921052631578902e+02
1.298333333333333428e+02 1.210400000000000063e+02 1.293133333333333326e+02
1.302307692307692264e+02 1.211602564102564088e+02 1.292115384615384528e+02
1.306688741721854399e+02 1.208741721854304672e+02 1.291456953642384065e+02
1.306118421052631504e+02 1.210065789473684248e+02 1.293881578947368496e+02
1.302933333333333223e+02 1.213266666666666680e+02 1.293733333333333348e+02
1.297432432432432563e+02 1.210472972972972912e+02 1.290675675675675791e+02
1.302066666666666777e+02 1.212399999999999949e+02 1.293400000000000034e+02
1.303716216216216139e+02 1.216216216216216282e+02 1.291891891891891930e+02
1.302597402597402549e+02 1.215974025974025921e+02 1.293376623376623513e+02
1.300397350993377472e+02 1.218874172185430496e+02 1.297152317880794783e+02
1.299731543624160963e+02 1.218724832214765144e+02 1.303959731543624230e+02
1.293311258278145601e+02 1.223774834437086128e+02 1.304966887417218402e+02
1.295838926174496635e+02 1.224093959731543606e+02 1.304765100671141056e+02
1.292105263157894797e+02 1.224144736842105203e+02 1.304736842105263293e+02
1.294133333333333269e+02 1.220266666666666708e+02 1.300466666666666526e+02
1.287058823529411882e+02 1.220065359477124218e+02 1.301176470588235361e+02
1.287450980392156907e+02 1.216993464052287521e+02 1.298562091503268050e+02
1.285600000000000023e+02 1.218533333333333388e+02 1.297333333333333201e+02
1.285133333333333212e+02 1.220333333333333314e+02 1.297466666666666697e+02
1.281946308724832306e+02 1.221543624161073893e+02 1.298791946308724903e+02
1.278627450980392126e+02 1.223398692810457504e+02 1.301503267973856168e+02
1.277077922077922096e+02 1.222532467532467564e+02 1.298636363636363740e+02
1.273400000000000034e+02 1.219599999999999937e+02 1.287866666666666617e+02
1.273355263157894797e+02 1.218881578947368354e+02 1.292105263157894797e+02
1.275032679738562109e+02 1.222483660130719016e+02 1.293594771241830017e+02
1.274039735099337776e+02 1.222781456953642447e+02 1.293245033112582689e+02
1.273377483443708655e+02 1.223973509933774864e+02 1.295894039735099454e+02
1.272941176470588260e+02 1.226535947712418277e+02 1.293660130718954235e+02
1.270779220779220822e+02 1.226753246753246742e+02 1.294480519480519547e+02
1.267919463087248317e+02 1.224228187919463124e+02 1.295302013422818845e+02
1.269346405228758101e+02 1.220784313725490193e+02 1.296666666666666572e+02
1.275686274509803866e+02 1.220588235294117680e+02 1.295424836601307277e+02
1.273154362416107404e+02 1.219463087248322211e+02 1.298053691275167694e+02
1.271589403973509889e+02 1.220794701986754944e+02 1.299801324503311264e+02
1.264039735099337776e+02 1.218344370860927199e+02 1.299602649006622528e+02
1.263489932885906057e+02 1.215234899328859086e+02 1.303959731543624230e+02
1.270466666666666669e+02 1.214399999999999977e+02 1.302199999999999989e+02
1.271960784313725554e+02 1.218235294117647101e+02 1.300849673202614269e+02
1.270328947368421098e+02 1.220855263157894797e+02 1.305723684210526301e+02
1.266209150326797328e+02 1.219084967320261370e+02 1.308300653594771177e+02
1.270197368421052602e+02 1.217171052631578902e+02 1.307697368421052602e+02
1.269607843137254832e+02 1.214575163398692865e+02 1.309607843137254974e+02
1.269200000000000017e+02 1.212266666666666737e+02 1.304066666666666663e+02
1.271225806451612925e+02 1.217225806451612868e+02 1.301999999999999886e+02
1.273533333333333388e+02 1.219000000000000057e+02 1.295666666666666629e+02
1.275695364238410576e+02 1.214701986754966896e+02 1.295562913907284894e+02
1.273354838709677352e+02 1.213548387096774235e+02 1.292451612903225850e+02
1.282599999999999909e+02 1.211933333333333280e+02 1.291866666666666674e+02
1.281800000000000068e+02 1.216666666666666714e+02 1.289000000000000057e+02
1.279934640522875782e+02 1.213921568627450966e+02 1.285163398692810404e+02
1.275165562913907280e+02 1.213509933774834479e+02 1.281986754966887361e+02
1.279133333333333269e+02 1.210133333333333354e+02 1.282333333333333201e+02
1.280794701986754944e+02 1.207218543046357553e+02 1.278807947019867584e+02
1.281103896103896034e+02 1.204805194805194759e+02 1.280129870129870255e+02
1.278400000000000034e+02 1.205133333333333354e+02 1.277733333333333263e+02
1.275197368421052602e+02 1.206315789473684248e+02 1.284605263157894797e+02
1.270065359477124218e+02 1.207973856209150370e+02 1.284183006535947698e+02
1.270529801324503296e+02 1.210463576158940384e+02 1.280529801324503296e+02
1.275394736842105203e+02 1.207039473684210549e+02 1.281052631578947398e+02
1.279215686274509807e+02 1.208169934640522882e+02 1.280261437908496873e+02
1.281578947368421098e+02 1.205263157894736850e+02 1.278618421052631646e+02
1.280196078431372655e+02 1.204313725490196134e+02 1.276339869281045765e+02
1.282533333333333303e+02 1.205600000000000023e+02 1.274200000000000017e+02
1.284026845637583847e+02 1.203087248322147644e+02 1.273758389261744952e+02
1.282133333333333383e+02 1.203799999999999955e+02 1.274333333333333371e+02
1.286754966887417311e+02 1.201456953642384065e+02 1.277549668874172255e+02
1.286357615894039839e+02 1.200198675496688736e+02 1.276490066225165521e+02
1.286776315789473699e+02 1.202302631578947398e+02 1.275263157894736850e+02
1.284093959731543748e+02 1.205033557046979809e+02 1.267449664429530145e+02
1.283624161073825576e+02 1.200939597315436203e+02 1.273489932885906057e+02
1.284304635761589282e+02 1.203443708609271567e+02 1.274966887417218544e+02
1.287402597402597451e+02 1.208181818181818130e+02 1.275714285714285694e+02
1.289342105263157805e+02 1.212105263157894797e+02 1.278355263157894797e+02
1.291447368421052602e+02 1.209868421052631646e+02 1.277500000000000000e+02
1.291125827814569504e+02 1.205960264900662224e+02 1.273708609271523216e+02
1.286315789473684106e+02 1.206513157894736850e+02 1.272894736842105203e+02
1.283774834437085985e+02 1.209735099337748352e+02 1.271125827814569504e+02
1.284064516129032256e+02 1.209032258064516157e+02 1.274709677419354819e+02
1.280993377483443680e+02 1.213377483443708655e+02 1.271986754966887361e+02
1.285600000000000023e+02 1.213333333333333286e+02 1.270466666666666669e+02
1.286862745098039227e+02 1.212810457516339824e+02 1.269869281045751563e+02
1.285430463576159070e+02 1.213046357615894095e+02 1.272052980132450273e+02
1.282733333333333405e+02 1.212666666666666657e+02 1.272133333333333383e+02
1.282500000000000000e+02 1.209934210526315752e+02 1.273092105263157947e+02
1.288799999999999955e+02 1.207999999999999972e+02 1.266800000000000068e+02
1.286821192052980223e+02 1.205099337748344368e+02 1.266688741721854257e+02
1.288266666666666538e+02 1.204666666666666686e+02 1.266733333333333320e+02
1.286399999999999864e+02 1.205199999999999960e+02 1.261933333333333280e+02
1.288733333333333348e+02 1.207266666666666737e+02 1.257600000000000051e+02
1.289199999999999875e+02 1.204866666666666646e+02 1.257066666666666634e+02
1.286776315789473699e+02 1.207697368421052602e+02 1.258684210526315752e+02
1.285526315789473699e+02 1.208092105263157947e+02 1.257236842105263150e+02
1.288066666666666720e+02 1.206333333333333400e+02 1.263066666666666720e+02
1.288881578947368496e+02 1.200657894736842053e+02 1.261644736842105203e+02
1.283881578947368496e+02 1.203289473684210549e+02 1.263552631578947398e+02
1.287152317880794783e+02 1.204900662251655632e+02 1.264635761589403984e+02
1.289666666666666686e+02 1.202466666666666697e+02 1.265000000000000000e+02
1.294313725490196134e+02 1.201699346405228823e+02 1.263398692810457504e+02
1.294133333333333269e+02 1.203400000000000034e+02 1.266599999999999966e+02
1.293881578947368496e+02 1.207171052631578902e+02 1.259605263157894797e+02
1.293112582781456865e+02 1.206158940397350960e+02 1.258940397350993408e+02
1.295666666666666629e+02 1.209066666666666663e+02 1.260066666666666606e+02
1.294189189189189051e+02 1.212702702702702737e+02 1.257905405405405475e+02
1.295677419354838662e+02 1.213806451612903174e+02 1.260645161290322562e+02
1.292866666666666617e+02 1.213066666666666720e+02 1.260999999999999943e+02
1.292251655629139009e+02 1.210066225165562912e+02 1.257748344370860991e+02
1.289276315789473699e+02 1.209605263157894797e+02 1.254342105263157947e+02
1.291052631578947398e+02 1.210657894736842053e+02 1.257828947368421098e+02
1.292715231788079393e+02 1.211125827814569504e+02 1.264503311258278160e+02
1.296688741721854399e+02 1.210198675496688736e+02 1.260132450331125824e+02
1.296442953020134325e+02 1.208053691275167836e+02 1.261543624161073893e+02
1.293400000000000034e+02 1.208466666666666640e+02 1.258933333333333309e+02
1.294899328859060290e+02 1.206778523489932837e+02 1.258724832214765144e+02
1.296333333333333258e+02 1.203799999999999955e+02 1.262666666666666657e+02
1.302582781456953569e+02 1.202649006622516623e+02 1.261986754966887361e+02
