1.284304635761589282e+02 1.270132450331125824e+02 1.277284768211920465e+02
1.284832214765100673e+02 1.269060402684563797e+02 1.278724832214765144e+02
1.284503311258278018e+02 1.267086092715231729e+02 1.278543046357615935e+02
1.284933333333333394e+02 1.268799999999999955e+02 1.277733333333333263e+02
1.283758389261745094e+02 1.267181208053691250e+02 1.274630872483221538e+02
1.283133333333333326e+02 1.269733333333333434e+02 1.275333333333333314e+02
1.281140939597315196e+02 1.269530201342281970e+02 1.276711409395973078e+02
1.282466666666666697e+02 1.268466666666666640e+02 1.276733333333333320e+02
1.283691275167785193e+02 1.271073825503355721e+02 1.276040268456375770e+02
1.284276315789473699e+02 1.269934210526315752e+02 1.277894736842105203e+02
1.284733333333333292e+02 1.270000000000000000e+02 1.276866666666666674e+02
1.282400000000000091e+02 1.269266666666666623e+02 1.276599999999999966e+02
1.281933333333333280e+02 1.268800000000000097e+02 1.278799999999999955e+02
1.284459459459459367e+02 1.269594594594594668e+02 1.280270270270270316e+02
1.283092105263157805e+02 1.269934210526315752e+02 1.281447368421052602e+02
1.284899328859060290e+02 1.270067114093959759e+02 1.283154362416107404e+02
1.285800000000000125e+02 1.269600000000000080e+02 1.282600000000000193e+02
1.284466666666666868e+02 1.270266666666666708e+02 1.283400000000000034e+02
1.283133333333333326e+02 1.270999999999999943e+02 1.283199999999999932e+02
1.284933333333333394e+02 1.271133333333333297e+02 1.285133333333333212e+02
1.284932432432432279e+02 1.271283783783783718e+02 1.285405405405405475e+02
1.284496644295302019e+02 1.270201342281879278e+02 1.285503355704697981e+02
1.285562913907284610e+02 1.272052980132450415e+02 1.284701986754966754e+02
1.285570469798657598e+02 1.269463087248322211e+02 1.283825503355704711e+02
1.284797297297297121e+02 1.273986486486486456e+02 1.285945945945946107e+02
1.284353741496598786e+02 1.273265306122448948e+02 1.286190476190476204e+02
1.283716216216216139e+02 1.273851351351351440e+02 1.284797297297297405e+02
1.283513513513513544e+02 1.273648648648648702e+02 1.287229729729729684e+02
1.284054054054054177e+02 1.272229729729729684e+02 1.287567567567567721e+02
1.283197278911564752e+02 1.273333333333333286e+02 1.286938775510204209e+02
1.282550335570469997e+02 1.271006711409395962e+02 1.287315436241610769e+02
1.281476510067114134e+02 1.272617449664429614e+02 1.287919463087248459e+02
1.282448979591836746e+02 1.272176870748299393e+02 1.290272108843537353e+02
1.280878378378378386e+02 1.275000000000000000e+02 1.291148648648648702e+02
1.280337837837837753e+02 1.274391891891891930e+02 1.292297297297297121e+02
1.279797297297297263e+02 1.274594594594594668e+02 1.292905405405405475e+02
1.280068493150684787e+02 1.275616438356164366e+02 1.293835616438356340e+02
1.280000000000000000e+02 1.276232876712328874e+02 1.294726027397260282e+02
1.279659863945578309e+02 1.276190476190476204e+02 1.296530612244897895e+02
1.279523809523809490e+02 1.276190476190476204e+02 1.297278911564625901e+02
1.279455782312925152e+02 1.276598639455782376e+02 1.297346938775510239e+02
1.279455782312925152e+02 1.276598639455782376e+02 1.297346938775510239e+02
1.279387755102040813e+02 1.276326530612244881e+02 1.297142857142857224e+02
1.279591836734693970e+02 1.276598639455782376e+02 1.297687074829931930e+02
1.279591836734693970e+02 1.276598639455782376e+02 1.297687074829931930e+02
1.279591836734693970e+02 1.276598639455782376e+02 1.297687074829931930e+02
1.279591836734693970e+02 1.276598639455782376e+02 1.297687074829931930e+02
1.279591836734693970e+02 1.276598639455782376e+02 1.297687074829931930e+02
1.279591836734693970e+02 1.276598639455782376e+02 1.297687074829931930e+02
1.279591836734693970e+02 1.276598639455782376e+02 1.297687074829931930e+02
1.279591836734693970e+02 1.276598639455782376e+02 1.297687074829931930e+02
1.279591836734693970e+02 1.276598639455782376e+02 1.297687074829931930e+02
1.279591836734693970e+02 1.276598639455782376e+02 1.297687074829931930e+02
1.279591836734693970e+02 1.276598639455782376e+02 1.297687074829931930e+02
1.279591836734693970e+02 1.276598639455782376e+02 1.297687074829931930e+02
1.279591836734693970e+02 1.276598639455782376e+02 1.297687074829931930e+02
1.279591836734693970e+02 1.276598639455782376e+02 1.297687074829931930e+02
1.279591836734693970e+02 1.276598639455782376e+02 1.297687074829931930e+02
1.279591836734693970e+02 1.276598639455782376e+02 1.297687074829931930e+02
1.279591836734693970e+02 1.276598639455782376e+02 1.297687074829931930e+02
1.279591836734693970e+02 1.276598639455782376e+02 1.297687074829931930e+02
1.279591836734693970e+02 1.276598639455782376e+02 1.297687074829931930e+02
1.279591836734693970e+02 1.276598639455782376e+02 1.297687074829931930e+02
1.279591836734693970e+02 1.276598639455782376e+02 1.297687074829931930e+02
1.279591836734693970e+02 1.276598639455782376e+02 1.297687074829931930e+02
1.279591836734693970e+02 1.276598639455782376e+02 1.297687074829931930e+02
1.279591836734693970e+02 1.276598639455782376e+02 1.297687074829931930e+02
1.279591836734693970e+02 1.276598639455782376e+02 1.297687074829931930e+02
1.279591836734693970e+02 1.276598639455782376e+02 1.297687074829931930e+02
1.279591836734693970e+02 1.276598639455782376e+02 1.297687074829931930e+02
1.279591836734693970e+02 1.276598639455782376e+02 1.297687074829931930e+02
1.279591836734693970e+02 1.276598639455782376e+02 1.297687074829931930e+02
1.279591836734693970e+02 1.276598639455782376e+02 1.297687074829931930e+02
1.279591836734693970e+02 1.276598639455782376e+02 1.297687074829931930e+02
1.279591836734693970e+02 1.276598639455782376e+02 1.297687074829931930e+02
1.279591836734693970e+02 1.276598639455782376e+02 1.297687074829931930e+02
1.279591836734693970e+02 1.276598639455782376e+02 1.297687074829931930e+02
1.279591836734693970e+02 1.276598639455782376e+02 1.297687074829931930e+02
1.279591836734693970e+02 1.276598639455782376e+02 1.297687074829931930e+02
1.279591836734693970e+02 1.276598639455782376e+02 1.297687074829931930e+02
1.279591836734693970e+02 1.276598639455782376e+02 1.297687074829931930e+02
1.279591836734693970e+02 1.276598639455782376e+02 1.297687074829931930e+02
1.279591836734693970e+02 1.276598639455782376e+02 1.297687074829931930e+02
1.279591836734693970e+02 1.276598639455782376e+02 1.297687074829931930e+02
1.279591836734693970e+02 1.276598639455782376e+02 1.297687074829931930e+02
1.279591836734693970e+02 1.276598639455782376e+02 1.297687074829931930e+02
1.279591836734693970e+02 1.276598639455782376e+02 1.297687074829931930e+02
1.279591836734693970e+02 1.276598639455782376e+02 1.297687074829931930e+02
1.279591836734693970e+02 1.276598639455782376e+02 1.297687074829931930e+02
1.279591836734693970e+02 1.276598639455782376e+02 1.297687074829931930e+02
1.279591836734693970e+02 1.276598639455782376e+02 1.297687074829931930e+02
1.279591836734693970e+02 1.276598639455782376e+02 1.297687074829931930e+02
1.279591836734693970e+02 1.276598639455782376e+02 1.297687074829931930e+02
1.279591836734693970e+02 1.276598639455782376e+02 1.297687074829931930e+02
1.279591836734693970e+02 1.276598639455782376e+02 1.297687074829931930e+02
1.279591836734693970e+02 1.276598639455782376e+02 1.297687074829931930e+02
1.279591836734693970e+02 1.276598639455782376e+02 1.297687074829931930e+02
1.279591836734693970e+02 1.276598639455782376e+02 1.297687074829931930e+02
1.279591836734693970e+02 1.276598639455782376e+02 1.297687074829931930e+02
1.279591836734693970e+02 1.276598639455782376e+02 1.297687074829931930e+02
1.279591836734693970e+02 1.276598639455782376e+02 1.297687074829931930e+02
1.279591836734693970e+02 1.276598639455782376e+02 1.297687074829931930e+02
1.279591836734693970e+02 1.276598639455782376e+02 1.297687074829931930e+02
1.279591836734693970e+02 1.276598639455782376e+02 1.297687074829931930e+02
1.279591836734693970e+02 1.276598639455782376e+02 1.297687074829931930e+02
1.279591836734693970e+02 1.276598639455782376e+02 1.297687074829931930e+02
1.279591836734693970e+02 1.276598639455782376e+02 1.297687074829931930e+02
1.279591836734693970e+02 1.276598639455782376e+02 1.297687074829931930e+02
1.279591836734693970e+02 1.276598639455782376e+02 1.297687074829931930e+02
1.279591836734693970e+02 1.276598639455782376e+02 1.297687074829931930e+02
1.279591836734693970e+02 1.276598639455782376e+02 1.297687074829931930e+02
1.279591836734693970e+02 1.276598639455782376e+02 1.297687074829931930e+02
1.279591836734693970e+02 1.276598639455782376e+02 1.297687074829931930e+02
1.279591836734693970e+02 1.276598639455782376e+02 1.297687074829931930e+02
1.279591836734693970e+02 1.276598639455782376e+02 1.297687074829931930e+02
1.279591836734693970e+02 1.276598639455782376e+02 1.297687074829931930e+02
1.279591836734693970e+02 1.276598639455782376e+02 1.297687074829931930e+02
1.279591836734693970e+02 1.276598639455782376e+02 1.297687074829931930e+02
1.279591836734693970e+02 1.276598639455782376e+02 1.297687074829931930e+02
1.279591836734693970e+02 1.276598639455782376e+02 1.297687074829931930e+02
1.279591836734693970e+02 1.276598639455782376e+02 1.297687074829931930e+02
1.279591836734693970e+02 1.276598639455782376e+02 1.297687074829931930e+02
1.279591836734693970e+02 1.276598639455782376e+02 1.297687074829931930e+02
1.279591836734693970e+02 1.276598639455782376e+02 1.297687074829931930e+02
1.279591836734693970e+02 1.276598639455782376e+02 1.297687074829931930e+02
1.279591836734693970e+02 1.276598639455782376e+02 1.297687074829931930e+02
1.279591836734693970e+02 1.276598639455782376e+02 1.297687074829931930e+02
1.279591836734693970e+02 1.276598639455782376e+02 1.297687074829931930e+02
1.279591836734693970e+02 1.276598639455782376e+02 1.297687074829931930e+02
1.279591836734693970e+02 1.276598639455782376e+02 1.297687074829931930e+02
1.279591836734693970e+02 1.276598639455782376e+02 1.297687074829931930e+02
1.279591836734693970e+02 1.276598639455782376e+02 1.297687074829931930e+02
1.279591836734693970e+02 1.276598639455782376e+02 1.297687074829931930e+02
1.279591836734693970e+02 1.276598639455782376e+02 1.297687074829931930e+02
1.279591836734693970e+02 1.276598639455782376e+02 1.297687074829931930e+02
1.279591836734693970e+02 1.276598639455782376e+02 1.297687074829931930e+02
1.279591836734693970e+02 1.276598639455782376e+02 1.297687074829931930e+02
1.279591836734693970e+02 1.276598639455782376e+02 1.297687074829931930e+02
1.279591836734693970e+02 1.276598639455782376e+02 1.297687074829931930e+02
1.279591836734693970e+02 1.276598639455782376e+02 1.297687074829931930e+02
1.279591836734693970e+02 1.276598639455782376e+02 1.297687074829931930e+02
1.279591836734693970e+02 1.276598639455782376e+02 1.297687074829931930e+02
1.279591836734693970e+02 1.276598639455782376e+02 1.297687074829931930e+02
1.279591836734693970e+02 1.276598639455782376e+02 1.297687074829931930e+02
1.279591836734693970e+02 1.276598639455782376e+02 1.297687074829931930e+02
1.279591836734693970e+02 1.276598639455782376e+02 1.297687074829931930e+02
1.279591836734693970e+02 1.276598639455782376e+02 1.297687074829931930e+02
1.279591836734693970e+02 1.276598639455782376e+02 1.297687074829931930e+02
1.279591836734693970e+02 1.276598639455782376e+02 1.297687074829931930e+02
1.279591836734693970e+02 1.276598639455782376e+02 1.297687074829931930e+02
1.279591836734693970e+02 1.276598639455782376e+02 1.297687074829931930e+02
1.279591836734693970e+02 1.276598639455782376e+02 1.297687074829931930e+02
1.279591836734693970e+02 1.276598639455782376e+02 1.297687074829931930e+02
1.279591836734693970e+02 1.276598639455782376e+02 1.297687074829931930e+02
1.279591836734693970e+02 1.276598639455782376e+02 1.297687074829931930e+02
1.279591836734693970e+02 1.276598639455782376e+02 1.297687074829931930e+02
1.279591836734693970e+02 1.276598639455782376e+02 1.297687074829931930e+02
1.279591836734693970e+02 1.276598639455782376e+02 1.297687074829931930e+02
1.279591836734693970e+02 1.276598639455782376e+02 1.297687074829931930e+02
1.279591836734693970e+02 1.276598639455782376e+02 1.297687074829931930e+02
1.279591836734693970e+02 1.276598639455782376e+02 1.297687074829931930e+02
1.279591836734693970e+02 1.276598639455782376e+02 1.297687074829931930e+02
1.279591836734693970e+02 1.276598639455782376e+02 1.297687074829931930e+02
1.279591836734693970e+02 1.276598639455782376e+02 1.297687074829931930e+02
1.279591836734693970e+02 1.276598639455782376e+02 1.297687074829931930e+02
1.279591836734693970e+02 1.276598639455782376e+02 1.297687074829931930e+02
1.279591836734693970e+02 1.276598639455782376e+02 1.297687074829931930e+02
1.279591836734693970e+02 1.276598639455782376e+02 1.297687074829931930e+02
1.279591836734693970e+02 1.276598639455782376e+02 1.297687074829931930e+02
1.279591836734693970e+02 1.276598639455782376e+02 1.297687074829931930e+02
1.279591836734693970e+02 1.276598639455782376e+02 1.297687074829931930e+02
1.279591836734693970e+02 1.276598639455782376e+02 1.297687074829931930e+02
1.279591836734693970e+02 1.276598639455782376e+02 1.297687074829931930e+02
1.279591836734693970e+02 1.276598639455782376e+02 1.297687074829931930e+02
1.279591836734693970e+02 1.276598639455782376e+02 1.297687074829931930e+02
1.279591836734693970e+02 1.276598639455782376e+02 1.297687074829931930e+02
1.279591836734693970e+02 1.276598639455782376e+02 1.297687074829931930e+02
1.279591836734693970e+02 1.276598639455782376e+02 1.297687074829931930e+02
1.279591836734693970e+02 1.276598639455782376e+02 1.297687074829931930e+02
1.279591836734693970e+02 1.276598639455782376e+02 1.297687074829931930e+02
1.279591836734693970e+02 1.276598639455782376e+02 1.297687074829931930e+02
1.279591836734693970e+02 1.276598639455782376e+02 1.297687074829931930e+02
1.279591836734693970e+02 1.276598639455782376e+02 1.297687074829931930e+02
1.279591836734693970e+02 1.276598639455782376e+02 1.297687074829931930e+02
1.279591836734693970e+02 1.276598639455782376e+02 1.297687074829931930e+02
1.279591836734693970e+02 1.276598639455782376e+02 1.297687074829931930e+02
1.279591836734693970e+02 1.276598639455782376e+02 1.297687074829931930e+02
1.279591836734693970e+02 1.276598639455782376e+02 1.297687074829931930e+02
1.279591836734693970e+02 1.276598639455782376e+02 1.297687074829931930e+02
1.279591836734693970e+02 1.276598639455782376e+02 1.297687074829931930e+02
1.279591836734693970e+02 1.276598639455782376e+02 1.297687074829931930e+02
1.279591836734693970e+02 1.276598639455782376e+02 1.297687074829931930e+02
1.279591836734693970e+02 1.276598639455782376e+02 1.297687074829931930e+02
1.279591836734693970e+02 1.276598639455782376e+02 1.297687074829931930e+02
1.279591836734693970e+02 1.276598639455782376e+02 1.297687074829931930e+02
1.279591836734693970e+02 1.276598639455782376e+02 1.297687074829931930e+02
1.279591836734693970e+02 1.276598639455782376e+02 1.297687074829931930e+02
1.279591836734693970e+02 1.276598639455782376e+02 1.297687074829931930e+02
1.279591836734693970e+02 1.276598639455782376e+02 1.297687074829931930e+02
1.279591836734693970e+02 1.276598639455782376e+02 1.297687074829931930e+02
1.279591836734693970e+02 1.276598639455782376e+02 1.297687074829931930e+02
1.279591836734693970e+02 1.276598639455782376e+02 1.297687074829931930e+02
1.279591836734693970e+02 1.276598639455782376e+02 1.297687074829931930e+02
1.279591836734693970e+02 1.276598639455782376e+02 1.297687074829931930e+02
1.279591836734693970e+02 1.276598639455782376e+02 1.297687074829931930e+02
1.279591836734693970e+02 1.276598639455782376e+02 1.297687074829931930e+02
1.279591836734693970e+02 1.276598639455782376e+02 1.297687074829931930e+02
1.279591836734693970e+02 1.276598639455782376e+02 1.297687074829931930e+02
1.279591836734693970e+02 1.276598639455782376e+02 1.297687074829931930e+02
1.279591836734693970e+02 1.276598639455782376e+02 1.297687074829931930e+02
1.279591836734693970e+02 1.276598639455782376e+02 1.297687074829931930e+02
1.279591836734693970e+02 1.276598639455782376e+02 1.297687074829931930e+02
1.279591836734693970e+02 1.276598639455782376e+02 1.297687074829931930e+02
1.279591836734693970e+02 1.276598639455782376e+02 1.297687074829931930e+02
1.279591836734693970e+02 1.276598639455782376e+02 1.297687074829931930e+02
1.279591836734693970e+02 1.276598639455782376e+02 1.297687074829931930e+02
1.279591836734693970e+02 1.276598639455782376e+02 1.297687074829931930e+02
1.279591836734693970e+02 1.276598639455782376e+02 1.297687074829931930e+02
1.279591836734693970e+02 1.276598639455782376e+02 1.297687074829931930e+02
1.279591836734693970e+02 1.276598639455782376e+02 1.297687074829931930e+02
1.279591836734693970e+02 1.276598639455782376e+02 1.297687074829931930e+02
1.279591836734693970e+02 1.276598639455782376e+02 1.297687074829931930e+02
1.279591836734693970e+02 1.276598639455782376e+02 1.297687074829931930e+02
1.279591836734693970e+02 1.276598639455782376e+02 1.297687074829931930e+02
1.279591836734693970e+02 1.276598639455782376e+02 1.297687074829931930e+02
1.279591836734693970e+02 1.276598639455782376e+02 1.297687074829931930e+02
1.279591836734693970e+02 1.276598639455782376e+02 1.297687074829931930e+02
1.279591836734693970e+02 1.276598639455782376e+02 1.297687074829931930e+02
1.279591836734693970e+02 1.276598639455782376e+02 1.297687074829931930e+02
1.279591836734693970e+02 1.276598639455782376e+02 1.297687074829931930e+02
1.279591836734693970e+02 1.276598639455782376e+02 1.297687074829931930e+02
1.279591836734693970e+02 1.276598639455782376e+02 1.297687074829931930e+02
1.279591836734693970e+02 1.276598639455782376e+02 1.297687074829931930e+02
1.279591836734693970e+02 1.276598639455782376e+02 1.297687074829931930e+02
1.279591836734693970e+02 1.276598639455782376e+02 1.297687074829931930e+02
1.279591836734693970e+02 1.276598639455782376e+02 1.297687074829931930e+02
1.279591836734693970e+02 1.276598639455782376e+02 1.297687074829931930e+02
1.279591836734693970e+02 1.276598639455782376e+02 1.297687074829931930e+02
1.279591836734693970e+02 1.276598639455782376e+02 1.297687074829931930e+02
1.279591836734693970e+02 1.276598639455782376e+02 1.297687074829931930e+02
1.279591836734693970e+02 1.276598639455782376e+02 1.297687074829931930e+02
1.279591836734693970e+02 1.276598639455782376e+02 1.297687074829931930e+02
1.279591836734693970e+02 1.276598639455782376e+02 1.297687074829931930e+02
1.279591836734693970e+02 1.276598639455782376e+02 1.297687074829931930e+02
1.279591836734693970e+02 1.276598639455782376e+02 1.297687074829931930e+02
1.279591836734693970e+02 1.276598639455782376e+02 1.297687074829931930e+02
1.279591836734693970e+02 1.276598639455782376e+02 1.297687074829931930e+02
1.279591836734693970e+02 1.276598639455782376e+02 1.297687074829931930e+02
1.279591836734693970e+02 1.276598639455782376e+02 1.297687074829931930e+02
1.279591836734693970e+02 1.276598639455782376e+02 1.297687074829931930e+02
1.279591836734693970e+02 1.276598639455782376e+02 1.297687074829931930e+02
1.279591836734693970e+02 1.276598639455782376e+02 1.297687074829931930e+02
1.279591836734693970e+02 1.276598639455782376e+02 1.297687074829931930e+02
1.279591836734693970e+02 1.276598639455782376e+02 1.297687074829931930e+02
1.279591836734693970e+02 1.276598639455782376e+02 1.297687074829931930e+02
1.279591836734693970e+02 1.276598639455782376e+02 1.297687074829931930e+02
1.279591836734693970e+02 1.276598639455782376e+02 1.297687074829931930e+02
1.279591836734693970e+02 1.276598639455782376e+02 1.297687074829931930e+02
1.279591836734693970e+02 1.276598639455782376e+02 1.297687074829931930e+02
1.279591836734693970e+02 1.276598639455782376e+02 1.297687074829931930e+02
1.279591836734693970e+02 1.276598639455782376e+02 1.297687074829931930e+02
1.279591836734693970e+02 1.276598639455782376e+02 1.297687074829931930e+02
1.279591836734693970e+02 1.276598639455782376e+02 1.297687074829931930e+02
1.279591836734693970e+02 1.276598639455782376e+02 1.297687074829931930e+02
1.279591836734693970e+02 1.276598639455782376e+02 1.297687074829931930e+02
1.279591836734693970e+02 1.276598639455782376e+02 1.297687074829931930e+02
1.279591836734693970e+02 1.276598639455782376e+02 1.297687074829931930e+02
1.279591836734693970e+02 1.276598639455782376e+02 1.297687074829931930e+02
1.279591836734693970e+02 1.276598639455782376e+02 1.297687074829931930e+02
1.279591836734693970e+02 1.276598639455782376e+02 1.297687074829931930e+02
1.279591836734693970e+02 1.276598639455782376e+02 1.297687074829931930e+02
1.279591836734693970e+02 1.276598639455782376e+02 1.297687074829931930e+02
1.279591836734693970e+02 1.276598639455782376e+02 1.297687074829931930e+02
1.279591836734693970e+02 1.276598639455782376e+02 1.297687074829931930e+02
1.279591836734693970e+02 1.276598639455782376e+02 1.297687074829931930e+02
1.279591836734693970e+02 1.276598639455782376e+02 1.297687074829931930e+02
1.279591836734693970e+02 1.276598639455782376e+02 1.297687074829931930e+02
1.279591836734693970e+02 1.276598639455782376e+02 1.297687074829931930e+02
1.279591836734693970e+02 1.276598639455782376e+02 1.297687074829931930e+02
1.279591836734693970e+02 1.276598639455782376e+02 1.297687074829931930e+02
1.279591836734693970e+02 1.276598639455782376e+02 1.297687074829931930e+02
1.279591836734693970e+02 1.276598639455782376e+02 1.297687074829931930e+02
1.279591836734693970e+02 1.276598639455782376e+02 1.297687074829931930e+02
1.279591836734693970e+02 1.276598639455782376e+02 1.297687074829931930e+02
1.279591836734693970e+02 1.276598639455782376e+02 1.297687074829931930e+02
1.279591836734693970e+02 1.276598639455782376e+02 1.297687074829931930e+02
1.279591836734693970e+02 1.276598639455782376e+02 1.297687074829931930e+02
1.279591836734693970e+02 1.276598639455782376e+02 1.297687074829931930e+02
1.279591836734693970e+02 1.276598639455782376e+02 1.297687074829931930e+02
1.279591836734693970e+02 1.276598639455782376e+02 1.297687074829931930e+02
1.279591836734693970e+02 1.276598639455782376e+02 1.297687074829931930e+02
1.279591836734693970e+02 1.276598639455782376e+02 1.297687074829931930e+02
1.279591836734693970e+02 1.276598639455782376e+02 1.297687074829931930e+02
1.279591836734693970e+02 1.276598639455782376e+02 1.297687074829931930e+02
1.279591836734693970e+02 1.276598639455782376e+02 1.297687074829931930e+02
1.279591836734693970e+02 1.276598639455782376e+02 1.297687074829931930e+02
1.279591836734693970e+02 1.276598639455782376e+02 1.297687074829931930e+02
1.279591836734693970e+02 1.276598639455782376e+02 1.297687074829931930e+02
1.279591836734693970e+02 1.276598639455782376e+02 1.297687074829931930e+02
1.279591836734693970e+02 1.276598639455782376e+02 1.297687074829931930e+02
1.279591836734693970e+02 1.276598639455782376e+02 1.297687074829931930e+02
1.279591836734693970e+02 1.276598639455782376e+02 1.297687074829931930e+02
1.279591836734693970e+02 1.276598639455782376e+02 1.297687074829931930e+02
1.279591836734693970e+02 1.276598639455782376e+02 1.297687074829931930e+02
1.279591836734693970e+02 1.276598639455782376e+02 1.297687074829931930e+02
1.279591836734693970e+02 1.276598639455782376e+02 1.297687074829931930e+02
1.279591836734693970e+02 1.276598639455782376e+02 1.297687074829931930e+02
1.279591836734693970e+02 1.276598639455782376e+02 1.297687074829931930e+02
1.279591836734693970e+02 1.276598639455782376e+02 1.297687074829931930e+02
1.279591836734693970e+02 1.276598639455782376e+02 1.297687074829931930e+02
1.279591836734693970e+02 1.276598639455782376e+02 1.297687074829931930e+02
1.279591836734693970e+02 1.276598639455782376e+02 1.297687074829931930e+02
1.279591836734693970e+02 1.276598639455782376e+02 1.297687074829931930e+02
1.279591836734693970e+02 1.276598639455782376e+02 1.297687074829931930e+02
1.279591836734693970e+02 1.276598639455782376e+02 1.297687074829931930e+02
1.279591836734693970e+02 1.276598639455782376e+02 1.297687074829931930e+02
1.279591836734693970e+02 1.276598639455782376e+02 1.297687074829931930e+02
1.279591836734693970e+02 1.276598639455782376e+02 1.297687074829931930e+02
1.279591836734693970e+02 1.276598639455782376e+02 1.297687074829931930e+02
1.279591836734693970e+02 1.276598639455782376e+02 1.297687074829931930e+02
1.279591836734693970e+02 1.276598639455782376e+02 1.297687074829931930e+02
1.279591836734693970e+02 1.276598639455782376e+02 1.297687074829931930e+02
1.279591836734693970e+02 1.276598639455782376e+02 1.297687074829931930e+02
1.279591836734693970e+02 1.276598639455782376e+02 1.297687074829931930e+02
1.279591836734693970e+02 1.276598639455782376e+02 1.297687074829931930e+02
1.279591836734693970e+02 1.276598639455782376e+02 1.297687074829931930e+02
1.279591836734693970e+02 1.276598639455782376e+02 1.297687074829931930e+02
1.279591836734693970e+02 1.276598639455782376e+02 1.297687074829931930e+02
1.279591836734693970e+02 1.276598639455782376e+02 1.297687074829931930e+02
1.279591836734693970e+02 1.276598639455782376e+02 1.297687074829931930e+02
1.279591836734693970e+02 1.276598639455782376e+02 1.297687074829931930e+02
1.279591836734693970e+02 1.276598639455782376e+02 1.297687074829931930e+02
1.279591836734693970e+02 1.276598639455782376e+02 1.297687074829931930e+02
1.279591836734693970e+02 1.276598639455782376e+02 1.297687074829931930e+02
1.279591836734693970e+02 1.276598639455782376e+02 1.297687074829931930e+02
1.279591836734693970e+02 1.276598639455782376e+02 1.297687074829931930e+02
1.279591836734693970e+02 1.276598639455782376e+02 1.297687074829931930e+02
1.279591836734693970e+02 1.276598639455782376e+02 1.297687074829931930e+02
1.279591836734693970e+02 1.276598639455782376e+02 1.297687074829931930e+02
1.279591836734693970e+02 1.276598639455782376e+02 1.297687074829931930e+02
1.279591836734693970e+02 1.276598639455782376e+02 1.297687074829931930e+02
1.279591836734693970e+02 1.276598639455782376e+02 1.297687074829931930e+02
1.279591836734693970e+02 1.276598639455782376e+02 1.297687074829931930e+02
1.279591836734693970e+02 1.276598639455782376e+02 1.297687074829931930e+02
1.279591836734693970e+02 1.276598639455782376e+02 1.297687074829931930e+02
1.279591836734693970e+02 1.276598639455782376e+02 1.297687074829931930e+02
1.279591836734693970e+02 1.276598639455782376e+02 1.297687074829931930e+02
1.279591836734693970e+02 1.276598639455782376e+02 1.297687074829931930e+02
1.279591836734693970e+02 1.276598639455782376e+02 1.297687074829931930e+02
1.279591836734693970e+02 1.276598639455782376e+02 1.297687074829931930e+02
1.279591836734693970e+02 1.276598639455782376e+02 1.297687074829931930e+02
1.279591836734693970e+02 1.276598639455782376e+02 1.297687074829931930e+02
1.279591836734693970e+02 1.276598639455782376e+02 1.297687074829931930e+02
1.279591836734693970e+02 1.276598639455782376e+02 1.297687074829931930e+02
1.279591836734693970e+02 1.276598639455782376e+02 1.297687074829931930e+02
1.279591836734693970e+02 1.276598639455782376e+02 1.297687074829931930e+02
1.279591836734693970e+02 1.276598639455782376e+02 1.297687074829931930e+02
1.279591836734693970e+02 1.276598639455782376e+02 1.297687074829931930e+02
1.279591836734693970e+02 1.276598639455782376e+02 1.297687074829931930e+02
1.279591836734693970e+02 1.276598639455782376e+02 1.297687074829931930e+02
1.279591836734693970e+02 1.276598639455782376e+02 1.297687074829931930e+02
1.279591836734693970e+02 1.276598639455782376e+02 1.297687074829931930e+02
1.279591836734693970e+02 1.276598639455782376e+02 1.297687074829931930e+02
1.279591836734693970e+02 1.276598639455782376e+02 1.297687074829931930e+02
1.279591836734693970e+02 1.276598639455782376e+02 1.297687074829931930e+02
1.279591836734693970e+02 1.276598639455782376e+02 1.297687074829931930e+02
1.279591836734693970e+02 1.276598639455782376e+02 1.297687074829931930e+02
1.279591836734693970e+02 1.276598639455782376e+02 1.297687074829931930e+02
1.279591836734693970e+02 1.276598639455782376e+02 1.297687074829931930e+02
1.279591836734693970e+02 1.276598639455782376e+02 1.297687074829931930e+02
1.279591836734693970e+02 1.276598639455782376e+02 1.297687074829931930e+02
1.279591836734693970e+02 1.276598639455782376e+02 1.297687074829931930e+02
1.279591836734693970e+02 1.276598639455782376e+02 1.297687074829931930e+02
1.279591836734693970e+02 1.276598639455782376e+02 1.297687074829931930e+02
1.279591836734693970e+02 1.276598639455782376e+02 1.297687074829931930e+02
1.279591836734693970e+02 1.276598639455782376e+02 1.297687074829931930e+02
1.279591836734693970e+02 1.276598639455782376e+02 1.297687074829931930e+02
1.279591836734693970e+02 1.276598639455782376e+02 1.297687074829931930e+02
1.279591836734693970e+02 1.276598639455782376e+02 1.297687074829931930e+02
1.279591836734693970e+02 1.276598639455782376e+02 1.297687074829931930e+02
1.279591836734693970e+02 1.276598639455782376e+02 1.297687074829931930e+02
1.279591836734693970e+02 1.276598639455782376e+02 1.297687074829931930e+02
1.279591836734693970e+02 1.276598639455782376e+02 1.297687074829931930e+02
1.279591836734693970e+02 1.276598639455782376e+02 1.297687074829931930e+02
1.279591836734693970e+02 1.276598639455782376e+02 1.297687074829931930e+02
1.279591836734693970e+02 1.276598639455782376e+02 1.297687074829931930e+02
1.279591836734693970e+02 1.276598639455782376e+02 1.297687074829931930e+02
1.279591836734693970e+02 1.276598639455782376e+02 1.297687074829931930e+02
1.279591836734693970e+02 1.276598639455782376e+02 1.297687074829931930e+02
1.279591836734693970e+02 1.276598639455782376e+02 1.297687074829931930e+02
1.279591836734693970e+02 1.276598639455782376e+02 1.297687074829931930e+02
1.279591836734693970e+02 1.276598639455782376e+02 1.297687074829931930e+02
1.279591836734693970e+02 1.276598639455782376e+02 1.297687074829931930e+02
1.279591836734693970e+02 1.276598639455782376e+02 1.297687074829931930e+02
1.279591836734693970e+02 1.276598639455782376e+02 1.297687074829931930e+02
1.279591836734693970e+02 1.276598639455782376e+02 1.297687074829931930e+02
1.279591836734693970e+02 1.276598639455782376e+02 1.297687074829931930e+02
1.279591836734693970e+02 1.276598639455782376e+02 1.297687074829931930e+02
1.279591836734693970e+02 1.276598639455782376e+02 1.297687074829931930e+02
1.279591836734693970e+02 1.276598639455782376e+02 1.297687074829931930e+02
1.279591836734693970e+02 1.276598639455782376e+02 1.297687074829931930e+02
1.279591836734693970e+02 1.276598639455782376e+02 1.297687074829931930e+02
1.279591836734693970e+02 1.276598639455782376e+02 1.297687074829931930e+02
1.279591836734693970e+02 1.276598639455782376e+02 1.297687074829931930e+02
1.279591836734693970e+02 1.276598639455782376e+02 1.297687074829931930e+02
1.279591836734693970e+02 1.276598639455782376e+02 1.297687074829931930e+02
1.279591836734693970e+02 1.276598639455782376e+02 1.297687074829931930e+02
1.279591836734693970e+02 1.276598639455782376e+02 1.297687074829931930e+02
1.279591836734693970e+02 1.276598639455782376e+02 1.297687074829931930e+02
1.279591836734693970e+02 1.276598639455782376e+02 1.297687074829931930e+02
1.279591836734693970e+02 1.276598639455782376e+02 1.297687074829931930e+02
1.279591836734693970e+02 1.276598639455782376e+02 1.297687074829931930e+02
1.279591836734693970e+02 1.276598639455782376e+02 1.297687074829931930e+02
1.279591836734693970e+02 1.276598639455782376e+02 1.297687074829931930e+02
1.279591836734693970e+02 1.276598639455782376e+02 1.297687074829931930e+02
1.279591836734693970e+02 1.276598639455782376e+02 1.297687074829931930e+02
1.279591836734693970e+02 1.276598639455782376e+02 1.297687074829931930e+02
1.279591836734693970e+02 1.276598639455782376e+02 1.297687074829931930e+02
1.279591836734693970e+02 1.276598639455782376e+02 1.297687074829931930e+02
1.279591836734693970e+02 1.276598639455782376e+02 1.297687074829931930e+02
1.279591836734693970e+02 1.276598639455782376e+02 1.297687074829931930e+02
1.279591836734693970e+02 1.276598639455782376e+02 1.297687074829931930e+02
1.279591836734693970e+02 1.276598639455782376e+02 1.297687074829931930e+02
1.279591836734693970e+02 1.276598639455782376e+02 1.297687074829931930e+02
1.279591836734693970e+02 1.276598639455782376e+02 1.297687074829931930e+02
1.279591836734693970e+02 1.276598639455782376e+02 1.297687074829931930e+02
1.279591836734693970e+02 1.276598639455782376e+02 1.297687074829931930e+02
1.279591836734693970e+02 1.276598639455782376e+02 1.297687074829931930e+02
1.279591836734693970e+02 1.276598639455782376e+02 1.297687074829931930e+02
1.279591836734693970e+02 1.276598639455782376e+02 1.297687074829931930e+02
1.279591836734693970e+02 1.276598639455782376e+02 1.297687074829931930e+02
1.279591836734693970e+02 1.276598639455782376e+02 1.297687074829931930e+02
1.279591836734693970e+02 1.276598639455782376e+02 1.297687074829931930e+02
1.279591836734693970e+02 1.276598639455782376e+02 1.297687074829931930e+02
1.279591836734693970e+02 1.276598639455782376e+02 1.297687074829931930e+02
1.279591836734693970e+02 1.276598639455782376e+02 1.297687074829931930e+02
1.279591836734693970e+02 1.276598639455782376e+02 1.297687074829931930e+02
1.279591836734693970e+02 1.276598639455782376e+02 1.297687074829931930e+02
1.279591836734693970e+02 1.276598639455782376e+02 1.297687074829931930e+02
1.279591836734693970e+02 1.276598639455782376e+02 1.297687074829931930e+02
1.279591836734693970e+02 1.276598639455782376e+02 1.297687074829931930e+02
1.279591836734693970e+02 1.276598639455782376e+02 1.297687074829931930e+02
1.279591836734693970e+02 1.276598639455782376e+02 1.297687074829931930e+02
1.279591836734693970e+02 1.276598639455782376e+02 1.297687074829931930e+02
1.279591836734693970e+02 1.276598639455782376e+02 1.297687074829931930e+02
1.279591836734693970e+02 1.276598639455782376e+02 1.297687074829931930e+02
1.279591836734693970e+02 1.276598639455782376e+02 1.297687074829931930e+02
1.279591836734693970e+02 1.276598639455782376e+02 1.297687074829931930e+02
1.279591836734693970e+02 1.276598639455782376e+02 1.297687074829931930e+02
1.279591836734693970e+02 1.276598639455782376e+02 1.297687074829931930e+02
1.279591836734693970e+02 1.276598639455782376e+02 1.297687074829931930e+02
1.279591836734693970e+02 1.276598639455782376e+02 1.297687074829931930e+02
1.279591836734693970e+02 1.276598639455782376e+02 1.297687074829931930e+02
1.279591836734693970e+02 1.276598639455782376e+02 1.297687074829931930e+02
1.279591836734693970e+02 1.276598639455782376e+02 1.297687074829931930e+02
1.279591836734693970e+02 1.276598639455782376e+02 1.297687074829931930e+02
1.279591836734693970e+02 1.276598639455782376e+02 1.297687074829931930e+02
1.279591836734693970e+02 1.276598639455782376e+02 1.297687074829931930e+02
1.279591836734693970e+02 1.276598639455782376e+02 1.297687074829931930e+02
1.279591836734693970e+02 1.276598639455782376e+02 1.297687074829931930e+02
1.279591836734693970e+02 1.276598639455782376e+02 1.297687074829931930e+02
1.279591836734693970e+02 1.276598639455782376e+02 1.297687074829931930e+02
1.279591836734693970e+02 1.276598639455782376e+02 1.297687074829931930e+02
1.279591836734693970e+02 1.276598639455782376e+02 1.297687074829931930e+02
1.279591836734693970e+02 1.276598639455782376e+02 1.297687074829931930e+02
1.279591836734693970e+02 1.276598639455782376e+02 1.297687074829931930e+02
1.279591836734693970e+02 1.276598639455782376e+02 1.297687074829931930e+02
1.279591836734693970e+02 1.276598639455782376e+02 1.297687074829931930e+02
1.279591836734693970e+02 1.276598639455782376e+02 1.297687074829931930e+02
1.279591836734693970e+02 1.276598639455782376e+02 1.297687074829931930e+02
1.279591836734693970e+02 1.276598639455782376e+02 1.297687074829931930e+02
1.279591836734693970e+02 1.276598639455782376e+02 1.297687074829931930e+02
1.279591836734693970e+02 1.276598639455782376e+02 1.297687074829931930e+02
1.279591836734693970e+02 1.276598639455782376e+02 1.297687074829931930e+02
1.279591836734693970e+02 1.276598639455782376e+02 1.297687074829931930e+02
1.279591836734693970e+02 1.276598639455782376e+02 1.297687074829931930e+02
1.279591836734693970e+02 1.276598639455782376e+02 1.297687074829931930e+02
1.279591836734693970e+02 1.276598639455782376e+02 1.297687074829931930e+02
1.279591836734693970e+02 1.276598639455782376e+02 1.297687074829931930e+02
1.279591836734693970e+02 1.276598639455782376e+02 1.297687074829931930e+02
1.279591836734693970e+02 1.276598639455782376e+02 1.297687074829931930e+02
1.279591836734693970e+02 1.276598639455782376e+02 1.297687074829931930e+02
1.279591836734693970e+02 1.276598639455782376e+02 1.297687074829931930e+02
1.279591836734693970e+02 1.276598639455782376e+02 1.297687074829931930e+02
1.279591836734693970e+02 1.276598639455782376e+02 1.297687074829931930e+02
1.279591836734693970e+02 1.276598639455782376e+02 1.297687074829931930e+02
1.279591836734693970e+02 1.276598639455782376e+02 1.297687074829931930e+02
1.279591836734693970e+02 1.276598639455782376e+02 1.297687074829931930e+02
1.279591836734693970e+02 1.276598639455782376e+02 1.297687074829931930e+02
1.279591836734693970e+02 1.276598639455782376e+02 1.297687074829931930e+02
1.279591836734693970e+02 1.276598639455782376e+02 1.297687074829931930e+02
1.279591836734693970e+02 1.276598639455782376e+02 1.297687074829931930e+02
1.279591836734693970e+02 1.276598639455782376e+02 1.297687074829931930e+02
1.279591836734693970e+02 1.276598639455782376e+02 1.297687074829931930e+02
1.279591836734693970e+02 1.276598639455782376e+02 1.297687074829931930e+02
1.279591836734693970e+02 1.276598639455782376e+02 1.297687074829931930e+02
1.279591836734693970e+02 1.276598639455782376e+02 1.297687074829931930e+02
1.279591836734693970e+02 1.276598639455782376e+02 1.297687074829931930e+02
1.279591836734693970e+02 1.276598639455782376e+02 1.297687074829931930e+02
1.279591836734693970e+02 1.276598639455782376e+02 1.297687074829931930e+02
