1.285666666666666629e+02 1.276466666666666612e+02 1.289866666666666788e+02
1.285562913907284894e+02 1.277483443708609201e+02 1.289867549668874176e+02
1.284133333333333269e+02 1.280866666666666731e+02 1.290200000000000102e+02
1.283825503355704711e+02 1.279731543624161105e+02 1.293489932885906057e+02
1.285723684210526301e+02 1.281118421052631504e+02 1.293157894736842195e+02
1.286933333333333280e+02 1.278066666666666720e+02 1.291866666666666674e+02
1.284304635761589282e+02 1.277748344370860991e+02 1.293642384105960161e+02
1.284666666666666686e+02 1.277733333333333263e+02 1.293666666666666742e+02
1.286200000000000045e+02 1.277000000000000028e+02 1.291800000000000068e+02
1.286845637583892596e+02 1.278120805369127453e+02 1.295100671140939710e+02
1.287266666666666595e+02 1.276666666666666714e+02 1.294466666666666583e+02
1.284466666666666583e+02 1.273799999999999955e+02 1.296066666666666549e+02
1.281513157894736707e+02 1.271973684210526301e+02 1.296710526315789593e+02
1.281800000000000068e+02 1.272600000000000051e+02 1.296800000000000068e+02
1.282333333333333201e+02 1.272000000000000028e+02 1.300333333333333314e+02
1.281854304635761537e+02 1.272251655629139009e+02 1.302119205298013185e+02
1.280733333333333235e+02 1.271666666666666714e+02 1.305666666666666629e+02
1.279271523178807968e+02 1.272649006622516623e+02 1.307019867549668959e+02
1.275799999999999983e+02 1.272533333333333303e+02 1.309466666666666583e+02
1.275302013422818845e+02 1.270738255033557067e+02 1.311409395973154233e+02
1.272582781456953711e+02 1.269072847682119232e+02 1.311788079470198625e+02
1.270331125827814560e+02 1.266490066225165521e+02 1.313576158940397249e+02
1.268079470198675551e+02 1.266688741721854257e+02 1.317019867549668959e+02
1.266866666666666674e+02 1.266733333333333320e+02 1.316800000000000068e+02
1.263892617449664471e+02 1.265771812080536876e+02 1.316979865771812115e+02
1.262600000000000051e+02 1.265466666666666669e+02 1.316800000000000068e+02
1.259527027027027088e+02 1.266554054054054035e+02 1.316418918918918735e+02
1.256860260225552537e+02 1.267593260047718360e+02 1.316968710420292439e+02
1.254295302013422884e+02 1.265637583892617499e+02 1.316845637583892596e+02
1.252905405405405332e+02 1.265000000000000000e+02 1.316621621621621614e+02
1.252094594594594525e+02 1.263986486486486456e+02 1.318175675675675507e+02
1.249541590397754760e+02 1.262697239820527528e+02 1.318777440626755606e+02
1.247531711789861362e+02 1.261135993547306953e+02 1.319054067935899184e+02
1.245681913637775722e+02 1.262328120534327525e+02 1.317460863622242755e+02
1.245691345862578743e+02 1.262562143521047631e+02 1.317764218380656587e+02
1.243908577972576097e+02 1.261874039324902128e+02 1.317913451734161470e+02
1.243170532194980922e+02 1.259458616780045190e+02 1.318517307370375420e+02
1.241633477284162268e+02 1.259424921616702306e+02 1.317929011011202931e+02
1.241903324677297320e+02 1.258412993892445968e+02 1.318063934707770102e+02
1.241373500359967750e+02 1.258742068317278324e+02 1.319137160623901934e+02
1.239609621835649165e+02 1.256591523988784331e+02 1.318873476887175400e+02
1.238385053648874248e+02 1.256840329501127798e+02 1.319884272301675310e+02
1.239474698139081710e+02 1.255916905505946630e+02 1.319345709825161919e+02
1.239204850745946658e+02 1.255714519961095306e+02 1.319345709825161919e+02
1.239204850745946658e+02 1.255714519961095306e+02 1.319345709825161919e+02
1.238732617807960139e+02 1.255916905505946630e+02 1.319210786128594179e+02
1.238732617807960139e+02 1.255916905505946630e+02 1.319210786128594179e+02
1.238665155959676554e+02 1.255714519961095306e+02 1.319143324280310594e+02
1.238606467448969113e+02 1.255742956176081009e+02 1.319350432132037270e+02
1.238606467448969113e+02 1.255742956176081009e+02 1.319350432132037270e+02
1.238606467448969113e+02 1.255742956176081009e+02 1.319350432132037270e+02
1.238606467448969113e+02 1.255742956176081009e+02 1.319350432132037270e+02
1.238606467448969113e+02 1.255742956176081009e+02 1.319350432132037270e+02
1.238606467448969113e+02 1.255742956176081009e+02 1.319350432132037270e+02
1.238606467448969113e+02 1.255742956176081009e+02 1.319350432132037270e+02
1.238606467448969113e+02 1.255742956176081009e+02 1.319350432132037270e+02
1.238606467448969113e+02 1.255742956176081009e+02 1.319350432132037270e+02
1.238606467448969113e+02 1.255742956176081009e+02 1.319350432132037270e+02
1.238606467448969113e+02 1.255742956176081009e+02 1.319350432132037270e+02
1.238606467448969113e+02 1.255742956176081009e+02 1.319350432132037270e+02
1.238606467448969113e+02 1.255742956176081009e+02 1.319350432132037270e+02
1.238606467448969113e+02 1.255742956176081009e+02 1.319350432132037270e+02
1.238606467448969113e+02 1.255742956176081009e+02 1.319350432132037270e+02
1.238606467448969113e+02 1.255742956176081009e+02 1.319350432132037270e+02
1.238606467448969113e+02 1.255742956176081009e+02 1.319350432132037270e+02
1.238606467448969113e+02 1.255742956176081009e+02 1.319350432132037270e+02
1.238606467448969113e+02 1.255742956176081009e+02 1.319350432132037270e+02
1.238606467448969113e+02 1.255742956176081009e+02 1.319350432132037270e+02
1.238606467448969113e+02 1.255742956176081009e+02 1.319350432132037270e+02
1.238606467448969113e+02 1.255742956176081009e+02 1.319350432132037270e+02
1.238606467448969113e+02 1.255742956176081009e+02 1.319350432132037270e+02
1.238606467448969113e+02 1.255742956176081009e+02 1.319350432132037270e+02
1.238606467448969113e+02 1.255742956176081009e+02 1.319350432132037270e+02
1.238606467448969113e+02 1.255742956176081009e+02 1.319350432132037270e+02
1.238606467448969113e+02 1.255742956176081009e+02 1.319350432132037270e+02
1.238606467448969113e+02 1.255742956176081009e+02 1.319350432132037270e+02
1.238606467448969113e+02 1.255742956176081009e+02 1.319350432132037270e+02
1.238606467448969113e+02 1.255742956176081009e+02 1.319350432132037270e+02
1.238606467448969113e+02 1.255742956176081009e+02 1.319350432132037270e+02
1.238606467448969113e+02 1.255742956176081009e+02 1.319350432132037270e+02
1.238606467448969113e+02 1.255742956176081009e+02 1.319350432132037270e+02
1.238606467448969113e+02 1.255742956176081009e+02 1.319350432132037270e+02
1.238606467448969113e+02 1.255742956176081009e+02 1.319350432132037270e+02
1.238606467448969113e+02 1.255742956176081009e+02 1.319350432132037270e+02
1.238606467448969113e+02 1.255742956176081009e+02 1.319350432132037270e+02
1.238606467448969113e+02 1.255742956176081009e+02 1.319350432132037270e+02
1.238606467448969113e+02 1.255742956176081009e+02 1.319350432132037270e+02
1.238606467448969113e+02 1.255742956176081009e+02 1.319350432132037270e+02
1.238606467448969113e+02 1.255742956176081009e+02 1.319350432132037270e+02
1.238606467448969113e+02 1.255742956176081009e+02 1.319350432132037270e+02
1.238606467448969113e+02 1.255742956176081009e+02 1.319350432132037270e+02
1.238606467448969113e+02 1.255742956176081009e+02 1.319350432132037270e+02
1.238606467448969113e+02 1.255742956176081009e+02 1.319350432132037270e+02
1.238606467448969113e+02 1.255742956176081009e+02 1.319350432132037270e+02
1.238606467448969113e+02 1.255742956176081009e+02 1.319350432132037270e+02
1.238606467448969113e+02 1.255742956176081009e+02 1.319350432132037270e+02
1.238606467448969113e+02 1.255742956176081009e+02 1.319350432132037270e+02
1.238606467448969113e+02 1.255742956176081009e+02 1.319350432132037270e+02
1.238606467448969113e+02 1.255742956176081009e+02 1.319350432132037270e+02
1.238606467448969113e+02 1.255742956176081009e+02 1.319350432132037270e+02
1.238606467448969113e+02 1.255742956176081009e+02 1.319350432132037270e+02
1.238606467448969113e+02 1.255742956176081009e+02 1.319350432132037270e+02
1.238606467448969113e+02 1.255742956176081009e+02 1.319350432132037270e+02
1.238606467448969113e+02 1.255742956176081009e+02 1.319350432132037270e+02
1.238606467448969113e+02 1.255742956176081009e+02 1.319350432132037270e+02
1.238606467448969113e+02 1.255742956176081009e+02 1.319350432132037270e+02
1.238606467448969113e+02 1.255742956176081009e+02 1.319350432132037270e+02
1.238606467448969113e+02 1.255742956176081009e+02 1.319350432132037270e+02
1.238606467448969113e+02 1.255742956176081009e+02 1.319350432132037270e+02
1.238606467448969113e+02 1.255742956176081009e+02 1.319350432132037270e+02
1.238606467448969113e+02 1.255742956176081009e+02 1.319350432132037270e+02
1.238606467448969113e+02 1.255742956176081009e+02 1.319350432132037270e+02
1.238606467448969113e+02 1.255742956176081009e+02 1.319350432132037270e+02
1.238606467448969113e+02 1.255742956176081009e+02 1.319350432132037270e+02
1.238606467448969113e+02 1.255742956176081009e+02 1.319350432132037270e+02
1.238606467448969113e+02 1.255742956176081009e+02 1.319350432132037270e+02
1.238606467448969113e+02 1.255742956176081009e+02 1.319350432132037270e+02
1.238606467448969113e+02 1.255742956176081009e+02 1.319350432132037270e+02
1.238606467448969113e+02 1.255742956176081009e+02 1.319350432132037270e+02
1.238606467448969113e+02 1.255742956176081009e+02 1.319350432132037270e+02
1.238606467448969113e+02 1.255742956176081009e+02 1.319350432132037270e+02
1.238606467448969113e+02 1.255742956176081009e+02 1.319350432132037270e+02
1.238606467448969113e+02 1.255742956176081009e+02 1.319350432132037270e+02
1.238606467448969113e+02 1.255742956176081009e+02 1.319350432132037270e+02
1.238606467448969113e+02 1.255742956176081009e+02 1.319350432132037270e+02
1.238606467448969113e+02 1.255742956176081009e+02 1.319350432132037270e+02
1.238606467448969113e+02 1.255742956176081009e+02 1.319350432132037270e+02
1.238606467448969113e+02 1.255742956176081009e+02 1.319350432132037270e+02
1.238606467448969113e+02 1.255742956176081009e+02 1.319350432132037270e+02
1.238606467448969113e+02 1.255742956176081009e+02 1.319350432132037270e+02
1.238606467448969113e+02 1.255742956176081009e+02 1.319350432132037270e+02
1.238606467448969113e+02 1.255742956176081009e+02 1.319350432132037270e+02
1.238606467448969113e+02 1.255742956176081009e+02 1.319350432132037270e+02
1.238606467448969113e+02 1.255742956176081009e+02 1.319350432132037270e+02
1.238606467448969113e+02 1.255742956176081009e+02 1.319350432132037270e+02
1.238606467448969113e+02 1.255742956176081009e+02 1.319350432132037270e+02
1.238606467448969113e+02 1.255742956176081009e+02 1.319350432132037270e+02
1.238606467448969113e+02 1.255742956176081009e+02 1.319350432132037270e+02
1.238606467448969113e+02 1.255742956176081009e+02 1.319350432132037270e+02
1.238606467448969113e+02 1.255742956176081009e+02 1.319350432132037270e+02
1.238606467448969113e+02 1.255742956176081009e+02 1.319350432132037270e+02
1.238606467448969113e+02 1.255742956176081009e+02 1.319350432132037270e+02
1.238606467448969113e+02 1.255742956176081009e+02 1.319350432132037270e+02
1.238606467448969113e+02 1.255742956176081009e+02 1.319350432132037270e+02
1.238606467448969113e+02 1.255742956176081009e+02 1.319350432132037270e+02
1.238606467448969113e+02 1.255742956176081009e+02 1.319350432132037270e+02
1.238606467448969113e+02 1.255742956176081009e+02 1.319350432132037270e+02
1.238606467448969113e+02 1.255742956176081009e+02 1.319350432132037270e+02
1.238606467448969113e+02 1.255742956176081009e+02 1.319350432132037270e+02
1.238606467448969113e+02 1.255742956176081009e+02 1.319350432132037270e+02
1.238606467448969113e+02 1.255742956176081009e+02 1.319350432132037270e+02
1.238606467448969113e+02 1.255742956176081009e+02 1.319350432132037270e+02
1.238606467448969113e+02 1.255742956176081009e+02 1.319350432132037270e+02
1.238606467448969113e+02 1.255742956176081009e+02 1.319350432132037270e+02
1.238606467448969113e+02 1.255742956176081009e+02 1.319350432132037270e+02
1.238606467448969113e+02 1.255742956176081009e+02 1.319350432132037270e+02
1.238606467448969113e+02 1.255742956176081009e+02 1.319350432132037270e+02
1.238606467448969113e+02 1.255742956176081009e+02 1.319350432132037270e+02
1.238606467448969113e+02 1.255742956176081009e+02 1.319350432132037270e+02
1.238606467448969113e+02 1.255742956176081009e+02 1.319350432132037270e+02
1.238606467448969113e+02 1.255742956176081009e+02 1.319350432132037270e+02
1.238606467448969113e+02 1.255742956176081009e+02 1.319350432132037270e+02
1.238606467448969113e+02 1.255742956176081009e+02 1.319350432132037270e+02
1.238606467448969113e+02 1.255742956176081009e+02 1.319350432132037270e+02
1.238606467448969113e+02 1.255742956176081009e+02 1.319350432132037270e+02
1.238606467448969113e+02 1.255742956176081009e+02 1.319350432132037270e+02
1.238606467448969113e+02 1.255742956176081009e+02 1.319350432132037270e+02
1.238606467448969113e+02 1.255742956176081009e+02 1.319350432132037270e+02
1.238606467448969113e+02 1.255742956176081009e+02 1.319350432132037270e+02
1.238606467448969113e+02 1.255742956176081009e+02 1.319350432132037270e+02
1.238606467448969113e+02 1.255742956176081009e+02 1.319350432132037270e+02
1.238606467448969113e+02 1.255742956176081009e+02 1.319350432132037270e+02
1.238606467448969113e+02 1.255742956176081009e+02 1.319350432132037270e+02
1.238606467448969113e+02 1.255742956176081009e+02 1.319350432132037270e+02
1.238606467448969113e+02 1.255742956176081009e+02 1.319350432132037270e+02
1.238606467448969113e+02 1.255742956176081009e+02 1.319350432132037270e+02
1.238606467448969113e+02 1.255742956176081009e+02 1.319350432132037270e+02
1.238606467448969113e+02 1.255742956176081009e+02 1.319350432132037270e+02
1.238606467448969113e+02 1.255742956176081009e+02 1.319350432132037270e+02
1.238606467448969113e+02 1.255742956176081009e+02 1.319350432132037270e+02
1.238606467448969113e+02 1.255742956176081009e+02 1.319350432132037270e+02
1.238606467448969113e+02 1.255742956176081009e+02 1.319350432132037270e+02
1.238606467448969113e+02 1.255742956176081009e+02 1.319350432132037270e+02
1.238606467448969113e+02 1.255742956176081009e+02 1.319350432132037270e+02
1.238606467448969113e+02 1.255742956176081009e+02 1.319350432132037270e+02
1.238606467448969113e+02 1.255742956176081009e+02 1.319350432132037270e+02
1.238606467448969113e+02 1.255742956176081009e+02 1.319350432132037270e+02
1.238606467448969113e+02 1.255742956176081009e+02 1.319350432132037270e+02
1.238606467448969113e+02 1.255742956176081009e+02 1.319350432132037270e+02
1.238606467448969113e+02 1.255742956176081009e+02 1.319350432132037270e+02
1.238606467448969113e+02 1.255742956176081009e+02 1.319350432132037270e+02
1.238606467448969113e+02 1.255742956176081009e+02 1.319350432132037270e+02
1.238606467448969113e+02 1.255742956176081009e+02 1.319350432132037270e+02
1.238606467448969113e+02 1.255742956176081009e+02 1.319350432132037270e+02
1.238606467448969113e+02 1.255742956176081009e+02 1.319350432132037270e+02
1.238606467448969113e+02 1.255742956176081009e+02 1.319350432132037270e+02
1.238606467448969113e+02 1.255742956176081009e+02 1.319350432132037270e+02
1.238606467448969113e+02 1.255742956176081009e+02 1.319350432132037270e+02
1.238606467448969113e+02 1.255742956176081009e+02 1.319350432132037270e+02
1.238606467448969113e+02 1.255742956176081009e+02 1.319350432132037270e+02
1.238606467448969113e+02 1.255742956176081009e+02 1.319350432132037270e+02
1.238606467448969113e+02 1.255742956176081009e+02 1.319350432132037270e+02
1.238606467448969113e+02 1.255742956176081009e+02 1.319350432132037270e+02
1.238606467448969113e+02 1.255742956176081009e+02 1.319350432132037270e+02
1.238606467448969113e+02 1.255742956176081009e+02 1.319350432132037270e+02
1.238606467448969113e+02 1.255742956176081009e+02 1.319350432132037270e+02
1.238606467448969113e+02 1.255742956176081009e+02 1.319350432132037270e+02
1.238606467448969113e+02 1.255742956176081009e+02 1.319350432132037270e+02
1.238606467448969113e+02 1.255742956176081009e+02 1.319350432132037270e+02
1.238606467448969113e+02 1.255742956176081009e+02 1.319350432132037270e+02
1.238606467448969113e+02 1.255742956176081009e+02 1.319350432132037270e+02
1.238606467448969113e+02 1.255742956176081009e+02 1.319350432132037270e+02
1.238606467448969113e+02 1.255742956176081009e+02 1.319350432132037270e+02
1.238606467448969113e+02 1.255742956176081009e+02 1.319350432132037270e+02
1.238606467448969113e+02 1.255742956176081009e+02 1.319350432132037270e+02
1.238606467448969113e+02 1.255742956176081009e+02 1.319350432132037270e+02
1.238606467448969113e+02 1.255742956176081009e+02 1.319350432132037270e+02
1.238606467448969113e+02 1.255742956176081009e+02 1.319350432132037270e+02
1.238606467448969113e+02 1.255742956176081009e+02 1.319350432132037270e+02
1.238606467448969113e+02 1.255742956176081009e+02 1.319350432132037270e+02
1.238606467448969113e+02 1.255742956176081009e+02 1.319350432132037270e+02
1.238606467448969113e+02 1.255742956176081009e+02 1.319350432132037270e+02
1.238606467448969113e+02 1.255742956176081009e+02 1.319350432132037270e+02
1.238606467448969113e+02 1.255742956176081009e+02 1.319350432132037270e+02
1.238606467448969113e+02 1.255742956176081009e+02 1.319350432132037270e+02
1.238606467448969113e+02 1.255742956176081009e+02 1.319350432132037270e+02
1.238606467448969113e+02 1.255742956176081009e+02 1.319350432132037270e+02
1.238606467448969113e+02 1.255742956176081009e+02 1.319350432132037270e+02
1.238606467448969113e+02 1.255742956176081009e+02 1.319350432132037270e+02
1.238606467448969113e+02 1.255742956176081009e+02 1.319350432132037270e+02
1.238606467448969113e+02 1.255742956176081009e+02 1.319350432132037270e+02
1.238606467448969113e+02 1.255742956176081009e+02 1.319350432132037270e+02
1.238606467448969113e+02 1.255742956176081009e+02 1.319350432132037270e+02
1.238606467448969113e+02 1.255742956176081009e+02 1.319350432132037270e+02
1.238606467448969113e+02 1.255742956176081009e+02 1.319350432132037270e+02
1.238606467448969113e+02 1.255742956176081009e+02 1.319350432132037270e+02
1.238606467448969113e+02 1.255742956176081009e+02 1.319350432132037270e+02
1.238606467448969113e+02 1.255742956176081009e+02 1.319350432132037270e+02
1.238606467448969113e+02 1.255742956176081009e+02 1.319350432132037270e+02
1.238606467448969113e+02 1.255742956176081009e+02 1.319350432132037270e+02
1.238606467448969113e+02 1.255742956176081009e+02 1.319350432132037270e+02
1.238606467448969113e+02 1.255742956176081009e+02 1.319350432132037270e+02
1.238606467448969113e+02 1.255742956176081009e+02 1.319350432132037270e+02
1.238606467448969113e+02 1.255742956176081009e+02 1.319350432132037270e+02
1.238606467448969113e+02 1.255742956176081009e+02 1.319350432132037270e+02
1.238606467448969113e+02 1.255742956176081009e+02 1.319350432132037270e+02
1.238606467448969113e+02 1.255742956176081009e+02 1.319350432132037270e+02
1.238606467448969113e+02 1.255742956176081009e+02 1.319350432132037270e+02
1.238606467448969113e+02 1.255742956176081009e+02 1.319350432132037270e+02
1.238606467448969113e+02 1.255742956176081009e+02 1.319350432132037270e+02
1.238606467448969113e+02 1.255742956176081009e+02 1.319350432132037270e+02
1.238606467448969113e+02 1.255742956176081009e+02 1.319350432132037270e+02
1.238606467448969113e+02 1.255742956176081009e+02 1.319350432132037270e+02
1.238606467448969113e+02 1.255742956176081009e+02 1.319350432132037270e+02
1.238606467448969113e+02 1.255742956176081009e+02 1.319350432132037270e+02
1.238606467448969113e+02 1.255742956176081009e+02 1.319350432132037270e+02
1.238606467448969113e+02 1.255742956176081009e+02 1.319350432132037270e+02
1.238606467448969113e+02 1.255742956176081009e+02 1.319350432132037270e+02
1.238606467448969113e+02 1.255742956176081009e+02 1.319350432132037270e+02
1.238606467448969113e+02 1.255742956176081009e+02 1.319350432132037270e+02
1.238606467448969113e+02 1.255742956176081009e+02 1.319350432132037270e+02
1.238606467448969113e+02 1.255742956176081009e+02 1.319350432132037270e+02
1.238606467448969113e+02 1.255742956176081009e+02 1.319350432132037270e+02
1.238606467448969113e+02 1.255742956176081009e+02 1.319350432132037270e+02
1.238606467448969113e+02 1.255742956176081009e+02 1.319350432132037270e+02
1.238606467448969113e+02 1.255742956176081009e+02 1.319350432132037270e+02
1.238606467448969113e+02 1.255742956176081009e+02 1.319350432132037270e+02
1.238606467448969113e+02 1.255742956176081009e+02 1.319350432132037270e+02
1.238606467448969113e+02 1.255742956176081009e+02 1.319350432132037270e+02
1.238606467448969113e+02 1.255742956176081009e+02 1.319350432132037270e+02
1.238606467448969113e+02 1.255742956176081009e+02 1.319350432132037270e+02
1.238606467448969113e+02 1.255742956176081009e+02 1.319350432132037270e+02
1.238606467448969113e+02 1.255742956176081009e+02 1.319350432132037270e+02
1.238606467448969113e+02 1.255742956176081009e+02 1.319350432132037270e+02
1.238606467448969113e+02 1.255742956176081009e+02 1.319350432132037270e+02
1.238606467448969113e+02 1.255742956176081009e+02 1.319350432132037270e+02
1.238606467448969113e+02 1.255742956176081009e+02 1.319350432132037270e+02
1.238606467448969113e+02 1.255742956176081009e+02 1.319350432132037270e+02
1.238606467448969113e+02 1.255742956176081009e+02 1.319350432132037270e+02
1.238606467448969113e+02 1.255742956176081009e+02 1.319350432132037270e+02
1.238606467448969113e+02 1.255742956176081009e+02 1.319350432132037270e+02
1.238606467448969113e+02 1.255742956176081009e+02 1.319350432132037270e+02
1.238606467448969113e+02 1.255742956176081009e+02 1.319350432132037270e+02
1.238606467448969113e+02 1.255742956176081009e+02 1.319350432132037270e+02
1.238606467448969113e+02 1.255742956176081009e+02 1.319350432132037270e+02
1.238606467448969113e+02 1.255742956176081009e+02 1.319350432132037270e+02
1.238606467448969113e+02 1.255742956176081009e+02 1.319350432132037270e+02
1.238606467448969113e+02 1.255742956176081009e+02 1.319350432132037270e+02
1.238606467448969113e+02 1.255742956176081009e+02 1.319350432132037270e+02
1.238606467448969113e+02 1.255742956176081009e+02 1.319350432132037270e+02
1.238606467448969113e+02 1.255742956176081009e+02 1.319350432132037270e+02
1.238606467448969113e+02 1.255742956176081009e+02 1.319350432132037270e+02
1.238606467448969113e+02 1.255742956176081009e+02 1.319350432132037270e+02
1.238606467448969113e+02 1.255742956176081009e+02 1.319350432132037270e+02
1.238606467448969113e+02 1.255742956176081009e+02 1.319350432132037270e+02
1.238606467448969113e+02 1.255742956176081009e+02 1.319350432132037270e+02
1.238606467448969113e+02 1.255742956176081009e+02 1.319350432132037270e+02
1.238606467448969113e+02 1.255742956176081009e+02 1.319350432132037270e+02
1.238606467448969113e+02 1.255742956176081009e+02 1.319350432132037270e+02
1.238606467448969113e+02 1.255742956176081009e+02 1.319350432132037270e+02
1.238606467448969113e+02 1.255742956176081009e+02 1.319350432132037270e+02
1.238606467448969113e+02 1.255742956176081009e+02 1.319350432132037270e+02
1.238606467448969113e+02 1.255742956176081009e+02 1.319350432132037270e+02
1.238606467448969113e+02 1.255742956176081009e+02 1.319350432132037270e+02
1.238606467448969113e+02 1.255742956176081009e+02 1.319350432132037270e+02
1.238606467448969113e+02 1.255742956176081009e+02 1.319350432132037270e+02
1.238606467448969113e+02 1.255742956176081009e+02 1.319350432132037270e+02
1.238606467448969113e+02 1.255742956176081009e+02 1.319350432132037270e+02
1.238606467448969113e+02 1.255742956176081009e+02 1.319350432132037270e+02
1.238606467448969113e+02 1.255742956176081009e+02 1.319350432132037270e+02
1.238606467448969113e+02 1.255742956176081009e+02 1.319350432132037270e+02
1.238606467448969113e+02 1.255742956176081009e+02 1.319350432132037270e+02
1.238606467448969113e+02 1.255742956176081009e+02 1.319350432132037270e+02
1.238606467448969113e+02 1.255742956176081009e+02 1.319350432132037270e+02
1.238606467448969113e+02 1.255742956176081009e+02 1.319350432132037270e+02
1.238606467448969113e+02 1.255742956176081009e+02 1.319350432132037270e+02
1.238606467448969113e+02 1.255742956176081009e+02 1.319350432132037270e+02
1.238606467448969113e+02 1.255742956176081009e+02 1.319350432132037270e+02
1.238606467448969113e+02 1.255742956176081009e+02 1.319350432132037270e+02
1.238606467448969113e+02 1.255742956176081009e+02 1.319350432132037270e+02
1.238606467448969113e+02 1.255742956176081009e+02 1.319350432132037270e+02
1.238606467448969113e+02 1.255742956176081009e+02 1.319350432132037270e+02
1.238606467448969113e+02 1.255742956176081009e+02 1.319350432132037270e+02
1.238606467448969113e+02 1.255742956176081009e+02 1.319350432132037270e+02
1.238606467448969113e+02 1.255742956176081009e+02 1.319350432132037270e+02
1.238606467448969113e+02 1.255742956176081009e+02 1.319350432132037270e+02
1.238606467448969113e+02 1.255742956176081009e+02 1.319350432132037270e+02
1.238606467448969113e+02 1.255742956176081009e+02 1.319350432132037270e+02
1.238606467448969113e+02 1.255742956176081009e+02 1.319350432132037270e+02
1.238606467448969113e+02 1.255742956176081009e+02 1.319350432132037270e+02
1.238606467448969113e+02 1.255742956176081009e+02 1.319350432132037270e+02
1.238606467448969113e+02 1.255742956176081009e+02 1.319350432132037270e+02
1.238606467448969113e+02 1.255742956176081009e+02 1.319350432132037270e+02
1.238606467448969113e+02 1.255742956176081009e+02 1.319350432132037270e+02
1.238606467448969113e+02 1.255742956176081009e+02 1.319350432132037270e+02
1.238606467448969113e+02 1.255742956176081009e+02 1.319350432132037270e+02
1.238606467448969113e+02 1.255742956176081009e+02 1.319350432132037270e+02
1.238606467448969113e+02 1.255742956176081009e+02 1.319350432132037270e+02
1.238606467448969113e+02 1.255742956176081009e+02 1.319350432132037270e+02
1.238606467448969113e+02 1.255742956176081009e+02 1.319350432132037270e+02
1.238606467448969113e+02 1.255742956176081009e+02 1.319350432132037270e+02
1.238606467448969113e+02 1.255742956176081009e+02 1.319350432132037270e+02
1.238606467448969113e+02 1.255742956176081009e+02 1.319350432132037270e+02
1.238606467448969113e+02 1.255742956176081009e+02 1.319350432132037270e+02
1.238606467448969113e+02 1.255742956176081009e+02 1.319350432132037270e+02
1.238606467448969113e+02 1.255742956176081009e+02 1.319350432132037270e+02
1.238606467448969113e+02 1.255742956176081009e+02 1.319350432132037270e+02
1.238606467448969113e+02 1.255742956176081009e+02 1.319350432132037270e+02
1.238606467448969113e+02 1.255742956176081009e+02 1.319350432132037270e+02
1.238606467448969113e+02 1.255742956176081009e+02 1.319350432132037270e+02
1.238606467448969113e+02 1.255742956176081009e+02 1.319350432132037270e+02
1.238606467448969113e+02 1.255742956176081009e+02 1.319350432132037270e+02
1.238606467448969113e+02 1.255742956176081009e+02 1.319350432132037270e+02
1.238606467448969113e+02 1.255742956176081009e+02 1.319350432132037270e+02
1.238606467448969113e+02 1.255742956176081009e+02 1.319350432132037270e+02
1.238606467448969113e+02 1.255742956176081009e+02 1.319350432132037270e+02
1.238606467448969113e+02 1.255742956176081009e+02 1.319350432132037270e+02
1.238606467448969113e+02 1.255742956176081009e+02 1.319350432132037270e+02
1.238606467448969113e+02 1.255742956176081009e+02 1.319350432132037270e+02
1.238606467448969113e+02 1.255742956176081009e+02 1.319350432132037270e+02
1.238606467448969113e+02 1.255742956176081009e+02 1.319350432132037270e+02
1.238606467448969113e+02 1.255742956176081009e+02 1.319350432132037270e+02
1.238606467448969113e+02 1.255742956176081009e+02 1.319350432132037270e+02
1.238606467448969113e+02 1.255742956176081009e+02 1.319350432132037270e+02
1.238606467448969113e+02 1.255742956176081009e+02 1.319350432132037270e+02
1.238606467448969113e+02 1.255742956176081009e+02 1.319350432132037270e+02
1.238606467448969113e+02 1.255742956176081009e+02 1.319350432132037270e+02
1.238606467448969113e+02 1.255742956176081009e+02 1.319350432132037270e+02
1.238606467448969113e+02 1.255742956176081009e+02 1.319350432132037270e+02
1.238606467448969113e+02 1.255742956176081009e+02 1.319350432132037270e+02
1.238606467448969113e+02 1.255742956176081009e+02 1.319350432132037270e+02
1.238606467448969113e+02 1.255742956176081009e+02 1.319350432132037270e+02
1.238606467448969113e+02 1.255742956176081009e+02 1.319350432132037270e+02
1.238606467448969113e+02 1.255742956176081009e+02 1.319350432132037270e+02
1.238606467448969113e+02 1.255742956176081009e+02 1.319350432132037270e+02
1.238606467448969113e+02 1.255742956176081009e+02 1.319350432132037270e+02
1.238606467448969113e+02 1.255742956176081009e+02 1.319350432132037270e+02
1.238606467448969113e+02 1.255742956176081009e+02 1.319350432132037270e+02
1.238606467448969113e+02 1.255742956176081009e+02 1.319350432132037270e+02
1.238606467448969113e+02 1.255742956176081009e+02 1.319350432132037270e+02
1.238606467448969113e+02 1.255742956176081009e+02 1.319350432132037270e+02
1.238606467448969113e+02 1.255742956176081009e+02 1.319350432132037270e+02
1.238606467448969113e+02 1.255742956176081009e+02 1.319350432132037270e+02
1.238606467448969113e+02 1.255742956176081009e+02 1.319350432132037270e+02
1.238606467448969113e+02 1.255742956176081009e+02 1.319350432132037270e+02
1.238606467448969113e+02 1.255742956176081009e+02 1.319350432132037270e+02
1.238606467448969113e+02 1.255742956176081009e+02 1.319350432132037270e+02
1.238606467448969113e+02 1.255742956176081009e+02 1.319350432132037270e+02
1.238606467448969113e+02 1.255742956176081009e+02 1.319350432132037270e+02
1.238606467448969113e+02 1.255742956176081009e+02 1.319350432132037270e+02
1.238606467448969113e+02 1.255742956176081009e+02 1.319350432132037270e+02
1.238606467448969113e+02 1.255742956176081009e+02 1.319350432132037270e+02
1.238606467448969113e+02 1.255742956176081009e+02 1.319350432132037270e+02
1.238606467448969113e+02 1.255742956176081009e+02 1.319350432132037270e+02
1.238606467448969113e+02 1.255742956176081009e+02 1.319350432132037270e+02
1.238606467448969113e+02 1.255742956176081009e+02 1.319350432132037270e+02
1.238606467448969113e+02 1.255742956176081009e+02 1.319350432132037270e+02
1.238606467448969113e+02 1.255742956176081009e+02 1.319350432132037270e+02
1.238606467448969113e+02 1.255742956176081009e+02 1.319350432132037270e+02
1.238606467448969113e+02 1.255742956176081009e+02 1.319350432132037270e+02
1.238606467448969113e+02 1.255742956176081009e+02 1.319350432132037270e+02
1.238606467448969113e+02 1.255742956176081009e+02 1.319350432132037270e+02
1.238606467448969113e+02 1.255742956176081009e+02 1.319350432132037270e+02
1.238606467448969113e+02 1.255742956176081009e+02 1.319350432132037270e+02
1.238606467448969113e+02 1.255742956176081009e+02 1.319350432132037270e+02
1.238606467448969113e+02 1.255742956176081009e+02 1.319350432132037270e+02
1.238606467448969113e+02 1.255742956176081009e+02 1.319350432132037270e+02
1.238606467448969113e+02 1.255742956176081009e+02 1.319350432132037270e+02
1.238606467448969113e+02 1.255742956176081009e+02 1.319350432132037270e+02
1.238606467448969113e+02 1.255742956176081009e+02 1.319350432132037270e+02
1.238606467448969113e+02 1.255742956176081009e+02 1.319350432132037270e+02
1.238606467448969113e+02 1.255742956176081009e+02 1.319350432132037270e+02
1.238606467448969113e+02 1.255742956176081009e+02 1.319350432132037270e+02
1.238606467448969113e+02 1.255742956176081009e+02 1.319350432132037270e+02
1.238606467448969113e+02 1.255742956176081009e+02 1.319350432132037270e+02
1.238606467448969113e+02 1.255742956176081009e+02 1.319350432132037270e+02
1.238606467448969113e+02 1.255742956176081009e+02 1.319350432132037270e+02
1.238606467448969113e+02 1.255742956176081009e+02 1.319350432132037270e+02
1.238606467448969113e+02 1.255742956176081009e+02 1.319350432132037270e+02
1.238606467448969113e+02 1.255742956176081009e+02 1.319350432132037270e+02
1.238606467448969113e+02 1.255742956176081009e+02 1.319350432132037270e+02
1.238606467448969113e+02 1.255742956176081009e+02 1.319350432132037270e+02
1.238606467448969113e+02 1.255742956176081009e+02 1.319350432132037270e+02
1.238606467448969113e+02 1.255742956176081009e+02 1.319350432132037270e+02
1.238606467448969113e+02 1.255742956176081009e+02 1.319350432132037270e+02
1.238606467448969113e+02 1.255742956176081009e+02 1.319350432132037270e+02
1.238606467448969113e+02 1.255742956176081009e+02 1.319350432132037270e+02
1.238606467448969113e+02 1.255742956176081009e+02 1.319350432132037270e+02
1.238606467448969113e+02 1.255742956176081009e+02 1.319350432132037270e+02
1.238606467448969113e+02 1.255742956176081009e+02 1.319350432132037270e+02
1.238606467448969113e+02 1.255742956176081009e+02 1.319350432132037270e+02
1.238606467448969113e+02 1.255742956176081009e+02 1.319350432132037270e+02
1.238606467448969113e+02 1.255742956176081009e+02 1.319350432132037270e+02
1.238606467448969113e+02 1.255742956176081009e+02 1.319350432132037270e+02
1.238606467448969113e+02 1.255742956176081009e+02 1.319350432132037270e+02
1.238606467448969113e+02 1.255742956176081009e+02 1.319350432132037270e+02
1.238606467448969113e+02 1.255742956176081009e+02 1.319350432132037270e+02
1.238606467448969113e+02 1.255742956176081009e+02 1.319350432132037270e+02
1.238606467448969113e+02 1.255742956176081009e+02 1.319350432132037270e+02
1.238606467448969113e+02 1.255742956176081009e+02 1.319350432132037270e+02
1.238606467448969113e+02 1.255742956176081009e+02 1.319350432132037270e+02
1.238606467448969113e+02 1.255742956176081009e+02 1.319350432132037270e+02
1.238606467448969113e+02 1.255742956176081009e+02 1.319350432132037270e+02
1.238606467448969113e+02 1.255742956176081009e+02 1.319350432132037270e+02
1.238606467448969113e+02 1.255742956176081009e+02 1.319350432132037270e+02
1.238606467448969113e+02 1.255742956176081009e+02 1.319350432132037270e+02
1.238606467448969113e+02 1.255742956176081009e+02 1.319350432132037270e+02
1.238606467448969113e+02 1.255742956176081009e+02 1.319350432132037270e+02
1.238606467448969113e+02 1.255742956176081009e+02 1.319350432132037270e+02
1.238606467448969113e+02 1.255742956176081009e+02 1.319350432132037270e+02
1.238606467448969113e+02 1.255742956176081009e+02 1.319350432132037270e+02
1.238606467448969113e+02 1.255742956176081009e+02 1.319350432132037270e+02
1.238606467448969113e+02 1.255742956176081009e+02 1.319350432132037270e+02
1.238606467448969113e+02 1.255742956176081009e+02 1.319350432132037270e+02
1.238606467448969113e+02 1.255742956176081009e+02 1.319350432132037270e+02
1.238606467448969113e+02 1.255742956176081009e+02 1.319350432132037270e+02
1.238606467448969113e+02 1.255742956176081009e+02 1.319350432132037270e+02
1.238606467448969113e+02 1.255742956176081009e+02 1.319350432132037270e+02
1.238606467448969113e+02 1.255742956176081009e+02 1.319350432132037270e+02
1.238606467448969113e+02 1.255742956176081009e+02 1.319350432132037270e+02
1.238606467448969113e+02 1.255742956176081009e+02 1.319350432132037270e+02
1.238606467448969113e+02 1.255742956176081009e+02 1.319350432132037270e+02
1.238606467448969113e+02 1.255742956176081009e+02 1.319350432132037270e+02
1.238606467448969113e+02 1.255742956176081009e+02 1.319350432132037270e+02
1.238606467448969113e+02 1.255742956176081009e+02 1.319350432132037270e+02
1.238606467448969113e+02 1.255742956176081009e+02 1.319350432132037270e+02
1.238606467448969113e+02 1.255742956176081009e+02 1.319350432132037270e+02
1.238606467448969113e+02 1.255742956176081009e+02 1.319350432132037270e+02
1.238606467448969113e+02 1.255742956176081009e+02 1.319350432132037270e+02
1.238606467448969113e+02 1.255742956176081009e+02 1.319350432132037270e+02
1.238606467448969113e+02 1.255742956176081009e+02 1.319350432132037270e+02
1.238606467448969113e+02 1.255742956176081009e+02 1.319350432132037270e+02
1.238606467448969113e+02 1.255742956176081009e+02 1.319350432132037270e+02
1.238606467448969113e+02 1.255742956176081009e+02 1.319350432132037270e+02
1.238606467448969113e+02 1.255742956176081009e+02 1.319350432132037270e+02
1.238606467448969113e+02 1.255742956176081009e+02 1.319350432132037270e+02
1.238606467448969113e+02 1.255742956176081009e+02 1.319350432132037270e+02
1.238606467448969113e+02 1.255742956176081009e+02 1.319350432132037270e+02
1.238606467448969113e+02 1.255742956176081009e+02 1.319350432132037270e+02
1.238606467448969113e+02 1.255742956176081009e+02 1.319350432132037270e+02
1.238606467448969113e+02 1.255742956176081009e+02 1.319350432132037270e+02
1.238606467448969113e+02 1.255742956176081009e+02 1.319350432132037270e+02
1.238606467448969113e+02 1.255742956176081009e+02 1.319350432132037270e+02
1.238606467448969113e+02 1.255742956176081009e+02 1.319350432132037270e+02
1.238606467448969113e+02 1.255742956176081009e+02 1.319350432132037270e+02
1.238606467448969113e+02 1.255742956176081009e+02 1.319350432132037270e+02
1.238606467448969113e+02 1.255742956176081009e+02 1.319350432132037270e+02
1.238606467448969113e+02 1.255742956176081009e+02 1.319350432132037270e+02
1.238606467448969113e+02 1.255742956176081009e+02 1.319350432132037270e+02
1.238606467448969113e+02 1.255742956176081009e+02 1.319350432132037270e+02
1.238606467448969113e+02 1.255742956176081009e+02 1.319350432132037270e+02
1.238606467448969113e+02 1.255742956176081009e+02 1.319350432132037270e+02
1.238606467448969113e+02 1.255742956176081009e+02 1.319350432132037270e+02
1.238606467448969113e+02 1.255742956176081009e+02 1.319350432132037270e+02
1.238606467448969113e+02 1.255742956176081009e+02 1.319350432132037270e+02
1.238606467448969113e+02 1.255742956176081009e+02 1.319350432132037270e+02
1.238606467448969113e+02 1.255742956176081009e+02 1.319350432132037270e+02
1.238606467448969113e+02 1.255742956176081009e+02 1.319350432132037270e+02
1.238606467448969113e+02 1.255742956176081009e+02 1.319350432132037270e+02
1.238606467448969113e+02 1.255742956176081009e+02 1.319350432132037270e+02
