1.284266666666666765e+02 1.275533333333333275e+02 1.279933333333333394e+02
1.284600000000000080e+02 1.275533333333333275e+02 1.277199999999999989e+02
1.287400000000000091e+02 1.276533333333333360e+02 1.275666666666666629e+02
1.283552631578947398e+02 1.275592105263157947e+02 1.274473684210526301e+02
1.286158940397351103e+02 1.275430463576158928e+02 1.272185430463576097e+02
1.287933333333333223e+02 1.277600000000000051e+02 1.270666666666666629e+02
1.287880794701986815e+02 1.277880794701986815e+02 1.269867549668874176e+02
1.286533333333333360e+02 1.279666666666666686e+02 1.271400000000000006e+02
1.286866666666666674e+02 1.280199999999999818e+02 1.272800000000000011e+02
1.285526315789473699e+02 1.277828947368421098e+02 1.270789473684210549e+02
1.286510067114093943e+02 1.276778523489932837e+02 1.271610738255033652e+02
1.285197368421052602e+02 1.276250000000000000e+02 1.272828947368421098e+02
1.284765100671141056e+02 1.276308724832214807e+02 1.274765100671140914e+02
1.284533333333333474e+02 1.273799999999999955e+02 1.273866666666666703e+02
1.282866666666666617e+02 1.275199999999999960e+02 1.273333333333333286e+02
1.284866666666666788e+02 1.274533333333333331e+02 1.274066666666666663e+02
1.287733333333333405e+02 1.274800000000000040e+02 1.274533333333333331e+02
1.287152317880794783e+02 1.274370860927152336e+02 1.275033112582781456e+02
1.286644295302013461e+02 1.273892617449664471e+02 1.276174496644295289e+02
1.286333333333333258e+02 1.275600000000000023e+02 1.275199999999999960e+02
1.284799999999999898e+02 1.274333333333333371e+02 1.274800000000000040e+02
1.284832214765100673e+02 1.276040268456375770e+02 1.276107382550335529e+02
1.284933333333333394e+02 1.276400000000000006e+02 1.275799999999999983e+02
1.284066666666666663e+02 1.277333333333333343e+02 1.276266666666666652e+02
1.284333333333333371e+02 1.276800000000000068e+02 1.274599999999999937e+02
1.282599999999999909e+02 1.278933333333333309e+02 1.276733333333333320e+02
1.282666666666666799e+02 1.277800000000000011e+02 1.274599999999999937e+02
1.284333333333333371e+02 1.278400000000000034e+02 1.274533333333333331e+02
1.285266666666666708e+02 1.277600000000000051e+02 1.274066666666666663e+02
1.286200000000000045e+02 1.278333333333333286e+02 1.275266666666666708e+02
1.286533333333333360e+02 1.278599999999999994e+02 1.272933333333333366e+02
1.286666666666666572e+02 1.277199999999999989e+02 1.272133333333333383e+02
1.287866666666666617e+02 1.275933333333333337e+02 1.274133333333333269e+02
1.287483443708609343e+02 1.275298013245033104e+02 1.273377483443708655e+02
1.288733333333333348e+02 1.273400000000000034e+02 1.272133333333333383e+02
1.287549668874172255e+02 1.274701986754966896e+02 1.272980132450331183e+02
1.288859060402684520e+02 1.273691275167785193e+02 1.273087248322147644e+02
1.289733333333333292e+02 1.274000000000000057e+02 1.274000000000000057e+02
1.290533333333333417e+02 1.274733333333333292e+02 1.272800000000000011e+02
1.289000000000000057e+02 1.274266666666666623e+02 1.272666666666666657e+02
1.288466666666666640e+02 1.275266666666666708e+02 1.271800000000000068e+02
1.288199999999999932e+02 1.275933333333333337e+02 1.272866666666666617e+02
1.286466666666666754e+02 1.274800000000000040e+02 1.274000000000000057e+02
1.285733333333333235e+02 1.275666666666666629e+02 1.276733333333333320e+02
1.287533333333333303e+02 1.274733333333333292e+02 1.275066666666666606e+02
1.286666666666666572e+02 1.275333333333333314e+02 1.276400000000000006e+02
1.288400000000000034e+02 1.274333333333333371e+02 1.275666666666666629e+02
1.287583892617449806e+02 1.274899328859060432e+02 1.276308724832214807e+02
1.288133333333333326e+02 1.274466666666666725e+02 1.276533333333333360e+02
1.288600000000000136e+02 1.273400000000000034e+02 1.277000000000000028e+02
1.287086092715231871e+02 1.273377483443708655e+02 1.276423841059602609e+02
1.286666666666666572e+02 1.272733333333333263e+02 1.275266666666666708e+02
1.285399999999999920e+02 1.274733333333333292e+02 1.272933333333333366e+02
1.284799999999999898e+02 1.276066666666666691e+02 1.272600000000000051e+02
1.284066666666666663e+02 1.275466666666666669e+02 1.274599999999999937e+02
1.285562913907284894e+02 1.277086092715231729e+02 1.274105960264900688e+02
1.285933333333333337e+02 1.277933333333333366e+02 1.275466666666666669e+02
1.285733333333333235e+02 1.278466666666666640e+02 1.276800000000000068e+02
1.286066666666666549e+02 1.277533333333333303e+02 1.276666666666666714e+02
1.285364238410596158e+02 1.278741721854304672e+02 1.276291390728476784e+02
1.284333333333333371e+02 1.277933333333333366e+02 1.276800000000000068e+02
1.284466666666666583e+02 1.278066666666666720e+02 1.276733333333333320e+02
1.284666666666666686e+02 1.278199999999999932e+02 1.277266666666666737e+02
1.284503311258278018e+02 1.278278145695364287e+02 1.277483443708609201e+02
1.284600000000000080e+02 1.278133333333333326e+02 1.276866666666666674e+02
1.284000000000000057e+02 1.278066666666666720e+02 1.277399999999999949e+02
1.285733333333333235e+02 1.277999999999999972e+02 1.277466666666666697e+02
1.285266666666666708e+02 1.278133333333333326e+02 1.278066666666666720e+02
1.284466666666666583e+02 1.277999999999999972e+02 1.277133333333333383e+02
1.284533333333333474e+02 1.277666666666666657e+02 1.276800000000000068e+02
1.284199999999999875e+02 1.277999999999999972e+02 1.277066666666666634e+02
1.284399999999999977e+02 1.278400000000000034e+02 1.277266666666666737e+02
1.284399999999999977e+02 1.278400000000000034e+02 1.277266666666666737e+02
1.285099337748344510e+02 1.277748344370860991e+02 1.277284768211920465e+02
1.284768211920529666e+02 1.278145695364238463e+02 1.276622516556291345e+02
1.285200000000000102e+02 1.277933333333333366e+02 1.276533333333333360e+02
1.285562913907284894e+02 1.278079470198675551e+02 1.277086092715231729e+02
1.285333333333333314e+02 1.277399999999999949e+02 1.277000000000000028e+02
1.285333333333333314e+02 1.277800000000000011e+02 1.276666666666666714e+02
1.285466666666666526e+02 1.278066666666666720e+02 1.277000000000000028e+02
1.284866666666666788e+02 1.277666666666666657e+02 1.277000000000000028e+02
1.284933333333333394e+02 1.278266666666666680e+02 1.276933333333333280e+02
1.285399999999999920e+02 1.278400000000000034e+02 1.277466666666666697e+02
1.285466666666666526e+02 1.278199999999999932e+02 1.277533333333333303e+02
1.286266666666666652e+02 1.278199999999999932e+02 1.277533333333333303e+02
1.286066666666666549e+02 1.278066666666666720e+02 1.277399999999999949e+02
1.286066666666666549e+02 1.278199999999999932e+02 1.277266666666666737e+02
1.286066666666666549e+02 1.278266666666666680e+02 1.277266666666666737e+02
1.286533333333333360e+02 1.278666666666666600e+02 1.277399999999999949e+02
1.286866666666666674e+02 1.278533333333333388e+02 1.277733333333333263e+02
1.286866666666666674e+02 1.278533333333333388e+02 1.277733333333333263e+02
1.286800000000000068e+02 1.278733333333333348e+02 1.277733333333333263e+02
1.286800000000000068e+02 1.278733333333333348e+02 1.277733333333333263e+02
1.286800000000000068e+02 1.278733333333333348e+02 1.277733333333333263e+02
1.286800000000000068e+02 1.278733333333333348e+02 1.277733333333333263e+02
1.286800000000000068e+02 1.278733333333333348e+02 1.277733333333333263e+02
1.286800000000000068e+02 1.278733333333333348e+02 1.277733333333333263e+02
1.286800000000000068e+02 1.278733333333333348e+02 1.277733333333333263e+02
1.286800000000000068e+02 1.278733333333333348e+02 1.277733333333333263e+02
1.287133333333333383e+02 1.278933333333333309e+02 1.277733333333333263e+02
1.287133333333333383e+02 1.278933333333333309e+02 1.277733333333333263e+02
1.287133333333333383e+02 1.278933333333333309e+02 1.277733333333333263e+02
1.287133333333333383e+02 1.278933333333333309e+02 1.277733333333333263e+02
1.287133333333333383e+02 1.278933333333333309e+02 1.277733333333333263e+02
1.287133333333333383e+02 1.278933333333333309e+02 1.277733333333333263e+02
1.287133333333333383e+02 1.278933333333333309e+02 1.277733333333333263e+02
1.287133333333333383e+02 1.278933333333333309e+02 1.277733333333333263e+02
1.287133333333333383e+02 1.278933333333333309e+02 1.277733333333333263e+02
1.287133333333333383e+02 1.278933333333333309e+02 1.277733333333333263e+02
1.287133333333333383e+02 1.278933333333333309e+02 1.277733333333333263e+02
1.287133333333333383e+02 1.278933333333333309e+02 1.277733333333333263e+02
1.287133333333333383e+02 1.278933333333333309e+02 1.277733333333333263e+02
1.287133333333333383e+02 1.278933333333333309e+02 1.277733333333333263e+02
1.287133333333333383e+02 1.278933333333333309e+02 1.277733333333333263e+02
1.287133333333333383e+02 1.278933333333333309e+02 1.277733333333333263e+02
1.287133333333333383e+02 1.278933333333333309e+02 1.277733333333333263e+02
1.287133333333333383e+02 1.278933333333333309e+02 1.277733333333333263e+02
1.287133333333333383e+02 1.278933333333333309e+02 1.277733333333333263e+02
1.287133333333333383e+02 1.278933333333333309e+02 1.277733333333333263e+02
1.287133333333333383e+02 1.278933333333333309e+02 1.277733333333333263e+02
1.287133333333333383e+02 1.278933333333333309e+02 1.277733333333333263e+02
1.287133333333333383e+02 1.278933333333333309e+02 1.277733333333333263e+02
1.287133333333333383e+02 1.278933333333333309e+02 1.277733333333333263e+02
1.287133333333333383e+02 1.278933333333333309e+02 1.277733333333333263e+02
1.287133333333333383e+02 1.278933333333333309e+02 1.277733333333333263e+02
1.287133333333333383e+02 1.278933333333333309e+02 1.277733333333333263e+02
1.287133333333333383e+02 1.278933333333333309e+02 1.277733333333333263e+02
1.287133333333333383e+02 1.278933333333333309e+02 1.277733333333333263e+02
1.287133333333333383e+02 1.278933333333333309e+02 1.277733333333333263e+02
1.287133333333333383e+02 1.278933333333333309e+02 1.277733333333333263e+02
1.287133333333333383e+02 1.278933333333333309e+02 1.277733333333333263e+02
1.287133333333333383e+02 1.278933333333333309e+02 1.277733333333333263e+02
1.287133333333333383e+02 1.278933333333333309e+02 1.277733333333333263e+02
1.287133333333333383e+02 1.278933333333333309e+02 1.277733333333333263e+02
1.287133333333333383e+02 1.278933333333333309e+02 1.277733333333333263e+02
1.287133333333333383e+02 1.278933333333333309e+02 1.277733333333333263e+02
1.287133333333333383e+02 1.278933333333333309e+02 1.277733333333333263e+02
1.287133333333333383e+02 1.278933333333333309e+02 1.277733333333333263e+02
1.287133333333333383e+02 1.278933333333333309e+02 1.277733333333333263e+02
1.287133333333333383e+02 1.278933333333333309e+02 1.277733333333333263e+02
1.287133333333333383e+02 1.278933333333333309e+02 1.277733333333333263e+02
1.287133333333333383e+02 1.278933333333333309e+02 1.277733333333333263e+02
1.287133333333333383e+02 1.278933333333333309e+02 1.277733333333333263e+02
1.287133333333333383e+02 1.278933333333333309e+02 1.277733333333333263e+02
1.287133333333333383e+02 1.278933333333333309e+02 1.277733333333333263e+02
1.287133333333333383e+02 1.278933333333333309e+02 1.277733333333333263e+02
1.287133333333333383e+02 1.278933333333333309e+02 1.277733333333333263e+02
1.287133333333333383e+02 1.278933333333333309e+02 1.277733333333333263e+02
1.287133333333333383e+02 1.278933333333333309e+02 1.277733333333333263e+02
1.287133333333333383e+02 1.278933333333333309e+02 1.277733333333333263e+02
1.287133333333333383e+02 1.278933333333333309e+02 1.277733333333333263e+02
1.287133333333333383e+02 1.278933333333333309e+02 1.277733333333333263e+02
1.287133333333333383e+02 1.278933333333333309e+02 1.277733333333333263e+02
1.287133333333333383e+02 1.278933333333333309e+02 1.277733333333333263e+02
1.287133333333333383e+02 1.278933333333333309e+02 1.277733333333333263e+02
1.287133333333333383e+02 1.278933333333333309e+02 1.277733333333333263e+02
1.287133333333333383e+02 1.278933333333333309e+02 1.277733333333333263e+02
1.287133333333333383e+02 1.278933333333333309e+02 1.277733333333333263e+02
1.287133333333333383e+02 1.278933333333333309e+02 1.277733333333333263e+02
1.287133333333333383e+02 1.278933333333333309e+02 1.277733333333333263e+02
1.287133333333333383e+02 1.278933333333333309e+02 1.277733333333333263e+02
1.287133333333333383e+02 1.278933333333333309e+02 1.277733333333333263e+02
1.287133333333333383e+02 1.278933333333333309e+02 1.277733333333333263e+02
1.287133333333333383e+02 1.278933333333333309e+02 1.277733333333333263e+02
1.287133333333333383e+02 1.278933333333333309e+02 1.277733333333333263e+02
1.287133333333333383e+02 1.278933333333333309e+02 1.277733333333333263e+02
1.287133333333333383e+02 1.278933333333333309e+02 1.277733333333333263e+02
1.287133333333333383e+02 1.278933333333333309e+02 1.277733333333333263e+02
1.287133333333333383e+02 1.278933333333333309e+02 1.277733333333333263e+02
1.287133333333333383e+02 1.278933333333333309e+02 1.277733333333333263e+02
1.287133333333333383e+02 1.278933333333333309e+02 1.277733333333333263e+02
1.287133333333333383e+02 1.278933333333333309e+02 1.277733333333333263e+02
1.287133333333333383e+02 1.278933333333333309e+02 1.277733333333333263e+02
1.287133333333333383e+02 1.278933333333333309e+02 1.277733333333333263e+02
1.287133333333333383e+02 1.278933333333333309e+02 1.277733333333333263e+02
1.287133333333333383e+02 1.278933333333333309e+02 1.277733333333333263e+02
1.287133333333333383e+02 1.278933333333333309e+02 1.277733333333333263e+02
1.287133333333333383e+02 1.278933333333333309e+02 1.277733333333333263e+02
1.287133333333333383e+02 1.278933333333333309e+02 1.277733333333333263e+02
1.287133333333333383e+02 1.278933333333333309e+02 1.277733333333333263e+02
1.287133333333333383e+02 1.278933333333333309e+02 1.277733333333333263e+02
1.287133333333333383e+02 1.278933333333333309e+02 1.277733333333333263e+02
1.287133333333333383e+02 1.278933333333333309e+02 1.277733333333333263e+02
1.287133333333333383e+02 1.278933333333333309e+02 1.277733333333333263e+02
1.287133333333333383e+02 1.278933333333333309e+02 1.277733333333333263e+02
1.287133333333333383e+02 1.278933333333333309e+02 1.277733333333333263e+02
1.287133333333333383e+02 1.278933333333333309e+02 1.277733333333333263e+02
1.287133333333333383e+02 1.278933333333333309e+02 1.277733333333333263e+02
1.287133333333333383e+02 1.278933333333333309e+02 1.277733333333333263e+02
1.287133333333333383e+02 1.278933333333333309e+02 1.277733333333333263e+02
1.287133333333333383e+02 1.278933333333333309e+02 1.277733333333333263e+02
1.287133333333333383e+02 1.278933333333333309e+02 1.277733333333333263e+02
1.287133333333333383e+02 1.278933333333333309e+02 1.277733333333333263e+02
1.287133333333333383e+02 1.278933333333333309e+02 1.277733333333333263e+02
1.287133333333333383e+02 1.278933333333333309e+02 1.277733333333333263e+02
1.287133333333333383e+02 1.278933333333333309e+02 1.277733333333333263e+02
1.287133333333333383e+02 1.278933333333333309e+02 1.277733333333333263e+02
1.287133333333333383e+02 1.278933333333333309e+02 1.277733333333333263e+02
1.287133333333333383e+02 1.278933333333333309e+02 1.277733333333333263e+02
1.287133333333333383e+02 1.278933333333333309e+02 1.277733333333333263e+02
1.287133333333333383e+02 1.278933333333333309e+02 1.277733333333333263e+02
1.287133333333333383e+02 1.278933333333333309e+02 1.277733333333333263e+02
1.287133333333333383e+02 1.278933333333333309e+02 1.277733333333333263e+02
1.287133333333333383e+02 1.278933333333333309e+02 1.277733333333333263e+02
1.287133333333333383e+02 1.278933333333333309e+02 1.277733333333333263e+02
1.287133333333333383e+02 1.278933333333333309e+02 1.277733333333333263e+02
1.287133333333333383e+02 1.278933333333333309e+02 1.277733333333333263e+02
1.287133333333333383e+02 1.278933333333333309e+02 1.277733333333333263e+02
1.287133333333333383e+02 1.278933333333333309e+02 1.277733333333333263e+02
1.287133333333333383e+02 1.278933333333333309e+02 1.277733333333333263e+02
1.287133333333333383e+02 1.278933333333333309e+02 1.277733333333333263e+02
1.287133333333333383e+02 1.278933333333333309e+02 1.277733333333333263e+02
1.287133333333333383e+02 1.278933333333333309e+02 1.277733333333333263e+02
1.287133333333333383e+02 1.278933333333333309e+02 1.277733333333333263e+02
1.287133333333333383e+02 1.278933333333333309e+02 1.277733333333333263e+02
1.287133333333333383e+02 1.278933333333333309e+02 1.277733333333333263e+02
1.287133333333333383e+02 1.278933333333333309e+02 1.277733333333333263e+02
1.287133333333333383e+02 1.278933333333333309e+02 1.277733333333333263e+02
1.287133333333333383e+02 1.278933333333333309e+02 1.277733333333333263e+02
1.287133333333333383e+02 1.278933333333333309e+02 1.277733333333333263e+02
1.287133333333333383e+02 1.278933333333333309e+02 1.277733333333333263e+02
1.287133333333333383e+02 1.278933333333333309e+02 1.277733333333333263e+02
1.287133333333333383e+02 1.278933333333333309e+02 1.277733333333333263e+02
1.287133333333333383e+02 1.278933333333333309e+02 1.277733333333333263e+02
1.287133333333333383e+02 1.278933333333333309e+02 1.277733333333333263e+02
1.287133333333333383e+02 1.278933333333333309e+02 1.277733333333333263e+02
1.287133333333333383e+02 1.278933333333333309e+02 1.277733333333333263e+02
1.287133333333333383e+02 1.278933333333333309e+02 1.277733333333333263e+02
1.287133333333333383e+02 1.278933333333333309e+02 1.277733333333333263e+02
1.287133333333333383e+02 1.278933333333333309e+02 1.277733333333333263e+02
1.287133333333333383e+02 1.278933333333333309e+02 1.277733333333333263e+02
1.287133333333333383e+02 1.278933333333333309e+02 1.277733333333333263e+02
1.287133333333333383e+02 1.278933333333333309e+02 1.277733333333333263e+02
1.287133333333333383e+02 1.278933333333333309e+02 1.277733333333333263e+02
1.287133333333333383e+02 1.278933333333333309e+02 1.277733333333333263e+02
1.287133333333333383e+02 1.278933333333333309e+02 1.277733333333333263e+02
1.287133333333333383e+02 1.278933333333333309e+02 1.277733333333333263e+02
1.287133333333333383e+02 1.278933333333333309e+02 1.277733333333333263e+02
1.287133333333333383e+02 1.278933333333333309e+02 1.277733333333333263e+02
1.287133333333333383e+02 1.278933333333333309e+02 1.277733333333333263e+02
1.287133333333333383e+02 1.278933333333333309e+02 1.277733333333333263e+02
1.287133333333333383e+02 1.278933333333333309e+02 1.277733333333333263e+02
1.287133333333333383e+02 1.278933333333333309e+02 1.277733333333333263e+02
1.287133333333333383e+02 1.278933333333333309e+02 1.277733333333333263e+02
1.287133333333333383e+02 1.278933333333333309e+02 1.277733333333333263e+02
1.287133333333333383e+02 1.278933333333333309e+02 1.277733333333333263e+02
1.287133333333333383e+02 1.278933333333333309e+02 1.277733333333333263e+02
1.287133333333333383e+02 1.278933333333333309e+02 1.277733333333333263e+02
1.287133333333333383e+02 1.278933333333333309e+02 1.277733333333333263e+02
1.287133333333333383e+02 1.278933333333333309e+02 1.277733333333333263e+02
1.287133333333333383e+02 1.278933333333333309e+02 1.277733333333333263e+02
1.287133333333333383e+02 1.278933333333333309e+02 1.277733333333333263e+02
1.287133333333333383e+02 1.278933333333333309e+02 1.277733333333333263e+02
1.287133333333333383e+02 1.278933333333333309e+02 1.277733333333333263e+02
1.287133333333333383e+02 1.278933333333333309e+02 1.277733333333333263e+02
1.287133333333333383e+02 1.278933333333333309e+02 1.277733333333333263e+02
1.287133333333333383e+02 1.278933333333333309e+02 1.277733333333333263e+02
1.287133333333333383e+02 1.278933333333333309e+02 1.277733333333333263e+02
1.287133333333333383e+02 1.278933333333333309e+02 1.277733333333333263e+02
1.287133333333333383e+02 1.278933333333333309e+02 1.277733333333333263e+02
1.287133333333333383e+02 1.278933333333333309e+02 1.277733333333333263e+02
1.287133333333333383e+02 1.278933333333333309e+02 1.277733333333333263e+02
1.287133333333333383e+02 1.278933333333333309e+02 1.277733333333333263e+02
1.287133333333333383e+02 1.278933333333333309e+02 1.277733333333333263e+02
1.287133333333333383e+02 1.278933333333333309e+02 1.277733333333333263e+02
1.287133333333333383e+02 1.278933333333333309e+02 1.277733333333333263e+02
1.287133333333333383e+02 1.278933333333333309e+02 1.277733333333333263e+02
1.287133333333333383e+02 1.278933333333333309e+02 1.277733333333333263e+02
1.287133333333333383e+02 1.278933333333333309e+02 1.277733333333333263e+02
1.287133333333333383e+02 1.278933333333333309e+02 1.277733333333333263e+02
1.287133333333333383e+02 1.278933333333333309e+02 1.277733333333333263e+02
1.287133333333333383e+02 1.278933333333333309e+02 1.277733333333333263e+02
1.287133333333333383e+02 1.278933333333333309e+02 1.277733333333333263e+02
1.287133333333333383e+02 1.278933333333333309e+02 1.277733333333333263e+02
1.287133333333333383e+02 1.278933333333333309e+02 1.277733333333333263e+02
1.287133333333333383e+02 1.278933333333333309e+02 1.277733333333333263e+02
1.287133333333333383e+02 1.278933333333333309e+02 1.277733333333333263e+02
1.287133333333333383e+02 1.278933333333333309e+02 1.277733333333333263e+02
1.287133333333333383e+02 1.278933333333333309e+02 1.277733333333333263e+02
1.287133333333333383e+02 1.278933333333333309e+02 1.277733333333333263e+02
1.287133333333333383e+02 1.278933333333333309e+02 1.277733333333333263e+02
1.287133333333333383e+02 1.278933333333333309e+02 1.277733333333333263e+02
1.287133333333333383e+02 1.278933333333333309e+02 1.277733333333333263e+02
1.287133333333333383e+02 1.278933333333333309e+02 1.277733333333333263e+02
1.287133333333333383e+02 1.278933333333333309e+02 1.277733333333333263e+02
1.287133333333333383e+02 1.278933333333333309e+02 1.277733333333333263e+02
1.287133333333333383e+02 1.278933333333333309e+02 1.277733333333333263e+02
1.287133333333333383e+02 1.278933333333333309e+02 1.277733333333333263e+02
1.287133333333333383e+02 1.278933333333333309e+02 1.277733333333333263e+02
1.287133333333333383e+02 1.278933333333333309e+02 1.277733333333333263e+02
1.287133333333333383e+02 1.278933333333333309e+02 1.277733333333333263e+02
1.287133333333333383e+02 1.278933333333333309e+02 1.277733333333333263e+02
1.287133333333333383e+02 1.278933333333333309e+02 1.277733333333333263e+02
1.287133333333333383e+02 1.278933333333333309e+02 1.277733333333333263e+02
1.287133333333333383e+02 1.278933333333333309e+02 1.277733333333333263e+02
1.287133333333333383e+02 1.278933333333333309e+02 1.277733333333333263e+02
1.287133333333333383e+02 1.278933333333333309e+02 1.277733333333333263e+02
1.287133333333333383e+02 1.278933333333333309e+02 1.277733333333333263e+02
1.287133333333333383e+02 1.278933333333333309e+02 1.277733333333333263e+02
1.287133333333333383e+02 1.278933333333333309e+02 1.277733333333333263e+02
1.287133333333333383e+02 1.278933333333333309e+02 1.277733333333333263e+02
1.287133333333333383e+02 1.278933333333333309e+02 1.277733333333333263e+02
1.287133333333333383e+02 1.278933333333333309e+02 1.277733333333333263e+02
1.287133333333333383e+02 1.278933333333333309e+02 1.277733333333333263e+02
1.287133333333333383e+02 1.278933333333333309e+02 1.277733333333333263e+02
1.287133333333333383e+02 1.278933333333333309e+02 1.277733333333333263e+02
1.287133333333333383e+02 1.278933333333333309e+02 1.277733333333333263e+02
1.287133333333333383e+02 1.278933333333333309e+02 1.277733333333333263e+02
1.287133333333333383e+02 1.278933333333333309e+02 1.277733333333333263e+02
1.287133333333333383e+02 1.278933333333333309e+02 1.277733333333333263e+02
1.287133333333333383e+02 1.278933333333333309e+02 1.277733333333333263e+02
1.287133333333333383e+02 1.278933333333333309e+02 1.277733333333333263e+02
1.287133333333333383e+02 1.278933333333333309e+02 1.277733333333333263e+02
1.287133333333333383e+02 1.278933333333333309e+02 1.277733333333333263e+02
1.287133333333333383e+02 1.278933333333333309e+02 1.277733333333333263e+02
1.287133333333333383e+02 1.278933333333333309e+02 1.277733333333333263e+02
1.287133333333333383e+02 1.278933333333333309e+02 1.277733333333333263e+02
1.287133333333333383e+02 1.278933333333333309e+02 1.277733333333333263e+02
1.287133333333333383e+02 1.278933333333333309e+02 1.277733333333333263e+02
1.287133333333333383e+02 1.278933333333333309e+02 1.277733333333333263e+02
1.287133333333333383e+02 1.278933333333333309e+02 1.277733333333333263e+02
1.287133333333333383e+02 1.278933333333333309e+02 1.277733333333333263e+02
1.287133333333333383e+02 1.278933333333333309e+02 1.277733333333333263e+02
1.287133333333333383e+02 1.278933333333333309e+02 1.277733333333333263e+02
1.287133333333333383e+02 1.278933333333333309e+02 1.277733333333333263e+02
1.287133333333333383e+02 1.278933333333333309e+02 1.277733333333333263e+02
1.287133333333333383e+02 1.278933333333333309e+02 1.277733333333333263e+02
1.287133333333333383e+02 1.278933333333333309e+02 1.277733333333333263e+02
1.287133333333333383e+02 1.278933333333333309e+02 1.277733333333333263e+02
1.287133333333333383e+02 1.278933333333333309e+02 1.277733333333333263e+02
1.287133333333333383e+02 1.278933333333333309e+02 1.277733333333333263e+02
1.287133333333333383e+02 1.278933333333333309e+02 1.277733333333333263e+02
1.287133333333333383e+02 1.278933333333333309e+02 1.277733333333333263e+02
1.287133333333333383e+02 1.278933333333333309e+02 1.277733333333333263e+02
1.287133333333333383e+02 1.278933333333333309e+02 1.277733333333333263e+02
1.287133333333333383e+02 1.278933333333333309e+02 1.277733333333333263e+02
1.287133333333333383e+02 1.278933333333333309e+02 1.277733333333333263e+02
1.287133333333333383e+02 1.278933333333333309e+02 1.277733333333333263e+02
1.287133333333333383e+02 1.278933333333333309e+02 1.277733333333333263e+02
1.287133333333333383e+02 1.278933333333333309e+02 1.277733333333333263e+02
1.287133333333333383e+02 1.278933333333333309e+02 1.277733333333333263e+02
1.287133333333333383e+02 1.278933333333333309e+02 1.277733333333333263e+02
1.287133333333333383e+02 1.278933333333333309e+02 1.277733333333333263e+02
1.287133333333333383e+02 1.278933333333333309e+02 1.277733333333333263e+02
1.287133333333333383e+02 1.278933333333333309e+02 1.277733333333333263e+02
1.287133333333333383e+02 1.278933333333333309e+02 1.277733333333333263e+02
1.287133333333333383e+02 1.278933333333333309e+02 1.277733333333333263e+02
1.287133333333333383e+02 1.278933333333333309e+02 1.277733333333333263e+02
1.287133333333333383e+02 1.278933333333333309e+02 1.277733333333333263e+02
1.287133333333333383e+02 1.278933333333333309e+02 1.277733333333333263e+02
1.287133333333333383e+02 1.278933333333333309e+02 1.277733333333333263e+02
1.287133333333333383e+02 1.278933333333333309e+02 1.277733333333333263e+02
1.287133333333333383e+02 1.278933333333333309e+02 1.277733333333333263e+02
1.287133333333333383e+02 1.278933333333333309e+02 1.277733333333333263e+02
1.287133333333333383e+02 1.278933333333333309e+02 1.277733333333333263e+02
1.287133333333333383e+02 1.278933333333333309e+02 1.277733333333333263e+02
1.287133333333333383e+02 1.278933333333333309e+02 1.277733333333333263e+02
1.287133333333333383e+02 1.278933333333333309e+02 1.277733333333333263e+02
1.287133333333333383e+02 1.278933333333333309e+02 1.277733333333333263e+02
1.287133333333333383e+02 1.278933333333333309e+02 1.277733333333333263e+02
1.287133333333333383e+02 1.278933333333333309e+02 1.277733333333333263e+02
1.287133333333333383e+02 1.278933333333333309e+02 1.277733333333333263e+02
1.287133333333333383e+02 1.278933333333333309e+02 1.277733333333333263e+02
1.287133333333333383e+02 1.278933333333333309e+02 1.277733333333333263e+02
1.287133333333333383e+02 1.278933333333333309e+02 1.277733333333333263e+02
1.287133333333333383e+02 1.278933333333333309e+02 1.277733333333333263e+02
1.287133333333333383e+02 1.278933333333333309e+02 1.277733333333333263e+02
1.287133333333333383e+02 1.278933333333333309e+02 1.277733333333333263e+02
1.287133333333333383e+02 1.278933333333333309e+02 1.277733333333333263e+02
1.287133333333333383e+02 1.278933333333333309e+02 1.277733333333333263e+02
1.287133333333333383e+02 1.278933333333333309e+02 1.277733333333333263e+02
1.287133333333333383e+02 1.278933333333333309e+02 1.277733333333333263e+02
1.287133333333333383e+02 1.278933333333333309e+02 1.277733333333333263e+02
1.287133333333333383e+02 1.278933333333333309e+02 1.277733333333333263e+02
1.287133333333333383e+02 1.278933333333333309e+02 1.277733333333333263e+02
1.287133333333333383e+02 1.278933333333333309e+02 1.277733333333333263e+02
1.287133333333333383e+02 1.278933333333333309e+02 1.277733333333333263e+02
1.287133333333333383e+02 1.278933333333333309e+02 1.277733333333333263e+02
1.287133333333333383e+02 1.278933333333333309e+02 1.277733333333333263e+02
1.287133333333333383e+02 1.278933333333333309e+02 1.277733333333333263e+02
1.287133333333333383e+02 1.278933333333333309e+02 1.277733333333333263e+02
1.287133333333333383e+02 1.278933333333333309e+02 1.277733333333333263e+02
1.287133333333333383e+02 1.278933333333333309e+02 1.277733333333333263e+02
1.287133333333333383e+02 1.278933333333333309e+02 1.277733333333333263e+02
1.287133333333333383e+02 1.278933333333333309e+02 1.277733333333333263e+02
1.287133333333333383e+02 1.278933333333333309e+02 1.277733333333333263e+02
1.287133333333333383e+02 1.278933333333333309e+02 1.277733333333333263e+02
1.287133333333333383e+02 1.278933333333333309e+02 1.277733333333333263e+02
1.287133333333333383e+02 1.278933333333333309e+02 1.277733333333333263e+02
1.287133333333333383e+02 1.278933333333333309e+02 1.277733333333333263e+02
1.287133333333333383e+02 1.278933333333333309e+02 1.277733333333333263e+02
1.287133333333333383e+02 1.278933333333333309e+02 1.277733333333333263e+02
1.287133333333333383e+02 1.278933333333333309e+02 1.277733333333333263e+02
1.287133333333333383e+02 1.278933333333333309e+02 1.277733333333333263e+02
1.287133333333333383e+02 1.278933333333333309e+02 1.277733333333333263e+02
1.287133333333333383e+02 1.278933333333333309e+02 1.277733333333333263e+02
1.287133333333333383e+02 1.278933333333333309e+02 1.277733333333333263e+02
1.287133333333333383e+02 1.278933333333333309e+02 1.277733333333333263e+02
1.287133333333333383e+02 1.278933333333333309e+02 1.277733333333333263e+02
1.287133333333333383e+02 1.278933333333333309e+02 1.277733333333333263e+02
1.287133333333333383e+02 1.278933333333333309e+02 1.277733333333333263e+02
1.287133333333333383e+02 1.278933333333333309e+02 1.277733333333333263e+02
1.287133333333333383e+02 1.278933333333333309e+02 1.277733333333333263e+02
1.287133333333333383e+02 1.278933333333333309e+02 1.277733333333333263e+02
1.287133333333333383e+02 1.278933333333333309e+02 1.277733333333333263e+02
1.287133333333333383e+02 1.278933333333333309e+02 1.277733333333333263e+02
1.287133333333333383e+02 1.278933333333333309e+02 1.277733333333333263e+02
1.287133333333333383e+02 1.278933333333333309e+02 1.277733333333333263e+02
1.287133333333333383e+02 1.278933333333333309e+02 1.277733333333333263e+02
1.287133333333333383e+02 1.278933333333333309e+02 1.277733333333333263e+02
1.287133333333333383e+02 1.278933333333333309e+02 1.277733333333333263e+02
1.287133333333333383e+02 1.278933333333333309e+02 1.277733333333333263e+02
1.287133333333333383e+02 1.278933333333333309e+02 1.277733333333333263e+02
1.287133333333333383e+02 1.278933333333333309e+02 1.277733333333333263e+02
1.287133333333333383e+02 1.278933333333333309e+02 1.277733333333333263e+02
1.287133333333333383e+02 1.278933333333333309e+02 1.277733333333333263e+02
1.287133333333333383e+02 1.278933333333333309e+02 1.277733333333333263e+02
1.287133333333333383e+02 1.278933333333333309e+02 1.277733333333333263e+02
1.287133333333333383e+02 1.278933333333333309e+02 1.277733333333333263e+02
1.287133333333333383e+02 1.278933333333333309e+02 1.277733333333333263e+02
1.287133333333333383e+02 1.278933333333333309e+02 1.277733333333333263e+02
1.287133333333333383e+02 1.278933333333333309e+02 1.277733333333333263e+02
1.287133333333333383e+02 1.278933333333333309e+02 1.277733333333333263e+02
1.287133333333333383e+02 1.278933333333333309e+02 1.277733333333333263e+02
1.287133333333333383e+02 1.278933333333333309e+02 1.277733333333333263e+02
1.287133333333333383e+02 1.278933333333333309e+02 1.277733333333333263e+02
1.287133333333333383e+02 1.278933333333333309e+02 1.277733333333333263e+02
1.287133333333333383e+02 1.278933333333333309e+02 1.277733333333333263e+02
1.287133333333333383e+02 1.278933333333333309e+02 1.277733333333333263e+02
1.287133333333333383e+02 1.278933333333333309e+02 1.277733333333333263e+02
1.287133333333333383e+02 1.278933333333333309e+02 1.277733333333333263e+02
1.287133333333333383e+02 1.278933333333333309e+02 1.277733333333333263e+02
1.287133333333333383e+02 1.278933333333333309e+02 1.277733333333333263e+02
1.287133333333333383e+02 1.278933333333333309e+02 1.277733333333333263e+02
1.287133333333333383e+02 1.278933333333333309e+02 1.277733333333333263e+02
1.287133333333333383e+02 1.278933333333333309e+02 1.277733333333333263e+02
1.287133333333333383e+02 1.278933333333333309e+02 1.277733333333333263e+02
1.287133333333333383e+02 1.278933333333333309e+02 1.277733333333333263e+02
1.287133333333333383e+02 1.278933333333333309e+02 1.277733333333333263e+02
1.287133333333333383e+02 1.278933333333333309e+02 1.277733333333333263e+02
1.287133333333333383e+02 1.278933333333333309e+02 1.277733333333333263e+02
1.287133333333333383e+02 1.278933333333333309e+02 1.277733333333333263e+02
1.287133333333333383e+02 1.278933333333333309e+02 1.277733333333333263e+02
1.287133333333333383e+02 1.278933333333333309e+02 1.277733333333333263e+02
1.287133333333333383e+02 1.278933333333333309e+02 1.277733333333333263e+02
1.287133333333333383e+02 1.278933333333333309e+02 1.277733333333333263e+02
1.287133333333333383e+02 1.278933333333333309e+02 1.277733333333333263e+02
1.287133333333333383e+02 1.278933333333333309e+02 1.277733333333333263e+02
1.287133333333333383e+02 1.278933333333333309e+02 1.277733333333333263e+02
1.287133333333333383e+02 1.278933333333333309e+02 1.277733333333333263e+02
1.287133333333333383e+02 1.278933333333333309e+02 1.277733333333333263e+02
1.287133333333333383e+02 1.278933333333333309e+02 1.277733333333333263e+02
1.287133333333333383e+02 1.278933333333333309e+02 1.277733333333333263e+02
1.287133333333333383e+02 1.278933333333333309e+02 1.277733333333333263e+02
1.287133333333333383e+02 1.278933333333333309e+02 1.277733333333333263e+02
1.287133333333333383e+02 1.278933333333333309e+02 1.277733333333333263e+02
1.287133333333333383e+02 1.278933333333333309e+02 1.277733333333333263e+02
1.287133333333333383e+02 1.278933333333333309e+02 1.277733333333333263e+02
1.287133333333333383e+02 1.278933333333333309e+02 1.277733333333333263e+02
1.287133333333333383e+02 1.278933333333333309e+02 1.277733333333333263e+02
1.287133333333333383e+02 1.278933333333333309e+02 1.277733333333333263e+02
1.287133333333333383e+02 1.278933333333333309e+02 1.277733333333333263e+02
1.287133333333333383e+02 1.278933333333333309e+02 1.277733333333333263e+02
1.287133333333333383e+02 1.278933333333333309e+02 1.277733333333333263e+02
1.287133333333333383e+02 1.278933333333333309e+02 1.277733333333333263e+02
1.287133333333333383e+02 1.278933333333333309e+02 1.277733333333333263e+02
1.287133333333333383e+02 1.278933333333333309e+02 1.277733333333333263e+02
1.287133333333333383e+02 1.278933333333333309e+02 1.277733333333333263e+02
1.287133333333333383e+02 1.278933333333333309e+02 1.277733333333333263e+02
1.287133333333333383e+02 1.278933333333333309e+02 1.277733333333333263e+02
1.287133333333333383e+02 1.278933333333333309e+02 1.277733333333333263e+02
1.287133333333333383e+02 1.278933333333333309e+02 1.277733333333333263e+02
1.287133333333333383e+02 1.278933333333333309e+02 1.277733333333333263e+02
1.287133333333333383e+02 1.278933333333333309e+02 1.277733333333333263e+02
1.287133333333333383e+02 1.278933333333333309e+02 1.277733333333333263e+02
1.287133333333333383e+02 1.278933333333333309e+02 1.277733333333333263e+02
1.287133333333333383e+02 1.278933333333333309e+02 1.277733333333333263e+02
1.287133333333333383e+02 1.278933333333333309e+02 1.277733333333333263e+02
1.287133333333333383e+02 1.278933333333333309e+02 1.277733333333333263e+02
1.287133333333333383e+02 1.278933333333333309e+02 1.277733333333333263e+02
1.287133333333333383e+02 1.278933333333333309e+02 1.277733333333333263e+02
1.287133333333333383e+02 1.278933333333333309e+02 1.277733333333333263e+02
1.287133333333333383e+02 1.278933333333333309e+02 1.277733333333333263e+02
1.287133333333333383e+02 1.278933333333333309e+02 1.277733333333333263e+02
1.287133333333333383e+02 1.278933333333333309e+02 1.277733333333333263e+02
1.287133333333333383e+02 1.278933333333333309e+02 1.277733333333333263e+02
1.287133333333333383e+02 1.278933333333333309e+02 1.277733333333333263e+02
1.287133333333333383e+02 1.278933333333333309e+02 1.277733333333333263e+02
1.287133333333333383e+02 1.278933333333333309e+02 1.277733333333333263e+02
1.287133333333333383e+02 1.278933333333333309e+02 1.277733333333333263e+02
1.287133333333333383e+02 1.278933333333333309e+02 1.277733333333333263e+02
1.287133333333333383e+02 1.278933333333333309e+02 1.277733333333333263e+02
1.287133333333333383e+02 1.278933333333333309e+02 1.277733333333333263e+02
1.287133333333333383e+02 1.278933333333333309e+02 1.277733333333333263e+02
1.287133333333333383e+02 1.278933333333333309e+02 1.277733333333333263e+02
1.287133333333333383e+02 1.278933333333333309e+02 1.277733333333333263e+02
1.287133333333333383e+02 1.278933333333333309e+02 1.277733333333333263e+02
1.287133333333333383e+02 1.278933333333333309e+02 1.277733333333333263e+02
1.287133333333333383e+02 1.278933333333333309e+02 1.277733333333333263e+02
1.287133333333333383e+02 1.278933333333333309e+02 1.277733333333333263e+02
