1.275600000000000023e+02 1.279133333333333269e+02 1.278333333333333286e+02
1.275761589403973488e+02 1.281721854304635713e+02 1.279271523178807968e+02
1.273509933774834479e+02 1.281655629139072801e+02 1.278741721854304672e+02
1.275066666666666606e+02 1.281399999999999864e+02 1.278266666666666680e+02
1.271879194630872547e+02 1.282013422818791923e+02 1.277785234899328799e+02
1.268940397350993408e+02 1.284569536423840930e+02 1.278807947019867584e+02
1.271059602649006592e+02 1.288211920529801375e+02 1.280198675496688736e+02
1.270784313725490193e+02 1.285294117647058840e+02 1.279411764705882320e+02
1.271038961038961048e+02 1.287142857142857224e+02 1.276753246753246742e+02
1.275135135135135158e+02 1.285135135135135158e+02 1.279797297297297263e+02
1.267987012987013031e+02 1.284935064935064872e+02 1.277922077922077904e+02
1.267189542483660176e+02 1.288300653594771177e+02 1.274313725490196134e+02
1.268590604026845625e+02 1.289865771812080482e+02 1.275302013422818845e+02
1.267066666666666634e+02 1.291066666666666549e+02 1.276266666666666652e+02
1.263422818791946298e+02 1.288523489932885866e+02 1.274630872483221538e+02
1.263333333333333286e+02 1.286200000000000045e+02 1.275666666666666629e+02
1.261523178807946977e+02 1.291059602649006592e+02 1.275894039735099312e+02
1.257500000000000000e+02 1.291842105263157805e+02 1.276447368421052602e+02
1.253933333333333309e+02 1.290333333333333314e+02 1.279933333333333394e+02
1.253466666666666640e+02 1.289333333333333371e+02 1.278400000000000034e+02
1.251973684210526301e+02 1.288289473684210407e+02 1.277105263157894797e+02
1.253445945945945965e+02 1.289459459459459367e+02 1.280270270270270316e+02
1.253489932885906057e+02 1.286912751677852214e+02 1.280201342281879135e+02
1.253907284768211952e+02 1.286754966887417311e+02 1.280397350993377472e+02
1.257947019867549727e+02 1.285629139072847806e+02 1.280132450331125824e+02
1.257019867549668817e+02 1.285496688741721982e+02 1.278145695364238463e+02
1.255133333333333354e+02 1.281200000000000045e+02 1.275133333333333354e+02
1.255294117647058840e+02 1.279477124183006538e+02 1.276339869281045765e+02
1.256266666666666652e+02 1.278799999999999955e+02 1.275133333333333354e+02
1.253333333333333286e+02 1.275600000000000023e+02 1.278133333333333326e+02
1.249399999999999977e+02 1.272933333333333366e+02 1.278599999999999994e+02
1.249127516778523557e+02 1.274832214765100673e+02 1.280402684563758271e+02
1.252333333333333343e+02 1.272266666666666737e+02 1.279399999999999977e+02
1.255131578947368354e+02 1.271184210526315752e+02 1.280131578947368496e+02
1.253333333333333286e+02 1.269803921568627487e+02 1.282026143790849630e+02
1.249867549668874176e+02 1.274039735099337776e+02 1.283377483443708513e+02
1.246266666666666652e+02 1.276933333333333280e+02 1.285666666666666629e+02
1.247600000000000051e+02 1.278533333333333388e+02 1.284866666666666788e+02
1.248486842105263150e+02 1.282236842105263293e+02 1.284605263157894797e+02
1.246800000000000068e+02 1.285133333333333212e+02 1.288199999999999932e+02
1.248947368421052602e+02 1.287894736842105203e+02 1.287039473684210407e+02
1.247284768211920465e+02 1.289271523178807968e+02 1.287682119205298079e+02
1.243856209150326748e+02 1.290130718954248437e+02 1.288431372549019613e+02
1.248133333333333326e+02 1.291733333333333462e+02 1.287666666666666799e+02
1.245165562913907280e+02 1.291192052980132416e+02 1.280529801324503296e+02
1.244563758389261778e+02 1.294228187919462982e+02 1.278322147651006730e+02
1.244466666666666725e+02 1.293000000000000114e+02 1.275733333333333377e+02
1.244026845637583847e+02 1.290201342281879135e+02 1.272013422818791923e+02
1.245359477124183059e+02 1.288692810457516202e+02 1.271699346405228823e+02
1.248266666666666680e+02 1.286733333333333462e+02 1.275066666666666606e+02
1.247066666666666634e+02 1.287466666666666697e+02 1.273199999999999932e+02
1.251066666666666691e+02 1.286399999999999864e+02 1.273733333333333348e+02
1.249220779220779178e+02 1.282597402597402549e+02 1.270779220779220822e+02
1.250000000000000000e+02 1.285906040268456252e+02 1.269127516778523557e+02
1.250784313725490193e+02 1.284836601307189596e+02 1.266601307189542496e+02
1.253311258278145743e+02 1.284105960264900546e+02 1.266754966887417169e+02
1.251633986928104605e+02 1.288300653594771177e+02 1.261895424836601336e+02
1.251275167785234856e+02 1.288120805369127595e+02 1.264899328859060432e+02
1.253708609271523216e+02 1.290794701986754944e+02 1.266622516556291345e+02
1.254736842105263150e+02 1.289210526315789593e+02 1.266644736842105203e+02
1.251447368421052602e+02 1.287565789473684106e+02 1.261381578947368354e+02
1.249337748344370880e+02 1.290000000000000000e+02 1.258079470198675551e+02
1.252119205298013185e+02 1.287019867549668959e+02 1.253907284768211952e+02
1.252600000000000051e+02 1.289266666666666765e+02 1.253866666666666703e+02
1.255933333333333337e+02 1.289666666666666686e+02 1.254066666666666663e+02
1.257333333333333343e+02 1.294199999999999875e+02 1.255199999999999960e+02
1.251476510067114134e+02 1.293355704697986539e+02 1.258456375838926107e+02
1.253288590604026780e+02 1.296375838926174424e+02 1.258255033557046971e+02
1.255466666666666669e+02 1.292400000000000091e+02 1.256333333333333400e+02
1.253973509933774864e+02 1.293841059602648897e+02 1.254039735099337776e+02
1.254228187919463124e+02 1.292147651006711442e+02 1.255503355704697981e+02
1.258933333333333309e+02 1.291533333333333360e+02 1.253466666666666640e+02
1.251800000000000068e+02 1.293533333333333246e+02 1.256133333333333297e+02
1.249333333333333371e+02 1.293333333333333428e+02 1.257000000000000028e+02
1.249276315789473699e+02 1.296710526315789593e+02 1.255065789473684248e+02
1.251721854304635713e+02 1.296887417218543135e+02 1.258940397350993408e+02
1.249602649006622528e+02 1.298211920529801375e+02 1.260993377483443680e+02
1.251400000000000006e+02 1.301866666666666674e+02 1.262800000000000011e+02
1.249932885906040241e+02 1.303422818791946440e+02 1.264429530201342260e+02
1.251125827814569504e+02 1.304635761589403842e+02 1.266490066225165521e+02
1.249733333333333292e+02 1.302933333333333223e+02 1.265000000000000000e+02
1.251066666666666691e+02 1.298000000000000114e+02 1.265999999999999943e+02
1.252684563758389231e+02 1.301342281879194616e+02 1.268187919463087212e+02
1.254200000000000017e+02 1.301866666666666674e+02 1.269066666666666663e+02
1.254966442953020191e+02 1.304161073825503365e+02 1.274563758389261778e+02
1.260264900662251648e+02 1.299867549668874176e+02 1.276953642384105905e+02
1.256821192052980081e+02 1.299271523178807968e+02 1.275231788079470192e+02
1.254466666666666725e+02 1.293400000000000034e+02 1.274000000000000057e+02
1.253267973856209210e+02 1.290653594771241899e+02 1.273333333333333286e+02
1.247986577181208077e+02 1.289194630872483174e+02 1.275906040268456394e+02
1.248199999999999932e+02 1.290266666666666708e+02 1.273866666666666703e+02
1.246466666666666612e+02 1.289266666666666765e+02 1.275733333333333377e+02
1.247666666666666657e+02 1.289733333333333292e+02 1.276800000000000068e+02
1.250000000000000000e+02 1.290000000000000000e+02 1.280469798657718172e+02
1.250000000000000000e+02 1.288000000000000114e+02 1.276466666666666612e+02
1.251756756756756630e+02 1.290472972972972912e+02 1.278175675675675649e+02
1.249866666666666646e+02 1.289666666666666686e+02 1.280200000000000102e+02
1.251523178807946977e+02 1.290132450331125824e+02 1.281589403973509889e+02
1.256092715231788048e+02 1.290529801324503296e+02 1.279933774834437088e+02
1.256250000000000000e+02 1.290526315789473699e+02 1.280723684210526301e+02
1.259733333333333292e+02 1.290333333333333314e+02 1.285066666666666606e+02
1.255430463576158928e+02 1.290198675496688736e+02 1.284370860927152194e+02
1.259731543624161105e+02 1.291812080536912788e+02 1.284630872483221538e+02
1.261866666666666674e+02 1.289199999999999875e+02 1.280733333333333235e+02
1.264295302013422884e+02 1.287583892617449806e+02 1.280872483221476443e+02
1.263959731543624230e+02 1.287651006711409423e+02 1.279395973154362451e+02
1.262953020134228126e+02 1.286644295302013461e+02 1.279530201342281828e+02
1.263750000000000000e+02 1.286842105263157805e+02 1.280855263157894797e+02
1.261644736842105203e+02 1.287697368421052602e+02 1.280000000000000000e+02
1.257651006711409423e+02 1.286577181208053560e+02 1.277449664429530145e+02
1.260266666666666708e+02 1.286266666666666652e+02 1.277999999999999972e+02
1.259933333333333394e+02 1.283199999999999932e+02 1.277866666666666617e+02
1.259536423841059616e+02 1.282715231788079393e+02 1.278013245033112639e+02
1.258609271523178847e+02 1.283377483443708513e+02 1.278344370860927199e+02
1.259933333333333394e+02 1.286266666666666652e+02 1.280066666666666606e+02
1.257733333333333263e+02 1.290866666666666731e+02 1.278799999999999955e+02
1.256733333333333320e+02 1.289133333333333269e+02 1.277933333333333366e+02
1.254362416107382501e+02 1.289463087248322211e+02 1.275234899328859086e+02
1.252450331125827745e+02 1.290132450331125824e+02 1.275099337748344368e+02
1.252666666666666657e+02 1.292933333333333223e+02 1.275066666666666606e+02
1.250666666666666629e+02 1.294533333333333474e+02 1.270666666666666629e+02
1.252781456953642447e+02 1.299801324503311264e+02 1.271721854304635713e+02
1.254266666666666623e+02 1.298400000000000034e+02 1.273666666666666600e+02
1.253245033112582831e+02 1.298675496688741759e+02 1.275894039735099312e+02
1.255866666666666731e+02 1.299133333333333269e+02 1.275266666666666708e+02
1.253289473684210549e+02 1.300723684210526301e+02 1.276776315789473699e+02
1.255533333333333275e+02 1.301666666666666572e+02 1.276200000000000045e+02
1.250961538461538396e+02 1.301282051282051384e+02 1.273974358974358978e+02
1.250466666666666669e+02 1.302599999999999909e+02 1.272733333333333263e+02
1.252368421052631646e+02 1.305657894736842195e+02 1.273684210526315752e+02
1.251513157894736850e+02 1.306381578947368496e+02 1.272236842105263150e+02
1.252980132450331183e+02 1.305761589403973630e+02 1.272847682119205359e+02
1.248933333333333309e+02 1.304600000000000080e+02 1.273400000000000034e+02
1.249281045751634025e+02 1.306993464052287663e+02 1.272287581699346362e+02
1.252199999999999989e+02 1.305866666666666731e+02 1.273733333333333348e+02
1.250733333333333377e+02 1.308600000000000136e+02 1.273533333333333388e+02
1.249866666666666646e+02 1.309066666666666663e+02 1.274933333333333394e+02
1.250600000000000023e+02 1.310000000000000000e+02 1.275466666666666669e+02
1.251721854304635713e+02 1.309933774834437088e+02 1.277947019867549727e+02
1.256599999999999966e+02 1.308733333333333348e+02 1.278533333333333388e+02
1.260131578947368354e+02 1.309671052631578902e+02 1.276250000000000000e+02
1.257549668874172255e+02 1.309933774834437088e+02 1.270331125827814560e+02
1.256666666666666714e+02 1.315294117647058840e+02 1.271111111111111143e+02
1.260130718954248437e+02 1.318104575163398806e+02 1.268431372549019613e+02
1.256800000000000068e+02 1.315200000000000102e+02 1.268933333333333309e+02
1.257019867549668817e+02 1.314503311258278018e+02 1.266821192052980081e+02
1.254701986754966896e+02 1.317417218543046431e+02 1.272516556291390799e+02
1.255466666666666669e+02 1.313000000000000114e+02 1.273799999999999955e+02
1.255099337748344368e+02 1.313443708609271425e+02 1.273377483443708655e+02
1.253599999999999994e+02 1.313799999999999955e+02 1.272600000000000051e+02
1.255000000000000000e+02 1.316399999999999864e+02 1.270266666666666708e+02
1.255430463576158928e+02 1.317615894039735167e+02 1.267615894039735167e+02
1.255133333333333354e+02 1.315733333333333235e+02 1.266333333333333400e+02
1.255099337748344368e+02 1.313377483443708513e+02 1.264105960264900688e+02
1.257248322147651010e+02 1.315167785234899327e+02 1.263892617449664471e+02
1.255999999999999943e+02 1.315666666666666629e+02 1.261266666666666652e+02
1.258533333333333388e+02 1.315399999999999920e+02 1.261800000000000068e+02
1.259013157894736850e+02 1.316710526315789593e+02 1.261710526315789451e+02
1.258618421052631646e+02 1.318026315789473699e+02 1.258750000000000000e+02
1.257947019867549727e+02 1.318807947019867584e+02 1.259006622516556320e+02
1.255866666666666731e+02 1.318400000000000034e+02 1.262333333333333343e+02
1.258013245033112639e+02 1.318675496688741759e+02 1.263973509933774864e+02
1.258947368421052602e+02 1.322236842105263293e+02 1.261710526315789451e+02
1.259205298013245056e+02 1.320794701986754944e+02 1.260993377483443680e+02
1.260993377483443680e+02 1.323112582781456865e+02 1.259668874172185440e+02
1.262847682119205359e+02 1.319072847682119232e+02 1.260927152317880768e+02
1.266870748299319729e+02 1.318979591836734642e+02 1.260476190476190510e+02
1.267046979865771874e+02 1.321543624161073751e+02 1.259060402684563797e+02
1.267919463087248317e+02 1.323020134228187885e+02 1.261073825503355721e+02
1.266599999999999966e+02 1.324600000000000080e+02 1.263066666666666720e+02
1.268092105263157947e+02 1.327697368421052602e+02 1.264671052631578902e+02
1.267019867549668817e+02 1.326423841059602751e+02 1.264039735099337776e+02
1.272368421052631646e+02 1.328486842105263293e+02 1.263486842105263150e+02
1.272105263157894797e+02 1.325197368421052602e+02 1.264868421052631646e+02
1.271633986928104605e+02 1.325163398692810404e+02 1.260522875816993462e+02
1.278807947019867584e+02 1.323377483443708513e+02 1.259139072847682144e+02
1.282026143790849630e+02 1.326928104575163445e+02 1.261960784313725554e+02
1.283533333333333246e+02 1.331266666666666652e+02 1.259733333333333292e+02
1.282599999999999909e+02 1.328533333333333246e+02 1.260400000000000063e+02
1.281125827814569504e+02 1.328940397350993408e+02 1.260794701986754944e+02
1.283774834437085985e+02 1.329205298013245056e+02 1.261390728476821153e+02
1.283377483443708513e+02 1.328278145695364287e+02 1.262450331125827745e+02
1.286979865771812115e+02 1.329731543624160963e+02 1.259865771812080482e+02
1.287866666666666617e+02 1.327666666666666799e+02 1.261599999999999966e+02
1.289333333333333371e+02 1.327666666666666799e+02 1.261733333333333320e+02
1.291006711409395962e+02 1.326979865771812115e+02 1.263825503355704711e+02
1.289533333333333474e+02 1.330800000000000125e+02 1.261866666666666674e+02
1.287933333333333223e+02 1.331133333333333439e+02 1.261599999999999966e+02
1.291486486486486456e+02 1.329189189189189051e+02 1.262432432432432421e+02
1.290131578947368496e+02 1.329342105263157805e+02 1.262039473684210549e+02
1.292171052631578902e+02 1.325657894736842195e+02 1.263881578947368354e+02
1.291200000000000045e+02 1.328133333333333326e+02 1.265133333333333354e+02
1.292617449664429614e+02 1.326375838926174424e+02 1.267114093959731491e+02
1.293600000000000136e+02 1.326866666666666674e+02 1.267266666666666737e+02
1.294276315789473699e+02 1.329671052631578902e+02 1.269605263157894797e+02
1.292631578947368496e+02 1.332368421052631504e+02 1.268815789473684248e+02
1.294333333333333371e+02 1.335000000000000000e+02 1.269599999999999937e+02
1.293557046979865675e+02 1.338590604026845767e+02 1.273489932885906057e+02
1.292207792207792068e+02 1.337207792207792068e+02 1.272012987012986969e+02
1.292894736842105203e+02 1.337236842105263293e+02 1.275263157894736850e+02
1.295933333333333337e+02 1.335933333333333337e+02 1.275333333333333314e+02
1.296973684210526301e+02 1.337434210526315894e+02 1.274934210526315752e+02
1.296533333333333360e+02 1.335933333333333337e+02 1.274333333333333371e+02
1.293642384105960161e+02 1.337284768211920607e+02 1.272913907284768271e+02
1.292933333333333223e+02 1.338466666666666640e+02 1.271533333333333360e+02
1.291324503311258241e+02 1.338543046357615935e+02 1.270000000000000000e+02
1.292317880794701921e+02 1.338609271523178847e+02 1.270860927152317856e+02
1.290999999999999943e+02 1.339133333333333269e+02 1.271800000000000068e+02
1.291275167785234999e+02 1.339731543624160963e+02 1.270536912751677789e+02
1.294333333333333371e+02 1.337466666666666697e+02 1.269733333333333292e+02
1.293443708609271425e+02 1.336556291390728575e+02 1.269139072847682144e+02
1.295533333333333417e+02 1.339399999999999977e+02 1.267266666666666737e+02
1.295167785234899327e+02 1.339395973154362309e+02 1.266040268456375770e+02
1.296291390728476927e+02 1.339602649006622528e+02 1.266423841059602609e+02
1.297947019867549727e+02 1.339536423841059616e+02 1.266953642384105905e+02
1.297866666666666617e+02 1.340866666666666731e+02 1.264733333333333292e+02
1.295866666666666731e+02 1.343266666666666538e+02 1.268533333333333388e+02
1.297583892617449806e+02 1.348322147651006730e+02 1.269395973154362451e+02
1.296842105263157805e+02 1.348486842105263293e+02 1.269934210526315752e+02
1.300596026490066208e+02 1.347814569536423903e+02 1.269006622516556320e+02
1.304199999999999875e+02 1.347066666666666777e+02 1.271200000000000045e+02
1.303557046979865675e+02 1.346040268456375770e+02 1.272818791946308750e+02
1.301333333333333258e+02 1.348933333333333451e+02 1.276466666666666612e+02
1.300196078431372655e+02 1.347777777777777715e+02 1.278954248366013076e+02
1.299000000000000057e+02 1.346866666666666674e+02 1.278199999999999932e+02
1.301006711409395962e+02 1.351073825503355579e+02 1.279731543624161105e+02
1.298666666666666742e+02 1.351533333333333360e+02 1.282800000000000011e+02
1.297400000000000091e+02 1.347866666666666617e+02 1.285933333333333337e+02
1.299802631578947398e+02 1.348355263157894797e+02 1.286842105263157805e+02
1.303046357615893953e+02 1.348344370860927199e+02 1.288278145695364287e+02
1.304026845637583847e+02 1.349731543624160963e+02 1.290067114093959617e+02
1.306133333333333439e+02 1.347333333333333201e+02 1.296933333333333280e+02
1.310266666666666708e+02 1.344466666666666583e+02 1.299000000000000057e+02
1.311920529801324449e+02 1.344966887417218402e+02 1.298476821192053023e+02
1.313202614379084991e+02 1.340915032679738488e+02 1.300718954248366117e+02
1.310933333333333337e+02 1.339866666666666788e+02 1.300399999999999920e+02
1.311920529801324449e+02 1.338675496688741759e+02 1.298278145695364287e+02
1.313333333333333428e+02 1.340600000000000023e+02 1.296933333333333280e+02
1.314834437086092578e+02 1.337417218543046431e+02 1.296953642384106047e+02
1.316622516556291487e+02 1.336953642384106047e+02 1.299337748344370880e+02
1.318104575163398806e+02 1.338235294117646959e+02 1.296928104575163445e+02
1.316399999999999864e+02 1.340600000000000023e+02 1.297400000000000091e+02
1.315933333333333337e+02 1.340866666666666731e+02 1.299133333333333269e+02
1.313466666666666640e+02 1.345533333333333417e+02 1.297599999999999909e+02
1.310738255033556925e+02 1.344496644295302019e+02 1.299463087248322211e+02
1.310066225165562912e+02 1.346092715231788191e+02 1.299271523178807968e+02
1.306866666666666674e+02 1.348199999999999932e+02 1.299333333333333371e+02
1.305827814569536542e+02 1.347814569536423903e+02 1.297152317880794783e+02
1.304630872483221538e+02 1.347919463087248459e+02 1.298120805369127595e+02
1.305194805194805099e+02 1.346883116883116998e+02 1.298181818181818130e+02
1.305555555555555429e+02 1.347581699346405344e+02 1.297450980392156907e+02
1.304539473684210407e+02 1.342039473684210407e+02 1.301118421052631504e+02
1.303933333333333451e+02 1.342066666666666777e+02 1.299466666666666583e+02
1.303947368421052602e+02 1.338552631578947398e+02 1.302894736842105203e+02
1.301800000000000068e+02 1.334866666666666788e+02 1.303333333333333428e+02
1.298513513513513544e+02 1.331891891891891930e+02 1.305270270270270316e+02
1.299867549668874176e+02 1.333245033112582689e+02 1.304503311258278018e+02
1.300666666666666629e+02 1.336466666666666754e+02 1.305399999999999920e+02
1.301111111111111143e+02 1.339934640522875782e+02 1.304836601307189596e+02
1.303594771241830017e+02 1.340784313725490335e+02 1.306470588235294201e+02
1.305555555555555429e+02 1.342222222222222285e+02 1.304444444444444571e+02
1.305562913907284894e+02 1.344966887417218402e+02 1.304768211920529666e+02
1.305234899328858944e+02 1.346711409395973078e+02 1.303959731543624230e+02
1.304105960264900546e+02 1.344569536423840930e+02 1.304569536423840930e+02
1.301258278145695328e+02 1.344503311258278018e+02 1.304304635761589282e+02
1.299933333333333394e+02 1.340133333333333212e+02 1.302466666666666697e+02
1.299600000000000080e+02 1.340800000000000125e+02 1.298199999999999932e+02
1.303576158940397249e+02 1.338079470198675551e+02 1.297284768211920607e+02
1.302847682119205217e+02 1.337483443708609343e+02 1.293708609271523073e+02
1.301776315789473699e+02 1.338289473684210407e+02 1.293223684210526301e+02
1.303907284768211809e+02 1.337019867549668959e+02 1.293774834437085985e+02
1.302866666666666617e+02 1.336933333333333280e+02 1.288466666666666640e+02
1.301788079470198625e+02 1.338675496688741759e+02 1.292516556291390657e+02
1.304533333333333474e+02 1.337533333333333303e+02 1.292066666666666777e+02
1.306866666666666674e+02 1.336866666666666674e+02 1.290733333333333235e+02
1.306711409395973078e+02 1.336845637583892596e+02 1.293087248322147786e+02
1.305600000000000023e+02 1.334466666666666583e+02 1.289733333333333292e+02
1.304399999999999977e+02 1.337199999999999989e+02 1.290266666666666708e+02
1.302913907284768129e+02 1.341523178807946977e+02 1.290463576158940384e+02
1.305866666666666731e+02 1.340466666666666526e+02 1.290399999999999920e+02
1.303947368421052602e+02 1.342500000000000000e+02 1.289407894736842195e+02
1.305733333333333235e+02 1.342733333333333405e+02 1.290066666666666606e+02
1.305364238410596158e+02 1.339735099337748352e+02 1.291788079470198625e+02
1.303907284768211809e+02 1.339735099337748352e+02 1.291324503311258241e+02
1.299536423841059616e+02 1.337086092715231871e+02 1.286887417218543135e+02
1.303377483443708513e+02 1.339403973509933792e+02 1.290596026490066208e+02
1.302416107382550194e+02 1.336107382550335672e+02 1.286711409395973078e+02
1.300472972972972912e+02 1.337094594594594525e+02 1.288310810810810949e+02
1.303000000000000114e+02 1.338133333333333326e+02 1.284733333333333292e+02
1.303866666666666561e+02 1.339533333333333474e+02 1.287599999999999909e+02
1.306200000000000045e+02 1.335866666666666731e+02 1.284666666666666686e+02
1.305496688741721982e+02 1.333377483443708513e+02 1.287152317880794783e+02
1.306184210526315894e+02 1.334276315789473699e+02 1.283750000000000000e+02
1.312302631578947398e+02 1.334407894736842195e+02 1.282105263157894797e+02
1.313733333333333348e+02 1.332933333333333223e+02 1.277733333333333263e+02
1.316556291390728575e+02 1.333377483443708513e+02 1.280794701986754944e+02
1.319210526315789593e+02 1.336710526315789593e+02 1.279407894736842053e+02
1.320200000000000102e+02 1.338000000000000114e+02 1.280666666666666629e+02
1.322715231788079393e+02 1.335695364238410718e+02 1.280794701986754944e+02
1.325424836601307277e+02 1.338496732026143832e+02 1.280653594771241899e+02
1.322810457516339966e+02 1.338954248366013076e+02 1.280326797385620807e+02
1.321830065359477260e+02 1.338039215686274588e+02 1.279934640522875782e+02
1.324666666666666686e+02 1.342466666666666697e+02 1.279599999999999937e+02
1.324437086092715106e+02 1.341125827814569504e+02 1.280662251655629120e+02
1.324026845637583847e+02 1.337248322147650867e+02 1.281610738255033652e+02
1.323466666666666640e+02 1.335266666666666708e+02 1.280133333333333212e+02
1.323642384105960161e+02 1.335496688741721982e+02 1.277483443708609201e+02
1.320522875816993462e+02 1.334509803921568505e+02 1.273725490196078454e+02
1.318456375838926249e+02 1.335503355704697981e+02 1.276442953020134183e+02
1.318013245033112639e+02 1.333841059602648897e+02 1.276357615894039697e+02
1.318609271523178847e+02 1.338741721854304672e+02 1.278410596026490111e+02
1.316066666666666549e+02 1.343666666666666742e+02 1.275466666666666669e+02
1.316599999999999966e+02 1.346599999999999966e+02 1.278933333333333309e+02
1.315526315789473699e+02 1.342368421052631504e+02 1.282697368421052602e+02
1.314172185430463458e+02 1.339801324503311264e+02 1.285960264900662366e+02
1.311275167785234999e+02 1.342483221476510096e+02 1.282348993288590577e+02
1.314635761589403842e+02 1.339668874172185440e+02 1.280397350993377472e+02
1.311399999999999864e+02 1.340066666666666606e+02 1.280733333333333235e+02
1.310588235294117680e+02 1.338431372549019613e+02 1.277320261437908471e+02
1.312368421052631504e+02 1.341513157894736707e+02 1.276315789473684248e+02
1.312533333333333303e+02 1.339866666666666788e+02 1.273866666666666703e+02
1.314172185430463458e+02 1.338675496688741759e+02 1.271854304635761537e+02
1.315328947368421098e+02 1.339210526315789593e+02 1.268223684210526301e+02
1.314466666666666583e+02 1.337133333333333383e+02 1.266266666666666652e+02
1.311200000000000045e+02 1.335399999999999920e+02 1.265999999999999943e+02
1.312052980132450273e+02 1.334437086092715106e+02 1.264370860927152336e+02
1.314900662251655490e+02 1.331390728476821153e+02 1.265761589403973488e+02
1.313509933774834337e+02 1.336092715231788191e+02 1.267748344370860991e+02
1.313708609271523073e+02 1.338675496688741759e+02 1.266225165562913872e+02
1.314635761589403842e+02 1.340066225165562912e+02 1.266953642384105905e+02
1.315733333333333235e+02 1.339333333333333371e+02 1.265266666666666708e+02
1.312066666666666777e+02 1.337533333333333303e+02 1.261800000000000068e+02
1.312133333333333383e+02 1.337133333333333383e+02 1.261200000000000045e+02
1.316778523489932979e+02 1.337449664429530003e+02 1.260872483221476585e+02
1.318675496688741759e+02 1.336821192052980223e+02 1.260000000000000000e+02
1.320264900662251648e+02 1.334966887417218402e+02 1.256821192052980081e+02
1.319470198675496704e+02 1.335165562913907422e+02 1.255364238410596016e+02
1.319200000000000159e+02 1.333933333333333451e+02 1.253666666666666600e+02
1.318940397350993408e+02 1.334569536423840930e+02 1.253245033112582831e+02
1.317599999999999909e+02 1.331466666666666754e+02 1.251266666666666652e+02
1.320133333333333212e+02 1.334666666666666686e+02 1.254000000000000057e+02
1.321476510067114134e+02 1.336510067114093943e+02 1.254899328859060432e+02
1.320200000000000102e+02 1.339799999999999898e+02 1.255199999999999960e+02
1.317947019867549727e+02 1.341258278145695328e+02 1.254966887417218544e+02
1.319600000000000080e+02 1.342266666666666595e+02 1.252266666666666737e+02
1.319399999999999977e+02 1.341333333333333258e+02 1.255000000000000000e+02
1.321533333333333360e+02 1.348000000000000114e+02 1.256733333333333320e+02
1.320463576158940384e+02 1.348079470198675551e+02 1.256423841059602609e+02
1.318278145695364287e+02 1.349470198675496704e+02 1.256026490066225136e+02
1.314701986754966754e+02 1.349668874172185440e+02 1.254304635761589424e+02
1.309666666666666686e+02 1.351866666666666674e+02 1.252533333333333303e+02
1.311266666666666652e+02 1.358666666666666742e+02 1.250799999999999983e+02
1.314256756756756772e+02 1.359256756756756772e+02 1.251283783783783718e+02
1.315906040268456536e+02 1.363489932885906057e+02 1.248724832214765144e+02
1.309933774834437088e+02 1.363907284768211809e+02 1.248609271523178847e+02
1.306666666666666572e+02 1.365666666666666629e+02 1.250000000000000000e+02
1.307785234899328941e+02 1.363758389261745094e+02 1.253087248322147644e+02
1.307333333333333201e+02 1.363933333333333451e+02 1.257600000000000051e+02
1.307248322147650867e+02 1.367718120805369040e+02 1.260604026845637549e+02
1.308400000000000034e+02 1.368666666666666742e+02 1.260866666666666731e+02
1.306066666666666549e+02 1.366933333333333280e+02 1.263866666666666703e+02
1.305973154362416153e+02 1.364899328859060290e+02 1.262483221476510096e+02
1.306333333333333258e+02 1.368866666666666561e+02 1.264866666666666646e+02
1.307368421052631504e+02 1.368815789473684106e+02 1.267697368421052602e+02
1.305866666666666731e+02 1.367133333333333383e+02 1.269066666666666663e+02
1.305496688741721982e+02 1.366556291390728575e+02 1.270264900662251648e+02
1.306556291390728575e+02 1.368476821192053023e+02 1.270463576158940384e+02
1.307697368421052602e+02 1.371644736842105203e+02 1.270789473684210549e+02
1.312105263157894797e+02 1.369144736842105203e+02 1.269473684210526301e+02
1.309933333333333394e+02 1.372533333333333303e+02 1.270600000000000023e+02
1.312281879194630960e+02 1.372416107382550194e+02 1.269261744966442933e+02
1.312684563758389231e+02 1.372416107382550194e+02 1.268926174496644279e+02
1.310733333333333235e+02 1.374066666666666663e+02 1.266133333333333297e+02
1.309934210526315894e+02 1.373421052631578902e+02 1.265789473684210549e+02
1.310533333333333417e+02 1.370133333333333212e+02 1.267533333333333303e+02
1.312999999999999829e+02 1.371733333333333462e+02 1.267733333333333263e+02
1.311447368421052602e+02 1.375000000000000000e+02 1.267565789473684248e+02
1.313666666666666742e+02 1.374933333333333394e+02 1.267399999999999949e+02
1.319533333333333474e+02 1.374266666666666765e+02 1.266266666666666652e+02
1.320533333333333417e+02 1.377800000000000011e+02 1.264200000000000017e+02
1.317919463087248459e+02 1.376375838926174424e+02 1.265234899328859086e+02
1.317615894039735167e+02 1.377417218543046431e+02 1.270000000000000000e+02
1.318421052631578902e+02 1.379144736842105203e+02 1.269605263157894797e+02
1.317785234899328941e+02 1.378255033557047113e+02 1.270805369127516826e+02
1.320608108108108070e+02 1.379256756756756772e+02 1.271418918918918877e+02
1.321733333333333462e+02 1.379533333333333474e+02 1.274466666666666725e+02
1.319602649006622528e+02 1.379867549668874176e+02 1.272384105960264833e+02
1.316666666666666572e+02 1.380533333333333417e+02 1.270600000000000023e+02
1.317066666666666777e+02 1.382666666666666799e+02 1.268599999999999994e+02
1.316423841059602751e+02 1.383576158940397249e+02 1.273841059602649040e+02
1.319602649006622528e+02 1.381986754966887361e+02 1.272715231788079535e+02
1.322847682119205217e+02 1.379072847682119232e+02 1.271192052980132416e+02
1.321800000000000068e+02 1.378666666666666742e+02 1.272866666666666617e+02
1.319798657718120865e+02 1.376778523489932979e+02 1.275369127516778462e+02
1.322052980132450273e+02 1.380264900662251648e+02 1.278145695364238463e+02
1.322133333333333383e+02 1.378333333333333428e+02 1.278333333333333286e+02
1.324569536423840930e+02 1.382052980132450273e+02 1.278344370860927199e+02
1.325894039735099454e+02 1.380728476821192032e+02 1.278211920529801375e+02
1.328400000000000034e+02 1.380333333333333314e+02 1.277666666666666657e+02
1.328940397350993408e+02 1.381390728476821153e+02 1.274900662251655632e+02
1.327615894039735167e+02 1.380927152317880768e+02 1.275364238410596016e+02
1.326688741721854399e+02 1.380066225165562912e+02 1.271192052980132416e+02
1.327417218543046431e+02 1.378675496688741759e+02 1.267748344370860991e+02
1.329271523178807968e+02 1.377947019867549727e+02 1.267417218543046289e+02
1.331589403973509889e+02 1.376423841059602751e+02 1.263774834437086128e+02
1.328799999999999955e+02 1.376533333333333360e+02 1.265866666666666731e+02
1.328333333333333428e+02 1.379799999999999898e+02 1.265266666666666708e+02
1.327666666666666799e+02 1.382066666666666777e+02 1.268400000000000034e+02
1.328724832214765001e+02 1.381342281879194616e+02 1.269261744966442933e+02
1.329415584415584419e+02 1.382922077922077904e+02 1.265909090909090935e+02
1.329066666666666663e+02 1.384533333333333474e+02 1.266133333333333297e+02
1.330066225165562912e+02 1.388344370860927199e+02 1.267682119205298079e+02
1.330927152317880768e+02 1.386821192052980223e+02 1.267019867549668817e+02
1.334238410596026370e+02 1.389867549668874176e+02 1.269933774834437088e+02
1.333892617449664328e+02 1.390268456375839037e+02 1.271275167785234856e+02
1.337533333333333303e+02 1.391466666666666754e+02 1.268599999999999994e+02
1.335695364238410718e+02 1.391854304635761537e+02 1.268609271523178847e+02
1.337712418300653496e+02 1.396928104575163445e+02 1.267254901960784252e+02
1.338609271523178847e+02 1.398410596026490111e+02 1.265298013245033104e+02
1.337152317880794783e+02 1.395827814569536542e+02 1.264304635761589424e+02
1.337615894039735167e+02 1.394635761589403842e+02 1.267615894039735167e+02
1.338815789473684106e+02 1.397434210526315894e+02 1.268815789473684248e+02
1.335733333333333235e+02 1.393400000000000034e+02 1.271533333333333360e+02
1.335231788079470334e+02 1.396158940397351103e+02 1.269735099337748352e+02
1.331933333333333280e+02 1.395000000000000000e+02 1.268533333333333388e+02
1.333841059602648897e+02 1.392384105960264833e+02 1.265298013245033104e+02
1.333533333333333246e+02 1.386599999999999966e+02 1.266666666666666714e+02
1.336333333333333258e+02 1.385666666666666629e+02 1.263866666666666703e+02
1.336800000000000068e+02 1.385933333333333337e+02 1.262266666666666737e+02
1.338533333333333246e+02 1.391200000000000045e+02 1.261733333333333320e+02
1.339735099337748352e+02 1.389735099337748352e+02 1.261390728476821153e+02
1.341920529801324449e+02 1.391258278145695328e+02 1.259933774834437088e+02
1.339395973154362309e+02 1.387986577181208077e+02 1.260604026845637549e+02
1.338431372549019613e+02 1.386143790849673110e+02 1.261895424836601336e+02
1.338476821192053023e+02 1.381920529801324449e+02 1.262516556291390799e+02
1.338355263157894797e+02 1.380855263157894797e+02 1.262763157894736850e+02
1.340666666666666629e+02 1.379000000000000057e+02 1.262133333333333383e+02
1.338278145695364287e+02 1.371854304635761537e+02 1.261258278145695328e+02
1.339799999999999898e+02 1.372199999999999989e+02 1.261599999999999966e+02
1.337697368421052602e+02 1.367828947368421098e+02 1.258684210526315752e+02
1.339333333333333371e+02 1.365000000000000000e+02 1.257933333333333366e+02
1.338066666666666720e+02 1.367800000000000011e+02 1.257066666666666634e+02
1.336711409395973078e+02 1.363489932885906057e+02 1.256577181208053702e+02
1.341418918918919019e+02 1.360337837837837753e+02 1.257702702702702737e+02
1.337919463087248175e+02 1.360469798657718172e+02 1.260000000000000000e+02
1.340000000000000000e+02 1.363288590604026922e+02 1.261409395973154375e+02
1.338866666666666561e+02 1.364199999999999875e+02 1.259000000000000057e+02
1.338322147651006730e+02 1.365436241610738364e+02 1.258926174496644279e+02
1.341986754966887361e+02 1.365960264900662366e+02 1.256158940397350960e+02
1.342483221476510096e+02 1.363154362416107404e+02 1.257382550335570528e+02
1.339735099337748352e+02 1.362251655629139009e+02 1.259867549668874176e+02
1.336333333333333258e+02 1.361666666666666572e+02 1.259466666666666725e+02
1.342272727272727195e+02 1.363116883116883002e+02 1.260909090909090935e+02
1.342317880794701921e+02 1.364635761589403842e+02 1.257284768211920465e+02
1.341118421052631504e+02 1.367960526315789593e+02 1.258618421052631646e+02
1.341476510067114134e+02 1.369932885906040383e+02 1.258590604026845625e+02
1.340133333333333212e+02 1.372266666666666595e+02 1.258599999999999994e+02
1.342434210526315894e+02 1.371842105263157805e+02 1.259407894736842053e+02
1.339006622516556320e+02 1.370397350993377472e+02 1.259801324503311264e+02
1.339602649006622528e+02 1.372317880794701921e+02 1.258278145695364287e+02
1.341118421052631504e+02 1.373289473684210407e+02 1.257763157894736850e+02
1.338684210526315894e+02 1.371052631578947398e+02 1.256842105263157947e+02
1.335555555555555429e+02 1.374575163398692723e+02 1.256470588235294059e+02
1.334569536423840930e+02 1.372251655629139009e+02 1.255827814569536400e+02
1.336266666666666652e+02 1.374199999999999875e+02 1.255466666666666669e+02
1.336710526315789593e+02 1.372697368421052602e+02 1.255657894736842053e+02
1.337483443708609343e+02 1.371324503311258241e+02 1.256887417218542993e+02
1.337933333333333223e+02 1.375999999999999943e+02 1.255600000000000023e+02
1.338410596026490111e+02 1.374834437086092578e+02 1.256158940397350960e+02
1.338666666666666742e+02 1.376800000000000068e+02 1.251266666666666652e+02
1.339144736842105203e+02 1.373486842105263293e+02 1.252565789473684248e+02
1.333421052631578902e+02 1.373421052631578902e+02 1.250986842105263150e+02
1.333400000000000034e+02 1.374199999999999875e+02 1.250600000000000023e+02
1.332745098039215748e+02 1.372418300653594656e+02 1.250588235294117680e+02
1.331776315789473699e+02 1.371315789473684106e+02 1.251381578947368354e+02
1.332913907284768129e+02 1.363841059602648897e+02 1.250860927152317856e+02
1.333221476510067021e+02 1.363087248322147786e+02 1.248187919463087212e+02
1.334635761589403842e+02 1.363509933774834337e+02 1.246754966887417169e+02
1.335033112582781598e+02 1.364966887417218402e+02 1.242317880794701921e+02
1.336375838926174424e+02 1.365302013422818845e+02 1.245369127516778462e+02
1.340805369127516826e+02 1.368120805369127595e+02 1.244429530201342260e+02
1.338000000000000114e+02 1.368066666666666720e+02 1.245799999999999983e+02
1.336158940397351103e+02 1.369337748344370880e+02 1.242781456953642447e+02
1.335399999999999920e+02 1.371999999999999886e+02 1.242199999999999989e+02
1.337666666666666799e+02 1.373066666666666720e+02 1.242399999999999949e+02
1.339072847682119232e+02 1.374701986754966754e+02 1.239139072847682144e+02
1.342733333333333405e+02 1.378799999999999955e+02 1.234266666666666623e+02
1.341399999999999864e+02 1.378066666666666720e+02 1.233400000000000034e+02
1.340333333333333314e+02 1.377533333333333303e+02 1.233266666666666680e+02
1.342733333333333405e+02 1.379333333333333371e+02 1.233199999999999932e+02
1.344333333333333371e+02 1.376066666666666549e+02 1.236333333333333400e+02
1.346092715231788191e+02 1.374900662251655490e+02 1.236490066225165521e+02
1.346092715231788191e+02 1.376688741721854399e+02 1.238874172185430496e+02
1.344304635761589282e+02 1.377086092715231871e+02 1.234834437086092720e+02
1.346599999999999966e+02 1.379399999999999977e+02 1.231800000000000068e+02
1.348456375838926249e+02 1.376912751677852214e+02 1.228053691275167836e+02
1.347152317880794783e+02 1.375894039735099454e+02 1.232384105960264833e+02
1.348145695364238463e+02 1.376158940397351103e+02 1.230066225165562912e+02
1.345827814569536542e+02 1.375033112582781598e+02 1.229006622516556320e+02
1.345359477124183059e+02 1.375294117647058840e+02 1.232156862745098067e+02
